t, Event, Policy, P(still), P(random), P(reach), P(transport), o(t), s_a 
0, 2, 1, 0.964461088180542, 0.0018204252701252699, 0.03371848911046982, 8.018556652000797e-11, 0.7244633963564092, -0.6786671640954297, 0.8691103477949426, 0.5822494269241018, -0.013478296191190042, 0.12741321054538485, -0.13276779882874082, 0.1283749535642979, -0.2632472702117443, 0.19410597046709932, 0.049753077127577046, 0.12781431670485366, 0.011889819533726694, -0.01205826365313967, 0.10073296222913304, -0.2110178790124854, -0.059014069369078506, 0.060847918460564476, 0.5
1, 2, 1, 0.9634335427884586, 0.0019509634983394066, 0.034615493585575884, 1.2762611711483707e-10, 0.5961884957574355, -0.56480340237403, 0.5715585266074515, 0.49410538254983305, -0.2733678476217377, 0.02683982193296187, -0.17010392068188648, 0.30474338075248875, -0.28896355099394166, 0.4973599612274531, -0.13698658992715132, -6.395709821211041e-05, 0.0007856928153187968, 0.0009228811854806505, 0.03125378683287727, 0.0015683114990719318, -0.0003768845673672786, 0.0008808853537104313, 0.5
2, 2, 1, 0.0005949718760349336, 0.06383009743536412, 0.9355749255408959, 5.147705013069134e-09, 0.5859854485602546, -0.46491879059894015, 0.6819770278768662, 0.4091410474408077, -0.08039472469655588, 0.19095159224306343, -0.2504770982383452, 0.3371397371855553, -0.39801150596300455, 0.23426903551072434, -0.0414599914370022, -0.0005859198365410709, 0.0011122000808522414, 0.0010814169604878461, 0.03043996605300813, -0.002784021162577613, 0.0011062278420829073, 0.0016277594546123624, 0.5
3, 2, 1, 5.8738170677109913e-08, 0.063903275165492, 0.936096660885822, 5.2105153141145224e-09, 0.48316968260835036, -0.4053009877128253, 0.5678616190592278, 0.3886691264377316, -0.08507573348144182, 0.231137530709362, -0.16907569251982807, 0.3302814673129064, -0.2029188068521588, 0.5287167778408604, -0.03501942943703518, 0.0012236665369157063, 0.0004314734444604354, -0.0009246641833741268, 0.03080363434775201, -0.00010815761101074263, -0.0009719094500816004, 0.0015407761634346924, 0.5
4, 2, 1, 1.2302155126180956e-08, 0.0639032617159513, 0.9360967207713774, 5.210516146544044e-09, 0.46432646820493273, -0.5233341204109725, 0.6318744174809512, 0.5574893341974835, -0.12409651294326474, 0.08749426947226142, -0.04547683023592845, 0.3001122765151975, -0.30452021883325225, 0.43763094311429535, -0.025677339582281467, -0.001779301959800186, -0.00099885879473028, 0.0011682915193744407, 0.03199322037640198, 0.0001766799080095613, 0.0013646527437495217, 0.0017005730762070337, 0.5
5, 2, 1, 7.99426364216678e-06, 0.06384892650158876, 0.9361430740222237, 5.212545390374259e-09, 0.3180093208359945, -0.43989766164949995, 0.6950665519177498, 0.4252854368706339, -0.15864494967355772, 0.10176936796324168, -0.24892881186952281, 0.25149816840506933, -0.24215059618143728, 0.2762029220493159, -0.004143696366618205, 0.001830761113265883, 0.0005014706121085061, 0.0007818624164257569, 0.02912361084366616, 0.0014254650397594716, 0.0007991856828661224, -0.0010330614252172102, 0.5
6, 2, 1, 2.2122499086123344e-07, 0.0638492045075966, 0.9361505690541241, 5.213288501958442e-09, 0.5999217493311754, -0.6054784999895378, 0.5936271937745563, 0.3666876383623817, -0.05375488590088214, 0.11419194762849019, -0.15656502825213256, 0.3226268372040684, -0.37471198298003927, 0.30075961415790176, 0.032732757933189624, 0.001372269455924708, 7.978901083368497e-05, 1.2868878295234392e-05, 0.029477631367260355, -0.001593916825721307, -0.0006869156584181086, -0.00011172542138003611, 0.5
7, 2, 1, 3.992047069796719e-07, 0.06384765409404487, 0.9361519414879544, 5.213293786093957e-09, 0.461678428789824, -0.39235784464075285, 0.7574766140807802, 0.49273500429010675, -0.07495004593822671, 0.19345336991196543, -0.14936953325351734, 0.2534521073012391, -0.2508193228411294, 0.282536069927218, -0.09386734992971917, -0.001201691460016603, 0.00037235680180692273, -0.0011069924639397564, 0.027669491916926654, -8.31259236216234e-05, -0.0026782736035518137, -0.0003576031493552135, 0.5
8, 2, 1, 3.9285770494802524e-07, 0.06384762820501252, 0.9361519737239848, 5.213297775269057e-09, 0.6577178829530945, -0.4699720539590365, 0.6063299901927712, 0.4582362708903033, -0.39593103723031586, 0.13845723004528948, -0.04121951924077973, 0.15325669115913665, -0.2967111987324627, 0.3668387001249263, -0.0585661089300014, -0.0007805582795715916, -0.00017818415035200094, -0.0013033970902268685, 0.030228995820107095, -0.0005011456383893208, -0.0015325999907773405, 0.001049613862048457, 0.5
9, 2, 1, 7.703230525435298e-08, 0.06384758613132989, 0.9361523316194527, 5.216912304483227e-09, 0.6489646910357634, -0.535671494393921, 0.47139113943741934, 0.614885168835593, -0.13414192950360418, 0.22820122434994028, -0.03204427782709558, 0.13729179543770545, -0.24462356085137565, 0.3911630716798725, 0.041705100558679, 0.00024115391519788812, 3.64901540609151e-05, 0.0003552854981821565, 0.0303406120515343, -0.0004793884953592977, 4.736934307448216e-05, 0.0008507992190590812, 0.5
10, 2, 1, 1.4132297483577735e-05, 0.06379938881290964, 0.9361864736703949, 5.219211978370881e-09, 0.43185282357849913, -0.5689164458983194, 0.6222266649104043, 0.4688575219926678, -0.05375205746137744, -0.10548975620444376, -0.14884430521692912, 0.17525256616697063, -0.31098740631820704, 0.4012852555798485, 0.1230194202670355, 0.00188349016081936, 0.002063862264098026, 4.154345266588044e-05, 0.029563093231043964, 0.00026032571572453606, -0.0005008521682987646, 0.0002876472484243749, 0.5
11, 2, 1, 0.010040563718830936, 0.05024168080246647, 0.9397177491370619, 6.341640781973776e-09, 0.48763922071497345, -0.42275013857199717, 0.6079584385684347, 0.38578801717058964, -0.010111183573846438, -0.01985035277882765, 0.02444574521406524, -0.050208143780963874, -0.1926667882538779, 0.29111511599518347, 0.19260682682130045, 0.0001178146807440283, 0.000255187720661011, 0.0003254913426214736, 0.029746429797757816, -4.476521253538315e-05, 0.0010469074197397414, 0.0007674791703400541, 0.5
12, 2, 1, 0.0001767944560669645, 0.05089275682213857, 0.9489304413932138, 7.328580707064584e-09, 0.4950564132043899, -0.4864409874898146, 0.5759937420385899, 0.40278063604869085, -0.200876075325903, 0.17942026323234708, -0.08840364179586545, 0.3716948284659249, -0.38156866347454366, 0.2764401015699318, 0.016652291869485334, -0.00097148788055171, 0.0008045663419446646, -0.000425900477785027, 0.03008502904353876, 0.0009572612910825281, 0.0015661364568029836, 0.0012477708585079427, 0.5
13, 2, 1, 4.743187267734251e-06, 0.0509030521525774, 0.949092197331569, 7.328585858519258e-09, 0.5003754958783218, -0.46741244398631193, 0.8845733432351063, 0.43017214308429697, -0.10041804794363891, 0.23260676328957644, -0.2550303729094325, 0.31766923352810084, -0.27131908603428745, 0.2604489538295089, 0.05779131416947243, 6.37990804891812e-05, -0.001190901050284758, -0.001308063180278008, 0.02966382366727815, -0.0010636699165913529, 0.0031294956605695673, -0.0008855884217109514, 0.5
14, 2, 1, 3.843495672919449e-06, 0.050902619227373214, 0.9490935299010347, 7.375919250602512e-09, 0.615236138144222, -0.5266950464524253, 0.4104449501730928, 0.4725282304069858, -0.23766136149340497, 0.08199998333901351, -0.29780380457077904, 0.2950044169847288, -0.29678949234894775, 0.3206655819771643, -0.0938651296161344, -0.0008464848742050363, -0.002303954003936795, -0.00023058974623178522, 0.031231540106196713, -0.002358200098521034, -0.00015078357920179672, -0.0010801914614107142, 0.5
15, 2, 1, 5.8032752422777004e-11, 0.05090293296968414, 0.9490970595932833, 7.378999934578748e-09, 0.5450787115624296, -0.6559032658489795, 0.45985267008116787, 0.5979111661556712, -0.09208317873694084, 0.1182370966056081, -0.21016322825240707, 0.44077016631564947, -0.3231175666957136, 0.40541208571924175, -0.08413048367366734, 0.0012520533692502982, 0.0012086250580303326, -0.00012396684938721403, 0.029526595011406215, -0.000520004071620615, 0.0005907183487380696, -0.0016566461584410143, 0.5
16, 2, 1, 0.0001775999379059783, 0.05057570084850431, 0.9492466910883464, 8.125243456296008e-09, 0.4456514373676983, -0.4614468794040496, 0.5947148083149281, 0.4030730905063515, -0.21900970636263867, 0.02493110138934045, -0.05517407889389061, 0.1937082213415961, -0.20273281547759928, 0.12282334138293131, 0.08927296069443398, 0.00018844795164764887, 0.0011108892780351408, -0.0005642549417043748, 0.028739147333702152, -0.00010175127834467592, -0.0004243352908732247, -0.0005264554884383336, 0.5
17, 2, 1, 0.00026916391787685953, 0.050110267388740526, 0.9496205602224328, 8.470949738291927e-09, 0.401962196037083, -0.44862900174231746, 0.5947390277587046, 0.4699753750165572, -0.05874813189788767, 0.0453805755332352, -0.06322036468426727, 0.19243341485437462, -0.17000271720628163, 0.3458905317741994, -0.04633237739970015, 0.001179786715256486, -0.0005042449556372914, 0.0002764368183166146, 0.02970234857954123, -0.0014600193800703722, -0.00030363834937758454, -0.00019191949726020502, 0.5
18, 2, 1, 5.893901352286601e-05, 0.050169480277689193, 0.9497715508378954, 2.987089256085989e-08, 0.361136068112779, -0.42645673049132043, 0.3718764948726405, 0.5279138157212326, -0.2373353144366374, 0.15684924853616228, 0.06113163707541214, 0.06185133822390139, -0.18207887173870801, 0.29409050942239445, -0.2290415940380493, 4.2491578698215646e-05, -0.0007069507475266158, 5.106076421803263e-06, 0.030193409973126355, 0.00022852125720062053, -0.0007587895626192114, 0.0016310907269960657, 0.5
19, 2, 1, 7.251265300111924e-06, 0.05013773163593217, 0.9498549844086163, 3.269015146906407e-08, 0.4837308635561451, -0.2922666794435142, 0.5217794609881562, 0.43740722183496406, -0.12167557436406422, 0.059742085881072306, -0.21463685928881793, 0.2781012872788498, -0.19980600900592155, 0.12015887755989643, -0.07124143266360523, 0.0007211696219585153, -0.00011057965563915386, 0.0005423354026348538, 0.02908471751541588, 9.665954666984584e-05, 0.00017890573684801637, 0.0009716148469050632, 0.5
20, 2, 1, 1.660990865090297e-05, 0.05010393564587716, 0.9498794217379763, 3.270749562143359e-08, 0.2800761238260575, -0.543444821038449, 0.59162314163921, 0.37038671989043337, -0.008248293176707167, 0.05738718323895368, -0.12763068394782454, 0.33043890680956967, -0.21272134267418147, 0.3205442408718842, 0.03043334575232608, 0.0008573909177930397, 0.0005117126428922817, 0.00033482687024160874, 0.029386390255264107, 0.00020008741224319268, 0.000500982316401264, -0.000562109630801152, 0.5
21, 2, 1, 0.008666611795388066, 0.028992429332778583, 0.9623409228707364, 3.600109704695939e-08, 0.2919066208202356, -0.24637981824536345, 0.6097359493362104, 0.6101853188953574, -0.09715927844812464, -0.027298186624496835, -0.14472349235153942, 0.32617128255506483, -0.32394811702785714, 0.22294423527770296, 0.11118985364736558, 0.0011429804363294748, 0.0005054789770529846, -0.0008309466246487176, 0.028422437072171913, -0.00034311632177902684, -8.657597721957043e-05, -0.0015827251129554372, 0.5
22, 2, 1, 8.198670108346254e-06, 0.030041400870041732, 0.9699503488863941, 5.157345590028775e-08, 0.4561918113498141, -0.4102010253521883, 0.5763467970926819, 0.49785824094111986, -0.0766723267708694, 0.16490771593219553, -0.06637305699204159, 0.30237408214631395, -0.13753160253927016, 0.32616044797238974, -0.030028241801972815, -0.0003117730766197109, -0.0012297087623804634, -0.0005522560070195367, 0.030576769485543907, -0.0006383842708434331, 0.0006852866484364003, -0.0005312362767941209, 0.5
23, 2, 1, 3.124373771818105e-06, 0.02999516503596468, 0.9700016585250951, 5.2065168440639725e-08, 0.3494171571442426, -0.2946163477158037, 0.44527713912764144, 0.5306257921486617, -0.09719812029966199, -0.00706314871731657, -0.301776980227301, 0.10445221329428667, -0.25621284571518194, 0.4238865702293908, -0.03643388381939353, -0.00037148417828985873, -0.0006139098865152521, 0.00015039553345775648, 0.027663970464342547, 0.0003168924542247033, 0.0006111461851590501, -0.000898111349567517, 0.5
24, 2, 1, 5.207766866238241e-07, 0.029994873734495366, 0.9700045533508931, 5.2137924762051094e-08, 0.34678976871926304, -0.5281661740683896, 0.5368965683056561, 0.4491764067406058, 0.015023295126176062, 0.23816831978231937, -0.20394398899366806, 0.2333477652299823, -0.2625773519565487, 0.07932681451138157, 0.16893523873126448, 5.770610335438716e-05, -1.40418416813983e-05, 0.001937145063827503, 0.02875999938404613, -1.4962791359677974e-05, 0.0007700413133381616, 0.0007583384286206353, 0.5
25, 2, 1, 4.868416693227506e-10, 0.029994944311784733, 0.9700050030633957, 5.213797793457732e-08, 0.43651821848194955, -0.5181527315165603, 0.5982567106327322, 0.49625131208497775, 0.07902574408425267, 0.28699154658160336, -0.17078427104823773, 0.24310570990691333, -0.22162070869129763, 0.4621000202168891, -0.14974386586977811, -0.001163607053242633, -0.0009121040407985717, -0.0003425379658040382, 0.02780702686243114, -0.000679096414438154, 0.0011483139170931085, -0.001452517470945767, 0.5
26, 2, 1, 3.1370473784136895e-05, 0.029918775058663402, 0.970049802227116, 5.224043646715024e-08, 0.34411631714846547, -0.5616007340310202, 0.6175773716728683, 0.4245146517665348, -0.10585433061766607, 0.13469759151383381, -0.11571900247753888, 0.2799378793000026, -0.1915505947277823, 0.053399302386149115, -0.09439365447535883, -0.0004731292149744976, -0.001671467263132827, -3.3543202131518575e-05, 0.030264859183335664, -0.0005721747821893274, -0.0005627921717967759, -0.00010941672661597983, 0.5
27, 2, 1, 1.4326103262376383e-05, 0.029877033090422125, 0.970108562122729, 7.868358653971697e-08, 0.3375993799278131, -0.23328404690854937, 0.3984345286792584, 0.35492214315256093, -0.2173851363062135, 0.16366359572537872, -0.20689771702977988, 0.3943472762867747, -0.1642445142103127, 0.10892273532433483, -0.1541341473920988, 0.00025549297134652086, -0.00036496143641719174, 0.0005384098102160699, 0.02909513500038093, -0.0002966531345825938, 0.001047546346647673, -0.0014527711795995944, 0.5
28, 2, 1, 6.276173121681359e-08, 0.02987787355030116, 0.9701219843747398, 7.931322784698038e-08, 0.34427345912308366, -0.4566066061750937, 0.5059858634759775, 0.3818336981486301, -0.12806603895269297, 0.10162993933222095, -0.16073325921229314, 0.390343642366231, 0.03902645785513661, 0.2495336362642233, 0.04393848983273118, 0.0004969239903560769, 7.288318629811909e-05, -2.4674684369704896e-05, 0.030935170975114546, -0.0010246339679440227, 0.0007473459135143978, 0.0013513816329532048, 0.5
29, 2, 1, 0.00013851627477316994, 0.02938784986114655, 0.9704735514493917, 8.241468862660209e-08, 0.26767660047285013, -0.49109323210167766, 0.5040521780704277, 0.5482972850865642, 0.0719609883059735, 0.0025128112114652934, -0.18570024792240408, 0.3288246967287323, -0.30257476224837093, 0.20080205048943484, 0.07345698978202668, 0.0010745704006674555, -0.00021282822262116188, 0.0015706631121008914, 0.028810094245183188, 0.0010726687431305377, 0.00043981716429377456, 0.00022524075235330455, 0.5
30, 2, 1, 1.0317978443393701e-06, 0.029405296423379777, 0.9705935888796591, 8.289911683522601e-08, 0.5249164584552718, -0.5934615509006193, 0.5345738683432071, 0.2629554128159305, -0.10977885073372802, 0.08841224334322942, -0.16367993853574384, 0.18410069047853636, -0.21294885498107993, 0.3840462818105763, 0.05899181609910988, 0.00035302759581163685, 0.0029297975673377467, 0.0005091132359542375, 0.02911868540064268, 0.00037227965489872373, -0.00024222948824168124, -0.00022215390194779211, 0.5
31, 2, 1, 3.801816313251567e-07, 0.029404899775397356, 0.9705946371213806, 8.292159072504107e-08, 0.41569191599380906, -0.39170265619668376, 0.33314604812155013, 0.5256925791656376, -0.2395141102656954, 0.23583066669582306, 0.022084723886092505, 0.16829877884079827, -0.3246020423613572, 0.48394062112277164, 0.09279234556609499, -0.00044851441756041155, 0.001499794981449061, -0.002614260034220468, 0.030674108425719354, 0.00031875934328391144, -0.0002975578451399408, -0.0001667455345930306, 0.5
32, 2, 1, 1.719691806896373e-09, 0.029404987803396926, 0.9705949275152034, 8.296170799329432e-08, 0.48732649362581226, -0.49631668535858664, 0.36351501263592667, 0.48243553119856486, -0.10160174354290778, 0.2351701199822605, -0.047858205183485436, 0.2027001276091848, -0.36523056927242586, 0.2558658180302583, 0.213863827735895, -0.000746096026283441, 0.002591698291331342, 0.000416579409171575, 0.029518744033707422, -0.0007220949316476122, -0.0003873969394946106, -0.0003300424310920591, 0.5
33, 2, 1, 0.0007553079416143822, 0.025041573642044266, 0.9742030340451099, 8.43712315456637e-08, 0.39945491623665663, -0.1750946509446464, 0.6271916074077959, 0.5584076482621623, -0.29270025150351014, -0.11943584506600557, -0.0511186094825541, 0.16884225225493704, -0.2576702720428118, 0.2505953286121814, 0.07883927067319711, -5.03703975390761e-05, 0.0010230944238667015, -0.0008616615408629173, 0.03135078824853577, 0.000686742213749551, -0.0007885258094049681, -0.0005434930261011223, 0.5
34, 2, 1, 0.0007224825104983089, 0.025035464802813948, 0.9742414862505283, 5.664361594535607e-07, 0.4242823209491478, -0.31232443836533363, 0.3214586616861741, 0.5717628932010571, -0.2902536874558191, 0.23196483404516738, -0.19391015512758114, 0.11773972687273426, -0.13123156623330937, 0.16304642885665838, 0.05542517457227938, 0.00023041986905455598, 2.6539724629204003e-05, 2.2900245243124742e-05, 0.030036646303106162, -0.0003175109357604233, -0.00011136927834535958, -0.0014762384027968243, 0.5
35, 2, 1, 2.1133212939139072e-05, 0.02505363158179343, 0.9749227643614663, 2.470843801168429e-06, 0.4825230594921561, -0.2370457828933877, 0.3099681314351477, 0.5895061543510325, 0.20860307670283115, -0.013477659743986136, -0.18572544040042133, 0.060981688727335184, -0.20503697712906757, 0.20901191273064096, -0.12465232449837764, -0.0002920435737094048, -0.0005692106980018385, -0.0009080625188643719, 0.029943314734720904, 0.0003425462551960428, 0.0016570856314481054, -0.00021985093189925753, 0.5
36, 2, 1, 2.369159128083375e-05, 0.025019944176811814, 0.9749538931353875, 2.4710965198935055e-06, 0.28640354285676384, -0.25007076464910993, 0.5048380356300695, 0.5602759994231044, 0.0487111411274926, 0.23962741184521735, -0.1970467989025268, 0.12350091935197174, -0.3871576611872302, -0.10230392797936308, 0.07962095194188025, -0.0003204918258773135, 0.00025207034500132733, 0.0008834661489672639, 0.02965965775071076, 0.0003824153172227365, -0.0014127292736901506, -0.0011779124651289043, 0.5
37, 2, 1, 2.1910404560598328e-05, 0.02502016970198124, 0.9749554384479101, 2.4814455480675756e-06, 0.2629903278294293, -0.2549202861105999, 0.23955904171308112, 0.5175335581187599, 0.02461521015280903, 0.14715502999146443, -0.3838569063582174, 0.19798238150177228, -0.12306083030900808, 0.31316786182340095, -0.2154388016083697, 0.000274020921313823, 0.00015553501104903972, -0.0008884776263684403, 0.030821652366575664, -0.000443203013085159, 0.000991675651752817, 0.00045376595958024, 0.5
38, 2, 1, 2.320116768139162e-07, 0.025024501332583434, 0.9749727848709487, 2.481784791008994e-06, 0.45744434056716193, -0.3420664225582735, 0.5122805205180028, 0.4685555748502669, -0.09309567505611774, 0.08031681582867176, -0.008455979718178953, 0.10604187173904363, -0.1789101904740339, 0.25613906592758434, 0.037244253493231544, 0.0003724701058585227, 0.0010275876816799082, -0.0026320325249403745, 0.02977288192078533, 0.0003348925429721989, -0.0010520781017019, 0.001257284882161755, 0.5
39, 2, 1, 7.696826588736703e-05, 0.02456726100023805, 0.9753532437377022, 2.526996172463097e-06, 0.3829469774405735, -0.32299304758405556, 0.4240468454256037, 0.5136225060267103, 0.08262654741153856, 0.1268681512803989, -0.1796663424672958, 0.08164163119458838, -0.15773257082333397, 0.33819925947647195, -0.1153226987536143, -0.0010743844532960438, -0.00011865543776241517, -0.0006791693073648021, 0.028844044652578567, 0.0012629371669173352, -0.00014135581124742825, -0.001219014852552777, 0.5
40, 2, 1, 3.8512450643623376e-07, 0.024573427491022887, 0.9754236578401814, 2.5295442894526495e-06, 0.3884328703289309, -0.45230786025793784, 0.4779288278447799, 0.36753855433966176, 0.07143022098133381, 0.13554973609531717, -0.21032294714679883, 0.22262240558106156, -0.23145722420609943, 0.2546608640624367, -0.11700591159157589, 0.0001792929915972596, -0.001640684139222247, -0.0012848949484168246, 0.02853764254916752, -0.001092169490168437, -0.0012885067194793123, 0.0011491569739755984, 0.5
41, 2, 1, 7.666405159907746e-10, 0.024573496155967402, 0.9754239731093535, 2.5299680387128543e-06, 0.3421473428519116, -0.4610487206620286, 0.2726010938871467, 0.2351450026035562, -0.033880693168468014, 0.2825245095677227, -0.22706666141511728, 0.21645669421776464, -0.15979447753989598, 0.45622081081710364, -0.010112581624907316, 0.0008278196148936865, 0.0013251685495439306, -0.0010656687651380635, 0.030953539881467283, 0.00017770750008052572, 0.00041445330734801733, 0.00022970993143955494, 0.5
42, 2, 1, 4.6472591971758056e-05, 0.024509587231157096, 0.9754414068363727, 2.5333404985341607e-06, 0.35594724818393597, -0.30132886215471955, 0.39662431902973033, 0.33545423928347917, 0.04184020626493201, 0.10342357385213859, -0.018744843813635302, 0.1595360141066431, -0.30363293688820286, 0.17889336150214855, 0.13458506148878582, -0.0013497079031803362, 0.001984813039629523, -0.0009677497677847965, 0.030239076494758748, 0.0014017987399450372, 0.001381800062731882, -0.0007343994550723673, 0.5
43, 2, 1, 0.004150952434317879, 0.018938770369086505, 0.9769072806164244, 2.9965801711686116e-06, 0.36460619730757376, -0.4708026764278449, 0.4015213310813321, 0.4407010208647881, -0.08723639727818476, 0.13375307945913728, 0.026847821926569825, 0.2725415760747271, -0.2550544014085576, -0.023787984930693583, 0.001657889068027596, -0.00026824906327833133, 0.0007308793408360893, -0.0005586056606757208, 0.03037125312937991, -0.0007837679230771001, 0.0008182713285231064, -0.0005087163552757894, 0.5
44, 2, 1, 0.011758713643540501, 0.001916579365515519, 0.9863200844937636, 4.62249718040783e-06, 0.1320617765785759, -0.33991495007959743, 0.482273810752499, 0.5389100381941092, -0.013918254619474402, 0.08508452619950335, -0.13464174002054696, -0.01993482423066493, -0.08261169271080575, 0.1477418117044003, 0.15665790555333403, 0.0010646059014114034, -0.0001565891951000468, 0.0014777332636638483, 0.03030856290481155, 0.00039609249171555886, -8.24532855588964e-05, -0.0011860436261528673, 0.5
45, 2, 1, 0.005537484840294957, 0.0023767689138043703, 0.9920686232517395, 1.712299416109361e-05, 0.29209921815911205, -0.3428671922478297, 0.34846803724451497, 0.546365070185413, -0.049670468370126994, 0.0004611378685024592, -0.377795580095049, 0.3116912300686071, -0.14861576077609598, 0.14926018786709175, -0.009818060738407708, -0.0008289556644547091, 0.0014840310492616614, -0.0006137939291651955, 0.027506302842101416, -0.0014551042634821025, -9.02945923169698e-05, 0.0007220707482375627, 0.5
46, 2, 1, 1.652824446792659e-05, 0.0032215930088232334, 0.99673212275727, 2.9755989438870688e-05, 0.31676963959215, -0.1268378580319095, 0.2977601381256544, 0.4759907602420461, -0.06267659338799607, -0.018883835787889235, -0.0892778425186703, 0.2661793933521041, -0.20645520379272564, 0.2762623123199786, 0.05493400125671275, 0.0007144228813048571, -0.002192458634513406, -0.00038646808393686473, 0.029091397869481637, -0.0011657431044372556, 0.001912941968118682, -9.19449169582261e-05, 0.5
47, 2, 1, 7.197551150017663e-06, 0.0032219827836726654, 0.9967410557737713, 2.976389140604516e-05, 0.40288820133852105, -0.3893370050383717, 0.44352431981219465, 0.33217740228689463, -0.18786888422478748, 0.19603130839216187, -0.2131361337084864, 0.11550722115820229, -0.06915390993216039, 0.19595860747623597, 0.10689360665551631, -0.0013585217510388753, 0.0009805929089316526, -0.00044426759900422126, 0.027821784167551756, 0.00023090117771487514, 0.0019357466901218346, -0.00035142538224098554, 0.5
48, 2, 1, 3.0603473595238917e-06, 0.0032224058576819327, 0.996744764273757, 2.9769521201572646e-05, 0.13819738010484198, -0.3878213251541248, 0.34748236659573106, 0.6579753399286573, -0.013192106236864709, 0.30649636752541587, -0.2811493366242918, -0.0005662135549296288, -0.21108432137615107, 0.17778813996262788, 0.05768788131240506, 0.00021879128910363816, 0.00020799504252280192, -0.0002878898541624852, 0.03258896538272345, -0.001139298224311608, -0.0018030639633094595, -0.00012480576285033652, 0.5
49, 2, 1, 1.0581029637439405e-07, 0.003222972495633072, 0.9967471513380711, 2.9770355999409877e-05, 0.279340653988334, -0.24111243281910305, 0.3948945998054504, 0.33444475581509236, -0.21510176439134548, 0.255554495548415, -0.13548795363732405, -0.036698096023825524, -0.12982228429951587, 0.2710387752487515, -0.011708036257821769, 0.0013740129991812653, -0.0016335848117066895, 0.0015984619561035176, 0.03057860781208832, 0.00015692951896618813, 0.002319815854529531, 0.0005885032633343869, 0.5
50, 2, 1, 9.53216826445035e-08, 0.003222974993084372, 0.9967471592034691, 2.9770481763914136e-05, 0.3317455257945605, -0.46930038924822337, 0.20457073239728843, 0.41528125741565225, -0.360689226641329, 0.18377318373123935, -0.10976379483350737, 0.17821793674878172, -0.28227991797308416, 0.17564587927620595, -0.07244231282386179, -0.00116235809652111, -0.0002191346052976278, 0.0009377557853380146, 0.0310203200403676, 0.0008566982193820725, -0.0022337607116619165, -0.0016184633717686678, 0.5
51, 2, 1, 7.882848858647172e-07, 0.003221510016030844, 0.9967479305226878, 2.9771176395376004e-05, 0.20174409999231918, -0.23864322260183507, 0.23008257182228453, 0.3813480866254339, -0.029134202714010283, 0.21713795327521654, -0.07811875870883914, 0.17880913299798004, -0.34789213798483987, 0.34233456854704414, 0.026004310452666927, -0.0009704640210185924, 0.0005890686247169338, 0.0014509438700729086, 0.030380493809499292, 0.0011953783225414428, 0.0009288849375925369, -0.0009664698409121517, 0.5
52, 2, 1, 4.9358864301004634e-08, 0.003221210118471867, 0.9967489684729888, 2.977204967499023e-05, 0.3149237522570401, -0.3091878362413813, 0.40048010360724434, 0.6100384508902786, -0.12773752880117087, 0.013872292677190968, -0.268411871906512, 0.29603860946794364, -0.05045795584957212, 0.22536765069463174, -0.1481320278038885, 0.0005287643233858392, 9.218099316942199e-05, -0.003152529548859349, 0.031650381861024444, -0.0002492088027304705, -0.00016858162523108495, 0.0004867328287932163, 0.5
53, 2, 1, 0.0010297357948238866, 0.0008211736855864373, 0.998116180215026, 3.2910304563682645e-05, 0.21014865705856103, -0.17396590498070513, 0.35506362439172207, 0.3923901967630944, -0.08844784399135941, 0.05523384530909207, -0.09721892709061863, -0.03152279000944027, -0.12594255102137553, -0.017844989890251316, -0.10418899944211624, 0.0007792227991104719, -0.0003990110528241953, 0.000475154904866292, 0.028335138886928048, 0.0005350571019402823, 0.002293639365800272, 0.0005342248485859171, 0.5
54, 2, 1, 4.8446126067995835e-05, 0.0008784562055223945, 0.9990401666159339, 3.2931052475757985e-05, 0.2237240758309266, -0.27825242892435903, 0.4294408951077612, 0.6120564438673334, 0.014719242325108729, -0.0007195397132038872, -0.19645354315590396, 0.11272551263622319, -0.35780779880698577, 0.24643975633396975, -0.02037147791158147, -0.0007365256717834146, 0.0010454069736151482, -0.00035663592887959434, 0.030231919095047015, -0.0011814673931184751, 0.0017668585406711383, -0.0003134368029534478, 0.5
55, 2, 1, 7.4470737539054784e-06, 0.0008854781381154472, 0.9990740491881154, 3.302560001531956e-05, 0.24374981870392323, -0.3785138986121483, 0.250044107246692, 0.4188266204659293, -0.15772356574784807, 0.06240831135706899, -0.25949248791706464, 0.0662410985424639, -0.26415647690659966, 0.269980789371874, -0.15728914767019897, -0.0011621070109287374, -0.00044807179402951805, -0.0010628984989703764, 0.030148916800977876, 5.75320400534528e-05, -0.002042461388260179, 0.0020276696167163847, 0.5
56, 2, 1, 4.2530603294656175e-08, 0.0008868721919823705, 0.9990800285170335, 3.305676038093041e-05, 0.27609658383776414, -0.364881024194082, 0.27767913823134194, 0.5902193201508151, -0.23078268288066006, 0.0979995458962876, -0.1660741373310973, 0.09521333072763265, -0.22656174951590646, 0.237397129318007, -0.021048508948944052, -0.001219324260237084, -0.002051661058349932, 0.00013938635671058031, 0.029927244441865238, -0.002567385011354791, 0.0006472867889508242, -0.0015162205283744013, 0.5
57, 2, 1, 5.704242789794323e-05, 0.0007963882155297373, 0.9991091087743779, 3.746058219441392e-05, 0.13138217661177415, -0.298880576949402, 0.18241269679371672, 0.4428064153668161, -0.14980913090242046, 0.06668354610489427, -0.0493724408950776, 0.18190890017674835, -0.09604832404398007, 0.1618234772949088, 0.06250260034222017, 0.0017124756553472352, -0.0006684545413048984, 0.0018063011694953702, 0.029996627903608537, -0.0005898888000281076, -0.001898006992991134, -0.0013214407579480222, 0.5
58, 2, 1, 2.077074166229889e-05, 0.0008005303075898308, 0.9991403094133187, 3.8389537429177964e-05, 0.12372260745123835, -0.3477543895680598, 0.2851010730179172, 0.5728248470777346, -0.20073084649126036, 0.1184410817687626, -0.21915088032065758, 0.045140893314017196, -0.03692701553781545, 0.012028862289347164, -0.16322588458969722, 0.0008000149992292401, -0.000697866470506709, -0.0012182832947424675, 0.02973183603589837, -0.0007369473093490793, -0.0005084303981087016, -8.489627343271661e-05, 0.5
59, 2, 1, 2.504709375393272e-06, 0.0008012240851696983, 0.9991577443985497, 3.8526806905301375e-05, 0.21348813849299844, -0.28111498234840665, 0.2919209646105644, 0.5934481290631983, -0.16214676982503456, 0.1297394870876053, -0.13535003709749788, 0.04892059659582891, -0.24493003386193007, 0.02537520332038623, 0.04061824456366271, -0.0003036917479700071, 0.000346971536166701, -0.0008793190018742865, 0.03110086171696456, 1.5528031911289726e-05, -0.0014884020902453756, 0.0008924467126447186, 0.5
60, 2, 1, 1.61761307377875e-06, 0.0007972876505705032, 0.9991625225013252, 3.857223503056092e-05, 0.24385918795487624, -0.3028313986039506, 0.36780184540545213, 0.4513659852786461, -0.021769177123650296, 0.012031368734122227, -0.2486150859179897, 0.09789968167942081, -0.06565294624769129, -0.0033627837634144344, 0.09322963086110496, -1.572544245673893e-05, -0.00048046671178080994, -0.00025214091973921077, 0.03231919937760744, 0.0001223516205068587, -0.0003385303723732944, 0.0003260519240637752, 0.5
61, 2, 1, 3.7662490731467816e-06, 0.0007811013713440274, 0.999176095189457, 3.9037190125741755e-05, 0.2869445524528288, -0.053733166461806744, 0.18807587696764533, 0.3471534191189377, 0.061794183735296083, 0.1498620431551204, -0.1863211714373485, 0.17226376440722882, -0.1542983694075468, 0.32833588040341816, 0.04786935705265523, -0.0014354851909094306, 0.00011075182024854726, -0.00010784429572257522, 0.02975904028074395, -0.00014242286011997122, 0.00025890232555254844, 0.00023565897907367215, 0.5
62, 2, 1, 4.193169199570565e-06, 0.0007785514883428066, 0.9991781947403359, 3.906060212181297e-05, 0.2642704258363032, -0.207508882286278, 0.3544074016433303, 0.7326572344170053, -0.23902882501528708, -0.12448276045536799, -0.134437219141834, 0.02300480822936981, -0.024257600493861452, 0.0617651156092883, 0.20752529789760166, -7.972460393307923e-05, -0.0013367780450174174, 0.0015829852384801834, 0.030679770275163533, 0.00041052969876392246, -0.0002918835243286769, 0.00018809263489022514, 0.5
63, 2, 1, 2.462682183154139e-06, 0.0007786630084881513, 0.9991782900692034, 4.058424012526149e-05, 0.19079303655452234, -0.1517819311128109, 0.22825178750633718, 0.6602827157795566, -0.1719863986751682, -0.13489366661714378, -0.07278056560642272, 0.16785239248641845, -0.053602877618898745, 0.00024577594204573395, -0.14808864459614968, -0.0005693358322645201, 0.0012017806961682575, 0.00038985048861986014, 0.030990300077090784, -0.0008597087234538803, 0.0007803550761826043, -0.0012159670023728108, 0.5
64, 2, 1, 1.0688987055377486e-05, 0.0007464980715707178, 0.9991904104233055, 5.2402518068469584e-05, 0.3754764998465858, -0.33287551150023664, 0.018026827010605338, 0.2610772000856144, -0.14472464598488893, 0.0693220729563641, -0.17697432749785952, -0.07474156296520988, -0.09048933166912038, 0.1410035421399655, 0.1391259586139751, 9.23888239762926e-05, -0.0007571965450485676, -0.001011738251083799, 0.03292824143978033, 0.0009036448022053167, -0.0005748996711055485, -0.0012730054786409444, 0.5
65, 2, 1, 2.483772214555429e-05, 0.000695164474546436, 0.9992272184171108, 5.277938619722086e-05, 0.2647259483235519, -0.2361718538614918, 0.2103982407248562, 0.5551629681767627, -0.07071876736695307, 0.06458935423828444, -0.15963032504200658, -0.14068243265865518, -0.17865558450118318, 0.1167448586849488, 0.026058061400816086, 0.00041566525265885186, 0.000556307463813927, 0.0001551599363508246, 0.02930793398154862, 0.0008254161095078306, -0.0010220760893177162, 0.0005111915751717142, 0.5
66, 2, 1, 1.2738462424572966e-06, 0.0006986815718704493, 0.9992472358418705, 5.280874001675719e-05, 0.17006075957659011, -0.14615355050766005, 0.33409878757353967, 0.6388597406146422, -0.16189834269509365, 0.12860788365178366, -0.154589818919559, -0.030770679817382553, -0.04914595224717357, 0.31888927284705015, 0.0042709801064726, 0.0005445430829055171, -0.0007592021675879444, -0.0010948790351061302, 0.02943000282942513, 0.0006751381349016084, 1.0238755593256489e-05, 0.0005436430325561801, 0.5
67, 2, 1, 2.9790292603090306e-07, 0.0006982628102182263, 0.9992486218314443, 5.281745541155485e-05, 0.2250761187101758, -0.23901659109849263, 0.23236381229333744, 0.73873477677779, -0.05774772255781717, 0.07321565485580163, -0.076935577250108, 0.1334682733889373, 0.2369098085529159, 0.367148219713478, -0.020498912315620278, -0.00016032999910350958, -0.0008095897016046719, -6.635071411564502e-05, 0.028888990438112612, -0.00019638435050904488, -0.00130400605083033, -0.0010830312827189437, 0.5
68, 2, 1, 1.3975358945446656e-06, 0.0006858850615001821, 0.9992597242574459, 5.299314515941986e-05, 0.12123213186970058, -0.19667705683969078, 0.2253435540050694, 0.4605899207571943, -0.038743590726289565, 0.12361332480720252, -0.2688714236479587, 0.08628706074052862, -0.21028277615308233, 0.20600940440911505, -0.0943420367119879, -0.0012477795007720994, 0.00082087040734022, -0.0005844045473475358, 0.0316183824165276, -0.0003028599475040274, 0.0006847084462346546, -0.0016717687877765889, 0.5
69, 2, 1, 3.0014320166706075e-05, 0.0006335097322669736, 0.999280879272434, 5.559667513235168e-05, 0.05062910820628128, -0.10338122728281177, 0.10665257199256536, 0.5665271862255089, -0.028434616052401405, 0.2793262635303744, -0.05325480142730939, -0.1119559844768139, -0.19534417848954638, 0.018487747462642368, -0.04999253851444194, 0.00020513719789068153, 0.0027371959220614784, 0.00027670640902322413, 0.02968660517424731, 0.0034392828863654737, -0.0016303285417732297, -0.0010482437010183316, 0.5
70, 2, 1, 0.0001652609699814205, 0.000867820499441874, 0.9986657309071575, 0.0003011876234192545, 0.19686938766655454, -0.1578948990670811, 0.10597459245838534, 0.6629704245426711, -0.3438367873296505, -0.025870747403203255, -0.07297618911657551, 0.009922192558164488, -0.05204487332428424, 0.17213982031687652, 0.059738661914955304, -0.00039910516484107294, -0.00017964640664505353, -0.00029930961732400164, 0.03040461820450389, -0.0004529182224405091, -0.0017029245310827567, -0.0011227663873133076, 0.5
71, 2, 1, 0.0014551892586807, 0.0014972575715268002, 0.9942948496407767, 0.0027527035290158324, 0.08736732534926422, -0.26464277403644265, 0.11714354725526757, 0.6252457583534224, -0.08443475065369795, 0.0002453303039754884, -0.14774138392219727, 0.06238222547948089, -0.04122545525051231, -0.08012303769959302, -0.08319157155259402, 3.269778519190701e-05, -0.0008206137074131795, -0.0014483160804848402, 0.03145547922924693, 0.0006784525226965711, -0.0009729838214286206, -0.000269552686594753, 0.5
72, 2, 1, 8.364462282051196e-06, 0.0016787343930612444, 0.9949804492563731, 0.00333245188828355, 0.14385098732207283, -0.22414286469089326, 0.019327004338985977, 0.578162017955252, 0.10187637053989781, 0.07336077804055806, -0.11998557353054162, 0.09997939786170876, -0.11669613071517952, 0.17768602553456467, -0.17873788819734931, -0.0019410720889122036, 9.873301236559083e-05, -0.0009745800486525451, 0.02892963424230314, 0.00038326969236597607, 0.0018798216987971675, -0.0008566007728040793, 0.5
73, 2, 1, 8.364456680862853e-06, 0.0016787343106219224, 0.9949804493440348, 0.0033324518886623856, 0.18181446299599174, -0.22999234671200036, 0.36629734070443687, 0.5553849470007204, -0.23608538716799368, 0.308764492936097, -0.3379867271506522, 0.13804695580077844, -0.03427027429294714, 0.08738345159498992, 0.18385558385740064, -0.001476717991299338, -0.0010431660363285924, -0.0006657053843387111, 0.028637684249467478, -0.0014960495892096094, 0.00024353660212813498, -0.0006953774566351273, 0.5
74, 2, 1, 0.000535150892259493, 0.001580249554616978, 0.994503506979716, 0.0033810925734073884, 0.05561458338686076, -0.2085489202581491, 0.1653066861703602, 0.3445385141231392, 0.009449663607830904, 0.14848700812211513, 0.017667216332359636, 0.17352593383893938, -0.11713836052432347, 0.059715137563999085, -0.11596936086394471, -0.0007284201712879801, -0.0007652469134775924, -0.0002357796348195938, 0.028499954128233897, -0.000643458383918072, -0.0003065882462814997, 0.0005396289402578573, 0.5
75, 2, 1, 0.00025685415180145123, 0.0013548165481446215, 0.9950045169573736, 0.0033838123426803966, 0.2717341146057797, -0.2957274162048861, 0.2691344183094266, 0.464183449369686, -0.15842046022647002, 0.03203152520342266, 0.03202881894095524, -0.046692947712693875, -0.10993612048513915, 0.1426212556417584, -0.06780371059014352, 0.001074857216436371, -0.0007447366535255715, 0.0007392317756492302, 0.030826259150466058, 0.0004309153685327129, -0.001551968785879748, 0.0004654592314348084, 0.5
76, 2, 1, 0.0006154568948831706, 0.00028131113500181975, 0.99569711304015, 0.0034061189299649172, -0.03330244676035885, -0.14779715086347983, 0.28423331532374513, 0.5073494041011205, -0.09319564088958966, 0.09937526938934652, -0.0766241226436003, 0.10375871521885047, 0.0307110107640313, 0.12419844366218406, -4.0663898348586304e-06, 0.0011555999614523153, -0.00047436471905615215, -0.0001263225096503336, 0.029239177322905104, -0.0023668258363857882, 0.0022141852329163295, 0.000432932940359933, 0.5
77, 2, 1, 0.0005396084615670086, 0.0002951925849607628, 0.9957589667610889, 0.0034062321923833756, 0.18393991204263493, -0.08789984618944181, 0.3193483563092142, 0.3650920153187859, -0.2449404250230857, 0.19188700552399712, -0.1334027465562378, -0.04924640018824752, -0.2322782665245636, 0.16006407748509938, 0.12780055176723304, -0.0023433539320290445, -8.447434489112874e-05, 4.5718503169932124e-05, 0.029276656025442042, -0.00011216805617264869, 0.0007734472081664983, 9.483771152307067e-05, 0.5
78, 2, 1, 3.784079868457203e-05, 0.000393720001353718, 0.9961436423993545, 0.0034247968006072935, 0.052011555418254016, -0.007827606822688238, 0.20448938726246219, 0.5683512899104899, -0.14930648795787227, 0.1995660804667411, -0.14021934422390117, -0.037538409746970404, -0.052591315367946104, 0.14383743985943362, -0.14794455059742279, -0.00013043533761532397, 0.00033141320145924893, -0.00013930769892564853, 0.029163189497589247, 0.0003446246211933615, -0.002427770089087618, 0.00016791799826448747, 0.5
79, 2, 1, 1.8439518182894262e-05, 0.0003948774625344081, 0.9961553439383352, 0.0034313390809474226, 0.15523739568752598, -0.12934459878350862, 0.18318103607517194, 0.545269293711989, 0.011438238538491708, 0.06599803687075279, 0.001256432872830149, 0.07619208418399068, 0.05779360805347028, 0.08211295677896718, 0.18478923391794438, 0.0005199898093186521, 0.00042675792054465433, 0.0007973610362159768, 0.030226148816339178, 0.001070871070920357, -0.0001734560765366912, -0.001206878723947566, 0.5
80, 2, 1, 0.0001588870377448411, 7.250956800170419e-05, 0.9963229359307714, 0.003445667463482101, 0.24255526757674017, -0.06544030572386497, 0.14711556306889534, 0.4536443089798107, -0.08244201771418033, 0.039168467739731, -0.1429386978238941, 0.02526843458918578, -0.22228274992881944, 0.1591692494167301, 0.10709985047790663, -0.0010307648389599505, 0.0007007958410214707, 0.0006305062171344576, 0.028615448007187322, -0.000714389072125106, 0.0004737054836005079, -0.0012534029817784253, 0.5
81, 2, 1, 3.294745947907486e-05, 5.5393621525880685e-05, 0.9964459460543501, 0.0034657128646448927, 0.04342727972989448, -0.20958531238159744, 0.17936950852204733, 0.5596826229762591, -0.062889020669295, -0.05361324439149902, -0.017282212729660306, 0.07719374452213643, -0.07539684601417704, -0.025862317395993574, -0.09826492519814851, -0.0007417160289943579, -0.0034189871142196134, 0.001477702362082764, 0.031031649903609897, 0.0007874817639119305, -0.002061778429022137, -0.0013625028064048305, 0.5
82, 2, 1, 0.03352925089718361, 0.027441443491945515, 0.07439307461568834, 0.8646362309951825, 0.2585561151333685, -0.029350806367853012, -0.08887616371412502, 0.44678987536824416, -0.12924024184851796, 0.1363979246135748, -0.1477375062667971, 0.08555313294638464, -0.014218818278823386, 0.061377472338210615, -0.05789173493186665, -0.0006698128513921144, 0.00024816540115381455, -0.0005880169261965062, 0.030858827971040847, 0.00019653521948688967, 0.00020290809366200905, -0.0014222025872386362, 0.5
83, 2, 1, 0.003727989194558322, 0.029388580257312707, 0.07994649486591082, 0.8869369356822181, 0.14488635509543232, -0.06994103036060317, 0.036680900254224755, 0.7636491330360948, -0.12337437733256425, 0.08898254691689757, -0.09401005312289554, -0.003568994872084885, 0.13017202617742502, -0.08570841249831042, -0.02874088174981774, 7.292351232934905e-05, -0.0015729124652790842, -4.0212773185236065e-05, 0.02964549677789885, 0.0014756554877897842, 0.0006533299009514784, 0.0017573046930562625, 0.5
84, 2, 1, 0.003727891653612284, 0.029374851902540425, 0.07995956999295346, 0.8869376864508938, -0.02758218381654396, 0.11661696294120753, 0.29794140922278034, 0.4359973069619933, -0.11904221512109789, 0.2620589540360722, -0.298668303635223, 0.11629592618206878, 0.03031796840868838, 0.013832243948374933, 0.14099042854240124, 0.001411326837210061, -0.0005183458836857133, -0.0010447897449082388, 0.028165845294891367, 0.0023396314743344858, 0.0012297988835643884, 0.00015717437970739597, 0.5
85, 2, 1, 1.4986069386958695e-05, 0.030037010823530292, 0.08290533522113766, 0.8870426678859451, 0.07592457812231827, -0.0028397196086647814, 0.22571396327482898, 0.5864639080850147, -0.10768423929905768, 0.10788214095014856, -0.12424506540764255, 0.07304336925896515, 0.02937851640007405, 0.29383738525949615, 0.011624122298601044, -0.0004131415650531719, -0.00038592603426706274, 0.0011183559979381467, 0.029952681083613715, -0.0007102129296294128, -0.0014891774070055843, 0.000561140706318326, 0.5
86, 2, 1, 0.005304571827464593, 0.010421747963893875, 0.08872962982046553, 0.8955440503881761, 0.2290389717320079, -0.12229108625569744, 0.02989348103501548, 0.3650720536568829, 0.00970610905593594, 0.001501775793007587, -0.11614579164455216, 0.06049883950022592, -0.14646304502694274, 0.10098774478875816, 0.0766647553514722, -1.7981695478944464e-05, -0.0012421216410133293, 0.0014439403431496783, 0.029619455340272705, -0.00023275639099444174, -0.0005833971818838306, 0.0021506091311073896, 0.5
87, 2, 1, 0.005289855764598181, 0.010422298256461881, 0.08874028519996102, 0.895547560778979, 0.04898317270223337, -0.2728539593518119, 0.10474000417573433, 0.5896942972675776, -0.09891794927612398, -0.013854031214620565, -0.34433921034018183, -0.06466970855323755, 0.04952103091097433, 0.07320831965640438, 0.019403328222457522, -0.00038591096522576715, -0.00025199965201225694, -0.0009787382852072292, 0.030775135670840677, 0.0007711117029091795, -0.0010703209412534823, 0.0003377173370261059, 0.5
88, 2, 1, 8.696772080973416e-05, 0.010080366755088131, 0.08998934136253638, 0.8998433241615659, 0.10330312761960687, -0.22033799963462503, -0.0026854469282235117, 0.45666480396582687, -0.09992969356103747, -0.02291947528694265, -0.14433143960755057, 0.09224641810512701, -0.074582903393743, 0.08244104255897178, -0.04568431605587229, -0.0003484445479711842, 0.0025092869192326088, 0.0014770801999754943, 0.030122625723853814, -0.0006416588839786579, -0.0011766238798191215, 0.0011581489423640877, 0.5
89, 2, 1, 0.0001813126405407071, 0.010181051245311667, 0.08945838824251838, 0.9001792478716293, 0.14639169799129134, -0.0379528654491333, 0.05733325144124664, 0.47847606110685026, -0.22899840408427866, 0.16443943892783833, -0.19715746338960516, -0.10453486533576306, 0.02235918807300035, 0.041387115616831234, 0.09240811954221079, -0.0009722973047691871, 0.0008534042882431363, 0.00048250631503699796, 0.03041104277444879, 0.00015780675665038303, 0.0008135447255640974, -9.482911249689691e-05, 0.5
90, 2, 1, 5.692733647743833e-06, 0.010202931200168415, 0.08958621808751255, 0.9002051579786714, 0.14770355393075235, -0.1518425051075888, 0.14964278545135767, 0.6057022859723148, -0.12600608270065142, 0.10320338250763797, -0.1895818850893801, 0.2517643109564299, -0.04623854557293313, 0.21942477192847681, -0.10899744160459243, -0.0005955667733297158, -0.0007276695154745337, 0.001282989406795464, 0.030362829803047813, -0.0018576193101431926, -0.001432211634905151, 0.002406629800655205, 0.5
91, 2, 1, 0.0006188744136879268, 0.008574112731647692, 0.09031134093087237, 0.9004956719237921, 0.099290372075262, -0.19378412507734297, 0.17623522727487934, 0.40072695346679754, 0.03197039035689038, -0.03376163080801111, -0.10637976004329593, 0.035794632590216466, 0.07113641991080584, -2.091342038821331e-05, 0.15072554082225403, -0.0007582698935801201, -0.0004020678062224462, -0.0005426566802035543, 0.031756927672672644, -0.0004272497460654346, -0.0014452709910189117, -0.00022513988231953494, 0.5
92, 2, 1, 0.0005736950571042841, 0.00829557186999754, 0.0905220184693622, 0.9006087146035359, -0.00837526454472457, 0.06588868836426856, 0.07118680942867564, 0.6451483671372602, -0.25611538963082653, 0.059161318987831245, -0.28055295916157647, 0.008411921309502449, -0.14812387986797987, 0.12896763683499152, -0.0181887604538121, 0.0010682085641516368, -0.001111050653586888, 0.0011957649054866416, 0.028994595107925143, -0.001412474113117387, -0.0029005648761259908, 0.0013479897223860767, 0.5
93, 2, 1, 0.00014963031978354634, 0.008435632295492221, 0.09014637627077891, 0.9012683611139453, 0.05375657575744901, -0.15619357678584128, 0.04081162952778663, 0.5712249800249516, -0.13678694902096256, 0.24850145680507646, -0.08235230713981825, 0.0002322124107896173, 0.026319404760889155, 0.06263983992272389, -0.01638984910167004, 0.0009819758021147426, -0.00023985189068566568, -0.0012558826348989568, 0.029113686281891298, -0.0006055450884610271, 0.0002810602467011712, 0.0009571515444497981, 0.5
94, 2, 1, 0.0004763281219318959, 0.006730779915824298, 0.09097015342984029, 0.9018227385324035, -0.0431405555312101, -0.07656550272721532, -0.07812209663666317, 0.5170196063173236, -0.29576204424532343, -0.01624037372390965, -0.03871878487183694, -0.14775162703429529, -0.0958086224543, 0.07770954802060812, 0.0186360613216244, -0.0002784954222125955, -0.00032178269699821604, 0.00024620537185742364, 0.03156321060844576, 0.0007519980253976801, -0.001083997287807457, 0.0014669506529222127, 0.5
95, 2, 1, 2.912937596373146e-05, 0.006725228508040922, 0.09116482536259433, 0.902080816753401, -0.26332107570297936, -0.022767419843207615, 0.0892207277684246, 0.6137075703407562, -0.1503281879397736, 0.21682987240125132, -0.1161305563634694, 0.057870907613862634, -0.039603792443447715, 0.042952374853124586, -0.03521388570742752, 0.0006022274001660939, 0.0002815419350982758, 0.0016097133898503035, 0.02903971914563432, 0.00045441325405430827, -2.202813473417939e-05, 0.0017858554183559443, 0.5
96, 2, 1, 0.0011080798649885147, 0.007302251240874006, 0.08794512459262847, 0.903644544301509, -0.05777875686629552, -0.03312319551714041, -0.0659233229189267, 0.47308983443714225, -0.15218385230328185, 0.0354479068685845, 0.07597942322753755, 0.00632327046075252, 0.048918187937593095, 0.022292455225290317, -0.1584102011898437, 0.0011790601277814386, -0.0011214417025031701, -8.787195721410127e-06, 0.03169310351787158, 0.0014014707746434953, -0.0006215572294520819, -0.0004854075445627108, 0.5
97, 2, 1, 0.0010998096183448397, 0.0072989852469684795, 0.08795523384159057, 0.9036459712930961, 0.1496744346298517, -0.29478787774959503, 0.08884693091510602, 0.5115294406709618, -0.21327253031105659, 0.09170896820449166, -0.08841151910884885, -0.07116876683089808, -0.14704316986114496, -0.23650692723660854, -0.12055623655338035, 0.0003418426025733762, -0.0004690051285266298, -0.0025597484691809226, 0.030567172950706833, -0.0013931525256052387, -0.00019538223904086256, -0.0007301735103304296, 0.5
98, 2, 1, 0.00226344871187355, 0.0017967889354976781, 0.0039014648425475854, 0.9920382975100812, -0.0717174146325937, 0.12803792243665407, -0.0697807474850807, 0.5557971162094553, -0.11885507626600236, -0.07676859720230966, -0.17382615509504956, 0.1860555990002293, -0.023944300588526396, -0.008429640995894164, 0.08141461342369627, 0.0028254087087944287, 0.000668234889645227, 0.0009041658948424839, 0.03157186311789563, 0.0004563465577354219, 0.0003543779264361006, -0.00030936947044969996, 0.5
99, 2, 1, 0.0001775434075090179, 0.0014306640753121568, 0.003911545695785371, 0.9944802468213935, 0.016926681467200947, -0.23518631091452988, -0.16527008688872472, 0.32688342285183164, -0.047588509405627956, 0.2739779600963112, 0.05873348983000195, 0.09984812734496988, -0.017515896104701344, -0.0799543807624091, -0.01966861920087391, 0.0007543290803661979, -0.0011179400278287861, 0.0009090559570756754, 0.02974169374299874, 0.0010518511215415278, -0.00048716274812270763, -0.0010583029397257383, 0.5
