t, Event, Policy, P(still), P(random), P(reach), P(transport), o(t), s_a 
0, 2, 0, 0.013764895498752594, 0.8401978015899658, 0.146036297082901, 1.0364529998696526e-06, -0.5705850646718418, -0.607531321324199, 0.5768711702788547, 0.5504393374392021, 0.13119799078115418, 0.2693693598939715, -0.09061781466032204, -0.3401750073098567, -0.03428654634871227, 0.45874250652796816, 0.07865712525816158, 0.11153788277411145, -0.03663497650986403, -0.017554299924220522, 0.09297869764353818, -0.042876125075812566, -0.17914711502952546, 0.041745906710988455, 0.5022980900080924
1, 2, 0, 0.013156230583418424, 0.8402939928863917, 0.14654977653018794, 1.870864164986814e-15, -0.5699385640283701, -0.5669860548222257, 0.6360266411123632, 0.5041481850955123, 0.11156871819163625, 0.11118665957954768, -0.12445894748646517, -0.4126548580448177, -0.22233172400818235, 0.19151049580906143, -0.028433814249513793, 0.08591252428800542, 0.027361594115701493, 0.12708553050217292, -0.07115393240642529, 0.034480336684963586, -0.11187888939498454, -0.1087235601001814, 0.5022980900080924
2, 2, 0, 0.0071659271823226465, 0.8455309411388674, 0.14730313167875478, 5.5059140047843926e-14, -0.5629116168042947, -0.5644770524854372, 0.6322880943372956, 0.5006716321552684, 0.11168208197381543, 0.11019822587725385, -0.12357788600558109, -0.27047713149759084, -0.2052893294285359, 0.2192489662614816, 0.10876486871961358, -0.0014578468105382032, -0.033418481154029706, -0.01723427125563879, 0.11905818567552691, 0.06063834009319694, -0.0016461653344456457, -0.07851785859124388, 0.5022980900080924
3, 2, 0, 0.0008694575310452204, 0.8489602836389009, 0.15017025882970897, 3.450557230131695e-13, -0.558035475006492, -0.5575022668575118, 0.6263064799328756, 0.5035317322088491, 0.11003027814137087, 0.1095845150557188, -0.12455520463433054, -0.22955245789378917, -0.11083185544785124, 0.24059726045747296, 0.033894264964657445, 0.09045747246424142, -0.05393918520567877, -0.013841956999632329, -0.07097949475020454, 0.04141753583457985, -0.03587560343257065, 0.06477987211120598, 0.5022980900080924
4, 2, 0, 0.0003754158179153609, 0.8493437862519889, 0.15028079792986693, 2.288182802745035e-13, -0.5522093630095569, -0.5532179854025362, 0.6176078546702082, 0.5043794622023998, 0.11156856415331859, 0.11207501004097639, -0.12479708101579108, -0.12746148343744268, -0.26953164747563135, 0.11874674329410288, 0.07739928684443034, 0.0654580459314673, 0.09639928056202147, 0.1268804283272977, 0.2227804048261716, 0.06397598013636599, -0.030639911558113214, 0.02958230536278088, 0.5022980900080924
5, 2, 0, 0.00011589595771305068, 0.8493975251467872, 0.15048657889533193, 1.6788654591697592e-13, -0.5471100242960782, -0.5476393811733121, 0.6125760731504963, 0.5032858602044311, 0.11169911100972658, 0.11016842636703628, -0.12374659268563767, -0.09425941926799652, -0.35737269352733747, 0.19253292177860754, 0.027908844209014783, 0.07285376840425319, 0.055691452842345036, -0.027558472439921454, 0.16522573116631803, 0.007778523079802783, -0.04599899997849176, 0.024455090095411715, 0.5022980900080924
6, 2, 0, 0.0001158519884381557, 0.8493975690129291, 0.15048657899863288, 2.8686971176335723e-19, -0.5424457933527097, -0.5401409772481724, 0.6067993316773068, 0.5021556669918044, 0.11133106898210365, 0.11033789326258014, -0.12330515418813781, -0.28930387969503163, -0.03952484308203661, 0.29142984958162266, 0.20631428349180228, 0.008934402996913286, 0.32792870125501394, 0.04603404611265324, 0.11659563760762089, -0.08698623079898729, 0.15022888762619452, -0.13856504197843164, 0.5022980900080924
7, 2, 0, 0.00011442890804069843, 0.8493988807271918, 0.15048669036476744, 1.1868221948888959e-17, -0.5357408710536862, -0.5352498837396649, 0.598862200121129, 0.502829904783261, 0.11104114480795677, 0.11171163142613057, -0.12513553348569575, -0.3567860580288, -0.22649889958150551, 0.29150434776792855, 0.13033808483114115, -0.20323545680099894, -0.1416854425601197, 0.08466390016467396, -0.01480122712456019, -0.028486916674016826, 0.01512494378769784, -0.013000085856502025, 0.5022980900080924
8, 2, 0, 1.4083926624970286e-05, 0.8494988175596977, 0.1504870985136774, 1.9736323701941396e-17, -0.5321858289003389, -0.5307778224676764, 0.5939498997141939, 0.5014558092563457, 0.11075340567478717, 0.11209382708130325, -0.12279933359746675, -0.33015370434608077, -0.28641700820378546, 0.5299517711867738, 0.12609181703058306, 0.05163334728209388, -0.060066551259175135, -0.07773056083363795, 0.06948613893768063, 0.11455167509457798, 0.19049250300448803, 0.004349329384592398, 0.5022980900080924
9, 2, 0, 5.201350544185777e-06, 0.8495028357395527, 0.15049196290990147, 1.8759938273863836e-15, -0.5251592067997197, -0.5249090506014793, 0.5879918478379321, 0.5016968240094155, 0.11347482148622778, 0.11117930756308961, -0.1246370870562439, -0.2619359468496275, -0.3161263289421504, 0.21828310325149927, 0.13600260836583583, -0.04694542263361864, 0.11535971374980292, -0.09806712465836136, 0.04524075033203863, 0.03571587263161332, -0.07088467791061535, -0.07631824217109855, 0.5022980900080924
10, 2, 0, 4.7162987254187e-06, 0.8495028648770061, 0.15049241882426817, 2.2535694570487166e-16, -0.5202589734471832, -0.5191781370701947, 0.580191955043437, 0.5030098145401013, 0.11184638692593676, 0.11085156602483837, -0.1257707928402725, -0.19233214951849184, -0.3886889944433631, 0.37898274885810534, -0.16558729827118573, 0.0054718522381988184, -0.03550958817500577, -0.03067471878769424, 0.16661714152172472, 0.08658833824741438, -0.0026178615407140655, -0.03545623999596718, 0.5022980900080924
11, 2, 0, 4.651526461229235e-06, 0.8495028796431067, 0.1504924688304321, 3.010331179540296e-17, -0.5143746408167804, -0.5155187555002034, 0.5733878756481501, 0.5019431194197368, 0.1103418414216339, 0.11107073134594272, -0.12356276313257959, -0.42325131315218306, -0.18165141914536348, 0.09886272365999989, -0.052833067417819526, 0.09281091708708784, 0.05116070973873819, 0.27529717850661395, 0.056865500899164576, 0.019323169608301823, -0.10981414390442581, -0.030665210776417005, 0.5022980900080924
12, 2, 0, 4.60637538796378e-06, 0.8495028840273295, 0.15049250959728236, 1.4818087535083299e-18, -0.5072008251024591, -0.5063012707196767, 0.5712893873066945, 0.5018866239613659, 0.10978680292058587, 0.1106184968158187, -0.1265632142085241, -0.4626835275829048, -0.061832743227688614, 0.31780678804420603, -0.1526078314687264, -0.04881755495785563, -0.12116990446374269, 0.05299214481825315, -0.053254229944250144, 0.11060441487558777, -0.05452882629293149, 0.1344032557568539, 0.5022980900080924
13, 2, 0, 4.604605321910649e-06, 0.8495028834326936, 0.15049251196198446, 1.1028471527204834e-18, -0.5023573459548974, -0.5009850568733369, 0.5626241171705875, 0.5024506456417692, 0.11084128952259571, 0.11064526782348696, -0.12394223452515626, -0.3327422168941406, -0.3739719498604493, 0.15580039908306353, 0.1384244533371388, -0.05797829432524815, 0.0969645705719736, -0.08645126504287301, -0.008646795468017276, -0.050756995279227515, -0.15834896498599021, 0.009071403392433666, 0.5022980900080924
14, 2, 0, 4.591963620624627e-06, 0.8495028836619063, 0.15049252437447316, 1.8515930226145143e-17, -0.49627114639510833, -0.49581096485234316, 0.5575181421935734, 0.5021535040393934, 0.10956657896218029, 0.11032557422579836, -0.12575068721129767, -0.23439477571620562, -0.3110680619227581, 0.31837794584808926, 0.0063261049358946915, 0.03665569357183037, -0.08365123896090072, -0.11552913184086747, 0.15584810364647858, -0.08512613542086928, -0.13647505680129238, -0.05465176585267885, 0.5022980900080924
15, 2, 0, 2.31514388408573e-06, 0.8495049942007187, 0.1504926906553884, 8.920196468540346e-15, -0.4903289021231097, -0.4919111565628369, 0.5515987839412174, 0.5029438645438286, 0.1097272271333247, 0.10945008130019027, -0.12494123767400649, -0.21323076096412286, -0.2565245591667204, 0.2877851485559402, 0.06524660244308571, 0.06385898066699099, 0.04259198116233398, 0.10913681244602906, 0.3076518198526185, -0.013384072286616306, 0.0531185311978987, -0.18188290331490015, 0.5022980900080924
16, 2, 0, 2.300212431441101e-06, 0.8495049972471195, 0.150492702540449, 7.181131150633483e-18, -0.48429110621305405, -0.48608362257831034, 0.5453307794196186, 0.5019904204457004, 0.11008819441047793, 0.11223079561565474, -0.12570853291959433, -0.2574565226032814, -0.4477664033121478, 0.30355885248127146, 0.16769318028508146, -0.15533905360562134, -0.01733952960106385, -0.01599116513894016, 0.25153784113697003, -0.07681544630160661, -0.09994263370926468, 0.12707315122789703, 0.5022980900080924
17, 2, 0, 1.8907833337576506e-06, 0.8495052296389424, 0.15049287957757962, 1.4428149479709812e-13, -0.47996490154944577, -0.48071172639703325, 0.5387056321259119, 0.5026561776074845, 0.11037602603205314, 0.11258892621407042, -0.12257469063408546, -0.12665269576715504, -0.3184033376601976, 0.2057340321249766, -0.07798529617573827, -0.0903871058942566, -0.1240013243456504, 0.14906048801941044, 0.05200640601244784, -0.04145967947050792, 0.05620573153934673, -0.07319400212246205, 0.5022980900080924
18, 2, 0, 1.2553914412097093e-06, 0.8495052520776577, 0.1504934925308615, 3.941856640619058e-14, -0.472685880213149, -0.4753940963785214, 0.5324914350449523, 0.5008844822719576, 0.10917752149673574, 0.1098921671983202, -0.1250895023663061, -0.15971618246799257, -0.2010294709058283, 0.21371471464906233, 0.04791349283207992, -0.04829739648213394, 0.0988156699880248, -0.059209092692291555, -0.037720500624289076, 0.03759714971836578, -0.19041219091192627, -0.02134750912566155, 0.5022980900080924
19, 2, 0, 1.2403066551324208e-06, 0.8495052523627079, 0.15049350733063674, 2.4627554208658555e-16, -0.46862036747120756, -0.46798191161274366, 0.5263179795183264, 0.501967698530541, 0.11081577854530329, 0.11047195669600159, -0.12445197996706352, -0.27415497725387533, -0.2543052404021185, 0.2445125322362754, 0.07262475690631016, 0.08416423492261885, -0.013259663063882057, 0.08366463822312895, 0.20389750800741996, -0.044786468844480266, -0.2623890191569396, -0.03724445507216144, 0.5022980900080924
20, 2, 0, 1.2403031919072596e-06, 0.8495052523661408, 0.15049350733066724, 3.1737725035143944e-19, -0.46209702806277403, -0.4635712225972563, 0.5207287105227695, 0.5027321093643393, 0.11037931613322258, 0.10890033691991166, -0.12406284125544306, -0.3804062326688511, -0.23102676937377514, 0.23206804428631628, 0.1245146532083167, -0.13849611836707773, 0.1137097999322743, -0.006624297701667543, 0.09113817232658389, -0.23333175491575492, 0.2520583678900944, -0.02254379217911118, 0.5022980900080924
21, 2, 0, 1.2395103682007414e-06, 0.8495052528316233, 0.1504935076580082, 3.0685355907385456e-16, -0.46035569284125044, -0.4571430211916029, 0.5133995077169458, 0.5037413725079493, 0.11048814548669264, 0.11187058595583847, -0.12458359723601284, -0.37188523582097865, -0.35435462705605303, -0.02797682478343395, -0.054513798608460326, 0.11466371555169522, -0.18522825401145732, 0.022556052813060345, 0.1302674069514118, -0.0833506216615129, 0.12466279666971569, 0.05519325911123747, 0.5022980900080924
22, 2, 0, 6.582569995855339e-07, 0.8495057353454023, 0.15049360639759432, 3.810053378202992e-15, -0.4516354473287521, -0.45121967260775264, 0.5075342931556424, 0.5015771903595257, 0.11047895843108184, 0.11213617474559276, -0.12377982411422625, -0.2783417432907893, -0.12043572370245932, 0.41238883992719355, 0.009379874710320275, -0.06943128761428559, -0.10760690010938764, 0.10062477602360312, 0.1836653055143429, 0.03178958568848629, 0.016194694527945898, -0.0030872681354448214, 0.5022980900080924
23, 2, 0, 6.581314674395581e-07, 0.8495057354132981, 0.15049360645523, 4.551473267410302e-15, -0.4466251756161082, -0.4454938478189054, 0.5005455981121034, 0.5016080793466511, 0.11169914812033097, 0.11067203384597142, -0.12381918730798216, -0.12330887845949903, -0.12705982762306936, 0.22226476694514913, 0.04036901331667979, 0.26971323453199214, -0.201399386433313, -0.06413591109573978, -0.02403702943111331, -0.280124678231341, 0.06022455182209713, -0.020512403679641005, 0.5022980900080924
24, 2, 0, 5.535005647339919e-07, 0.8495057218099576, 0.15049372468944064, 3.6888114875324194e-14, -0.44061097352791145, -0.44090349053041467, 0.49505443064239874, 0.502980589112021, 0.11279823885973381, 0.11181202335626927, -0.1260522174876055, -0.27236456573488943, -0.14228598851060803, 0.27115232292249714, -0.12226843384406338, 0.16659675070322283, -0.04859082856836329, -0.09157550984062897, 0.10535866843298725, -0.002006751248021672, -0.03833541531028522, -0.03552869310854016, 0.5022980900080924
25, 2, 0, 5.003489472450215e-07, 0.8495057704367236, 0.15049372921431567, 1.3385231946456354e-14, -0.43631751713425915, -0.43501130214109224, 0.4891180467144306, 0.49957112423569283, 0.1111520177305648, 0.11249341617251765, -0.12480944676994044, -0.3130740206686821, -0.29344403710849665, 0.2295718165244523, 0.007475545953131118, 0.012432675620377566, -0.034763125889929095, -0.13216237877196302, 0.10039753644996616, 0.0710460292113823, 0.17052995725562972, 0.049507034694089416, 0.5022980900080924
26, 2, 0, 5.517377165478901e-07, 0.849505710492884, 0.15049373776929864, 1.0075477971553371e-13, -0.4304739400648031, -0.43008071007173065, 0.4841097439560733, 0.5022203051684151, 0.11088019316803084, 0.1107375202939899, -0.12473795878111504, -0.303374158689998, -0.27109786036453887, 0.14570579407293682, -0.1725286969459997, 0.0319309776620248, 0.12427905821697043, -0.055130276719520074, 0.05593113461139276, -0.11154877844892526, 0.09167252946435403, -0.022218819881921127, 0.5022980900080924
27, 2, 0, 5.517239505274221e-07, 0.8495057105034818, 0.15049373777256772, 4.494169436855035e-18, -0.42505912363566134, -0.4266487050585731, 0.4769308289177121, 0.5031506044550538, 0.11005228304548598, 0.1106427140344916, -0.1225027835407069, -0.15534802118736316, -0.023451687967159483, 0.3185859142258548, 0.24357964657670345, -0.023509647753805346, 0.13772158877947996, 0.04551494254797571, 0.18981178459160752, -0.12497619889324722, -0.08991721089273233, 0.006392255381957611, 0.5022980900080924
28, 2, 0, 5.562827908123239e-07, 0.8495057031634375, 0.1504937405537711, 5.82454219554654e-16, -0.418252087620246, -0.4184896274667088, 0.46922017499957674, 0.5022773083808396, 0.11162590724416184, 0.11033673900814259, -0.12225217212131596, -0.30328624086243794, -0.2332013082843276, 0.26998066061611126, 0.07033626472456278, -0.13672351160323823, 0.07109055132729623, -0.11733148942932999, 0.04975787440809032, 0.009217462613992528, -0.1266955992155793, -0.023870427739111213, 0.5022980900080924
29, 2, 0, 1.6315051433319308e-07, 0.8495060933955595, 0.15049374345377098, 1.5527051063526716e-13, -0.4139804997171699, -0.4141753697768964, 0.46487110058620706, 0.5019570261190547, 0.11196806917043563, 0.10944319876668474, -0.1273937025057863, -0.23831118058529413, -0.1915022784009438, 0.16189447674688234, 0.16166481079240494, -0.09601157220554228, 0.002738206150654616, -0.03808411055375542, 0.006790974127752747, 0.06356727647432972, 0.12789184026489472, -0.0506829009044249, 0.5022980900080924
30, 2, 0, 1.589105953934315e-07, 0.8495060954807037, 0.15049374560869735, 3.618564958607392e-15, -0.41009815294736596, -0.40925874724777617, 0.45688524031565436, 0.5026756407963635, 0.10950059215267167, 0.11170916276689329, -0.1254638376134962, -0.356211098355391, -0.15634644338271206, 0.1940362638416144, 0.04689546379055929, -0.10815290729697624, -0.07774559494554088, 0.23657092721287581, 0.08428975938115851, -0.07967636643119703, -0.10115580948663727, -0.11509627497227168, 0.5022980900080924
31, 2, 0, 1.3949581753867136e-07, 0.8495061132737074, 0.15049374723003742, 4.3769885628845505e-13, -0.4039440426560724, -0.4023311731967203, 0.451841334142611, 0.5036510384222341, 0.1094352112748204, 0.10968916261874621, -0.12507022822401015, -0.25201292646936096, -0.22916434953576634, 0.23903644896506573, -0.1545185919681174, 0.1178470559613031, -0.047194382365095336, 0.22423782724350402, 0.026148501341892626, 0.014687487797722013, 0.1682376302894156, -0.11243494115056829, 0.5022980900080924
32, 2, 0, 1.2957962041434903e-07, 0.8495061207097918, 0.15049374970650922, 4.078680578370969e-12, -0.3973936730067785, -0.39591083584312325, 0.4444873006606297, 0.503052258974393, 0.10966306099001125, 0.11118155795200291, -0.1254485256000708, -0.21305994261509092, -0.1844130923330066, 0.050808954844806895, -0.11790830366485872, -0.05944846988361339, 0.06917556540891354, 0.08780184461714581, -0.052369561118887034, 0.007611462867045717, 0.14984951762669135, 0.12767068141951526, 0.5022980900080924
33, 2, 0, 1.295779499257781e-07, 0.8495061207096486, 0.15049374971240137, 1.6492976697678688e-17, -0.39259766642515725, -0.39052442528283926, 0.4383915860473861, 0.502534277111025, 0.11043800980889236, 0.11194783262836627, -0.12466193841036668, -0.15774589270219508, -0.42463295006819834, 0.22186311282029408, -0.05528585226059997, 0.05835115929717699, -0.16833230716210765, -0.08333630867068738, 0.006220377244123399, 0.23932433233504646, -0.18759739893522454, 0.11670056583729627, 0.5022980900080924
34, 2, 0, 2.2183627789826353e-08, 0.8495062195472421, 0.15049375826490738, 4.222702537370088e-12, -0.3864480679454372, -0.3863041150727854, 0.43217297905944296, 0.5023077591189231, 0.11170835654152622, 0.10851377161368643, -0.1238234641004063, -0.1750347603495615, -0.16660734019921505, 0.18222572955213695, 0.040181161058026785, 0.07488288080999422, -0.04272411771504074, 0.060077815140222056, 0.13852321101974635, 0.009296557077570086, 0.08744236260211792, 0.017667795165983692, 0.5022980900080924
35, 2, 0, 2.2085656450728942e-08, 0.8495062188038918, 0.150493759110423, 2.883919187307822e-14, -0.38159683059740823, -0.38134871359085454, 0.4249718930013079, 0.5021590044048094, 0.1116231516699765, 0.11279933038937069, -0.12412207141385705, 0.030587262012254545, -0.16764458072785457, 0.366990425825655, 0.007452128949185438, -0.14789837541306458, -0.17255163988747355, -0.0710225009737033, 0.013771519419614797, 0.045887420697966044, -0.07542600326252331, -0.015223879109831695, 0.5022980900080924
36, 2, 0, 2.5823132724961975e-08, 0.8495062142061851, 0.15049375996820782, 2.474451464037606e-12, -0.37558392904556304, -0.3748037427394296, 0.42016300557775355, 0.501696952170011, 0.11082333609114645, 0.11144046383382966, -0.12465960454535244, -0.11873616232541115, -0.22349833016288664, 0.29251934148021574, 0.027345905771070694, -0.06341555923196306, 0.0720047647779111, 0.022649788382866694, 0.23544358779510213, -0.06119340058286408, 0.1722871514031123, -0.032462488749094395, 0.5022980900080924
37, 2, 0, 2.3977300789317317e-08, 0.8495062143168477, 0.1504937617056994, 1.520339620185714e-13, -0.3703383826602098, -0.3697610960508374, 0.41650319803920366, 0.5024116686220602, 0.11257899773182187, 0.11003514325856559, -0.1229384590042236, -0.09774665655303345, -0.25095812226982306, 0.39721665694908703, -0.09469443917350014, -0.16508908989804788, 0.026959748053167216, 0.1045216499896244, 0.12651644859325065, -0.06463108959600264, 0.020735875228624696, 0.06233858345971125, 0.5022980900080924
38, 2, 0, 3.707626897968472e-08, 0.8495062011394934, 0.1504937617841088, 1.2891552710007966e-13, -0.3617437743697449, -0.3620738105124928, 0.40777508481754865, 0.5033369441423362, 0.11059392463847509, 0.10984113545234522, -0.12300724782345804, -0.2076895666412641, 0.022993265140644127, 0.1536370043351425, 0.1557056384967637, 0.11950085593001158, 0.016895644791492408, -0.0024809712164943487, 0.09268537140665942, -0.11488093083517315, 0.10533033428885086, 0.06863041294021546, 0.5022980900080924
39, 2, 0, 3.7229490508145355e-08, 0.8495062006314036, 0.15049376213901594, 9.003556090117029e-14, -0.3606373964291235, -0.3565377253308066, 0.4019139900753318, 0.502449346465068, 0.11082017595542981, 0.11002238504919999, -0.12446303268316208, -0.24634502218785354, 0.010495331041610868, 0.24695328510593323, 0.01804114948780099, -0.07719327817988422, -0.06721164696055704, 0.007910593827022703, 0.2261491743403005, 0.057018538665916316, 0.06260568831227048, -0.0627626077854099, 0.5022980900080924
40, 2, 0, 3.7699964314671815e-08, 0.8495062001470215, 0.15049376215300586, 8.249380311380944e-15, -0.35226037510895497, -0.35275083132878887, 0.3947373544769529, 0.5031542474699339, 0.10932033602330953, 0.10900350869153816, -0.124811271736081, -0.12822782832236235, -0.36229107788930665, 0.13399212184762005, 0.17537845845405559, 0.05016128531765994, -0.14620301705371017, 0.07230749003089651, 0.14760859795889286, -0.1329044340349211, -0.08257598654641182, -0.14016044126291408, 0.5022980900080924
41, 2, 0, 1.9183280496627202e-07, 0.8495060278185015, 0.1504937802780817, 7.061187041444138e-11, -0.3479856482201265, -0.34799638303039604, 0.38936120170930766, 0.5034574617104611, 0.11064097296239728, 0.10923892642921133, -0.12334775386274699, -0.10481004354386755, -0.26947891722754713, 0.2498015744023125, -0.0421654281829288, -0.058103336870504306, 0.09152219794238584, -0.002631176953583187, 0.08494044151193417, -0.06284697827465338, 0.07642222537438315, 0.001934133316789189, 0.5022980900080924
42, 2, 0, 1.9068518942445699e-07, 0.8495060290273156, 0.15049378028743768, 5.725655987967252e-14, -0.3423091783919025, -0.34184328484459836, 0.3824809341016978, 0.5001910793631359, 0.11055074746683705, 0.10953348258260913, -0.12315863336450275, -0.35697548552295094, -0.1821252033332923, 0.050055813969029764, 0.04916702777946243, -0.05048975713283901, -0.2520365407572932, -0.06820963151797022, 0.06176892751914137, 0.12690746381237497, 0.1917073845994644, -0.1078067341054619, 0.5022980900080924
43, 2, 0, 6.349354851974817e-07, 0.8495049376489645, 0.15049442732999135, 8.555898925143815e-11, -0.3380598400194431, -0.3353952574656246, 0.37806587868061314, 0.5019648021216679, 0.1101230942031384, 0.11201141006140695, -0.12384534061255092, -0.29303884767491645, -0.15498461653615617, 0.20174583970537768, -0.039276286249077565, -0.048030016197172266, 0.019719452011039064, 0.06057389937235591, 0.13134183591632087, -0.04003655407190656, -0.1653048843022767, 0.023061561810593968, 0.5022980900080924
44, 2, 0, 4.820557850068425e-07, 0.8495050885332145, 0.15049442916309747, 2.4790301994709575e-10, -0.3296949660512057, -0.33232605453605846, 0.3713401402037012, 0.4995470187534736, 0.11241944364146725, 0.11289837629611621, -0.12339707727812417, -0.06335355687120418, -0.19175679668115267, 0.1201864936503195, 0.049156045391931066, -0.08527480945046147, -0.2033287801663246, 0.03242849089663373, 0.04014894563613747, 0.09376588743230947, 0.15318486586003116, -0.007817564199342819, 0.5022980900080924
45, 2, 0, 2.695133931642246e-07, 0.8495050531988683, 0.15049467419919757, 3.08854093654077e-09, -0.3249897281124216, -0.32366292313231154, 0.3641012477254647, 0.5034523141577107, 0.11079340017937396, 0.11018678782880395, -0.12487402831356209, -0.1157555353965148, -0.08656256060996745, 0.08669637712905756, -0.02162931514223911, 0.12468670296353687, -0.00242064923116564, 0.02275117859483264, 0.07347492456764373, 0.09433776467397367, -0.03105271841578002, 0.011549794827146074, 0.5022980900080924
46, 2, 0, 3.318633272643838e-07, 0.8495048966910749, 0.1504947704704427, 9.75155016943173e-10, -0.319348211865491, -0.3192341545867784, 0.3562339420081832, 0.5018759630013079, 0.10963507481288219, 0.11013195840765189, -0.12433425307114847, -0.061279551095935934, -0.1380025463579817, 0.11097843857265537, -0.1509270039945964, 0.042787821698147085, -0.007294871583765053, -0.05516003285917529, 0.021539786593563016, 0.05779227445927815, -0.14105539213099166, -0.006308556311886036, 0.5022980900080924
47, 2, 0, 4.6365234947988927e-07, 0.8495047625561294, 0.15049477363910013, 1.524210227331657e-10, -0.3153357456230396, -0.315811402171585, 0.3519391726633436, 0.5013841490383169, 0.10914930523926339, 0.11075128307538547, -0.12623819523077104, -0.20564218879649304, -0.15382852735568964, 0.08534656068862997, -0.05053151642537455, -0.1164294746813157, 0.07726413793602648, 0.03075785280435465, 0.016042812620269277, 0.0007147522331290091, 0.07436949709150686, -0.12902367489715819, 0.5022980900080924
48, 2, 0, 6.038976535955183e-07, 0.8495045686068785, 0.15049482741404294, 8.142500112455688e-11, -0.3069230453427088, -0.30729224333335614, 0.3472109975213916, 0.5012846543592471, 0.11197154282537458, 0.11164533598017763, -0.12331722725266445, -0.22988575796493677, -0.09224173439964384, 0.22335838329828714, -0.1374950603282485, -0.18081151969583378, 0.10448346472695395, -0.24907732266852994, 0.17055827248577543, 0.020928579511267812, -0.023604630225031266, -0.03187701536352596, 0.5022980900080924
49, 2, 0, 5.996417856513337e-07, 0.8495045728866839, 0.15049482747132184, 2.0866094146123273e-13, -0.30344052414975653, -0.3028648278418013, 0.33998136506609755, 0.5020235652004608, 0.11097787342179129, 0.11148448462712139, -0.12428058610023802, -0.32409231966850394, -0.24647868783797938, 0.279347568737934, 0.08342963935784575, 0.05112202942687375, -0.17567182312877577, -0.1801121800193736, 0.058704703221667834, 0.12785876632790533, 0.17568048163912414, -0.09830196251761258, 0.5022980900080924
50, 2, 0, 3.67487423163464e-07, 0.8495047775542639, 0.1504948540263746, 9.319383615242671e-10, -0.29880877278659657, -0.29793419611722227, 0.3338434077317477, 0.501952702766369, 0.11182590466766358, 0.11227775044755613, -0.12219364436686646, -0.1808319404324298, -0.21328065471544636, 0.024421055679866653, 0.14854048991452432, -0.12534055250458567, 0.05735097099372379, 0.13319693444739214, 0.013464067626533493, -0.021744256934653528, -0.004095599044326486, 0.06692823204204609, 0.5022980900080924
51, 2, 0, 2.0365469160954952e-07, 0.8495049046404948, 0.15049489107842043, 6.263930756654804e-10, -0.29332665775685335, -0.29021176835675483, 0.32746590737627035, 0.5022962205703098, 0.11092283135244645, 0.10999456458181152, -0.12406681740089243, -0.06487487607371438, -0.15298337238042908, 0.2849141596528889, 0.0518645279110306, -0.03519805715527273, -0.11228743923848841, 0.11513408179684999, 0.14105966491569866, -0.0031182402107395465, -0.024613853550280666, -0.03766246503706243, 0.5022980900080924
52, 2, 0, 5.103064264393507e-07, 0.8495045496779585, 0.1504949377890651, 2.226549962583142e-09, -0.28689366102094643, -0.28547156260556505, 0.3206601580756485, 0.5019742856406102, 0.11092125534340544, 0.11004274165336887, -0.12365579248884376, -0.02745723720326554, -0.14569691074589508, 0.12096197281189384, -0.021763386413391893, 0.17814554757290957, -0.08372597775118533, -0.23121236917783322, 0.06176945554660649, -0.007415311459081907, -0.05277969320323041, -0.029004427097582393, 0.5022980900080924
53, 2, 0, 5.606008225919375e-07, 0.8495043028505903, 0.1504950938151679, 4.273341927439192e-08, -0.2796822417916745, -0.2802621036316497, 0.3156713870282671, 0.5033756729851863, 0.11261634288066205, 0.11153532471940415, -0.12411640634753418, -0.0393996555169724, -0.18915473059308147, 0.19806280014917813, -0.046905322925740324, 0.16211830474353056, 0.11088968432674565, 0.03163085306900617, 0.09233609709543271, -0.04340240841710821, 0.05824377867382219, 0.0729457428214983, 0.5022980900080924
54, 2, 0, 6.089218806524939e-07, 0.8495042910489845, 0.15049509956571175, 4.634231086039537e-10, -0.2762532738310698, -0.2750980256601665, 0.30806864100806985, 0.5022244388244217, 0.10980577093938693, 0.11070385766301279, -0.12339584697994672, -0.0656181201706659, -0.05032140029478057, 0.20824306078637034, 0.0018260470742327757, 0.10662048252663588, -0.15956013524677837, 0.015869370492769923, 0.18035928985185018, -0.17535744921859112, -0.03469002950771406, -0.018256363410967362, 0.5022980900080924
55, 2, 0, 6.563960637608277e-07, 0.8495042418352854, 0.15049510152558995, 2.4306096037486096e-10, -0.270626459567114, -0.2695684550600282, 0.301613341462802, 0.5020629982051303, 0.11190754842513115, 0.11073763968267633, -0.12117557170211005, 0.15403287434739146, -0.12552903048971215, 0.1818377050559225, 0.12208174144219716, -0.16022343113870646, 0.15947803202760047, -0.05357919686256942, 0.12244055114059585, 0.07917068761930773, -0.049540230630535316, 0.04282656540235502, 0.5022980900080924
56, 2, 0, 5.272044720528813e-07, 0.8495043677548287, 0.15049510188163076, 3.159068339111595e-09, -0.2638241095490945, -0.2618393534084419, 0.29768205611410087, 0.4997894187746095, 0.11234000657924995, 0.11078217453721431, -0.12355722074664421, 0.011099036351351144, -0.2483707149746807, 0.05178175697524735, 0.1848769417049873, -0.003894855080526851, 0.012871294916121493, -0.010685646747696542, 0.07301823100752053, 0.004170487381282628, 0.18084149875949782, -0.12893810265890415, 0.5022980900080924
57, 2, 0, 5.476559056238874e-07, 0.8495043410910387, 0.15049511120272396, 5.0331759173173075e-11, -0.26003733513968863, -0.25928516405371527, 0.28838724511298913, 0.5023207824056752, 0.11114055753521199, 0.1118701227259243, -0.12567239776822936, -0.269329988456743, -0.10482351927454452, 0.17700534785048666, 0.01983021140035355, -0.19506235025152813, -0.22047322843369938, -0.029252323257363665, 0.024570179739768494, 0.0076928392804725505, -0.1314158945372247, 0.1638028738636806, 0.5022980900080924
58, 2, 0, 8.284467738273282e-07, 0.8495040493076835, 0.15049512037498453, 1.8705581498809137e-09, -0.2537755246402361, -0.253436878598515, 0.28346046600350083, 0.5029912919501283, 0.11067486561636194, 0.11062506228715381, -0.1239579644237376, -0.23290003754764924, -0.19552109086839714, 0.13147447570487894, 0.07771022007439832, -0.10903518229612845, 0.04909804818007713, -0.16503894832882843, 0.04532604314159554, -0.21584658844510446, -0.009050304253998212, 0.08544065628035766, 0.5022980900080924
59, 2, 0, 8.297939472774223e-07, 0.8495040469699875, 0.15049512037945695, 2.8566082466773524e-09, -0.24753601076980916, -0.24670760182343904, 0.27757999658071164, 0.5008358073336735, 0.11034809420405119, 0.1103274431627674, -0.12537664951372005, -0.04438059447070386, -0.1437021892725991, 0.06647552002348653, 0.009473965416221818, 0.1579363164603269, 0.09001979594395407, -0.11855101466551651, 0.08502479128305464, -0.011279644164337015, 0.32384464241191374, -0.10514491453153589, 0.5022980900080924
60, 2, 0, 7.919632389567382e-07, 0.849504084601413, 0.15049512341117574, 2.417226323161232e-11, -0.24274483834329352, -0.2432802363373358, 0.27075675602622845, 0.5038559496194264, 0.10997398328344002, 0.11051722172125969, -0.1232081343353004, -0.28234779219201644, -0.3171771745668238, 0.28069460614906305, 0.12972184403828613, 0.023765701368858045, 0.06929466043121542, 0.1751342817685823, 0.050877252412372086, 0.02711141371742671, -0.007743713617840547, -0.04986144706458366, 0.5022980900080924
61, 2, 0, 1.9574531458613326e-07, 0.8495046777519488, 0.15049512400354154, 2.4991950059710283e-09, -0.2366427458996895, -0.23688621844689806, 0.2655934727406845, 0.5025408075165912, 0.11120314404997411, 0.11033248536660287, -0.12419595570210207, -0.014585659672319905, -0.00883618458936124, 0.1908901990387728, 0.179788101241031, -0.06994872384639697, -0.14909191923145632, 0.05826080232539451, -0.02107711093341961, 0.1310295330294304, 0.14611791708572502, 0.1210249635676169, 0.5022980900080924
62, 2, 0, 3.99972337699217e-07, 0.8495044714882488, 0.15049512559985195, 2.9395614947039796e-09, -0.22995002640200365, -0.22989633710829466, 0.25700365729083857, 0.5014100929180236, 0.11083418215646783, 0.1114533801180938, -0.12216278530498108, -0.13357688019588387, -0.10878152570900342, 0.1236225144802227, 0.2555691782003924, -0.06524702664075402, 0.03719810078397461, -0.0388376830907647, -0.006114616291979036, -0.12024142746664598, -0.015687217597212123, 0.2610336554172807, 0.5022980900080924
63, 2, 0, 5.341234710292575e-07, 0.8495042983643315, 0.15049513441391757, 3.309827984114756e-08, -0.22663778165008255, -0.22414667200863572, 0.25311445021686113, 0.4999382080104423, 0.10951116827066265, 0.11010439189975671, -0.12400037024916781, -0.05593422422491123, -0.27981563658538067, 0.019930551178176593, -0.14205533937921083, 0.13627949683929583, -0.08850116913036535, -0.108201327405078, 0.16154114303889047, -0.028819315083716497, 0.05049672787628194, 0.12774572607346116, 0.5022980900080924
64, 2, 0, 5.463222441645237e-07, 0.8495041975838575, 0.15049517176403088, 8.432986757771215e-08, -0.2206095776230316, -0.22192868932727766, 0.24702953225911956, 0.5027582060937718, 0.10940944568722506, 0.10995951611939125, -0.12532785357542786, 0.042078390428642476, -0.04465801089940966, 0.0026285267052925886, -0.04263412083029453, 0.24948489171847524, -0.0445593281763063, 0.05748395239626232, 0.06076021005615897, -0.05154836031547152, -0.19633052188566175, 0.052566405857536525, 0.5022980900080924
65, 2, 0, 6.882455522935358e-07, 0.8495040158622456, 0.15049529441584003, 1.4763622528616232e-09, -0.214755906498167, -0.21438833670905214, 0.2407815332124034, 0.5036879945130861, 0.11079023775464485, 0.11237488656019971, -0.1238876598697781, -0.18859414405170957, -0.3647942019304059, 0.23861511826494902, 0.021375109617338336, -0.03623967772148681, -0.12940443110798225, -0.05230534312822641, 0.11159985874660014, 0.02773876702239352, -0.1980282744257938, 0.013483962132841362, 0.5022980900080924
66, 2, 0, 3.7344194680122346e-06, 0.8495008239086714, 0.15049536573862227, 7.593323831157842e-08, -0.20903857311819637, -0.20901755507455225, 0.23511918545789023, 0.5025761496186857, 0.11056327724508978, 0.11046395165332112, -0.12512133267669262, -0.161301059937077, -0.16402632037109263, 0.33825440950329216, -0.015106384583645941, -0.01868155727464052, 0.15874272347650567, -0.05800081241890116, -0.01601081890282029, -0.09315584899981048, 0.10675856893791628, 0.005927135187906304, 0.5022980900080924
67, 2, 0, 3.803009782722898e-06, 0.8495008231127009, 0.150495373767706, 1.0981019208910127e-10, -0.20327892402500924, -0.2030317290019054, 0.22745274488660744, 0.5011877618436127, 0.11191517472665562, 0.1119200061376863, -0.12254204529958682, -0.20783421782612913, 0.006459009132095827, 0.010001646380669804, 0.13818210681832263, 0.20125796954722758, -0.041328815061256144, -0.1928848606648264, 0.11387122717321682, 0.08781144630041952, -0.18373902732123243, 0.02467452240434247, 0.5022980900080924
68, 2, 0, 3.8130813629780367e-06, 0.8495008129960553, 0.15049537382990008, 9.268176562794314e-11, -0.19749309191337389, -0.19858843958574407, 0.22114418491395355, 0.5010367656834979, 0.109393243553913, 0.11065888464821341, -0.12340373789276896, -0.24525028045003627, -0.14000602016688962, 0.22698297666289138, 0.25725825697142274, -0.13964159405019216, 0.07858663760183196, 0.01888991577855365, 0.1806614148560334, -0.2003331057255207, -0.019884663664894074, 0.11366163021021555, 0.5022980900080924
69, 2, 0, 3.975309615937762e-06, 0.8495006384103438, 0.1504953760543815, 1.022565862592543e-08, -0.19313901741575662, -0.19170158731028855, 0.21456772923650497, 0.5037191765232357, 0.11015109808715491, 0.11250444806464976, -0.12402687889720765, -0.18630885789561777, 0.1470880243049895, 0.13790323957981213, -0.06836779523808864, 0.04619943708542552, -0.06906824223304356, -0.035278224568490064, -0.043308737457550185, 0.05866956246634023, 0.1460348406207142, 0.07124721164116687, 0.5022980900080924
70, 2, 0, 7.9656609946195e-06, 0.8494965718777976, 0.15049543665927545, 2.580193237501382e-08, -0.18643151875664676, -0.18703260169087396, 0.20857518460630248, 0.5026942553624012, 0.11081999339344939, 0.11075552292282376, -0.12208275073727252, -0.30787669648752264, -0.10254122083137696, 0.01626914008761061, 0.16558938542181423, -0.05475975291842709, -0.0955357317752841, 0.032004281444625096, 0.30800667139522986, -0.007957071450634724, -0.08127720202167234, 0.017280516971509532, 0.5022980900080924
71, 2, 0, 6.8681836547226105e-06, 0.8494963629871036, 0.150495500901576, 1.2679276657704362e-06, -0.17971152501356585, -0.1804782632380078, 0.20066826763566997, 0.5022478718808935, 0.1110088521241814, 0.11100860753246286, -0.12361848020690117, -0.01628806086571184, 0.039873188990270945, -0.026263573755686775, -0.013457923384153008, 0.05927936844374604, 0.00019025024884966078, 0.034268046855151946, 0.08200822932401108, 0.114790355348349, -0.019183912194419974, 0.002415008613049106, 0.5022980900080924
72, 2, 0, 6.266703292856079e-06, 0.8494971174514522, 0.15049553585783654, 1.0799874182935146e-06, -0.17505007801035813, -0.17791174143526495, 0.19588332288562663, 0.5011592831298062, 0.1112165710051601, 0.11085890580845632, -0.12372689419004931, -0.20686395865575774, 0.03977632889127941, 0.09421239952861146, -0.023618753836784013, 0.06690422040792342, 0.0025311365002202153, 0.08436867157388264, 0.0846863122267221, 0.04970402417628044, 0.10911103487803746, -0.10272082389971231, 0.5022980900080924
73, 2, 0, 3.39113926259143e-06, 0.8494958972130564, 0.15049559647442776, 5.115173253222342e-06, -0.1681088214959281, -0.17069562395858767, 0.19089641520536713, 0.5018684023537833, 0.11075976468335276, 0.11291369387385149, -0.1253844314829224, -0.06227187199765154, 0.008361933737051085, 0.1568676666634569, -0.004084149100910253, 0.01641905213981395, 0.08008922152120698, 0.09639082219086959, 0.06627621596451731, -0.0690860284212157, 0.09694799416869151, -0.11865031323007316, 0.5022980900080924
74, 2, 0, 1.039576632515778e-06, 0.8494961324844701, 0.1504956490477842, 7.178891113160893e-06, -0.16519558925423333, -0.165724491762629, 0.1838326350301272, 0.5020253587415777, 0.11243891060808062, 0.11111655107816809, -0.12337777160586076, -0.07605173048870291, -0.013654636573317658, 0.07938766910852237, -0.004727103843520139, 0.24756898994095397, -0.0059142512783412916, 0.17916737690346435, 0.15314897034825106, -0.10516625618741834, 0.044659435980219, 0.1425295650613757, 0.5022980900080924
75, 2, 0, 6.70148003283684e-06, 0.8494975861025822, 0.15049571029428524, 2.1230998325825663e-09, -0.15877483299327816, -0.1586714095367019, 0.17760970827552083, 0.503106564168874, 0.11177546071003963, 0.11058706615604708, -0.12367245915990314, -0.051409620111736054, 0.10590279044757749, 0.054682865333303944, 0.0917066820130532, -0.19237563484346432, -0.03399159954705745, 0.1445841022380265, 0.05510956057813813, 0.05134433074450444, -0.016934317557689184, -0.17339315561505822, 0.5022980900080924
76, 2, 0, 1.0928762511245493e-05, 0.8494924050782612, 0.15049573834049884, 9.278187286291826e-07, -0.15356168013006422, -0.15215001385083277, 0.17424847038351138, 0.5027747775915987, 0.10947425254951464, 0.11179598475234236, -0.1244094143204679, -0.19948995773040293, -0.16358103158051554, 0.17639676376644403, 0.04358775341620611, -0.18799644846249727, 0.02926199552068188, -0.03876729135184143, 0.13033925122740414, -0.12843485058597987, 0.09607306909542164, -0.08038502814838475, 0.5022980900080924
77, 2, 0, 1.706973191070241e-05, 0.849486148547364, 0.15049581998120112, 9.617395241590294e-07, -0.14694150658615343, -0.14729428926141633, 0.16486191265989947, 0.5031899220786857, 0.11108802907332957, 0.11047933891821812, -0.1226805413639019, -0.3383042750921973, -0.10163708147016663, 0.09817600701031794, 0.1544537225085912, 0.0025049025333176785, 0.2159750611371618, -0.09795375217734106, 0.0005708651886792814, 0.06125823693941938, -0.0018465481071248315, -0.019490633505029754, 0.5022980900080924
78, 2, 0, 1.7209475667191644e-05, 0.8494859774984844, 0.15049582036910505, 9.926567433840531e-07, -0.1408259908241014, -0.14334015771981742, 0.15915220780673128, 0.5014024631514007, 0.1096423194387927, 0.10895426395729987, -0.1252565771038946, -0.07541656682108974, -0.25105240083653796, 0.1032383908838265, 0.11848071173331516, -0.048303596072764174, -0.017498747774157098, 0.0066666684288495355, 0.2024524659278156, -0.22120394384340886, 0.09141456376680887, -0.018701604179858444, 0.5022980900080924
79, 2, 0, 2.5896794376552492e-06, 0.8494857352984413, 0.15049581745038518, 1.585757173591706e-05, -0.13488734804183605, -0.13641878026005433, 0.15181057306948886, 0.502669206609634, 0.11127476629541136, 0.11180098019507705, -0.12319549062422788, 0.15547364746504844, -0.12198399880566572, 0.007575198471029531, -0.0795581648911763, 0.04640329083144636, -0.053877297646598286, -0.012839785929837755, 0.13945342031107757, 0.11125420022013958, 0.2542339341704863, -0.08074343154354277, 0.5022980900080924
80, 2, 0, 0.000119834783501255, 0.8493301214163367, 0.1504963049508562, 5.373884930589624e-05, -0.13332855638981128, -0.1324730739822368, 0.14796109489717651, 0.5051183607308694, 0.10977581459580388, 0.10987283739586436, -0.12708015607876755, -0.2115622226040756, -0.04212930944386219, 0.13720195735178287, -0.0016307034677300104, 0.05663154085288787, 0.1663929093253423, -0.15408237315506496, -0.07917278484824203, -0.060891967228504096, 0.14595817512396153, 0.012050451056967832, 0.5022980900080924
81, 2, 0, 0.0001922404447521832, 0.8491940129015194, 0.15050731270335102, 0.00010643395037741429, -0.12443957202003578, -0.12639967032370875, 0.1420348227808405, 0.5031980319447112, 0.10931174152609442, 0.11086957638441412, -0.12316127346486619, -0.1609368063836525, -0.08613370952684841, 0.12700602201196215, 0.031498251490375086, 0.001463509089170848, 0.2209767240925556, -0.06224886068205795, -0.0666375389522926, -0.0041059343299553715, -0.11368844030236155, 0.09437877313525722, 0.5022980900080924
82, 2, 0, 0.00024143788385384024, 0.8492008666553744, 0.15050894341855023, 4.87520422214016e-05, -0.12074675153705876, -0.11860431557650834, 0.13281988704066053, 0.503341584367879, 0.1097486516534496, 0.11116056156032758, -0.12518119659251298, -0.08618605345157333, 0.07186152559024814, -0.024180290759967804, -0.008000584416970238, -0.00869869887866082, -0.1257896041159363, 0.17100673148121623, -0.11374154629479834, 0.054750176738024334, -0.026521985458725215, 0.03424057851839014, 0.5022980900080924
83, 2, 0, 0.0002195694403128373, 0.849197318384774, 0.15050934486600442, 7.376730890879492e-05, -0.11562173575288101, -0.11396955115561795, 0.12894568868061046, 0.50270411349533, 0.1112652045343285, 0.11081055448712085, -0.12453544601474116, -0.02515599414941432, -0.05290206410821378, 0.06630646437913412, 0.08258960249963246, 0.019711066936835667, 0.03924095524546302, 0.10343857690227523, -0.00801639792057821, 0.06868608499749089, -0.0750119777180027, -0.016179489837477207, 0.5022980900080924
84, 2, 0, 0.0002156302626506579, 0.849191526139025, 0.15050945015769165, 8.339344063263944e-05, -0.10788708013772622, -0.10907666366561664, 0.12219319818060352, 0.5019424277562787, 0.10976041048312057, 0.11201037534094756, -0.12245896000384335, 0.09004007756101659, -0.08581453517488824, -0.027987074291046223, 0.021241640191542056, 0.017857940465282645, 0.1546606107821258, -0.054670316418258556, 0.026515740914535492, 0.1350936527884501, -0.13480822363199516, 0.1002434863791056, 0.5022980900080924
85, 2, 0, 0.0002787589914876855, 0.8492015732308792, 0.15050958655551386, 1.0081222119340459e-05, -0.10315445367587614, -0.10503700009505453, 0.11649563512440475, 0.5043096397668159, 0.11167753572630604, 0.11116867436428032, -0.12378864937044336, -0.041579025224673646, -0.11109642248533691, 0.09663320338340065, 0.13944585392300893, -0.10986320721068152, -0.11391703516262039, 0.03815980581197446, -0.019739032727840645, 0.023857679678171557, 0.07283544024051317, -0.10152903837897558, 0.5022980900080924
86, 2, 0, 0.00027896074657197034, 0.8491937853653014, 0.15050967363036122, 1.758025776533844e-05, -0.09733619073593748, -0.09720098262762059, 0.10950818198107126, 0.5018698463563687, 0.11000144995663483, 0.11205668001864696, -0.12270302311517692, -1.0911893087622859e-05, 0.057727354414292484, 0.14173877461882742, -0.10703705795467577, -0.047522243228253484, 0.24552315665676075, 0.01489816407744804, 0.09406435347305431, 0.030560956145458763, 0.027422007433563673, 0.3152733445667252, 0.5022980900080924
87, 2, 0, 0.00017619105714542738, 0.8491865640811634, 0.15050976479318523, 0.00012748006850593123, -0.09219163822584833, -0.09102690800940022, 0.10376955885439867, 0.5023512469633998, 0.11000449197830695, 0.10937571216263775, -0.12387346596355693, -0.06891484096313025, -0.019047259324373695, -0.02631007083795569, -0.011184859941177034, 0.029552583914852975, 0.09771573228481846, 0.07234817516222132, -0.04571935895701064, -0.01989684429955155, 0.1188379751660423, 0.09992192335550917, 0.5022980900080924
88, 2, 0, 0.00018886544300181056, 0.8491346056140365, 0.15051088426960219, 0.00016564467335958622, -0.08582579942491371, -0.08684491029296078, 0.0975880513306683, 0.5023014093041365, 0.11075852523667706, 0.11071502370040073, -0.12489398800267959, 0.039548122531323934, -0.09473864660851335, 0.09355938886505528, -0.10347101669489092, -0.21492741406776653, -0.13894047191911402, 0.0734451220734046, 0.09752721065551817, -0.04254666937370066, -0.004073488223965953, -0.029907048662395984, 0.5022980900080924
89, 2, 0, 0.00018753555098937342, 0.8491278263485027, 0.15051210943123672, 0.00017252866927113138, -0.08017183700668012, -0.08147052589347704, 0.09014972504159648, 0.5016273174868893, 0.11100912196135704, 0.11197158519472997, -0.12446092224514498, -0.10724529343830261, 0.0926413331367016, 0.23625317831051826, 0.026757655568017753, 0.011054841627365255, -0.029572345803065753, -0.02412683971072406, 0.10701363341638052, 0.03800231930060001, -0.0930119142287977, 0.08847553807507096, 0.5022980900080924
90, 2, 0, 0.00020154421454761837, 0.8490312334837673, 0.150514796871512, 0.00025242543017310224, -0.0757170457030031, -0.07484594315904472, 0.083542320118963, 0.5023443626266378, 0.10951982028574758, 0.11091742548976044, -0.12382066678293382, -0.09839087546488343, 0.20143016937417876, -0.04120258664161981, -0.12538016316037218, -0.11552594473521849, -0.15905573785139857, -0.06778327654600597, 0.16360053658438517, -0.021573253969580833, -0.07194246094232845, -0.006743656785030717, 0.5022980900080924
91, 2, 0, 0.0003277672844121654, 0.8481655496764444, 0.15051901838071893, 0.0009876646584243572, -0.0710465311382954, -0.07195955984358601, 0.07942442639231988, 0.5016305633836664, 0.11187380446256334, 0.11108687050495536, -0.12318734157260018, -0.06662847853831992, -0.058403489300185976, -0.01499117519130328, 0.05561774785708736, -0.08328091960036278, 0.2011755591955242, -0.08407629470705999, 0.23875701831464896, 0.009764145109154961, -0.07570802169572582, -0.031022059762481523, 0.5022980900080924
92, 2, 0, 0.0003303738624052786, 0.8481655847152187, 0.15051920757423123, 0.0009848338481447463, -0.06539614180389487, -0.06353594709350642, 0.0722166569044802, 0.5019528404772731, 0.11162069963898699, 0.11035112539791932, -0.12589973652507447, -0.20450330343634882, -0.12061988826165501, 0.08275339872692987, 0.006271901828032858, 0.07604144991338443, -0.1372400123707552, 0.05560120034239373, 0.09733837218239161, -0.056241749898506596, -0.02651006811426394, 0.1753473395059042, 0.5022980900080924
93, 2, 0, 0.0003303303241840299, 0.8481643218860331, 0.15051918972527892, 0.0009861580645037758, -0.055781820367075706, -0.05870241385542933, 0.06705066182374739, 0.5014076726252678, 0.10907740547125162, 0.1102252341386553, -0.12301555002666471, -0.07501330435090603, -0.005136744929166007, 0.06639938859097383, 0.11468301408061185, 0.12390614848139932, -0.06746686470258689, -0.1250917274620849, 0.20847961432775194, 0.2098818122583995, -0.04717806053937556, 0.059988131109264244, 0.5022980900080924
94, 2, 0, 0.00035900170561663214, 0.8474492591616039, 0.15052417072581156, 0.001667568406967978, -0.05328975747164812, -0.05445553742946435, 0.05831614029318255, 0.5019646032127624, 0.1113235505967933, 0.11296707246574852, -0.12367518793890273, -0.13500066625961638, -0.18463679712274708, 0.056131989639927285, -0.005658526122193101, -0.019597870038315784, 0.009159176887690348, 0.08744906973715719, 0.17844013809658685, -0.056921148409862635, -0.13668074119966683, -0.0735948264962483, 0.5022980900080924
95, 2, 0, 0.0003546656446778667, 0.8474477724807521, 0.15052413825470096, 0.0016734236198690966, -0.047534625107510865, -0.04774352294162757, 0.053198417993169114, 0.5035155246538832, 0.11068726344881838, 0.10982978065088092, -0.12607326782362768, -0.018747545294054348, -0.021552643994494282, -0.14874362142363787, 0.010525755071370617, -0.0008229718537386173, 0.02414989852533433, -0.12082666008120098, 0.13322077050080422, 0.1771452409770496, 0.010983539184619497, 0.030494095701319262, 0.5022980900080924
96, 2, 0, 0.00037109284318403735, 0.8460970774085801, 0.15053185546774978, 0.0029999742804860054, -0.04300741942499949, -0.04051827992309405, 0.04679572909224723, 0.5032920094344606, 0.11089119781229431, 0.11100236255532372, -0.12288977505473202, 0.035789047608276184, -0.14211397729187566, 0.0738311534677218, -0.07878376525128347, 0.08260652202695856, 0.066921668476289, -0.1546881755731899, 0.027516095369231074, 0.0236546631784113, -0.13241861268630922, 0.1217522546172292, 0.5022980900080924
97, 2, 0, 0.00019115567369285187, 0.8460925313092125, 0.150531868766703, 0.003184444250391636, -0.03649098698935593, -0.03528510391268068, 0.0433459193382388, 0.5034826234745304, 0.10964834221894934, 0.11112009409495979, -0.12427808698011014, 0.04436538666969244, -0.1240958593958857, -0.02147230673279461, 0.023305522884716993, -0.027202665946844083, 0.06713003342456698, 0.14031017471460103, 0.11352905795352845, 0.02228034816380989, 0.13665423864421572, 0.12839644872621195, 0.5022980900080924
98, 2, 0, 4.7914084285365826e-05, 0.8455940671264858, 0.1505319694128522, 0.003826049376376741, -0.031737509473521566, -0.030640681761221828, 0.03403056293505245, 0.5013111858619699, 0.10986176736053352, 0.11085722428503417, -0.12410280609308351, 0.14416713097918316, -0.18915773264224997, 0.11262549074801165, 0.010280190810441204, -0.06464055225313121, 0.03270934719288064, 0.0760095441645973, 0.19549889813649535, -0.10117242130624046, 0.07109136867051791, -0.015778028152115372, 0.5022980900080924
99, 2, 0, 4.9067768185102134e-05, 0.8455836971412348, 0.15053211342543296, 0.0038351216651470745, -0.026397305532711336, -0.025887053794738324, 0.030269876991267014, 0.5020510058135268, 0.11205575125345543, 0.11297609522051832, -0.12409510093961311, -0.09881012265245111, -0.21912955547605203, 0.21217705804311193, 0.0743502239053119, 0.10316570917235643, 0.17831192313036487, 0.0649695651162539, -0.019864095054501006, -0.037721604569280615, -0.10940641384294181, -0.05922343096764197, 0.5070810159856949
