t, Event, Policy, P(still), P(random), P(reach), P(transport), o(t), s_a 
0, 2, 0, 0.9962308406829834, 0.0007169450982473791, 0.0030521887820214033, 4.0232137621387665e-08, 0.5994489456086537, 0.6660573174058267, 0.6014668551703503, 1.0436278908655685, -0.09515798828476892, -0.1764890626400041, -0.14809439980162153, 0.4582840007934193, 0.3318128886318058, 0.24940158490185677, 0.0913900241842428, 0.03962589402854245, 0.06347835182142088, 0.10164464394447441, 0.12677074399436333, 0.06486941100655237, 0.0010919502333467334, 0.05826118828815434, 1.0
1, 2, 0, 0.9962207777167332, 0.0007212183828033356, 0.003057965875633143, 3.802483024288213e-08, 0.5690501884999029, 0.5683955382222439, 0.6385053271386456, 0.9986288977039018, -0.1107996633184479, -0.1100615822871425, -0.12475126734413641, 0.3051797456476353, 0.29953509221857094, 0.3524662778906399, -0.10444552153003692, 0.08855969302788101, 0.047354508853393484, 0.11795962510835756, -0.012046724406810538, -0.007717883601192278, 0.13613829469231875, -0.054063981015257154, 1.0
2, 2, 0, 0.9962207776454348, 0.000721218444528391, 0.0030579658865078256, 3.802352893956026e-08, 0.5632902826517616, 0.5626953163958298, 0.6297313120747496, 1.0023192160589376, -0.1108548301919942, -0.11099098188313457, -0.12477083811950311, 0.3358909741760644, 0.43030151361543095, 0.4614818098322811, 0.052797593674150434, 0.0074315475078351265, 0.1317834268220224, -0.08884540713983259, -0.13006540301314143, 0.007779587774821862, -0.11662987670326297, 0.09216467358971675, 1.0
3, 2, 0, 0.996220814466579, 0.0007212180578767515, 0.003057965894054039, 1.581490262385481e-09, 0.5581988787424914, 0.5565418576413894, 0.6238303595621522, 0.9993101774399242, -0.10955372015824176, -0.10964995643431677, -0.1248662212122564, 0.31456749839215176, 0.15780388753829888, 0.11025492638137697, 0.2171984113007575, -0.10658505780085296, 0.014992438524527568, -0.1458474377130085, -0.07577535831294586, 0.1325138840004645, -0.03977568278140602, 0.09927069343620917, 1.0
4, 2, 0, 0.9962204773821136, 0.0007214266527077116, 0.0030580943963619146, 1.568816832897235e-09, 0.5519943137867002, 0.5529668856050194, 0.6188855053632645, 1.0009761636336303, -0.11109776166573546, -0.11227593783001082, -0.12577877632439202, 0.061716235549839335, 0.21692991406825107, 0.20376596606516398, 0.03797207513074079, 0.023593293881546053, -0.1046487966251003, 0.15138231501020488, 0.054607286063204453, -0.09520498778343292, 0.05800632563623085, -0.08771562483456849, 1.0
5, 2, 0, 0.9962019311114644, 0.0007279906497643083, 0.0030700766704687917, 1.568302634442743e-09, 0.5481901084939919, 0.5471697510096466, 0.6113506948515474, 0.9995140388674979, -0.11024710949536631, -0.1110941390503356, -0.1236599918794751, 0.2495083199802572, 0.35915985883310025, 0.35382634026433635, -0.024903639179634323, -0.012610885564213007, -0.06220892608808272, 0.08043724930642836, -0.056792717006317564, 0.01292130795046581, 0.1168285369300536, -0.029883816486570215, 1.0
6, 2, 0, 0.9962019298587776, 0.0007279914797608775, 0.0030700770944062324, 1.5670552859781822e-09, 0.5415872347179536, 0.5421146519062235, 0.6067789318395042, 0.9998097135096919, -0.11017307738669806, -0.11075015957849403, -0.1247633026489964, 0.30626353689898345, 0.39511441478181497, 0.3015381542371137, 0.15680221643993414, -0.17902357437672053, -0.10823201650571863, -0.1856623932421911, -0.13026219090471153, -0.13090015577857134, 0.09111143681395632, -0.15049988722476362, 1.0
7, 2, 0, 0.9962038414670501, 0.0007260793785035424, 0.0030700781687040862, 9.857422800399658e-10, 0.5347906796812831, 0.5356935056720096, 0.6017331317095569, 0.9983272662916487, -0.11083948514899664, -0.11001920554879581, -0.12294261945962806, 0.1005106327536774, 0.2941467229725423, 0.23846405004936616, 0.11282771252875909, 0.1278516097690769, 0.03450205692755581, -0.06706044316907452, -0.10666918499393603, -0.007079197604023056, -0.050670348643694664, -0.006889962585802009, 1.0
8, 2, 0, 0.9962027728027703, 0.0007265360810744702, 0.003070690203731489, 9.124237669551326e-10, 0.5301667777424187, 0.5289249204608358, 0.5948474101486158, 0.9995991071071852, -0.11106813832407655, -0.1107796797944425, -0.12490417259301737, 0.330532206179992, 0.2771119392610365, 0.3549150811067967, 0.1321803660294104, 0.12098338420588199, 0.05538644116317052, -0.02857771501515378, -0.011699052822372125, -0.001072044466160469, 0.008732481839920031, 0.024191693774457918, 1.0
9, 2, 0, 0.9961596726139289, 0.0007431651797851981, 0.0030971612989164057, 9.073695788929932e-10, 0.5240047944975277, 0.5227844101875565, 0.5879990635034462, 0.9995624611057957, -0.1098241962208246, -0.11058404606277797, -0.1237395668284568, 0.2444321925664731, 0.38159209242479025, 0.19537417808936336, -0.08616832505034988, 0.12421052670189406, 0.03502671844817278, 0.04559848795595693, 0.0026159503315848045, -0.048796834395771004, 0.12846283237427733, 0.04670571267613942, 1.0
10, 2, 0, 0.9961585896404543, 0.0007440553095919887, 0.0030973541480690528, 9.018846507425363e-10, 0.519156978426008, 0.5175135989972984, 0.5799971547953282, 1.000145577335886, -0.11068238826997154, -0.11032525365575223, -0.12596313928853237, 0.28769247443104257, 0.37657736942686, 0.3158121297378752, -0.061879818867830026, 0.13135895658024632, 0.03412062598159376, -0.03595766204022544, 0.22138289670399036, 0.038686327089368144, -0.038367977264384304, -0.006946273116506868, 1.0
11, 2, 0, 0.9961589038091851, 0.000743733862025085, 0.003097361427187484, 9.016022555300744e-10, 0.5145715316316016, 0.5136841543193711, 0.575405113987445, 1.0002254888248632, -0.11011754129602913, -0.10973039648186292, -0.1252128915224559, 0.06538723862502935, 0.4310349640495236, 0.24281678944485244, -0.033390778031482035, -0.07344976931917971, -0.04964141012328423, -0.01475388038811829, 0.165173439977699, -0.0344213882282874, -0.07431070011199972, 0.1783808624312277, 1.0
12, 2, 0, 0.99615871850082, 0.0007439055823289484, 0.003097375015349114, 9.01501965974958e-10, 0.5079445110953726, 0.5069735002461284, 0.5685548295766584, 0.9991478165886564, -0.11067923696305533, -0.11013860691474257, -0.1243885881289147, 0.21292719968932655, 0.19967465877487017, 0.21551564434954376, 0.06970155961310598, -0.11877678906096356, -0.03596108540020175, -0.06411321417144886, 0.22413405942183812, -0.07093396296011602, -0.03493908243929966, -0.1813371518420167, 1.0
13, 2, 0, 0.9961586914811714, 0.0007439080662045493, 0.0030973995972083676, 8.554156800204321e-10, 0.501898225955788, 0.5019613168933044, 0.5648875399032969, 1.0017238848636734, -0.11209175103091132, -0.11230691479504881, -0.12468827003953001, 0.2408178233317239, 0.199821926896158, 0.24117596386522194, 0.27631772722675546, -0.07719103389757778, 0.010738816919352755, -0.014445478001595874, -0.1297583530072905, 0.011819158751204784, 0.05659042331585886, -0.09599482762807801, 1.0
14, 2, 0, 0.9961586937144943, 0.0007439058255116153, 0.0030973996045784184, 8.554156688945303e-10, 0.49562070080566445, 0.4964438492896628, 0.5565401308056139, 1.000077303171122, -0.11004371288866066, -0.11093783275451445, -0.12282242658602713, 0.13773537978804973, 0.35855799583194853, 0.2711895237947444, -0.023566190609849675, -0.03360848553267586, 0.08052018361758648, -0.366649257830186, -0.09630769928046563, 0.008947768751778997, 0.09893703894623503, 0.09642625322757234, 1.0
15, 2, 0, 0.9961531822152788, 0.0007489518157611635, 0.0030978651135819485, 8.553780545599927e-10, 0.49189649536876223, 0.49282153937920026, 0.5500613431829277, 1.000367932041889, -0.11106492825304873, -0.10968149200067445, -0.12321001649496426, 0.4306384736942924, 0.04104265980425059, 0.10904450100311361, -0.0746520678840096, 0.04953482422233742, 0.03996973483679077, 0.15276183951314343, 0.042702990179663496, -0.16671841439714202, -0.01740429560876072, 0.0266927690121117, 1.0
16, 2, 0, 0.9961531821737994, 0.0007489518535290928, 0.003097865117293524, 8.553780545612892e-10, 0.4853020590261508, 0.48498396374339225, 0.5440531162515905, 0.9997363656360518, -0.10873097033614336, -0.11014904100199163, -0.12333051764725336, 0.4587383530329621, 0.2421447541710134, 0.5232128070798974, -0.0348358094717304, -0.06244389176465208, 0.07273019099237997, -0.03702280632388492, 0.07617561319932273, 0.07077494288317296, -0.046682479357434276, -0.19450587731989186, 1.0
17, 2, 0, 0.996153181589061, 0.0007489523761948575, 0.0030978651793879754, 8.55356325802581e-10, 0.4790633283866145, 0.4805848369541256, 0.538308821907993, 0.9995000946171088, -0.1099546962069899, -0.11145984991745739, -0.1255169688244427, 0.26901854005141085, 0.3354500086820396, 0.3176863128891701, 0.15195941868059232, -0.030194367682884853, -0.026463018378901297, -0.027262906574474343, 0.060520534442825166, -0.07611747163172564, -0.12958952726346992, 0.0015713980556672866, 1.0
18, 2, 0, 0.9961395133009298, 0.0007504847040173259, 0.0031100011396653694, 8.553874921518132e-10, 0.47513510923215374, 0.47471816265361344, 0.5322719090677511, 1.001476329606629, -0.11150108316349994, -0.11210364671687045, -0.12341684644356418, 0.282559579635688, 0.4644141850673716, 0.262541170014737, 0.012390660882929717, -0.13768423618795064, -0.1653900009269376, -0.0318119846721948, -0.009039921239085669, -0.1314418497277808, 0.29818512016560456, 0.028683371875387876, 1.0
19, 2, 0, 0.996150759136854, 0.0007391846241092214, 0.003110055401517077, 8.375195307405114e-10, 0.4700776196971323, 0.46990707424787087, 0.52651246350947, 1.001661945210922, -0.11187506563265828, -0.10944363622284221, -0.12396537541787782, 0.1826216308619989, 0.18802835632587916, 0.3006703697359431, 0.0012212386146496445, 0.012428228437029069, -0.06990471772041972, -0.014929175956100887, 0.008645711514643351, 0.09465291274678739, 0.04713366053036934, 0.08105265584678505, 1.0
20, 2, 0, 0.9961428885966951, 0.0007463700345955234, 0.0031107405310366507, 8.37672661086421e-10, 0.46161104086347676, 0.4635158857085092, 0.5199809224319691, 1.0002497250848326, -0.11076498293117717, -0.11136561025085859, -0.12370296419711893, 0.20118786521066778, 0.3286994882316608, 0.23593126584990176, 0.003406784793069742, 0.10923964501539123, -0.018450881305179162, 0.1199412892098362, 0.15431378559957992, -0.06771032379783114, -0.09769536627675837, 0.015618417929730049, 1.0
21, 2, 0, 0.9961428767512496, 0.000746377709825005, 0.0031107447012932127, 8.376321946752324e-10, 0.4558832298502451, 0.45645031929907887, 0.5141798693079299, 0.9987610617571386, -0.11300832349256582, -0.11057082106553615, -0.12406291639672044, 0.20656175684649244, 0.09258617533168327, 0.454835041510617, 0.05074710761766329, -0.1142939178467395, -0.08355804207964034, -0.10505514067034902, -0.02552344520879296, 0.048248605984027804, 0.04640924783215925, 0.0012948405067167604, 1.0
22, 2, 0, 0.9961429309430504, 0.0007463233078557779, 0.0031107449114617094, 8.376322386937999e-10, 0.4528387679253389, 0.45231621230601143, 0.5084863791073093, 0.9994867174317154, -0.10969741574079135, -0.11199947632157219, -0.1233524506172095, 0.10181751974677125, 0.47908173957575817, 0.046388740471789494, 0.18207779419154782, -0.01080845061665216, 0.06123490038365166, -0.03504621475939277, -0.01875061097235874, -0.028059098539010896, 0.08226952843820322, -0.11772909702930892, 1.0
23, 2, 0, 0.996142663175237, 0.0007465816891090048, 0.00311075513487943, 7.745868623856649e-13, 0.44946715980389246, 0.44770972807843545, 0.5008557241926245, 0.9996208640675395, -0.1104926127012186, -0.11183148982515309, -0.12274584110964722, 0.3379362873680457, 0.17562794353648262, 0.13364226869481133, -0.015463611519093257, 0.15829501564969517, 0.05845635007044693, -0.07759848514798692, -0.11682986679222093, -0.1351265741261928, -0.05997341727811151, -0.012902499096159353, 1.0
24, 2, 0, 0.9961423037555845, 0.0007467581693121624, 0.0031109380743236017, 7.796255474613656e-13, 0.44177261662039086, 0.4427647536754165, 0.4952020325011124, 1.0001576254251705, -0.1119893248471765, -0.10998978544513709, -0.12283711991233484, 0.1861483185133304, 0.3259451624095129, 0.3489301364284959, 0.07284549445805995, -0.05207439792771833, 0.13603295711440613, 0.16470269487611267, -0.07024683495803434, 0.01487964001890007, -0.03532279047743755, 0.07109884822912987, 1.0
25, 2, 0, 0.9961477593376775, 0.0007412991484604276, 0.003110941512832592, 1.029293514800919e-12, 0.43447815572365134, 0.4351292076153559, 0.487609658802612, 0.9995509030025145, -0.11045486938273988, -0.10967835133046315, -0.12462533342155271, 0.049668244740456946, 0.2367329112180478, 0.1336796723672779, -0.017919018520693143, 0.04825678860040572, 0.0383143722954349, -0.07816491269755635, 0.3082945615693565, -0.058163810411341756, -0.09880389320771711, 0.040540993333327446, 1.0
26, 2, 0, 0.9960236129685007, 0.0007654281709765531, 0.003210958636767751, 2.2375493121055633e-10, 0.4300745353925354, 0.4303477772919056, 0.4817670603491055, 0.9991967567993845, -0.10963038307230406, -0.1110001742898696, -0.12290121317953559, 0.22044367387972516, 0.2534114756085083, 0.1985934818442053, 0.11877383103211073, 0.02017516675708017, 0.12181925828627657, 0.06046704323741009, -0.11527245057540636, -0.06956226643981599, 0.1661225439764114, -0.11336535132519836, 1.0
27, 2, 0, 0.9960209533618901, 0.0007675969401213313, 0.003211449552877217, 1.4511132437337472e-10, 0.42353862286634325, 0.4238072780412436, 0.47588767227767503, 0.9992994891859395, -0.1089404973640445, -0.11166448788601806, -0.12125454083038975, 0.22873044006751247, 0.2529770183813863, 0.17660287911737577, -0.09084089993367583, -0.21475139496934265, -0.10799857496391815, 0.06582092371875946, -0.01466213504166176, 0.012105546851771022, 0.01042105272978509, -0.03946149537645926, 1.0
28, 2, 0, 0.9960209540263771, 0.0007675962754801125, 0.0032114495530297287, 1.4511304205578999e-10, 0.41977381613211173, 0.4200093699391327, 0.4701944844796701, 0.9996876621334738, -0.11121890800755263, -0.11058884190794808, -0.12470689369362964, 0.2570977535012846, 0.050135436076644654, 0.2200635221559582, -0.17495778546552532, 0.1277737753706677, 0.03954079900367076, -0.10209033875868376, -0.16055144074641753, 0.2193211783483683, -0.21424667119980795, -0.10505413540908828, 1.0
29, 2, 0, 0.9960209310532665, 0.0007676170450391301, 0.0032114517563756055, 1.4531873827490066e-10, 0.415097110677831, 0.4140574457981761, 0.4647255466786297, 1.001314570461217, -0.11027847952462508, -0.11043483962442684, -0.12538893872379978, -0.033387683414134936, 0.3780677277283497, 0.1379198173674, -0.1790472910879292, 0.08595547570097584, -0.027587330193061414, -0.08325213346704, -0.10246847322814837, 0.018304900507939807, -0.018731670132428085, -0.08181740942887372, 1.0
30, 2, 0, 0.9960210994309895, 0.0007674485505363727, 0.0032114518731546056, 1.4531952972457483e-10, 0.40868435205724135, 0.40878479000518586, 0.4580295808332308, 1.0003636320969513, -0.11007597588521496, -0.11109115668071978, -0.12341062128593328, 0.08661609539043942, 0.27157476003211356, 0.24943644551704797, 0.17510844489077793, -0.08916839161044102, -0.10319105243388596, -0.23167451867182337, 0.15122297490716133, 0.04159351452514505, -0.10182540856440395, 0.13577696883310955, 1.0
31, 2, 0, 0.9924581574057988, 0.0008260067269512109, 0.006715835198322587, 6.689274392890208e-10, 0.40150855205704816, 0.4039916473333719, 0.4493602318103405, 1.000559368034126, -0.10968585458671383, -0.11003612383778641, -0.12473423493270988, 0.28574858307045725, 0.2673010552856213, 0.2773498468014917, 0.12290753677017183, -0.01452625181568081, -0.12572084930136918, 0.12578432643857326, 0.02332129954220642, -0.05754863597034506, 0.27011446144661677, 0.10194746432779922, 1.0
32, 2, 0, 0.9924585664448927, 0.0008255974673347564, 0.006715835418581764, 6.691907032661444e-10, 0.39807035658902545, 0.3983015885564672, 0.4442531174000215, 1.0026094490379376, -0.11111429848565262, -0.11071471640041282, -0.1249108399711765, 0.1266136669850469, 0.19970853935863248, 0.16273976692642206, 0.05296156810417589, -0.0006453781428110499, -0.1765230911288896, -0.1774856772216637, 0.1516166572873524, 0.14439516847790584, -0.08137358671092793, -0.08255140124415346, 1.0
33, 2, 0, 0.9924557013601152, 0.0008254302200534404, 0.006718867744162415, 6.756689701209115e-10, 0.39092290635833177, 0.3908462004365796, 0.43838869412506787, 0.9993040979519202, -0.11217567034571412, -0.11125407339890037, -0.1258004631071104, 0.17436676531289505, 0.24960895417659157, 0.2810415043751078, 0.04505614296030939, -0.13439997515567784, -0.07463537786542179, -0.14308112540731513, 0.1479106412220522, 0.0031061826933592657, 0.06403864061788125, 0.198837919751649, 1.0
34, 2, 0, 0.9924558220572461, 0.0008253091878185846, 0.006718868079248016, 6.756873344197265e-10, 0.38798620725062827, 0.3866148080165049, 0.4337991387042942, 1.0021098261480186, -0.11151939770040427, -0.11293817158937347, -0.12453703695590865, 0.05418866515133423, 0.21509610343019733, 0.34509984582145214, 0.13811657278195547, -0.10758522168543114, -0.039757927397077966, 0.07828001241186773, -0.018421379621347257, 0.12902744879582212, -0.07750054076182455, -0.12909835713870005, 1.0
35, 2, 0, 0.9924627231318767, 0.0008184020391163603, 0.006718874153199577, 6.758074350063683e-10, 0.38120945475250834, 0.3807522948183852, 0.42613855757096, 1.000392018938569, -0.11194274016864195, -0.1107390409961682, -0.125133911596559, 0.14105465528034228, 0.30951703175530704, 0.1451339154363441, 0.0029083880769614017, 0.013296327133641112, 0.1178735784877167, -0.1409360191811179, 0.13380005863280167, 0.011067466597031407, -0.04520068325551669, 0.22948031972109745, 1.0
36, 2, 0, 0.9924459944870812, 0.0008245177281298219, 0.006729486012104571, 1.77268444145136e-09, 0.37604870273628793, 0.3748808517775138, 0.4183877636818014, 1.00011229736571, -0.1101208725501237, -0.11094906031144935, -0.1275856100832354, 0.23548104866620162, 0.164932775969921, 0.2348959865081512, 0.043397938846474714, 0.06328456956964142, 0.13713508773218985, -0.07368961015771694, 0.43714082978176344, 0.11820895170854744, 0.023720332271308615, -0.022599436345004647, 1.0
37, 2, 0, 0.9924458397428154, 0.0008246698422317032, 0.006729488639125165, 1.775827659520105e-09, 0.36939254288190104, 0.3700248519059043, 0.412082049682782, 1.0004240071429529, -0.11011024877891754, -0.11121411059665705, -0.12444652855325318, 0.21476135045192962, 0.01573044838356128, 0.28822302029841473, 0.008082930950825401, -0.007502641322135836, 0.02970970439410388, -0.17355398966628927, 0.04695329640304021, -0.04701383424052108, -0.09560700846941682, -0.07641639433470501, 1.0
38, 2, 0, 0.989122612431384, 0.0028869569937809863, 0.007988360881022782, 2.0696938123213747e-06, 0.363978412996698, 0.3628293670537691, 0.4068638465382005, 1.0010470132132618, -0.11096684455983843, -0.1110320681352132, -0.12542818408986214, 0.19570159494196965, 0.06369619750555493, 0.16260407691394704, -0.05511154080795542, 0.014282463930141594, 0.06512873449476511, 0.03465145380226462, 0.13232939281366368, -0.0925505769217985, 0.16852813156449584, -0.11033618935814671, 1.0
39, 2, 0, 0.9891442897846138, 0.0028650928219981896, 0.007988547251677832, 2.0701417101561105e-06, 0.35757331547882204, 0.35916807098952014, 0.4018543234986601, 1.000726563076143, -0.11089615375664816, -0.10899527236924915, -0.12451184005029765, 0.019495090656078285, 0.18830541746085436, 0.09204176388508149, 0.020783955669039615, -0.22587123090535405, -0.022826363973723656, 0.09444233048336306, 0.13197689300750964, 0.04796251208891925, 0.016444098900691987, -0.07969998105906023, 1.0
40, 2, 0, 0.9891439124714229, 0.0028654131995534677, 0.00798860417061211, 2.0701584116270654e-06, 0.35225877003231615, 0.35360807877224365, 0.3952942067710906, 0.9994111167403231, -0.11124934869240313, -0.11135154904416393, -0.12441510709326735, 0.12695232236818993, 0.175159874088723, 0.3735455424554227, -0.07463495957673802, 0.06723360904981589, -0.09873340804195894, -0.08676683988688397, 0.007160915660097656, 0.028319479426277723, 0.041270192809484386, -0.12556819450903656, 1.0
41, 2, 0, 0.989138013315548, 0.0028551663482216535, 0.008004749434731609, 2.0709014987103596e-06, 0.3483828220375539, 0.34798607312898133, 0.38942703547113455, 0.999361598297704, -0.11137039353504408, -0.1104115421189035, -0.12384891936119743, 0.1859139684426274, 0.26712087069101476, 0.06209645791642575, 0.07864051753873644, 0.03548552593681108, -0.08514132795060267, 0.0940601050732552, -0.03763297154886695, 0.03803822894723851, 0.06923010101796684, 0.15742176636751526, 1.0
42, 2, 0, 0.9890307910245889, 0.002861790702130489, 0.008105345846898112, 2.0724263825230683e-06, 0.3421715900213425, 0.3411020545076452, 0.38299828075017456, 1.0009239061929802, -0.11057182009472193, -0.11156407281228713, -0.12530286387981399, 0.19627972949250905, 0.252732735622034, 0.23922340286525062, 0.057813705072736, 0.21516738262766802, 0.15186888174409646, 0.04853839809140822, 0.07139331743333927, -0.15627895000492037, 0.17791721096894014, 0.1364231210552063, 1.0
43, 2, 0, 0.989032372527322, 0.0028592093171071506, 0.008106529506027558, 1.8886495433734097e-06, 0.33613777791620836, 0.3346944463054841, 0.37709682859385063, 1.0019902867275712, -0.11058227518323804, -0.11214683941535201, -0.1229364924738191, 0.19483659237841672, 0.01806132384825134, 0.0666421029943491, 0.027822614356828857, 0.0034863165009796485, -0.12308366809281542, -0.016521428367231167, -0.02541630450768214, 0.1172780849557753, 0.007534084674939413, 0.036719912088739065, 1.0
44, 2, 0, 0.9890492610057973, 0.0028422212077551475, 0.008106626827840848, 1.8909586068322755e-06, 0.33059187617315755, 0.3323011739259332, 0.37113033163750225, 0.999756669746249, -0.11149332808248688, -0.10999618153390198, -0.123839492143303, -0.0005275802136256891, 0.1595310244701441, 0.17009675899472754, -0.00586425667163652, -0.00025199429411397196, 0.0373788997450891, -0.05376894339597116, 0.03007807254806788, -0.058213602707938426, -0.03518740931183474, -0.15457006109939633, 1.0
45, 2, 0, 0.9864520907620377, 0.003508461276870197, 0.010031123059759119, 8.324901333021225e-06, 0.32572148329442696, 0.3247955068129503, 0.3642971868799351, 1.0003564128176328, -0.1102620077962416, -0.10995071370773177, -0.12349925257546641, 0.14921319841624386, 0.13477242818185287, 0.1686665634436676, -0.07318698816783689, 0.07411133483120828, -0.0462924810896619, 0.0954932693607449, -0.05610661053811159, -0.004128920525592317, 0.19713556046235778, -0.07020734592488911, 1.0
46, 2, 0, 0.9864520995047147, 0.0035084411581077267, 0.010031134347568926, 8.324989608521679e-06, 0.3185530557870449, 0.3191043122949516, 0.3576938705536176, 0.9994743719964043, -0.11159871219410802, -0.11353286551406863, -0.1241955810926089, 0.2717063533325649, 0.03542729570906613, 0.21513844689123868, 0.03383257679382627, 0.0001242339739536606, -0.08696654339417628, -0.0864322885595842, 0.07796798716161805, 0.06732727609722072, -0.0874052868050022, -0.11876012475698812, 1.0
47, 2, 0, 0.9864527950919157, 0.0035077333664533007, 0.010031146430041339, 8.32511158966958e-06, 0.3141483937680702, 0.3135395143707461, 0.352644656045357, 0.9997439338621957, -0.10973627296607946, -0.11200614329439937, -0.12313917791289282, 0.22328102288199156, 0.033581078810532, 0.1000763932664249, -0.016041869759762163, -0.10235056029854114, 0.15765515590101153, 0.21331499791201716, -0.013426530692009053, -0.04427769978540735, -0.10944845067999528, -0.024956603124756314, 1.0
48, 2, 0, 0.986448617820953, 0.003511848906475002, 0.010031206972030539, 8.326300541363278e-06, 0.30845952420789763, 0.3087294722456984, 0.3473496505151485, 0.9995375290854953, -0.11226989769963118, -0.11131078482080628, -0.12349483243453714, 0.12775133897000018, 0.14816427828021134, 0.20841289837705074, -0.05607651601955781, -0.1317592863063344, 0.01827242741730659, -0.15806897396019484, 0.09551110287867684, -0.08677114636101399, -0.07024169745744903, -0.01789067027968802, 1.0
49, 2, 0, 0.9863448122606464, 0.0036090281129523717, 0.010037809831147715, 8.349795253502442e-06, 0.30224077060383503, 0.3041343392160667, 0.3392660098999939, 0.999758781717456, -0.11001027928651648, -0.111242776755575, -0.12495718778163997, 0.19367533674274934, 0.08945456932810424, 0.21113387847939186, 0.1325522783613126, 0.04938888235651581, 0.03335835551695776, -0.07957184308470103, 0.11285142402981996, -0.22158866106455144, -0.024178002627843555, 0.04919466547667896, 1.0
50, 2, 0, 0.9863746159051804, 0.003577753518932507, 0.010039269721283937, 8.360854603001877e-06, 0.2968158497401423, 0.2980182748789425, 0.3328483031387895, 1.000219044944848, -0.10971037633949418, -0.11194974765284327, -0.12513900345350076, 0.13658116224712488, 0.24256486633469695, 0.09361596099954847, 0.08144987369145658, -0.10217719779277086, -0.00909452028677022, -0.09671745048959006, 0.1252416483961148, 0.061709751962363224, 0.0023516490219993905, -0.02485354099934488, 1.0
51, 2, 0, 0.9863034568534857, 0.0035807972041596394, 0.010107388882509232, 8.35705984536764e-06, 0.2922135550928635, 0.2911411032428728, 0.32708376057926136, 1.0005283988651457, -0.11081303662789725, -0.11137163906829897, -0.12397689552302212, 0.25236947042137825, 0.16994246698059495, 0.14540273659377156, 0.2252762021973776, 0.09252147440437955, -0.08855248445340982, 0.04513995188344846, 0.14072807554506617, -0.0020939432548113175, 0.10563239542806172, 0.020600574060169404, 1.0
52, 2, 0, 0.9867862903967687, 0.0030969891814308127, 0.010108327787784895, 8.39263401555764e-06, 0.2844924945997386, 0.285325939237999, 0.32236450060397714, 1.001371184467319, -0.11055065143136593, -0.10900671034773195, -0.12376013197535278, 0.07216413290572159, 0.1314862637944109, -0.09624954651775353, 0.05578028743667988, -0.005814290158014378, 0.09771659133335381, 0.13588866505573613, -0.06248089398736227, 0.06277228262839075, 0.04118581262386194, 0.03178589698259457, 1.0
53, 2, 0, 0.9832428083298389, 0.0056517622643275905, 0.011094243808376422, 1.1185597457028057e-05, 0.2822496562374948, 0.28165524549691673, 0.3135562287167915, 0.9981873445804977, -0.11162064249019044, -0.10893652363197162, -0.1238618582379732, 0.13416224123705653, 0.19411185946607953, 0.16493821401990622, 0.04812043611932114, 0.1471115510295839, -0.15026769222119035, 0.040334943618452065, 0.03500139418133353, -0.16366906503806422, 0.059206447010693886, 0.07635324687465303, 1.0
54, 2, 0, 0.9832446726388588, 0.005649895154742405, 0.01109424661823467, 1.118558816394453e-05, 0.2742838435819308, 0.2748722886182217, 0.30709705386950614, 0.9991589607318184, -0.1103399677692954, -0.11128127992468781, -0.1250279102495783, 0.3351969867155756, 0.21335198873674663, 0.08944238644694352, 0.13717642825538362, 0.06443313071031993, 0.10744724135479897, 0.05052746522817133, 0.05645387099511404, -0.07199256905965197, -0.171714860449581, 0.036098729410357244, 1.0
55, 2, 0, 0.9832457159023745, 0.0056488508105915275, 0.011094247745041993, 1.1185541991963471e-05, 0.268868342290436, 0.2695030465342868, 0.3011568474015346, 1.0008149006847138, -0.11042709120501944, -0.11184094849683039, -0.12466423239935101, 0.09847062305448614, 0.277231616126968, 0.10197491481423197, 0.1708718702335253, -0.08195241604800504, 0.10015798719652055, 0.15487441205291713, 0.13219883864782375, 0.0559468129600745, -0.08903294254841981, -0.09370230407589315, 1.0
56, 2, 0, 0.9833398528477852, 0.005554528921175829, 0.0110944243492868, 1.1193881752277864e-05, 0.26371782843093994, 0.2648199979026392, 0.2946687958263058, 1.0011342094600573, -0.10981230335409135, -0.11201978854835622, -0.12368468422818495, 0.013757436067533723, 0.10909867428192899, 0.15142870455103039, -0.10684826534289604, 0.08116345231471778, 0.04944102162909507, -0.09350073177137676, 0.12022291149244076, 0.09951087535978699, 0.03660761293577466, 0.1793836068186855, 1.0
57, 2, 0, 0.9519371510912047, 0.01602745528916919, 0.027894587613310526, 0.0041408060063155335, 0.25802201584363116, 0.25762552379872056, 0.2888568992612507, 1.000349944127997, -0.11130840924222843, -0.11085340801920267, -0.12365937307878132, 0.16586516305886106, 0.0744495540371276, 0.02132169399570505, -0.13011439485023396, -0.0523258402295526, -0.031475566731760565, -0.024559524579773208, 0.21003983332380813, 0.01195940511430349, 0.17263877037566547, 0.008325424776190794, 1.0
58, 2, 0, 0.9519549926858016, 0.016002347773569663, 0.027900556446194234, 0.004142103094434462, 0.25417406240033613, 0.25330004025998043, 0.28515617120549114, 0.9997143850102936, -0.11193005967886253, -0.11046844189566252, -0.12269056658881569, 0.03546559951320588, 0.06592603377319194, 0.17934894645228572, 0.05897919461622201, -0.01165170159941616, -0.06854688122747123, 0.01252336042628224, -0.03747760947668288, 0.0071994379782427355, 0.09325695979457238, -0.2081604318775368, 1.0
59, 2, 0, 0.9522352421081226, 0.01572204308756562, 0.027900593402589997, 0.004142121401721701, 0.24629843937962317, 0.2480516912184266, 0.2777713346619172, 1.0004277614842325, -0.10960963502522966, -0.10997075160257705, -0.12252598583275776, 0.1387612032427519, 0.09331589853291336, 0.11142116794477445, 0.07705583516785552, -0.04652430003836637, 0.07702233054075211, 0.05470400435022847, -0.2003645378418394, 0.01661970370443664, -0.2404781232560512, 0.06027227997327685, 1.0
60, 2, 0, 0.9523789547225799, 0.015531019097095325, 0.027945591094591313, 0.0041444350857334335, 0.24045783744551724, 0.24226645334138888, 0.2709961949343816, 1.0005087769641205, -0.1117272691867015, -0.11048659313806844, -0.12566150008522775, 0.08617789741965066, 0.14197383411884257, 0.10044101283912162, 0.03009321848951733, -0.09733765841688889, -0.0899534675069509, 0.12127706080870806, 0.11318329815564898, 0.09050002153711632, 0.04035111205768648, 0.019371147003562995, 1.0
61, 2, 0, 0.9523977120187233, 0.015512233750114063, 0.02794561941810831, 0.00414443481305441, 0.23669059560607036, 0.23624065262523053, 0.2671410048263791, 1.0013853077805617, -0.1103215297361603, -0.10982679880118759, -0.12359456370261616, 0.24327715188158092, 0.2366962005651354, -0.021969391725147114, 0.08935031861275979, 0.04449348722026449, 0.0412334850925835, -0.12418625015564581, 0.031680823287532446, 0.08668256081136724, -0.002835040153445438, -0.07050858447734822, 1.0
62, 2, 0, 0.9523979561282977, 0.015511988188992633, 0.027945620697878284, 0.004144434984831316, 0.23136463417747083, 0.23140965517717066, 0.2576094427290877, 1.0010510482188912, -0.10938537039531879, -0.11140148127008002, -0.12443676301257685, 0.1165213417898768, 0.22668199192138344, 0.2429785328750743, -0.03991471507469935, -0.031389913233776864, -0.20199816411643923, -0.19830477410455846, -0.021241295703879857, -0.07181813425703451, -0.08101036513339376, -0.07953508139291456, 1.0
63, 2, 0, 0.9524395701702081, 0.015470284310411803, 0.027945719345474847, 0.004144426173905322, 0.22547093310188188, 0.2261449326434184, 0.2507355693233242, 1.0010127131029267, -0.11197456546408016, -0.10921984297351044, -0.12533378132005368, 0.16618815291172478, 0.147767692519603, -0.05530894352374578, 0.14789261125445397, 0.2880172035563161, 0.05693783975662976, -0.09535338406387785, 0.0883465915876522, -0.11898966145655368, 0.01813212930965944, 0.10859560710068228, 1.0
64, 2, 0, 0.9525488122666153, 0.015359535902615478, 0.027947158848345876, 0.00414449298242344, 0.21993159849464292, 0.22098603813839976, 0.24604030041189034, 1.0010186114650759, -0.11107286596723862, -0.10959493858872382, -0.12335938268515576, 0.05483712236165374, 0.20498438657836354, 0.25120976532741957, -0.08642667889719088, 0.052939572002963356, 0.05333382767147878, -0.006300516519807087, 0.16853839519490785, 0.1531908000766098, 0.028711458928713712, 0.05564957458886183, 1.0
65, 2, 0, 0.9525342812006686, 0.015373457692757829, 0.027947560164728963, 0.004144700941844597, 0.21433600936250122, 0.21264147186615903, 0.24076151983499477, 1.001208375793301, -0.11136590681385325, -0.11101661762144696, -0.12327627638527665, 0.19166447903524358, 0.029850481117140327, 0.18777155739278042, -0.10145242562128909, -0.2910421542836786, 0.11888008996890127, -0.09586767143373498, 0.0024399960827447887, -0.02276506611556356, -0.06101281993764973, -0.011149491326582087, 1.0
66, 2, 0, 0.9522949539773296, 0.0154101042309939, 0.028138287209937256, 0.00415665458173928, 0.2090864842834322, 0.2082910401027521, 0.23358353296574297, 0.9986384181858907, -0.11013035351020892, -0.10860361610353031, -0.12544594474188492, 0.2110777206775311, 0.0819732698434817, 0.08220474483687416, 0.0934927233090429, -0.06627598996435091, -0.056379274008554046, 0.11201350715686156, -0.00623026198809008, 0.037548365648759054, 0.04797719086741376, -0.012110635290944655, 1.0
67, 2, 0, 0.9527365927722793, 0.014964115429723708, 0.028138433159982375, 0.004160858638014501, 0.20343268935997405, 0.20305545189928315, 0.22779947361296685, 0.9999835235451023, -0.10930803093839243, -0.10960578137499404, -0.12641249758113374, 0.005754969003055499, 0.002965018777847217, 0.03345814495179487, 0.14165340255442982, -0.07811331511877327, 0.09274138924656553, -0.06551928595395828, -0.12460923412914633, -0.01766276692491996, -0.22991973605182045, -0.07286350133683744, 1.0
68, 2, 0, 0.9527884854006765, 0.014831178515048912, 0.02821895559467275, 0.004161380489601898, 0.19835788777239652, 0.1988033154122024, 0.22191661045068772, 0.9996133193721068, -0.10972155486460126, -0.11047659688519892, -0.1238695828558932, 0.1849082816475314, 0.16868083421689006, 0.22433012022023782, 0.10276134275981921, 0.0020509982138321764, 0.10599547919033998, -0.054145569983849194, 0.17014989477435633, 0.0014702470846509976, -0.0003587447346305491, 0.14494753127597898, 1.0
69, 2, 0, 0.9524545764277073, 0.015116084486463748, 0.02823489807734499, 0.004194441008484084, 0.1896145514295413, 0.19297086078873418, 0.2145698789466103, 0.9989626018162567, -0.11105637671316966, -0.11173977117927322, -0.1245298446296303, 0.05935047548831389, -0.005796066420208334, 0.06812216901760913, -0.04424725101069669, 0.002608916480724063, -0.05235506634096937, 0.13068211213523978, 0.054417567839243196, -0.1644371904716047, -0.018937233784524974, 0.004499935234734675, 1.0
70, 2, 0, 0.9524544862408724, 0.015116105293101785, 0.02823496381007083, 0.004194444655954919, 0.18760539948817817, 0.18626794388419854, 0.2086246733220678, 1.0010158953800932, -0.11141594416793357, -0.10961048932440431, -0.12370960285331167, 0.14825363732035357, 0.09591638206228106, 0.1716571343784024, 0.31564134932420074, 0.280816843780262, 0.09205342331056449, -0.07075944337880781, -0.03791728422130501, -0.20318092453626146, -0.0431778826733622, 0.057783051159680444, 1.0
71, 2, 0, 0.952454434857158, 0.015116098799236142, 0.028234979296170186, 0.0041944870474357274, 0.18165112091397878, 0.18170811895723182, 0.2020930297943587, 1.0008245334307633, -0.11092835739367299, -0.11058093226240898, -0.12472547848555163, 0.12405827551158266, 0.10987140346577817, 0.08281838089631365, -0.15158222194928844, -0.07901659448132112, 0.004921337027592098, 0.20475118217736413, 0.05597553112026381, 0.04802919740070273, -0.052311650147392176, -0.09300529330869092, 1.0
72, 2, 0, 0.9524566398010126, 0.015113571802103416, 0.02823506897378941, 0.004194719423094667, 0.17482173565474163, 0.1764115981388628, 0.19556203519659526, 0.9995288251616529, -0.11260146485433334, -0.11238362090375334, -0.12427766487479253, 0.16020266693603635, 0.08870261791163166, 0.1138831956284961, 0.053125020379753765, 0.08371413699982028, -0.1407394244666446, -0.1533718033339601, -0.21060683596959104, -0.015624268797614364, -0.05859193322788335, -0.09048888908578083, 1.0
73, 2, 0, 0.9525051647801984, 0.015064625637662088, 0.028235212158776175, 0.004194997423363258, 0.1696137357635018, 0.16995530235885806, 0.1911600248975962, 1.0023003603874372, -0.11103339936709258, -0.10919845345811907, -0.12372842590167157, -0.05816828874440144, 0.08247763426494961, -0.13844190134590845, 0.21472198497231113, 0.12947683845454522, 0.29072777226105356, -0.23289325123178836, 0.07320644478945307, -0.1835959591869274, 0.05568699183059288, 0.1531068576616417, 1.0
74, 2, 0, 0.9471214525996389, 0.02012273438882821, 0.028269652310280915, 0.004486160701252041, 0.16470041566887533, 0.16434071000148812, 0.18349856487481053, 0.9985569338625181, -0.11126939225881653, -0.11179694248654044, -0.1258573552245685, 0.0958592419049824, 0.024650449026679077, 0.11663415553588212, -0.17081145154161775, -0.17828118482666283, -0.0619728385845685, -0.010394749816249273, 0.02453946099394958, -0.1240844726683727, -0.09454702946120608, 0.055756532769420254, 1.0
75, 2, 0, 0.9533189360383464, 0.013478695718391298, 0.028604399455457348, 0.0045979687878049055, 0.1576223821470677, 0.15719449020924783, 0.1776143362109885, 1.0005784777379714, -0.1116908199740303, -0.10962627311788017, -0.12306052399915676, 0.18364997562940463, 0.09874499364351522, 0.11267620236306411, -0.011946208859475954, 0.0509911004616736, 0.09213803542934228, -0.00048793151063628167, 0.10679732212497184, 0.10411202245524478, 0.0033538027439364466, 0.12058661243826334, 1.0
76, 2, 0, 0.9533215732706001, 0.013474861906101157, 0.028604453434827124, 0.004599111388471646, 0.15291270687364117, 0.1543247811117921, 0.1716571738010239, 1.000808874126026, -0.10946369893771835, -0.11043094842978332, -0.12444990670744627, 0.026331349798436265, 0.14808008133999429, -0.010758290987222075, -0.025029929970445265, 0.08593066004826297, 0.06667858495452196, -0.1671864397998183, 0.19282005414893202, -0.20193680755764407, -0.010531239032098851, -0.019830300354908438, 1.0
77, 2, 0, 0.9530731940930136, 0.01345783113845389, 0.028661625008427467, 0.004807349760104975, 0.14771214995668164, 0.1490859683421266, 0.16491640128118407, 0.9994262155959573, -0.11250811058247383, -0.11125041334767934, -0.12370823180862074, 0.04099926311772868, 0.08503044949628422, 0.12032434499086556, -0.19220803019215746, 0.015386971162690052, 0.11491495654704738, 0.05489069192342072, -0.01468793110668779, 0.10468409483392123, -0.024480478609139537, 0.10223324658847999, 1.0
78, 2, 0, 0.9530859416666924, 0.01344202001103173, 0.02866164679685946, 0.004810391525416562, 0.14078701959084, 0.13987103863222164, 0.15888478013375468, 1.000771159198753, -0.10949149515895544, -0.10992473944341799, -0.1251085686389505, 0.018604283854533155, -0.08077981835748256, 0.04046982171447107, 0.030892502312815463, -0.07923893929951312, 0.14542173805198638, -0.19472096566268596, 0.10061898642587201, -0.026573675712829526, -0.11264291229620386, -0.1306159928064438, 1.0
79, 2, 0, 0.9531432458112636, 0.01338206791708995, 0.028663341472110523, 0.00481134479953581, 0.1343290851193952, 0.13569099627739445, 0.15389281492245846, 0.998421135605728, -0.11214667604068196, -0.11290206931957739, -0.1250647162122654, 0.01604529809677733, 0.19060531786249038, 0.2004047648149383, 0.034957729897437215, -0.13155574796899264, 0.09250619689287906, 0.09672092056287813, 0.0013319459183637194, 0.0224798081751791, -0.025174842627162713, -0.09429137060311163, 1.0
80, 2, 0, 0.9532363332818481, 0.013286436494278853, 0.028663417726461676, 0.00481381249741147, 0.13098111581683775, 0.12998183244703737, 0.14723946349989395, 1.0005151503314713, -0.11174417457325406, -0.11240650670885491, -0.12300239524565766, 0.03960839082155608, 0.005288550239565759, 0.13212117071901866, 0.013248617868654231, -0.027315883368567367, -0.007932112945005294, 0.059060045561895855, 0.06945250367031314, -0.006824500786910115, -0.17642187470898815, -0.07886121062349845, 1.0
81, 2, 0, 0.9571916748038798, 0.009319639858095084, 0.02866881890179123, 0.00481986643623398, 0.12547857621741307, 0.12572849433554883, 0.14130332884744776, 1.0009470854148326, -0.11136851915727915, -0.11231874318860813, -0.12471907929494186, -0.11130167184909898, 0.10028548061503317, 0.06323858575659451, 0.17400646815920678, -0.008429724583538247, -0.0019486985857948135, -0.029828463651346542, 0.0076975812592585905, 0.017804973667820044, -0.03890544151289211, 0.0754796275402674, 1.0
82, 2, 0, 0.9466572117578635, 0.01488384067676493, 0.03064514210587734, 0.007813805459494193, 0.1184902748952064, 0.12057524667056155, 0.13411309614282468, 1.0001525563834108, -0.11216509028062313, -0.11269327311379784, -0.12585309766456512, 0.18891877298165505, 0.020476824832934754, 0.07764595907371356, 0.09645492152250054, 0.08266786790740994, -0.08871547557041706, -0.03458178396200385, 0.002038495846904809, -0.11858537080662816, 0.053185662704864946, -0.004567062482104068, 1.0
83, 2, 0, 0.946833492759121, 0.014702602197499236, 0.030645437406564568, 0.007818467636815285, 0.11422955709594337, 0.11585766546344241, 0.12946037807246677, 1.0007547151318685, -0.11048567164417197, -0.11160206417610037, -0.12545502224222077, 0.060019480670359525, -0.0019493284346626227, 0.006205895133311057, 0.19075173815756602, -0.0014409026080347482, -0.1002364290571615, 0.04760419213761437, -0.00942201626978455, 0.07475892437311354, -0.07638622400775744, -0.07819733795530694, 1.0
84, 2, 0, 0.946176302937667, 0.015197998600700445, 0.030661739495540446, 0.007963958966092073, 0.10951999307950229, 0.10969684003720188, 0.12233012720595364, 0.9997002853825501, -0.11011263914287486, -0.10939726900067812, -0.12291118047393497, 0.24371235305324718, -0.10854420988389246, 0.06158183596972329, -0.08555996535936096, 0.1623571711599177, 0.03162707213166376, 0.03484682140181656, 0.1432675193443919, -0.10582542090803189, -0.03211631625049768, -0.05398648949721352, 1.0
85, 2, 0, 0.9469512414683273, 0.014401079969145952, 0.03067049682453843, 0.007977181737988288, 0.1020467548352885, 0.10383064766143915, 0.11580746836330272, 0.999934433800709, -0.11003072324594268, -0.11013478441215896, -0.12485546079329204, -0.08204363011289537, 0.05057195685158082, 0.0966707575713445, 0.18211724085602207, 0.003934429838338814, 0.04161823389796619, 0.1143642208041111, 0.20953920499444917, 0.13789935536488934, 0.1826688117905713, -0.01009316911506045, 1.0
86, 2, 0, 0.9454256588402565, 0.015016365565155933, 0.030869223533240283, 0.008688752061347185, 0.09799326057422025, 0.09823631382536341, 0.10960932926312765, 1.000332615260962, -0.11348240709552564, -0.11297393736627337, -0.1251505024504688, 0.26483335704461924, -0.06654661374013704, -0.024491390517065482, -0.15390266552223855, 0.02255137818925312, 0.11941351379641992, 0.08400456877962557, 0.30598135777636226, -0.09841525946051649, 0.09874288753483662, 0.06703643091239472, 1.0
87, 2, 0, 0.945426566045193, 0.015015153900395555, 0.030869223640123327, 0.008689056414288139, 0.08974840066473229, 0.0931639970448904, 0.10325851719588382, 0.999979347678047, -0.11160822224814781, -0.1103226389265742, -0.12462678256678812, 0.07464688597090334, 0.1241796000881239, 0.030166802448086782, 0.06068433427960832, 0.05888588753055306, 0.0531804288983902, -0.050412229502462845, 0.03081490968805307, 0.03153951329410791, -0.22908659849838484, -0.1800546485942285, 1.0
88, 2, 0, 0.9455366128766857, 0.014889858492654201, 0.030869713591949656, 0.008703815038710521, 0.08469854030117784, 0.087580951819792, 0.09581185502698572, 0.9995883550158124, -0.11129583446148839, -0.11160338686419786, -0.12451545512288016, 0.03815400736991439, 0.08918439128878203, 0.05952571511800392, -0.007073231046926, -0.0862271350584516, -0.0036048292076779746, -0.09278299150180984, 0.08476776963135, 0.11823689478629558, 0.024386677685703594, -0.026855919046103287, 1.0
89, 2, 0, 0.9454768882956789, 0.014925026822759764, 0.03086922119376411, 0.008728863687797211, 0.08098239578626923, 0.08095464312720055, 0.08973909492286167, 1.0003392776731581, -0.1093110666075556, -0.11109586742731421, -0.12425065520298686, -0.025549930671446792, 0.10530453232091042, 0.1692938459650362, -0.15774787583086963, 0.10885648549426093, 0.06894979032174478, 0.021345248274371297, 0.07388524610051267, -0.23944461179156842, 0.045320009179540564, -0.16235935932431753, 1.0
90, 2, 0, 0.9449312554576872, 0.014973043269934988, 0.031029353671499414, 0.009066347600878415, 0.07708207128244804, 0.07664025380307801, 0.08373810746818475, 0.9994621095367796, -0.11196658902792385, -0.10699765227606714, -0.12396606383891198, 0.23283917901583767, 0.005200229388797517, 0.05697725182922925, 0.056075768828684903, 0.08011407034585862, -0.015119464692456383, 0.06027273607418114, -0.01937882081396881, -0.02424127545070478, 0.15689615221977543, -0.045047195185187065, 1.0
91, 2, 0, 0.9449321158950441, 0.014971853779444187, 0.031029396677544438, 0.009066633647967236, 0.06978156442486701, 0.06980590901525832, 0.07899701093603473, 1.0000075366840344, -0.11250430277547252, -0.11053996267731366, -0.12309033129873195, -0.024644915343587738, 0.12488933806321056, 0.18863493398995632, 0.03172321083943734, 0.045501693455864065, 0.11913566445503057, 0.14502155789978163, -0.19760525102120696, -0.1403004082523925, 0.14274062626463047, -0.21523462477449312, 1.0
92, 2, 0, 0.944932121932267, 0.01497184713565507, 0.031029396674605456, 0.009066634257472455, 0.0644222651334951, 0.06511217306882024, 0.07073487209577446, 1.0018918732322386, -0.1110386878771484, -0.10952362215088587, -0.12354721365066676, 0.03315578822065905, 0.1871854022228804, -0.00491131431199685, 0.31176202596608893, -0.03635902858606734, 0.1216668923219912, 0.023360372441005174, -0.09462007947276652, 0.20956647082095947, -0.26275275647993207, -0.14862832699447232, 1.0
93, 2, 0, 0.9449554967981678, 0.014947865009278801, 0.031029427927333035, 0.009067210265220447, 0.05774069344621754, 0.060478449839545666, 0.06559142613820741, 0.9994195899822447, -0.11062104408940514, -0.10897056908393365, -0.12562569454997646, 0.12097752681555285, -0.11635243906338574, 0.11857192890253347, 0.0791946470796337, -0.0902306098952579, 0.1122974948526451, 0.01297354220109793, 0.0924861907445826, -0.18669390926518037, -0.10515113047534197, 0.04444420197105157, 1.0
94, 2, 0, 0.9456008351440794, 0.014296688021107605, 0.03102995338538893, 0.009072523449423954, 0.05377984216500643, 0.05323129209518503, 0.0594836978039209, 1.0004369717524833, -0.1108859601101988, -0.10949494820346828, -0.12434286769925292, 0.050272778987602296, -0.04029661701080331, 0.133863512271324, 0.12201368584290577, -0.056779649571786904, 0.029303303200309844, 0.1722367996256321, 0.002943706855779915, 0.14303607111915692, -0.11503678251019615, 0.033907427396945654, 1.0
95, 2, 0, 0.9457265090774093, 0.01411993959844745, 0.031032458046637512, 0.009121093277505633, 0.04853316068408659, 0.04726574723858847, 0.055224764548210035, 1.0002630894322082, -0.11058756257313077, -0.10941520642407654, -0.12312758540567388, -0.030995118952085676, -0.13198256068912584, -0.009428918768793126, 0.14407555052588755, 0.0635918996755149, -0.08657512171860202, 0.07717681380778013, 0.21976522677595717, -0.08078546089909425, 0.0018132882173299409, -0.01563464618047625, 1.0
96, 2, 0, 0.9456279771870005, 0.014123583583314026, 0.031043613643898585, 0.00920482558578685, 0.04155465935659751, 0.041168971453609905, 0.04694877050158115, 1.0008473455932807, -0.1107764495047597, -0.10889815431448505, -0.12438257631728385, 0.2910565098117564, -0.10590065733057838, 0.045266961470913504, 0.034437118154329045, -0.04706140774290714, 0.05598252182372104, -0.001400749681964937, 0.15420716564757053, 0.025296630383042428, -0.002782033036595579, -0.07799917170205779, 1.0
97, 2, 0, 0.9476021134456875, 0.011666954028651276, 0.031053786656381647, 0.009677145869279587, 0.038418122493829795, 0.03737611963898181, 0.04266516090512629, 0.9996760070570054, -0.10973779127621112, -0.11155579809106439, -0.12588553326556734, -0.0870173864901573, -0.07133175615408618, -0.026256164160943264, 0.08206982224456849, 0.09215558238590936, 0.14093380413453907, 0.028220629454132014, 0.057647862144669035, -0.013612188543180803, 0.0045076998260249425, -0.034415724825917336, 1.0
98, 2, 0, 0.9476035658432717, 0.011656431330921273, 0.031055990135137407, 0.009684012690669671, 0.02978432960087412, 0.03108509639526989, 0.034488020655379176, 0.9991906340451164, -0.11171110789979873, -0.11035727795962336, -0.12393893667935621, 0.2887052756483191, 0.07933937571689093, -0.022034343902819706, 0.027880000069264214, 0.052782985866981616, 0.06991216067946535, -0.0585191083523104, 0.008625844184642028, 0.0621494944914866, -0.03824747100961174, 0.12178477455345953, 1.0
99, 2, 0, 0.947831306420107, 0.01142254082567921, 0.031057346054513078, 0.0096888066997007, 0.02604708019290674, 0.027546535218190248, 0.0306235611878529, 0.9969515958692587, -0.10900239391686573, -0.11022318284918035, -0.12383202426685207, -0.08228241760785046, 0.0772709731179477, 0.20193183539270337, 0.13521520084446342, 0.04676211710817865, 0.09490978951584325, 0.06536185959086196, -0.01591957408600988, 0.05340401356777423, 0.020787543084972084, -0.09801763445236347, 1.0
