t, Event, Policy, P(still), P(random), P(reach), P(transport), o(t), s_a 
0, 2, 1, 0.6273085474967957, 5.64075235160999e-05, 0.3726349472999573, 4.019735300175853e-08, -0.27896567588165083, -0.5166624585750204, 0.6135934768030668, 0.12004813857550134, 0.2904666548600895, -0.012385343662627979, 0.004384512103988203, -0.10921382331617902, -0.19532463427424934, 0.3363660542157006, 0.09644990443312704, -0.11936418872448507, 0.2087399548332654, -0.008219345988946997, 0.18916250580632066, -0.039482686203098485, 0.19426929898048106, -0.06484038504910972, 0.1
1, 2, 1, 0.02135605315265247, 0.0024862508969563453, 0.9761576181739667, 7.777642448481598e-08, -0.5759184917289853, -0.575753130910464, 0.6899313855843572, 0.19600719732524766, 0.24548164672810108, -0.044404770940969396, -0.11921503918686609, -0.23978662254557168, -0.3056479865398413, 0.34660358238900235, 0.0947484383488569, 0.0005772409968987488, -0.0001895667473241366, -0.0003061230134709361, 0.09127519119135624, 0.0014914372995310254, 0.0012866915567375779, 0.0006024890201546785, 0.1
2, 2, 1, 0.021132715595328984, 0.002488481620422055, 0.9763787250033705, 7.77808784469578e-08, -0.7912212801654418, -0.47275956582815404, 0.7539594767718076, 0.05831198279816006, 0.15203919819243827, 0.13896839167777641, 0.07048201449499633, -0.13896932419016975, -0.3072401491336706, 0.37547437044504994, -0.051235390605287215, -0.001062607976397256, -0.0012972473730889957, -0.0017891327241049265, 0.09202918968937049, 0.00016340638479875176, 0.0006580924485392583, -0.0013266520465784499, 0.1
3, 2, 1, 0.021132481723741367, 0.002488457319115838, 0.9763789831757189, 7.778142385098794e-08, -0.7337428233860352, -0.5036792572519025, 0.6108043857328032, 0.1850077541169643, -0.05131096305204878, 0.16641628392046465, -0.06066434408600517, -0.31715115378016867, -0.24194055697751343, 0.2769959218666124, 0.2167136386566689, -0.00040700815059015324, -0.0011326852933430036, 0.0008976035802862556, 0.09014486726743405, 4.3875427755763566e-05, -0.0021908539904389205, 0.0002661514306194181, 0.1
4, 2, 1, 0.02113173104052974, 0.0024884286797604385, 0.976379762498282, 7.778142785193747e-08, -0.609482633778406, -0.6166627671005287, 0.7672384099204512, 0.18024638669052018, 0.22629415242606923, 0.20674574167185727, -0.03813055029727737, -0.25261446167536966, -0.32983503611538356, 0.3171876668252846, 0.15445687186355792, -0.0003452843298998932, -0.0018868357951836758, -0.000723634059058364, 0.08995153207867947, 0.0003006186547340643, 0.0016302480839302073, 0.0007630168581533813, 0.1
5, 2, 1, 0.02113388655360809, 0.0022177880094005125, 0.9766480475018786, 2.77935112837762e-07, -0.40430781309023744, -0.6203387824969461, 0.3312367139173805, 0.11770540168193662, 0.02970926451967828, 0.22064618716619985, -0.1918535148147707, -0.0963006604284341, -0.21397089041991985, 0.40674196730798906, -0.05666544475718045, 0.0014080902485227587, -0.0007623647326857246, -0.000922091754350034, 0.08909649965576237, -0.0012913247586552195, 0.0010044289748936928, 4.3006126091400316e-05, 0.1
6, 2, 1, 0.02097227000125329, 0.0019757369801884548, 0.9770517021654738, 2.9085308458197416e-07, -0.5685679430728172, -0.41017818685456026, 0.614888184143559, 0.13842336009401923, 0.10152762178259633, 0.13830600778139535, 0.05210872914063094, -0.06754784245612502, -0.27414314347163543, 0.2736197173082112, -0.03329391399571981, 6.505677295275511e-05, -0.0012647325797438362, 0.0010250084262799725, 0.09109293917630325, -0.00033038573278534845, -0.0013477341040166054, 0.000257002584677489, 0.1
7, 2, 1, 0.01785488851777932, 0.0020301763205043152, 0.9801146403796075, 2.9478210876994826e-07, -0.49014514472969867, -0.5111206315617473, 0.5981164524656644, 0.33982755296512007, -0.023708369269750906, 0.15255020565946947, 0.0634254461190727, -0.36806554744857134, -0.31285304646285134, 0.31586662625256856, -0.013920707798019499, 0.0007524000377724077, 0.00022010973888693286, -0.001783644778239914, 0.09150883481144159, -0.0004296101167607683, -1.4405634321704868e-05, 0.0016486950786368394, 0.1
8, 2, 1, 0.017852868972732226, 0.0020301891178178566, 0.9801166461899131, 2.957195367386371e-07, -0.630084306520658, -0.5643611219909301, 0.41956738295657237, 0.21318557453351444, 0.11347749375287426, 0.07729614224256702, -0.24942496484256713, -0.17081132403813779, -0.32689846576798615, 0.23096455406406946, 0.009384892558241934, -0.0004881012101564055, 0.0022658066150518844, -0.0009380588620851369, 0.09099767155417207, -0.0020535245453084457, 0.00034110117801875925, 0.0005803198730687929, 0.1
9, 2, 1, 0.01779548123779571, 0.0020117311842180853, 0.9801924903241424, 2.9725384391947026e-07, -0.5031188546821633, -0.3542560081912484, 0.5471826906550297, 0.1446216296092258, -0.004990663528548956, -0.00965504118552063, -0.13497903735953623, -0.2941321171730067, -0.31633697179886683, 0.2590010677869984, -0.01592609575140817, -0.0011340950373907501, -0.0006329624587164927, 0.00013911529702497505, 0.08816645922778951, 0.00037402297961396157, -0.001286551407835509, 0.0027071353475026485, 0.1
10, 2, 1, 0.008912141722435112, 0.002016964893797103, 0.9890703703963158, 5.229874519600568e-07, -0.45752684100845664, -0.5099273017688774, 0.509875938261776, 0.17949732987475686, 0.08022648187499096, 0.16403922980418656, -0.11174964480050417, -0.12524000586715853, -0.163827715998989, 0.43484033049616616, -0.05694563929655231, 0.0012500489113923168, -0.0011823132693199597, 0.0010602831858510502, 0.08921548326580579, 0.0010659551384670294, 0.0018441078281723397, 0.0001713471748703765, 0.1
11, 2, 1, 0.008911072356451133, 0.002016090409875699, 0.9890723141387208, 5.230949522608415e-07, -0.5087492306775292, -0.5629788223086967, 0.6360142622443827, 0.23069046635953372, 0.12361687154503942, 0.06074177005860526, -0.022401742016981262, -0.2160358498232468, -0.30486787523499387, 0.09748007243521754, 0.0884120930798443, 0.0003059782120109062, 0.0008718420325164889, 0.0013741870791563362, 0.08926226254872623, 0.0012717057208173706, 0.0015330653951857389, -0.0017715358925267533, 0.1
12, 2, 1, 0.008910781802225183, 0.0020160913570849088, 0.9890726037452808, 5.230954090707408e-07, -0.5622919898211218, -0.4825322001156852, 0.6134888971338316, 0.029177508007569776, 0.1726141820821943, 0.2547676120415696, -0.19944955735359776, -0.16535221711383097, -0.38471368106927545, 0.2682012001574333, -0.040477236583277856, 0.0002980246934074955, 0.0006674488811547334, 0.0014780624158041886, 0.09083994559363383, -0.0005095317479224926, -0.0018050391139095546, 4.9529246379215625e-06, 0.1
13, 2, 1, 0.002918480765907526, 0.0010898510337281682, 0.9959911449963632, 5.232040011452557e-07, -0.4787602638288866, -0.6298197508672121, 0.6964485353927381, 0.23910491681116336, 0.06532969010054505, -0.0524346605452987, 0.1106694995743009, -0.19575218869936525, -0.16314669323497646, 0.4951231923106499, 0.07383206496795192, -0.0002861358523559418, 0.00020989211554636958, -1.6699453246960092e-05, 0.09048194347471693, 0.0020478656327296116, -1.0349140403040646e-05, 0.00030799459983837116, 0.1
14, 2, 1, 0.0029159166881127224, 0.0010897890535387304, 0.9959937710543465, 5.232040020858551e-07, -0.6528600460674452, -0.49865358461074016, 0.8081796030766126, -0.12309643118536835, 0.035876711558837926, 0.07311114431211277, -0.14536147698282856, -0.2949925851156622, -0.3373085848333502, 0.3435037306412608, 0.04600317855075229, 0.0007179683756701106, 0.00043383482808255177, 0.0002920417372852111, 0.08933904765389304, -0.00036582737127013236, -0.0014907315342737792, -0.0010740449156878286, 0.1
15, 2, 1, 0.0029100493205913396, 0.00108693098704486, 0.9960024964860439, 5.232063199330267e-07, -0.6495505875830028, -0.5854887453719997, 0.6756895746994461, 0.06839115602574838, 0.11773962365351827, 0.025944084837609672, -0.1517684782755051, -0.19597647238907306, -0.2683142816582366, 0.31985100886130585, 0.09559938058559944, -0.0011994266977495168, 0.0015474045756500598, -0.0005840860429323985, 0.09026198828804115, 3.9403739417048425e-05, 0.00038900383767092835, 0.0006659413823580491, 0.1
16, 2, 1, 0.0029100486960744756, 0.0010869259037398307, 0.9960025021699841, 5.232302015740817e-07, -0.5776447990495954, -0.5946191020249679, 0.41706009258307963, 0.021110500973221823, 0.15732047459812235, 0.3569549174992723, -0.16593471984496522, -0.2645379862436348, -0.24673598121989762, 0.194366865449976, -0.04556063803550304, -0.00044635144265206615, -0.0004991036214353801, -0.000969387377540865, 0.09081645861442988, 0.0012675174487742922, -0.00012990769561236026, 0.001366137660874178, 0.1
17, 2, 1, 0.0029100486960432193, 0.0010869258997347944, 0.9960025021740248, 5.232301972800168e-07, -0.4638881097063283, -0.47168332939232016, 0.48360072644525387, 0.14947191857638237, 0.4183287631612858, 0.02649501843078126, -0.3133428222599434, -0.3395085957126669, -0.24385974348107503, 0.2697552834452504, 0.15582723064983706, -0.0006388825270786586, -0.001107235506838574, 8.491129809834378e-05, 0.09079841518155454, -0.0008757723703727977, -0.000461552186888312, -0.0018994101796180774, 0.1
18, 2, 1, 0.002907115728892465, 0.0010869472556608239, 0.9960054130432636, 5.239721831498274e-07, -0.7368924885073491, -0.5530072282153393, 0.4395914167207171, 0.12133708190680208, 0.24694304183779084, -0.030224904618697424, -0.17968063115184146, -0.23478849480204142, -0.19299702658632528, 0.35330770030293285, -0.05962474271075761, 0.0008696999588160441, 0.0016291932417868593, 0.0003067788837671794, 0.09002692891907303, 0.0009310501020398491, -0.0008688722147058917, -0.000672458543986805, 0.1
19, 2, 1, 0.0029126953232891145, 0.0010752931470696875, 0.996011468731026, 5.42798615331694e-07, -0.4154651551241152, -0.37185793425077723, 0.4740437785468551, -0.002013628948190527, 0.10949383172962843, 0.10410096590265332, -0.12148499707408036, -0.31180048711583325, -0.16188600189009253, 0.1604382103555772, 0.06970861624601048, 0.0011884808468375003, 0.0006065568565988284, -0.0022895100397926716, 0.09020358835210437, 0.0011831353159284309, -0.00016346672513080026, 0.0001459510156303915, 0.1
20, 2, 1, 0.002994897830430111, 0.0007958372740886662, 0.9962024671157939, 6.797779687401618e-06, -0.4095939052895587, -0.5120909875621774, 0.389185464548872, -0.019246329240857053, 0.1822412385852059, 0.010915795835054809, -0.02166194918461961, -0.20011951962167623, 0.01041355327136242, 0.2574038842348944, 0.021797572350410233, 0.0009931267202056367, 0.0003633474868464395, -0.00038352691482140984, 0.09002342649163635, -0.000675876778945766, 0.0015296398375941583, 0.000947465872113427, 0.1
21, 2, 1, 0.0029947956568280314, 0.0007958358616426338, 0.9962025706932108, 6.797788318551822e-06, -0.5228771977065725, -0.37629929415126007, 0.3310339462258149, 0.10423087187446456, 0.183692346327811, 0.047679014411339905, -0.1792525552534903, -0.416972505019376, -0.2937051819962925, 0.35848447732132466, 0.0035540419082394025, -0.00032241776922102143, 0.0013629189144189718, -0.0006465118120983885, 0.0896434112068367, -0.0006647819418792723, -0.0010279342717454628, 0.001155157049491466, 0.1
22, 2, 1, 0.002994795656826923, 0.0007958358616457353, 0.9962025706932899, 6.797788237355581e-06, -0.5107806570008374, -0.5054842685038963, 0.4967848400859049, 0.1444698630100794, 0.35556876104395796, 0.33333324170096307, -0.32024039029098683, -0.2871500330157354, -0.09519419266316456, 0.013054590024117907, 0.19023222670544196, -0.0007214644242156917, -0.0003770143659592565, 0.0003286737870361233, 0.08955850424382616, 0.0020026252959655095, -0.0002580478058649713, 0.0011686573795969323, 0.1
23, 2, 1, 0.0029947954194090875, 0.0007958358654159239, 0.9962025709269496, 6.79778822535722e-06, -0.567970756456374, -0.32189266772030783, 0.5566327325119016, 0.06294570258443229, 0.3007952471423341, 0.13768182720473432, -0.03475761591972846, -0.40533990763378414, -0.32474012060197377, 0.2767974352838133, 0.19267950510565438, -0.0010092482702701098, 0.001541038596973045, -0.0013975670630795801, 0.0895480056039944, -0.0019896114534019957, -0.0015844950020090696, 0.0007417197988790386, 0.1
24, 2, 1, 0.0029473627319312706, 0.0007965403908551107, 0.9962492906704395, 6.8062067741024575e-06, -0.45812843633331085, -0.34795122783749627, 0.5673635657847613, 0.13790514661096875, 0.26082922890516425, -0.02611286330324054, -0.05116617539656419, -0.2093270049187085, -0.12829559164012075, 0.30542652911269996, -0.10264199001158425, -0.0015644787998837946, -0.0005813135171698116, -0.0008958965539517163, 0.08996292381048315, -0.0018947809027740736, -0.0011815039964344627, -0.0013151003470391204, 0.1
25, 2, 1, 0.002947005769229531, 0.0007965420766777836, 0.996249645940785, 6.806213307728139e-06, -0.4687116112456414, -0.5474983473974568, 0.5755615521614578, 0.17080448991197666, 0.17552023157085045, 0.06942245098473024, -0.2730637723843169, -0.28258140695230527, -0.1882302248010709, 0.22859392877331555, 0.06911526787838776, -0.0010817674604395862, -0.0016438057206848485, -0.00044827625776741554, 0.08926276930586999, 0.00012721833232817316, -0.0011329823219071024, -0.0008780862049841507, 0.1
26, 2, 1, 0.003034252672519595, 0.00043202344753038826, 0.9965260134586272, 7.710421322824216e-06, -0.22109872314343354, -0.4772481315456722, 0.46835238389059103, 0.09872610519129395, 0.012879750919714517, 0.10899161836373275, -0.1470609634254571, -0.160273030612086, -0.23369413857328825, 0.19337067354755472, -0.01309944914369543, -0.0009033127811812755, 0.0004012040104935764, 0.00013917522996300158, 0.09031450497123578, 0.0009793403157150693, -0.0013898708006858424, -0.002671668679749845, 0.1
27, 2, 1, 0.003034209795825972, 0.0004320222449617526, 0.9965260575217724, 7.71043743975902e-06, -0.3460483634261736, -0.39847632315746945, 0.41487432831707094, 0.05503810288108642, 0.18288450249515406, 0.21424802282016014, -0.30823741718846176, -0.14774943278732092, -0.16780671765078728, 0.3357653223259281, -0.007023131880604455, 0.0006045543527600144, 3.121706265301535e-05, 0.0009302578799720823, 0.090477050160574, 0.0009594794701545025, 0.0004923401488063979, 0.0014408904417752208, 0.1
28, 2, 1, 0.003034188489363124, 0.0004320151097245919, 0.9965260857327769, 7.710668135437542e-06, -0.6226110199264222, -0.35249260283859096, 0.276639660327046, -0.04544457464257488, 0.0815717079154811, -0.07836260918818463, -0.31386758555903366, -0.10907802237003258, -0.12270611558283033, 0.3204709280263148, 0.005007966881510404, -0.000705375590751631, -1.8940084544907592e-05, -0.0010979351359211994, 0.09030835931044473, 0.001080893858493062, -0.0005545279416207879, 0.0006247805541475802, 0.1
29, 2, 1, 0.0030341658172650466, 0.0004319694223154514, 0.996526154096192, 7.710664227510179e-06, -0.3904564377706999, -0.5569182895853015, 0.5517074567618658, 0.02564222780796486, -0.0941207690244068, 0.23519244005837708, -0.2336735254034484, -0.3167951379504735, -0.244317368097596, 0.2149788322262224, 0.1696545652320843, 1.838309089373636e-07, 0.00032951949918179975, -0.00035271616870057195, 0.08931419608036156, 0.002096183240186343, 0.001334385752423037, -7.544431317793807e-05, 0.1
30, 2, 1, 0.003034494021365347, 0.0004261517072943843, 0.9965315625214997, 7.79174984055756e-06, -0.3317337290832101, -0.22882049875283564, 0.4309632710470179, 0.12444906691265467, 0.09463379697579255, 0.30901653673914636, -0.05820307630450583, -0.26089386307032403, -0.17701958540774715, 0.1442510703564869, 0.17163648757688613, 0.0012509358908386163, 0.00011346796006678943, -0.0003323121947737655, 0.09025732435267078, 0.00025724211985429644, 0.00021159303632342446, 0.0002425060299281624, 0.1
31, 2, 1, 0.0030262644061633454, 0.00042669519477869, 0.9965392469093841, 7.793489673796113e-06, -0.3284350494940792, -0.3047219362865189, 0.5642296629961007, 0.022775697089524427, -0.002701462685610756, 0.1183135374027803, -0.011279120190538916, -0.3502807873947794, -0.30850370429829993, 0.10684555799990829, -0.04666996408897206, 0.0018062513176484326, 4.947628944987704e-05, 0.0017935300575697983, 0.08937562667692404, 0.0005260184439673394, 0.0020128411714558777, 0.0011715790752877802, 0.1
32, 2, 1, 0.00302305060941878, 0.0004261779501107881, 0.996542916299049, 7.855141421426314e-06, -0.3008764594563115, -0.4218187773279268, 0.36236802065109835, 0.16770109733332553, 0.0530542204654431, 0.004154215727428623, -0.16996981292412258, -0.2335401719741259, -0.24583619495556502, 0.1580632078285791, 0.09334422889913592, 0.002521313882523122, 0.0011628814340588147, 0.0007491811524910775, 0.09051616601640569, -0.0014765217122689389, 0.00019754595864312176, 0.0007518953643147584, 0.1
33, 2, 1, 0.002758336811353084, 0.00031509901615849506, 0.9969176409556847, 8.923216803764146e-06, -0.21598554275882226, -0.49158532152862255, 0.44577881709385814, 0.14859878869419493, 0.08286769824496601, -0.05472068386248925, -0.09044247471597328, -0.13372124906251112, -0.1929595727347119, 0.24184272722610872, 0.1390528015938721, 0.0004988697434562038, 0.0013059541506140683, -0.00015067888909672285, 0.08869848812216988, -0.0003684728673449494, 0.0013310477511486877, 0.00039279895886558337, 0.1
34, 2, 1, 0.0027589593644059235, 0.0003047172658995283, 0.9969264756216055, 9.847748089070404e-06, -0.40606892101174996, -0.28798980109754413, 0.40672665487581805, 0.22196468369033395, -0.04693585990631279, 0.05199369057777441, -0.06662224988735034, -0.13432138293418605, -0.05637350286501552, 0.18587254082843488, -0.01877273098106475, 0.0005975892663830064, -0.00039136978022560854, -0.0006371326493295227, 0.09116394384553414, -0.0010150249654316847, 0.0008289904503965504, -0.0013739764509664658, 0.1
35, 2, 1, 0.0027588263561661016, 0.0003044856031406346, 0.9969267865370085, 9.901503684843561e-06, -0.4948878517314406, -0.3936423849352021, 0.31211707046570875, 0.15170932401304932, 0.01563066902538728, 0.20749109823956288, -0.20092465501738901, -0.16427526179104548, -0.09196463799453404, 0.16358992152910368, 0.08616439462461933, -0.0004162543982551599, 0.0007767411544904162, -0.0010805005115836978, 0.08947841905077217, -0.00016457236387457471, 0.0004151441343199961, -0.0012241032881551571, 0.1
36, 2, 1, 0.0027558642190785225, 0.00030442908209788426, 0.9969297824000655, 9.92429875822094e-06, -0.41158211966351965, -0.5259361281816279, 0.3852735969869811, 0.08362863411859149, 0.18879705732126376, 0.11271897107355892, -0.17174136664172493, -0.25537518040893, -0.17033032538196546, 0.2364750254578974, 0.0036265401220670094, 0.0002529360879384405, 0.0007891246879920816, 0.0005100102953486453, 0.09124681562102682, 0.001833792527072471, -0.0003343093250805612, 0.0004260286706054896, 0.1
37, 2, 1, 0.002755864153269752, 0.0003044287226668682, 0.9969297828227951, 9.924301268328872e-06, -0.4097518260397339, -0.4038932957584486, 0.5401206860838139, 0.2635576667951606, 0.2048949695076942, 0.17409609356155628, -0.24170860217331028, -0.21879008758247256, -0.06402197073755064, 0.032932780341692405, 0.07075708951678183, -0.0007486036956018678, -0.00033694548237494495, 0.0011634329274490744, 0.08987634667106882, 0.0008844822937470263, -0.00035971779263745894, 0.0006603424891020419, 0.1
38, 2, 1, 0.0027565602004563775, 0.00030166349553633677, 0.9969317816910325, 9.994612974894289e-06, -0.34617621535147813, -0.22852950558318694, 0.3996250977471117, 0.1005549471891379, 0.1731073532882151, 0.01269115505904449, -0.22523707167787857, -0.17037036738617767, -0.02065919434158985, 0.20671148126547245, -0.013783219362960255, 0.0004664860837295716, -0.000525325954644242, 0.0013476304002886742, 0.0903556617824017, 0.00156125454816108, -0.0008746830128979911, -0.0012198918918641195, 0.1
39, 2, 1, 0.0027565533735174094, 0.00030165890126953676, 0.9969317914961277, 9.996229085421325e-06, -0.3768611234852324, -0.35570236567737984, 0.36058651983051293, 0.14548499848539403, 0.07488215481805727, 0.3197827142077789, -0.18188957225346253, -0.17965734021026583, -0.1472805912665201, 0.14645820598291828, -0.10112198477925316, 0.0016458635973998696, 0.0002112723327963298, -0.000952313392022146, 0.08998028114969393, -0.0007894575225182837, -0.0004172477774200478, 0.000101670460587129, 0.1
40, 2, 1, 0.0027564370813726556, 0.0003012176845628244, 0.99693233096555, 1.001426851451125e-05, -0.35388981376989864, -0.37713498544455815, 0.3785428192511232, 0.24191524179358392, 0.08080167665624301, 0.08931578697943346, -0.20406859640149322, -0.03199915961449584, -0.13271255486179503, 0.17574825819875034, 0.17694704855166865, 0.0004083669460180196, 7.30234390918871e-05, -6.738453857059291e-05, 0.08978507336905216, -0.0005213170619104803, -0.000962558245496864, -0.0011120927397806702, 0.1
41, 2, 1, 0.0027565448021259096, 0.0003009904721428333, 0.9969324500466527, 1.001467907861382e-05, -0.34742898359120017, -0.2835495392899477, 0.4074606017027844, 0.13420349883379043, 0.2226297034005494, 0.13903476448172197, -0.0155809471805334, -0.2448127506816699, -0.19111125963984837, 0.2467460837449945, 0.23448130833395237, -0.0006073282359439992, 0.00033294067899387837, -0.0015317428117546837, 0.0880031757579949, 9.229034863841485e-05, -0.00015774637607988837, -1.353883769214696e-05, 0.1
42, 2, 1, 0.0027275520182050788, 0.000301577777198536, 0.9969605387384446, 1.0331466151854321e-05, -0.23199751393278428, -0.3857198285114199, 0.4136149699119751, 0.28398785665215603, 0.1482211268816809, 0.09077270689501866, -0.13797319491554358, -0.0940187435552626, -0.28290884796195437, 0.15887808747288787, 0.09201204453155146, 0.00044063397461379235, 0.0008399115128588342, -0.00013945798178506774, 0.08966309313724002, 0.000736243389057171, 0.00040435382654308564, 0.0005168948339621838, 0.1
43, 2, 1, 0.002727354966184244, 0.0003011651878019001, 0.9969611465680054, 1.0333278008552474e-05, -0.36514071001070786, -0.26470475508639624, 0.5756462431020627, 0.01593022573544094, 0.08582584247103817, 0.061800851705090365, -0.1819833404683623, 0.01105389886474024, -0.18607956114291563, 0.043505449963161705, 0.08858583531295885, -0.00029129272282246683, -0.00100729357626875, 0.0010765204889227075, 0.09086171983766313, -0.00027709552707645186, 9.83632080581015e-05, 0.000500840578138773, 0.1
44, 2, 1, 0.002727298195954635, 0.00030084374499643506, 0.996961524140382, 1.033391866709726e-05, -0.4178953433809879, -0.20039323985490715, 0.4515128036181908, 0.07115567557326119, 0.15681548190057903, 0.08229642009037479, -0.10090787969703789, -0.38157626721736404, -0.1605198185974729, 0.214466512838007, 0.017176290508371578, -0.00010071496111761311, 0.0015831601719015552, -0.00018785367057601207, 0.08911528464566847, 0.00022257714722039514, 0.0003893619688816981, -0.0005273733304231527, 0.1
45, 2, 1, 0.0017575846388505, 0.00029358793966878147, 0.9979378281005066, 1.0999320974055998e-05, -0.4738749063066706, -0.1271982207097255, 0.3528200025147351, 0.02484705898634586, -0.03427432236534302, 0.04336973297615619, -0.0874308315267587, -0.1789799587783355, -0.14396527294422262, 0.4469603997091198, -0.02151902860955357, -0.0010976757738024776, -0.0003960738842994643, -1.662316366389265e-07, 0.08919651189866841, 0.0003220878113993408, 0.0009771041038728182, -5.1965385127930064e-05, 0.1
46, 2, 1, 0.001759838574959074, 0.0002905523573473764, 0.9979385623640779, 1.1046703615728175e-05, -0.19787279842685818, -0.3817909591782815, 0.4637748678821059, -0.059531846568670124, 0.18034985868336983, -0.002417432389277563, -0.07812686533074562, -0.2574040628489416, -0.15216994395442077, 0.04435309344647402, 0.017599399756044222, -0.00021150671766955345, -0.0018049869406016252, 0.002203053939999708, 0.08995111393138223, -0.00034753040503628704, -0.0018918154403587653, -0.0002151389263752396, 0.1
47, 2, 1, 0.0017403432568956051, 0.00028527594595377563, 0.9979607108995963, 1.3669897554279314e-05, -0.20784458909829384, -0.3309587148876119, 0.3645028748382267, 0.0621424225032098, 0.036386415398158956, 0.17565252445540064, 0.039387839456686516, -0.11098435957447914, -0.17222325782039816, 0.17476542644586363, 0.12632081459577568, 0.0007528509516860645, -0.0004670001716523824, 0.0001328317282399227, 0.08795895670025385, -6.486938388005287e-05, 0.0005186467877526025, 0.0015892557241507642, 0.1
48, 2, 1, 0.0017402095516769224, 0.00028517761306745, 0.9979609310297105, 1.368180554516453e-05, -0.5276900053295518, -0.30146902937187126, 0.29861428087513503, 0.07695539171501171, -0.0358158994642626, 0.12481509352401632, -0.1896391973183305, -0.147800979788707, -0.07927842341703059, 0.3017690233453124, -0.1721949180016989, -0.0004990572151238139, 0.0022592216390332617, 0.0007663274935382829, 0.08888609728858854, 0.0021625957683954907, -0.000962599219620233, -0.00131990186516286, 0.1
49, 2, 1, 0.001740209550657493, 0.0002851772587826284, 0.9979609313515342, 1.368183902579701e-05, -0.13147673275549773, -0.3437166737902849, 0.16865250390719816, 0.20650262551761003, 0.2093854068901782, 0.11893590645499694, -0.3225827384605709, -0.2924898476477577, -0.27520641568115606, 0.13764263498839674, -0.07937421959696045, -0.0010611168561790619, -0.000811084718826408, 3.681865155669279e-05, 0.091443813772155, -0.0008797899462690507, 0.0005983458179320669, -0.0002485897052732564, 0.1
50, 2, 1, 0.0017402070555549505, 0.00028517727218163006, 0.9979609329596438, 1.3682712619528305e-05, -0.2863954065305853, -0.47181287714965175, 0.2778008750209197, 0.061397136761544915, 0.14336857104689038, 0.22342406356991792, -0.2825023374171762, -0.11064464173231506, 0.08348323905924333, 0.15886229921187406, -0.1346245189634551, 0.0007529108190467278, 0.00232670741343181, 0.0007704946575150504, 0.08963045582101585, 0.0002831541681024632, 0.0006624256141802985, -0.00019207385139895146, 0.1
51, 2, 1, 0.0017403890102985705, 0.00028418608551238593, 0.9979617418216294, 1.3683082559474293e-05, -0.3075097252417902, -0.12338313487020902, 0.4492330742174257, 0.09857248644883641, -0.013466709238134245, 0.01490519986035851, -0.22282497079168948, -0.14987044467266675, -0.3036109024881327, 0.251394094790037, 0.029590186176642674, 0.0006343332533369796, -0.0017191345932065223, 0.0011397002184952113, 0.09151905805760852, -0.002124188113477919, 7.72119648244493e-05, -9.706083667351307e-05, 0.1
52, 2, 1, 0.0017403889965078546, 0.0002841813338942616, 0.9979617420272672, 1.3687642330622517e-05, -0.3895236746372871, -0.2750692336935068, 0.32238631184591565, 0.12103700253915495, 0.3075574687046493, 0.28969360591671534, -0.12375007551074584, -0.20327483771248483, -0.021635567615940342, -0.10463082862395909, -0.023542320317654145, -0.00031835414150503384, -0.0012927418870757117, -0.0004613537518409081, 0.0892410151459159, -0.0008268490438117802, 0.0010034616523379436, 0.0010287018094239488, 0.1
53, 2, 1, 0.0017402121568792029, 0.000284039889809577, 0.9979620576438332, 1.3690309478062898e-05, -0.19566110936126563, -0.23162320977725304, 0.20528284786229314, 0.10867810256042201, 0.05320615892145186, 0.1257507513261864, -0.191529163228639, -0.3055704352487044, -0.1487594137080102, 0.32575731948840936, 0.16247414375940272, 0.00041571155907877593, 0.0009165265067272605, -0.00047536106108728236, 0.09018608580711532, -0.001261742974042503, -0.0012300214412561887, 6.939474604717805e-05, 0.1
54, 2, 1, 0.0017236464974110966, 0.00028317607373693567, 0.9979678117731331, 2.5365655718935718e-05, -0.23220380602757457, -0.262719446286949, 0.3537935777783774, 0.1782646036616681, 0.13735841928611242, 0.2761298072492693, 0.032379033670365674, 0.05702189588434299, 0.016609246550728107, 0.1351419878471223, -0.06288396161329493, 0.0008625625920306327, 0.0002437210404590644, -0.00011012256646619257, 0.08963134767328268, -0.00034278720073284473, 0.0005772840772348342, 0.0006305413090132804, 0.1
55, 2, 1, 0.0017234126832681644, 0.0002824855945573261, 0.997968714251358, 2.538747081659481e-05, -0.41584227038441834, -0.19828251407935377, 0.20969090520694053, 0.03141737965223416, 0.008179679595996614, -0.009565708930346518, -0.09896752428007109, -0.2239602068220458, -0.27138567103488737, 0.2855352842247917, 0.11844146798729711, 0.0003585400425719825, -0.0017067602804054626, 0.0013048748666459925, 0.09005395010588522, 0.000989265256365259, -0.0012739061645267668, -0.0010740593564540191, 0.1
56, 2, 1, 0.00172307752694748, 0.0002823271898182761, 0.9979682264888114, 2.6368794422707992e-05, -0.1833678705695148, -0.26596237793864047, 0.27811668471656625, 0.17414507554459263, 0.2719010292479312, 0.009701224811787746, -0.20851560369218358, -0.05422746685594494, -0.05615355683230801, 0.06431513231597746, -0.0361139905064042, -0.00020671807974819494, -0.0007564490333506617, 0.0019965476232270633, 0.08884002705091282, -4.387618024104634e-05, 0.0003520139008069378, -0.0010888926034235548, 0.1
57, 2, 1, 0.0017225577783806303, 0.00028231730783140677, 0.9979680543310043, 2.7070582783601742e-05, -0.15654819729176792, -0.19111291596512384, 0.1968594486477409, 0.09871487534355357, 0.1680147522041497, 0.08728345443036149, -0.22074441618050758, -0.09611515819876966, -0.04914943518423555, 0.18386182097052478, 0.035885478518481694, -0.0008903355546741619, -0.0002811847711396039, -0.0012056584058166716, 0.09019829834745395, 0.0006279792057515416, -0.0002854281928874767, 0.0003579788125309441, 0.1
58, 2, 1, 0.0017188458520336182, 0.0002821135991053652, 0.9979715820432774, 2.7458505583635864e-05, -0.32966695473269947, -0.19736302012873402, 0.42452753588964554, -0.02013665433932965, 0.1523485221236355, 0.03935040135295951, -0.17247167502337682, 0.010674926125634787, -0.17087808970350704, 0.10035867882961622, 0.012661964961893316, -0.0006835092824748477, 0.0004958924083637318, -0.001635288393406859, 0.08929658100324579, -0.000648469783674148, 0.0008210788459620253, -0.0006475931170870255, 0.1
59, 2, 1, 0.0017144943339822603, 0.000282147596332394, 0.9979758721993398, 2.748587034553989e-05, -0.3856960896358589, -0.38375631224767587, 0.408708452411264, 0.006266536497295661, 0.16255771176128844, 0.07354619095077874, -0.23734818582549083, -0.1025028847563727, -0.18363955926669684, 0.2197627449664493, 0.07514770755273728, 0.0013948109181152967, 0.0014785368636470611, 0.0011372693411219746, 0.08978811241806707, 0.0005423933068876589, 0.0006489583407684669, -0.0005492350693791779, 0.1
60, 2, 1, 0.0017582947255441346, 0.00021382119696095308, 0.9979905268186533, 3.7357258841465034e-05, -0.2938509434526546, -0.264007475470062, 0.1550978677524582, 0.14119580991654476, 0.17328753755366316, 0.15788739077442487, 0.08708659914084818, -0.1436609658406367, -0.18604917670614216, 0.2448772308476485, 0.11463443912516716, 0.0002835043429297135, 8.513974381294402e-05, 0.00039016195470805164, 0.08825030669059748, -0.0008323984999055693, -0.00029790794443226946, 0.001304184839017186, 0.1
61, 2, 1, 0.0017582945971175788, 0.0002138211975667897, 0.9979905268965704, 3.7357308745196443e-05, -0.26961928334702295, -0.12547460720482878, 0.2809469329244222, 0.021917916028589567, 0.0925059493993407, 0.33744803783151694, -0.32326850528208145, -0.045737202543856235, -0.18814326904557882, 0.2840618115658388, -0.14322714737438225, 0.0006048156897225674, 0.0005670349629462738, 0.00043423429253964087, 0.08956852719191592, -0.0005488620103312492, 0.0008195923144509118, -0.0006773159183868852, 0.1
62, 2, 1, 0.0017582974375313142, 0.00021382580802423466, 0.9979904819610803, 3.739479336412463e-05, -0.13436352847180574, -0.019056821902812437, 0.2589041458570851, 0.36423790018294544, 0.03275491950385455, 0.039178757752316884, -0.3533659972891593, -0.22463438554479462, -0.09492808037628446, 0.06998494212620386, 0.14235255228546934, 0.0021636211372458632, -0.0004133181509023176, 0.0014574221822439067, 0.09067456875383526, -0.0006573692773974559, -0.0006214197385120029, 0.0018814725970639715, 0.1
63, 2, 1, 0.0017665053028015462, 9.270732166797775e-05, 0.9980018217567526, 0.0001389656187778957, -0.14138773167788907, -0.2388519810046669, 0.0027343170353242296, 0.15078190957817425, 0.08193615323380252, 0.027490987990816763, -0.09336142730283402, -0.10074577986093239, -0.20364388527965854, 0.19757081995454234, -0.1006204259227049, -0.0005381193315392638, 0.0008456267858018348, 0.000571160714155477, 0.09191461162045726, -0.0007700301457185569, -0.0007177198110150864, -0.00016916731338872585, 0.1
64, 2, 1, 0.0017679940671429264, 9.267130409954384e-05, 0.9979975714016525, 0.00014176322710505518, -0.32135087978938254, -0.012763671897736816, 0.20135938406857673, 0.03789526751412785, 0.15117512259040308, -0.015191553225477605, -0.1934942659728885, -0.19504039988135927, 0.026143635989336243, 0.18527669591964852, -0.007931345058092992, 0.00012612654367981168, -0.0010839833794090959, -0.0011008099863414238, 0.09071713765070513, 0.000430766208677573, -0.00036068209680882276, 0.0008868768710842282, 0.1
65, 2, 1, 0.0017771738893311284, 3.058552264807109e-05, 0.9980162406159592, 0.00017599997206165326, -0.10107735351905985, -0.4153632868762049, 0.24896269415775435, 0.18526788995260315, 0.0867740530511876, 0.23710169607873616, 0.036946071737205675, -0.16019965612593465, -0.2877042645464113, 0.022901585121453016, 0.09077187836154522, -0.0012416193017946854, 0.00032731965927268816, -0.0015176985248940055, 0.09079167163616561, -0.0010412422390292035, 0.00039030295678821265, 0.00016204567080982962, 0.1
66, 2, 1, 0.0017771731622661985, 3.0567560258822856e-05, 0.9980162404497871, 0.00017601882768796543, -0.37297332748099504, -0.30194136447987396, 0.33292064726980275, 0.04289295270728538, 0.3043802735023992, -0.06685573560594109, -0.2432910939809613, -0.038765193557004654, 0.0008821418555970296, 0.06360188922217241, 0.03394734410553128, -0.0015490377448779068, 0.0016981737569688171, 0.0013019941443426898, 0.0890635354874964, -0.00036113343305981633, 0.0008479264754289204, -0.00025381220539165617, 0.1
67, 2, 1, 0.00177731750256833, 3.073323816851414e-05, 0.9980100431334405, 0.00018190612582249835, -0.20672331140687578, -0.20416974495315285, 0.18925761883548275, 0.12170205746312394, 0.026323088022612705, 0.20922962983715682, -0.15944564190484573, -0.2042352123757763, -0.10135112927552388, 0.15836377552649808, -0.045965999066603744, 0.0020421134597628293, 0.001340724133536619, -0.0005155248903128914, 0.09204195847775266, 0.001411528274816599, -0.0008241427602685241, 0.00014676972172079453, 0.1
68, 2, 1, 0.0017771775678229638, 3.072936214418772e-05, 0.9980101108318321, 0.00018198223820078117, -0.3022248643489985, -0.13463656195707968, 0.07752212380712557, 0.07697908064213332, 0.13738660670034736, 0.009264075192590182, -0.19078911568854867, -0.08244593512615293, -0.3013513014593688, 0.15089002829190007, 0.08420504634003645, 0.0007645916014752197, -0.0014324200852977166, 0.0008125791938809673, 0.0907308124893949, 0.00045402223953708315, 0.001594805672459329, 0.0006312305672106424, 0.1
69, 2, 1, 0.001781425716190616, 2.331264829426031e-05, 0.9974120939081482, 0.0007831677273669297, -0.05819384125726934, -0.1953700856632638, 0.18823005959195482, 0.07568442524433501, 0.13828498102658499, -0.018040972835458514, -0.1993095262415494, 0.04824008300357665, -0.01354879833037943, -0.08948307560003536, 0.02046066209962367, -0.0002644882509360754, 0.00014582035363983422, -0.0026374642791624583, 0.08953818787045573, 3.601499779843397e-05, -0.0014936947354127843, 0.0005231678556774429, 0.1
70, 2, 1, 0.0017585469937378812, 4.860498462341629e-05, 0.9970989824213734, 0.0010938656002652909, -0.20408270985574495, -0.12219897446199512, 0.16105992685758888, 0.2163565941105555, 0.13702470778491632, 0.09695978130571856, 0.08813544070816057, -0.07904873197783888, -0.14289222238637508, 0.12942938887727315, 0.049749504986057944, -0.002625616287444941, 0.000425983933357759, 0.001171624646846679, 0.08997926152717065, 0.0007536790318343429, 0.0016115438397224131, -0.0011047181964974975, 0.1
71, 2, 1, 0.0017667734816540306, 6.235394037589581e-05, 0.994646036259784, 0.0035248363181861406, -0.11976092122821191, -0.12069949427145481, 0.24201101838253347, 0.09000865052301452, 0.08494560127684045, 0.13214911942411, -0.19778693433326405, 0.021900108946611718, -0.024724849235085167, -0.09349189176675277, -0.04696341527145905, -0.000729897872637706, 8.277342433348941e-05, 8.501984438303648e-05, 0.08942135513931407, -0.0005951426019968485, 0.0010223299416404416, 0.0010268118952556796, 0.1
72, 2, 1, 0.0017667746955080659, 6.233030290211091e-05, 0.9946460395189176, 0.003524855482672267, -0.2247819816751107, -0.3260705931882777, 0.25638561471202553, 0.07625673004991827, 0.17415178223583988, 0.04761573120001147, -0.12390126608811565, 0.0003733211770996059, -0.3445469849196, -0.10749058986690012, -0.05804457215702972, 0.0004570267166018097, -0.000612731024263625, 4.748945720773886e-05, 0.0896831829845194, -0.001798939480055458, -0.0015026410575569138, 0.0005397898067601276, 0.1
73, 2, 1, 0.0017640900351520966, 6.161738968133393e-05, 0.9946462698070041, 0.00352802276816243, -0.30141759880554225, -0.17672304655216384, 0.18599750914621166, -0.16530489563955136, 0.025255854421910674, 0.07263523778555567, -0.13900361641689946, -0.11237021301611808, -0.14678704150858546, 0.06467795896672332, 0.05453223509508378, -0.0009937037857534149, 0.0006247827651750491, -0.0007128275818736469, 0.08933685947342261, 4.763988555938392e-05, 0.0019746597394425846, -0.0007696550308794409, 0.1
74, 2, 1, 0.0014795734964905348, 7.31047167454244e-05, 0.9920562854954714, 0.0063910362912926654, -0.038863877465654895, -0.22075797094619673, 0.19573013744175846, 0.13702682937809157, 0.03627402533331954, 0.10231129218775474, -0.013546840075262323, 0.03701349186078658, -0.026925559996828174, 0.12407881820972036, 0.0912494144960713, -0.00048308582912294707, 0.000771393682223063, -0.0001910984346671833, 0.0887864349464885, -0.0026258183646584504, 0.0008380685825930566, 0.0027951863679014427, 0.1
75, 2, 1, 0.0029136577718578563, 0.0005083985643075305, 0.9413515640255327, 0.055226379638301834, -0.14612181817630793, -0.004170276265396922, 0.05351722215238499, 0.1223865142176495, 0.11277724297941938, -0.02259269674747566, -0.1933988795578166, -0.020188413218070043, -0.11300869873850032, 0.07058410874380149, 0.03036459298536463, -0.0003530120975248404, 0.00037604386409272907, 0.00037230980709461947, 0.09002981970966681, -0.0011302115401657226, 2.597769634020733e-05, -0.0006438070695776107, 0.1
76, 2, 1, 0.001117039835193954, 0.0005116559000047149, 0.9418458323872587, 0.05652547187754269, -0.23544922847395444, -0.07555392683746298, 0.16708534836174826, 0.012475453548590375, -0.06556133464837959, 0.193690928338623, -0.10506209047791348, 0.08251016334209185, -0.008897299358167032, 0.22161263089212682, 0.07425974495417582, 0.00010741080731920094, -0.0010832851907513453, -0.0014313473066266884, 0.09079993718412713, 0.0009560581835642002, -0.00042702512148531095, 0.0007866096194800427, 0.1
77, 2, 1, 0.001139856242934909, 0.0004059728932735615, 0.9417301249333208, 0.05672404593047064, -0.24800839169097594, -0.008398560982914227, 0.2687886968755012, 0.26008653867080006, 0.06761487055654516, 0.12259334212105222, -0.11283228206302656, 0.008557216576742887, -0.00856518358097218, 0.10661751932969188, 0.07656991119340988, -0.0007793517473413003, -5.451931849151429e-05, -0.0003313506971936469, 0.09084264073690812, -0.0009058122489774983, -0.0019862517999929457, 0.0005215760566846069, 0.1
78, 2, 1, 0.0011392883778832907, 0.00040344542474862575, 0.9417304592386907, 0.05672680695867734, -0.3289867585939155, -0.16752535915738853, 0.06735057198788293, 0.11931535494459404, 0.12114612840197725, 0.004883943285888792, -0.22807565426800686, 0.006652657900846936, -0.033875110555401655, 0.1633470572299537, 0.13321350796792172, 0.00015757462748073272, 0.0005516149109195376, -0.00040909062520395905, 0.09106682632115015, -0.00045647848227976936, -0.0005716055312775267, -0.0018843444540603816, 0.1
79, 2, 1, 0.0011392883695227507, 0.0004034454259937978, 0.9417304594566838, 0.05672680674779976, -0.18447277687788613, -0.1481542149007045, 0.3179054718465856, 0.13818524276537222, 0.13847234007853096, 0.13987773475103243, -0.46078453039932776, 0.01254229814680985, -0.06016501963372489, 0.16879225759357225, 0.07892654718584345, 0.0009287273569477492, 0.00016701223985274413, 0.0006187612372329782, 0.0894251058610762, -0.0016579555002527234, 0.0005568755228407981, -0.0007582110690046054, 0.1
80, 2, 1, 0.001184304163113329, 0.00044765191320809695, 0.939369127719165, 0.05899891620451348, -0.08744807662181521, -0.061843853228227066, 0.3228615649314247, 0.08313399683740555, 0.1811030453181433, 0.24266703206480375, -0.07751919532295337, 0.0436659300378268, -0.13468603109064126, 0.014827922037372977, -0.060114861394927374, 0.0005029020105232287, 0.00044364339857421245, 0.0006985302969168854, 0.08875775525838783, -0.000992836060457764, -0.0008843261171999749, -0.002200844042834312, 0.1
81, 2, 1, 0.0011873041746646663, 0.000474750731622692, 0.9368829572238606, 0.06145498786985203, -0.25973998635832807, -0.004512054812836186, 0.02489646453325687, 0.1924083066664541, 0.2565236809062913, 0.24701166234927588, -0.01075241384844856, -0.058126969497505364, -0.056831329462734316, 0.045512580194488644, 0.027232027971498058, -0.0003921295349713776, 0.0008354452318803678, 0.0003091300310220188, 0.09064848596551205, -0.00025228211572987625, 0.00035509446110166637, 1.5680204512051444e-05, 0.1
82, 2, 1, 0.003314081951689386, 0.0012009320993634923, 0.8043066343400803, 0.19117835160886681, -0.1082540686937756, -0.03260433946421204, 0.17805156647624673, 0.04917019425687887, 0.009272578813749831, 0.13337776468646365, -0.08558316319034524, -5.719803324678585e-05, -0.11256965041898277, 0.03211934952985192, -0.052333970898347584, 7.03989314151798e-05, -0.0006685953320751288, -0.0010061511470005374, 0.08877212149206251, 0.0005725164642288002, -0.000584335639350258, 0.00164678931133702, 0.1
83, 2, 1, 0.0025231262124038706, 0.00014453012572884053, 0.7983935947513494, 0.19893874891051788, -0.12482979306761499, -0.2073661871643126, 0.09411977242920525, 0.1653558661525423, -0.005953306171387762, 0.09131665756759808, -0.033698908297870846, 0.05433088708890297, 0.05476462159561888, 0.013619331705119763, -0.03914256804478215, -0.0007413385258104845, -0.0004723601177562338, -0.002158250479141726, 0.08915675613092758, -0.0008338231420278959, -0.0006580176526106865, 0.0011594354476513967, 0.1
84, 2, 1, 0.005662756419129962, 0.00035699761035006504, 0.78044748322718, 0.21353276274333974, -0.0665961722846048, -0.11039241988714998, 0.09613840604995308, 0.056533930755262606, 0.14839691742866315, -0.027774045973467953, -0.09565251494307928, -0.004323031887601414, -0.1648972553808984, 0.1329420155752395, -0.060200116842142604, -0.0007855389541962323, 0.0016186547275746019, -0.000549139700941184, 0.09098029237384907, 0.00032517985687036404, -0.0011895935500526224, 0.002544878609630502, 0.1
85, 2, 1, 0.005859095955347618, 0.00045361154407289343, 0.7613900279936796, 0.23229726450689991, -0.031911822210483075, -0.004318995322702901, 0.0613906635224681, 0.14347067486779225, 0.15195586715699963, 0.11211386450555245, -0.06694342368789577, -0.17775550197151163, 0.02206442790417209, 0.03226105514729653, -0.1585721309567578, -0.0019651134289700124, 0.0002601100063327021, -0.0003971012289587697, 0.09107242638097093, -2.5578720203653576e-05, -0.00037349420773490506, 0.0006421257492423945, 0.1
86, 2, 1, 0.005873101385227798, 0.0004592889123805794, 0.7610362228285281, 0.2326313868738636, 0.029613784935844944, -0.05606818408758927, 0.16912024663624597, -0.0019514403501672106, 0.23862570215039874, 0.06380833491827084, -0.20733139352090085, -0.1048069742387753, -0.01813191198775399, 0.1885030393436385, -0.12057337944801874, -0.0013549416544343259, 0.0009484607659101208, -0.000625871581748648, 0.09047605408465352, -0.001207937912575639, -5.061997743995503e-05, 0.002190306626362281, 0.1
87, 2, 1, 0.006375593025363833, 0.0005334696767104511, 0.750611067335036, 0.24247986996288978, -0.12603623564117433, -0.007618906847323181, 0.04544424787627673, 0.12706883185186352, 0.1302746394365764, 0.011322902132040314, -0.06477971947984103, -0.09300333635121079, -0.12896612368429877, 0.08059785585043845, -0.19270216352186073, 0.0024195639239433164, 0.0004799706213013036, 0.0002877985842404629, 0.08964066466951974, -1.9833986254480107e-05, -0.00031589647326882227, 0.0005575665426218624, 0.1
88, 2, 1, 0.00637416247489423, 0.0005326403173008949, 0.7506126390640355, 0.24248055814376937, -0.19282127119802484, -0.0746709867265368, 0.3096674627373356, 0.10847082475948248, 0.028182207259845427, 0.055107274367284166, -0.22191754627916388, -0.06903139418749349, -0.20458581248972388, 0.05187936551761109, 0.1684171645915605, -0.00041186811960954825, 0.0007376369973000221, 0.0001689308796101971, 0.08882518631874821, 0.0004427560501256756, -0.0013818041668911102, 0.0001949821391858172, 0.1
89, 2, 1, 0.006374148045749478, 0.0005324564665889604, 0.7506126429155562, 0.24248075257210522, -0.16295351521867452, -0.2223926568778551, 0.15551672400581226, 0.08099347508315305, 0.006992340581623435, 0.1182437762224823, -0.21561804029104872, 0.06722831088952692, -0.17705381454098848, 0.1297756549740944, -0.26422131656808434, -0.0009743501746931645, -0.001186804031097281, -0.0013916435352910586, 0.09234699519245164, 0.0005454121869187907, -0.0015257245840125657, 0.00014333969342464434, 0.1
90, 2, 1, 0.006591674325676924, 0.0001712766828183052, 0.7504343829233087, 0.24280266606819617, -0.15384051845964067, -0.21025959801473423, 0.22833822573627344, 0.09938816351531468, 0.2165137966659363, 0.021456495967691547, -0.026828520702736714, -0.0135530860796402, 0.1668182643375203, 0.13454949310407396, 0.037383043598307554, 0.00034528797112610244, 0.0019791704612121108, -0.0004978511778281179, 0.09043812657467917, 0.0009476993499420812, 0.0009954974306128138, -0.0006236216475837386, 0.1
91, 2, 1, 0.006592707724449975, 0.00020381082073575653, 0.7469741101673473, 0.24622937128746697, -0.06677044984179475, -0.10581303209022366, 0.07328691167676692, 0.1092428157953678, 0.2930892138417622, 0.23617298128713507, -0.1774440708804485, -0.1811488476676444, -0.055703948194525156, -0.020256537301454665, 0.04943109841313613, 0.0011053898287777958, -0.0005217779109163879, -0.0017395495854795585, 0.09012350569036096, -0.0021695960955181426, 0.000815551721575573, 0.0002953019701259174, 0.1
92, 2, 1, 0.00660420603100617, 0.00024024117166811034, 0.7443235853078859, 0.24883196748943986, -0.015373932067601986, 0.009263358108788467, 0.1974386596821061, 0.2554800955841814, 0.11862230290309239, 0.20403942887715446, -0.19170774461704715, -0.02968913775875125, -0.10277149693196597, 0.09618297317571244, -4.826687719023878e-05, 0.0009047880554351838, -0.0006122797623913152, -0.0004785384416783419, 0.09039112516637957, -0.0007655521622627086, 0.0013454374957564837, -0.0008704684999133022, 0.1
93, 2, 1, 0.0066140009270122405, 0.000252646469392296, 0.7424755782486245, 0.2506577743549709, -0.034944084602325086, 0.01629502813890219, -0.007181502260977424, 0.10540047762923413, 0.15107835990066085, 0.12469679739701425, -0.21732898523695296, -0.08913915414531128, 0.09000777843145188, 0.09972229544143973, 0.05941953851041522, 0.00037877219574870277, 0.001184043962902904, 0.000202774685646858, 0.09055077654824002, -0.0021870932032625823, 0.0002187790322857399, -0.0002612356037069605, 0.1
94, 2, 1, 0.008974036042582519, 0.0007116773540553586, 0.6538591629068725, 0.33645512369648967, -0.03396573285126951, 0.013058022489218368, 0.11367095841215935, 0.20811869209984163, 0.11549711007262811, 0.11345827405158423, -0.048579543412509044, -0.11658753806647856, 0.08234666271213205, 0.05432158846196457, -0.022484576147334186, 0.0018318820820472429, -0.0008631289154365758, -0.0012453452820823804, 0.09070482030067811, -4.6985841592602565e-05, -0.0017758530322622376, 4.522258604957749e-05, 0.1
95, 2, 1, 0.00680688733006772, 0.0003014310673825294, 0.6538666797806053, 0.33902500182194445, -0.2004736341726166, -0.04658717832823115, 0.20999533942548737, 0.08271870860135849, 0.04616268083173487, 0.01821606194014793, -0.0898156506447676, 0.04253439154376848, 0.1712816103700479, 0.12862574668458193, 0.05419522571803279, -0.0016705259439046972, 0.001216569792253596, -0.0005791525334705531, 0.08930458980039989, -0.0008571045985805359, -0.0002664848172312841, -0.001388405297391497, 0.1
96, 2, 1, 0.00889907649932362, 0.00037584204832724963, 0.6401276569012397, 0.35059742455110954, 0.020565775980175272, -0.18466543984850248, 0.18429000371498605, -0.017561830963847357, 0.12163514591979925, -0.0076639513397084745, 0.010990727833663949, -0.08600386641871718, -0.14993876409191237, -0.0877859619426225, 0.08127517016763175, 0.000246027660835569, 0.00034017931083540556, 0.001553416453359153, 0.08909457253185382, -0.00014800635187716763, 0.0003704460783485889, -0.001013040332525593, 0.1
97, 2, 1, 0.00893389932027399, 0.0003897858568709428, 0.6373671495684872, 0.353309165254368, 0.18782118223808797, -0.10769450282531894, -0.04823632175461655, 0.05119360284452586, 0.13720350969225917, -0.004149584505409964, -0.1562184395053128, -0.16563334621277448, -0.07551970740809229, -0.010102514948034136, 0.012390920635808409, -0.002084229345530264, 0.001211280705403095, 0.00041970054887227837, 0.08974406431357228, -0.001311741114614707, 0.00022483787744406004, 0.0004358920730677034, 0.1
98, 2, 1, 0.009094878408415717, 0.0005024865438598011, 0.634201573851129, 0.35620106119659556, -0.1540703480683055, 0.04401858526453398, -0.23256604565355063, 0.1625312086389578, 0.1427523515430241, 0.03724753109681306, 0.056551644564690993, -0.02900312431468987, -0.036156265735850554, 0.01575481292135563, -0.14784247714285792, 0.0020421947829164988, 8.441770165196322e-05, -0.0026274046719680167, 0.09065679005533822, 0.001945503273883056, 0.0002113134657209464, 0.0009179448092648294, 0.1
99, 2, 1, 0.010728495375221653, 0.0026756920174753284, 0.23617777110425292, 0.7504180415030501, 0.11863162863033731, 0.02634743815867756, 0.16374329146407557, 0.12786871625663934, -0.12918760080868966, 0.14922118562984416, -0.1399810902011989, -0.04071907340277128, -0.08756114238005089, 0.10481341384914478, -0.1488903681091504, 0.0001649305424493045, 0.00022785812117693621, 0.0008636558987284123, 0.08808893211406875, 6.370586218668086e-05, 2.1171639073433605e-05, 0.001419931809982369, 0.1
