t, Event, Policy, P(still), P(random), P(reach), P(transport), o(t), s_a 
0, 2, 0, 0.8235238790512085, 0.16510722041130066, 0.009867781773209572, 0.0015010501956567168, 0.6056431670677791, 0.573331746510506, 0.6675149710004513, 1.1308878035633056, -0.11094382808759547, 0.0004608381481086443, 0.13484974290471766, 0.34211240370073115, -0.05269798204168783, 0.26648544615606296, 0.15140504283491507, 0.058013753546911906, -0.07839369842065051, -0.011083882349380124, -0.05348748305268629, -0.1035014271092946, -0.15968577478632434, 0.000216104565941088, 1.0
1, 2, 0, 0.8209918918153686, 0.167542171007237, 0.010005282545924586, 0.0014606546314697535, 0.5686448611690683, 0.5684684100842141, 0.6361068370563767, 1.0001365382623297, -0.11196599414970418, -0.11068864434439278, -0.12466500470245807, 0.2316612843159453, 0.40611608432013224, 0.26085930853571854, 0.08723580526076266, -0.04677041854689149, -0.03328004437759816, 0.050610083142127504, -0.11881739833194575, -0.06789146883543348, 0.09041265798991763, 0.10936315337174182, 1.0
2, 2, 0, 0.8223822349887675, 0.16759954177719802, 0.01000945905952058, 8.764174513988648e-06, 0.5642404550275771, 0.5639259490333536, 0.6316785104029182, 1.0010248995443534, -0.1116562899802142, -0.11004704363428808, -0.12359118794880206, 0.0999216161559092, 0.32893249169075933, 0.4429602884111981, -0.13295380890060576, -0.05157311138091943, -0.12911608768614524, -0.11917360662350496, 0.09944806875492487, 0.03925010743223104, 0.07456642719500071, -0.0352575377769115, 1.0
3, 2, 0, 0.8222566459487, 0.16772316416684216, 0.010011472330389008, 8.717554068842195e-06, 0.5577037199944986, 0.5578676712326168, 0.6250565132734909, 1.0004009785187984, -0.11124774919913169, -0.11091343517205968, -0.12581753393151957, 0.3235300840722647, 0.30595286200301597, 0.3135505093969006, 0.015795106089068037, 0.07879910145566237, -0.09331183206574886, 0.029249462503492984, -0.06542413311608275, 0.09543858640477922, 0.05195681577975757, 0.03012467094733735, 1.0
4, 2, 0, 0.8222627294373616, 0.16772542418794023, 0.010011649962221989, 1.9641247617699649e-07, 0.5535179570884876, 0.5526089989600522, 0.6190682904748144, 0.9998161850684809, -0.11172936695616624, -0.11099530170713678, -0.12352357063635873, 0.3390786725887125, 0.28475693019874343, 0.24885559118430717, 0.02139897667454337, 0.025041732936103556, -0.12486428702017194, 0.08472823163721359, -0.05582002197849863, -0.06870501713731, -0.03828156215099311, -0.19815777331836543, 1.0
5, 2, 0, 0.8216239665820464, 0.1683393562729907, 0.010033319824069896, 3.357320893024079e-06, 0.548637322708876, 0.5458970905948477, 0.6109840827127843, 1.0013144270489538, -0.11221210273958226, -0.11121633412287243, -0.12395422165361661, 0.12152665753362035, 0.2433060051278974, 0.4057413823880987, 0.07214253494349654, -0.07352710634905887, -0.13023840896699862, -0.05969294003229726, 0.03972617375286008, -0.03180669283386061, -0.013887651012753743, -0.005642283851822802, 1.0
6, 2, 0, 0.8213457684335096, 0.16861295354864866, 0.010039942694685229, 1.3353231565535465e-06, 0.5438011005281483, 0.5408264144232731, 0.6050847447145973, 1.0000714668575013, -0.11073915256418712, -0.1087746837700665, -0.12432424546962362, 0.24435331495438004, 0.08669372095828898, 0.33463223325121716, 0.17932660484561197, -0.06204623939309702, 0.1768634143619858, -0.06316088309821913, 0.15716191143439026, -0.048798966661581414, 0.05659842618836567, 0.002708320688584574, 1.0
7, 2, 0, 0.8213443933779361, 0.1686143607619958, 0.010039969912930448, 1.2759471377309457e-06, 0.5348336306349495, 0.5359074712558567, 0.5999950916038298, 0.9999035610365944, -0.11044225657490461, -0.10968477949164501, -0.12328537976227442, 0.24009574832506483, 0.3757376307274887, 0.2263673863287517, -0.014102634777099266, 0.06803817212128957, 0.09917284822194125, -0.015731211987396482, 0.16034011854785715, 0.1538047557380925, -0.0739398177375745, -0.014738987802135738, 1.0
8, 2, 0, 0.8210046473682977, 0.16894265006277806, 0.010049672910809422, 3.0296581147914984e-06, 0.5301684447241762, 0.529363102534315, 0.5960071759824944, 1.0004217773056518, -0.11079669779867925, -0.1106796220399285, -0.12520498077968042, 0.2216096637960654, 0.4427485501890976, 0.21888529066004603, 0.060044104687531775, 0.04138490602489381, 0.13472395178961732, 0.027472470247714164, 0.12085153402186762, -0.0028670058099607675, 0.08561493413947582, 0.003779817813803889, 1.0
9, 2, 0, 0.8205199656815152, 0.16939233457316602, 0.01007812528406352, 9.574461255394394e-06, 0.5259726320954038, 0.5247343398993198, 0.5876547642055379, 1.0002015302605063, -0.11163788926338106, -0.11104856331703276, -0.12597994198419094, 0.1534412422288104, 0.3514968287481124, 0.1071659099714907, 0.12942369960843877, -0.08576113261007323, -0.0252554960290087, -0.06484965962834834, 0.16324466184812086, -0.1376915071947296, 0.07888172434328267, 0.043639718314929035, 1.0
10, 2, 0, 0.8205176880533076, 0.16939476722755598, 0.010078164510341896, 9.380208794586377e-06, 0.5177479247824859, 0.518737811267929, 0.5808136561895371, 0.9990942321049425, -0.11109985905812728, -0.11268892208786929, -0.12374662788177344, 0.39617922236425046, 0.28030908506828495, 0.2996602429529455, 0.015469763852785843, 0.19506174660529405, -0.09076816910620603, -0.10469261765360864, 0.1310512092626625, 0.1405684274785109, -0.07115867638971655, -0.10507871525500032, 1.0
11, 2, 0, 0.820504986854229, 0.16940707653799858, 0.010078524357711692, 9.412250060711042e-06, 0.5136182904816031, 0.5121787361138851, 0.57615797800935, 0.9994663786087525, -0.11158315568826924, -0.11051565489832718, -0.12367548475491244, 0.2907097034122835, 0.26148921734482017, 0.3381650934272093, -0.062067844658131664, 0.03390570841715857, 0.020303308152023795, -0.14491256726784846, 0.13283975788106406, 0.09385610363948323, 0.01414185332891762, 0.12666726364873648, 1.0
12, 2, 0, 0.8204153489153865, 0.16949094595036435, 0.010083303692553296, 1.0401441695861102e-05, 0.5089065751129931, 0.5080839306969807, 0.569816694763823, 0.999921693186289, -0.11149662942423928, -0.11267957584171182, -0.12510312844284188, 0.11782211700588632, 0.31367184686922267, 0.26154593585243047, 0.13935595885473254, 0.000603402819357224, -0.20044828164609912, -0.2581304524540186, -0.237408339911596, -0.0026036995708439846, -0.14568080665021313, 0.04193263585177572, 1.0
13, 2, 0, 0.8204185583679585, 0.1694979777647845, 0.010083417432874064, 4.6434382944077896e-08, 0.5003742686825678, 0.5010414403248054, 0.5648085167003019, 0.9992427816058024, -0.11161907886623468, -0.11065934031825386, -0.12462140992674661, 0.2049721152179531, 0.29174890454539804, 0.18781915475115696, 0.11253087645077875, -0.24150502348816602, -0.030906593209147598, -0.10202655232032778, 0.09842248273284301, 0.0531580634788924, 0.07884897554969607, -0.13847222328067293, 1.0
14, 2, 0, 0.8204180605722162, 0.1694984431667963, 0.010083443938829704, 5.232215781189716e-08, 0.49706858583577607, 0.4971009681214838, 0.555330597008897, 0.9999568095850286, -0.10968266979307555, -0.11037384152467578, -0.12422090775480028, 0.22152459212044806, 0.16229667965585895, 0.22614749686812347, -0.18742981995070204, 0.009489724927929063, 0.120379487069927, -0.14225199047182419, -0.04937158878166822, 0.024839914765450506, 0.14259463539977207, 0.11099348310421335, 1.0
15, 2, 0, 0.8204169428918908, 0.16949946660757687, 0.010083516382227858, 7.411830447884721e-08, 0.4914266026334745, 0.4909605848395085, 0.5502456293793537, 1.0000293666701836, -0.11107705866797316, -0.1105985330118775, -0.12459416323508274, 0.32503895524677506, 0.3314795289822686, 0.16527629140302685, 0.090335110381512, -0.059083847053346315, 0.17580928029414586, 0.022888002756705324, 0.032402601506462736, -0.04448179365128282, -0.08937106240686732, -0.23123444421024103, 1.0
16, 2, 0, 0.820415909592547, 0.16950044336927916, 0.010083566885545979, 8.015262781163487e-08, 0.4860609231165264, 0.4858539212299739, 0.5451630566649105, 1.0008481538800755, -0.11010004211479114, -0.1112454643648841, -0.124524947479598, 0.43217503544823394, 0.3306182677966125, 0.3288295452839903, 0.10601953343160823, 0.11645406710560277, -0.12491670940064441, -0.07712902872848193, 0.15897944032627304, 0.14409790242446113, 0.06576048160566542, 0.31502273842946876, 1.0
17, 2, 0, 0.8200628798258462, 0.16981151717665494, 0.010115718429016787, 9.884568481997705e-06, 0.4805170292121411, 0.4794131977836412, 0.5395979090964242, 1.0002046070689492, -0.11108881456551745, -0.1105748763299994, -0.12318709535952274, 0.34864204072066984, 0.3706810522797591, 0.16993125426826142, 0.23687173696996244, 0.16776387598760675, 0.037066451109655826, -0.05372170469464137, 0.11178182330474326, -0.1645805826015596, 0.011859235357150664, -0.11162724906455654, 1.0
18, 2, 0, 0.8199283136065767, 0.16993977198539792, 0.010121358087191138, 1.0556320834247189e-05, 0.4744728000232308, 0.4744879787397829, 0.5321589385713856, 1.0001538792207518, -0.11055749435949987, -0.11168297287930984, -0.12584856780126624, 0.1965156831846965, 0.28693848246201437, 0.47430028569912724, 0.017995040247482212, 0.07800950712459552, -0.04406413592728451, -0.05122427300569253, -0.00022907092298016796, 0.00997037684954392, -0.07362702415696952, -0.025724010595025326, 1.0
19, 2, 0, 0.8198229284019125, 0.1700421767644166, 0.01012372325645297, 1.1171577217978332e-05, 0.4680489245280886, 0.4691007584712973, 0.5253812263968446, 0.9995263413390487, -0.11144943707622515, -0.11136872721937871, -0.12331408747558288, 0.23109544782468405, 0.29944396199674445, 0.22687670933412418, -0.050491303210331503, 0.08177595298789196, -0.04077484390617762, 0.06941203419903365, 0.18045679942453022, 0.09395863892105466, -0.003750231957050907, 0.08775831164476358, 1.0
20, 2, 0, 0.8197755309167137, 0.1700874635327798, 0.010125371577070446, 1.1633973435929538e-05, 0.4643306389360367, 0.4640618059805381, 0.5207194710415298, 1.0010997362605516, -0.10913973611809791, -0.1100081793249523, -0.12271975270466255, 0.056287074990229405, 0.21059963062700499, 0.24517566776499847, -0.07428494280146972, 0.027940336776027717, 0.01915369455099645, -0.08554691249152734, 0.027068605886774434, -0.04317370907250067, 0.121019666494029, -0.02465930397761577, 1.0
21, 2, 0, 0.8196627581896184, 0.17019668462868315, 0.010127910257513662, 1.2646924184787955e-05, 0.4567788922900521, 0.4579010470688951, 0.5119918180246901, 1.0001767564357418, -0.11178315642092271, -0.11142735997227275, -0.12633058502809133, 0.13466902990486057, 0.28873890330635843, 0.05876145219087607, -0.024042155111902403, -0.018567093139725512, 0.07000861820051356, 0.05198220436721475, -0.07701976930675239, 0.03159410138873379, 0.044315236499580545, -0.0023257022398419204, 1.0
22, 2, 0, 0.8192004695715605, 0.17063340352924744, 0.010146819018302784, 1.930788088927698e-05, 0.45194867411884776, 0.453280622559204, 0.5076810706152118, 0.9995668113875835, -0.11154588678896224, -0.11057293900139484, -0.12402940636970805, 0.1742286684658152, 0.27019798050747884, 0.19884651328170647, -0.07138114729318193, 0.18664891507071119, -0.011160605576014745, 0.07253586126028923, -0.07546741966613708, -0.027418092123265254, -0.01694762033703231, 0.054030499741444284, 1.0
23, 2, 0, 0.8191987437322248, 0.1706350532025235, 0.01014697146136292, 1.9231603888865647e-05, 0.44517401106473675, 0.4468008435317731, 0.5013810082699667, 0.9993205438857803, -0.11048722751285471, -0.11220775532897513, -0.12439709846986431, 0.19014933426085912, 0.24444344897584927, 0.17182360542807903, -0.1706556306050994, -0.16208782115205017, 0.00035647103511415694, 0.11514364395402762, 0.13981166771153447, -0.025226841440811543, -0.02897477904966434, -0.06690776524305689, 1.0
24, 2, 0, 0.8188824942531425, 0.17092826347284654, 0.010166701295006884, 2.2540979004180012e-05, 0.44162754805371496, 0.44270167468563093, 0.49618188760144, 0.9996458618681416, -0.11108054951022298, -0.1120087303954854, -0.12181803607146154, 0.2786341596394036, 0.25152847871301504, 0.3848844420263462, 0.020801813615517795, -0.14584686842305897, -0.010923254883242941, -0.15038535221540733, 0.26715580157577523, -0.11492581595936587, 0.042192947774316786, -0.05366669154880904, 1.0
25, 2, 0, 0.8176376014164373, 0.17213849534531128, 0.010195295718265664, 2.860751998559534e-05, 0.4361107633926779, 0.43541000854759543, 0.48730751275884804, 1.000197899223752, -0.11174643755290133, -0.10946141435454364, -0.12393522153433123, 0.2801650902012524, 0.21557631167180533, 0.305446900188997, 0.026542443169823217, -0.04187711985444717, -0.024485455840422395, 0.005604920557766712, 0.058035942582958445, 0.03711296550279187, 0.06219237783025481, 0.17934467994147313, 1.0
26, 2, 0, 0.8163612177224404, 0.17331010796203533, 0.010271306557651875, 5.7367757872444395e-05, 0.4300214138507766, 0.4290255944748004, 0.48375300382418224, 0.9988488854896247, -0.11139606636248858, -0.11168422712455417, -0.12315099647833003, 0.10474991723736013, 0.07578965800175638, 0.22389695760372147, 0.22360367189654848, -0.06433551087301717, 0.07882693111630333, -0.05301240710610736, 0.10317153697302014, -0.08941298343703065, 0.08694503201224292, 0.2278863078761811, 1.0
27, 2, 0, 0.816336912802329, 0.17333407827765362, 0.010271566841644037, 5.744207837344504e-05, 0.4220003072301564, 0.42525485011728054, 0.4765293109900667, 1.000285283300115, -0.11106220573131001, -0.11132710528201342, -0.12477271324279249, 0.3552553468452577, 0.3585026593424662, 0.11868113949692671, 0.06620656255316135, 0.03797891607469531, -0.21267940853575656, -0.029857916639535315, 0.19125945367557884, 0.1498710994467206, -0.08051608245525113, -0.04171280102202374, 1.0
28, 2, 0, 0.8163513167470008, 0.17333637007010155, 0.010271722761720623, 4.05904211769388e-05, 0.42090799091481845, 0.4205437664785851, 0.4688536061202955, 1.0003184541662686, -0.10998061847812982, -0.11230752103826143, -0.12350217942122796, 0.2419262624514395, 0.06126770505220545, 0.24425408014678424, -0.16412522418615003, -0.21469012322076536, 0.019215998753267273, -0.07677347497414991, 0.30148727936965247, -0.09653451584260256, 0.052096767522345135, 0.007080552400014853, 1.0
29, 2, 0, 0.8139889908541357, 0.17547975227458085, 0.010419097045528314, 0.0001121598257551228, 0.41608856624377333, 0.4153157089213571, 0.4633440699003429, 0.9977962191752703, -0.11065719998304488, -0.11039151775558428, -0.12226468368767122, 0.09393107689674358, 0.30222658292506555, 0.16241815637972024, 0.1053071682084766, 0.188370826110614, 0.036820063239162135, 0.0383150939494372, 0.23047953544790234, -0.1454473080614997, 0.007422239292243072, 0.01311154762349832, 1.0
30, 2, 0, 0.8139407774173011, 0.17552404823839096, 0.010422134551292442, 0.0001130397930155145, 0.409049076271617, 0.40888300834877356, 0.45715159053467, 1.0013012005443247, -0.11025700492454907, -0.11202409016603872, -0.12345739498832617, 0.2944490297754709, 0.24823725997208185, 0.3050184683545209, 0.02079985150057422, -0.007302602198741169, 0.0781122672798916, -0.0743045760958378, 0.22596773204273957, -0.06802856278579379, 0.2575897368290212, 0.20767855601529206, 1.0
31, 2, 0, 0.8138742320004347, 0.17558976066904258, 0.010422755837922348, 0.00011325149260014445, 0.40122374556180135, 0.40280557418704205, 0.4508647107079707, 0.9995467565477499, -0.11184360916916666, -0.10855193008998484, -0.12311220549896724, 0.3347262914676281, 0.16117153143417234, 0.15564198787752642, -0.023833976079952572, 0.1456787151859518, 0.060932720255017635, -0.09337335807441502, 0.20507160054716742, 0.11692129681960287, -0.0030514510366901125, 0.01326122407724585, 1.0
32, 2, 0, 0.8138556812397627, 0.17560802794520058, 0.010422954565103984, 0.0001133362499327105, 0.396507836918864, 0.3969038346061923, 0.44547589865678594, 0.9998765757631605, -0.11047963723718857, -0.11126178965735074, -0.12639308280086262, 0.13768997655413312, 0.12927113350700065, 0.11322390942399232, -0.000747227096001396, -0.09304421961479527, 0.13705777262612265, -0.10213791600613373, 0.00974004862240827, 0.1937063422814033, 0.1165311868225998, 0.10995499469074317, 1.0
33, 2, 0, 0.8137540542776873, 0.17570582167850943, 0.010425777222285422, 0.00011434682151782381, 0.39104988082996134, 0.3914429439954131, 0.43867964064604426, 1.0020076749434772, -0.11342127570173106, -0.10979929028950657, -0.12408774641069382, 0.1940430959315387, 0.1922992495735996, 0.13851668828107055, -0.08827966154795366, -0.13344634859460336, -0.004041998055226275, -0.0611487972833694, 0.06209606196211022, 0.03125730045127334, -0.03859680134058855, 0.1451413034531041, 1.0
34, 2, 0, 0.8136804140699484, 0.1757774651547544, 0.010427160539167483, 0.00011496023612978854, 0.38653907674162813, 0.38656099852781867, 0.4314136639380995, 1.001259979941978, -0.11029306986619676, -0.1098968045146718, -0.12516378546025986, 0.26929018177018493, 0.036095206658314914, 0.08469325442555187, -0.11782350974210845, 0.09682135479282127, -0.042017048592575615, -0.10301059739751597, -0.024448150768175893, 0.011032478999443159, 0.05901250092236819, -0.021832325684457976, 1.0
35, 2, 0, 0.8136442802491234, 0.1758129609679842, 0.01042765133143691, 0.00011510745145559205, 0.3793460775284264, 0.3806639457850757, 0.42558619928037633, 0.9994456255509198, -0.11144491295999595, -0.11185992201811548, -0.12524202094185888, 0.36487466456727286, 0.193238435469477, 0.29089298248823586, 0.02043390362621402, 0.01788665039868116, -0.07301635250889683, -0.02098232770006888, 0.10724536495113701, 0.15697743838664852, -0.0786388510312544, -0.15597648399913247, 1.0
36, 2, 0, 0.8088721987912375, 0.18038563902062046, 0.010568218089849897, 0.00017394409829218812, 0.3730682013628174, 0.3755780815704072, 0.4196469696907531, 1.0014189480632933, -0.11083818702673418, -0.11173639337106767, -0.12159134102611832, 0.11006515842308096, 0.20454266897089113, 0.23468663971337053, -0.032925566097011326, 0.07146486281471189, -0.01581231446109036, -0.06357593519718494, 0.018723015864380455, -0.04088054548714894, -0.07374781235577983, 0.03718710346003383, 1.0
37, 2, 0, 0.8086686388379828, 0.18049131999443527, 0.010636007197322024, 0.00020403397025999664, 0.3695191619366843, 0.3683368982938656, 0.41358928774801607, 1.0005549786916055, -0.11008536252883128, -0.11090106228852634, -0.1247567617385914, -0.039496255262049716, 0.14961090731736298, 0.27695668557628816, 0.026036119050730794, -0.22571729565142667, 0.00148840293336907, 0.19367869585653955, 0.029872745102617636, -0.24681907956379523, 0.021413839674083883, -0.005496089050866923, 1.0
38, 2, 0, 0.8085196903502779, 0.1806177744469722, 0.010650889663391288, 0.00021164553935849547, 0.3657601745251028, 0.36465973179067074, 0.4077538299847741, 1.0010639688050837, -0.1126576445697683, -0.11074313368306828, -0.1246546620868452, 0.21084613490107712, 0.08565630167528651, 0.13948568069556616, -0.1655282192853879, 0.010016158362807217, -0.04217713286827387, 0.10471515994532576, 0.04730925701897119, -0.11241628416583241, 0.03457719428621432, 0.07543576284030733, 1.0
39, 2, 0, 0.8035200306750361, 0.18549491681548916, 0.010737643567028115, 0.0002474089424466535, 0.3573105978246062, 0.3599358245876406, 0.40201797404813994, 0.9991675401034673, -0.11025111488772936, -0.11014331626167932, -0.12419244058336779, 0.2434654876435185, 0.14147885264927126, 0.20716752793065277, 0.028345269925674977, -0.01412319104420647, -0.05023286642255045, 0.057432156958397096, 0.18730968010505536, -0.010741200955977291, 0.1475176102888147, 0.09547067306606999, 1.0
40, 2, 0, 0.790917933170863, 0.1976451251675845, 0.011024905655942059, 0.00041203600561042435, 0.35362383325629854, 0.35354469831629404, 0.39451943019694147, 0.9994627610400115, -0.11036127341613466, -0.1101064883291111, -0.1232470190925165, 0.061428114101366324, 0.13164722884135355, 0.11969353888876555, 0.08335080429536135, 0.01380383379187039, -0.0026175988329388356, -0.12337478826291011, 0.0068134988179479935, -0.0784313505299241, 0.04953033280674036, -0.013470937894581047, 1.0
41, 2, 0, 0.790533674946731, 0.1980097837141799, 0.011039830165725878, 0.0004167111733630605, 0.346860862767817, 0.3468791651701869, 0.38929568510695006, 0.9998564768824443, -0.10997623051471069, -0.11113658496525032, -0.12403110584950942, 0.23081275747429272, 0.18508307910363145, 0.34692448879036686, -0.10743300387118797, -0.016317322563026683, -0.051801505840930406, -0.07029593585410426, 0.0691807018018222, -0.05498268337448806, 0.13109340562361346, -0.021360990893971255, 1.0
42, 2, 0, 0.7883823147449138, 0.2001255235706084, 0.011060884139466699, 0.0004312775450110209, 0.34130215587848456, 0.34237161862673937, 0.38371839551995274, 1.0003513025553732, -0.11009708196578327, -0.11007627498051456, -0.12257622280515768, 0.16230831896178663, 0.15472896699355304, 0.06397473571175383, 0.16955840110341844, -0.0032049527590415168, -0.04599714295786856, -0.048445772153576885, -0.01887324198037338, 0.04004063661268934, 0.11991908668702292, -0.0839222611854772, 1.0
43, 2, 0, 0.7764828075188241, 0.2116205781566631, 0.011352324069099626, 0.0005442902554132306, 0.3358261701374633, 0.3356911064974461, 0.3762193898931294, 0.9978776833637216, -0.11082282399011101, -0.11045139400480772, -0.12514826018046527, 0.18383489681272341, 0.13903896077717168, 0.37863969311160517, 0.0907297957899826, 0.15494011966497034, -0.0620666168589768, 0.11527168202867924, 0.13613412810920864, -0.009271095562471524, 0.12527569188844395, 0.009496031637270258, 1.0
44, 2, 0, 0.7762733739092798, 0.21182691775501783, 0.011354669623848436, 0.0005450387118538817, 0.33214352913233947, 0.33116918184750754, 0.36999654919462477, 0.9976694181039223, -0.1112067845542792, -0.11139606022411401, -0.12564250385177553, 0.24894161349825367, 0.1448279609151127, 0.3406037604586432, 0.06287693501803375, -0.13866035471511956, 0.08982514627800842, 0.07872636245353878, 0.14708770912982386, 0.13015707292039233, 0.08164129178693956, -0.03823566388711844, 1.0
45, 2, 0, 0.7762475929292051, 0.21184904220142228, 0.011357016452809216, 0.0005463484165634721, 0.3253905851839908, 0.3258165122165023, 0.36415635040346483, 0.9996635639721558, -0.11107628370081664, -0.11134944061555548, -0.12376923673887082, 0.12842473161467532, 0.2953282454480404, 0.08539915774293896, -0.18434192927172685, -0.09409689506409855, 0.0631323611001103, 0.020261534102103053, 0.030463464592914824, -0.07153775685089343, -0.04439291480061665, -0.008276509300093706, 1.0
46, 2, 0, 0.77538192560804, 0.2126870980654923, 0.011378609639034799, 0.0005523666874330049, 0.31912372150145385, 0.3184827547275678, 0.3556441486087895, 1.001811056692931, -0.11172349472743485, -0.11013865176406304, -0.12514069410823153, 0.22331775756929179, 0.32168189313026624, 0.3304652960832744, 0.12640222714687735, -0.17922835113032298, -0.022693872397770463, -0.017326873747672715, 0.1495708320154588, -0.04869767941880336, 0.11537224022640966, 0.05478635737999046, 1.0
47, 2, 0, 0.7666508179830522, 0.22115192793917166, 0.011552203017850926, 0.000645051059925008, 0.3153007226102476, 0.3141198325206851, 0.3511405683144952, 1.0002769134156295, -0.11075589021012144, -0.1118226396322588, -0.12373059424897064, 0.2829045330646741, 0.11777404148368445, 0.13250309199094595, 0.02721544631793445, -0.08285106777917699, -0.1999372480107692, 0.022468273503188384, 0.01949897632654902, -0.08434695781355059, 0.16611403873498048, -0.021654907861383427, 1.0
48, 2, 0, 0.7523356183711885, 0.23502811486434416, 0.011852901508600586, 0.0007833652558667546, 0.3069515276100558, 0.30962448591666725, 0.3446120322924421, 1.000593596054229, -0.1104059175505216, -0.11072988285997727, -0.12481308922776664, -0.029802408636683507, 0.07330841040566229, 0.2612104011547387, 0.026434213158480574, -0.0029287623954869337, -0.10409005707634114, -0.07633207020763448, -0.10874194753387582, -0.050207563090197804, 0.015149809922703664, -0.0029863229172297427, 1.0
49, 2, 0, 0.7522850622101116, 0.2350761975547287, 0.01185484098573258, 0.0007838992494271997, 0.30197990431025834, 0.3042807461556788, 0.33815167157978043, 1.0002238424910177, -0.11041118435452653, -0.11148419757843497, -0.12326016999387188, 0.3059952409751029, 0.16820658747114883, 0.3777870754444092, -0.12621000998043222, -0.11497961171428639, -0.18059056471847565, -0.06056325932404849, -0.08628789904695448, -0.012031776342686458, -0.010224490038525007, -0.11073467872864098, 1.0
50, 2, 0, 0.7505497278905231, 0.23677271508653772, 0.011879938561674613, 0.0007976184612644839, 0.2987279420836745, 0.2980467082540418, 0.3336130515188633, 0.9986728324554415, -0.11119092685783047, -0.11006586655207232, -0.1233362817891609, 0.28497968301134974, 0.06769106657487425, 0.15774108311527146, 0.06053326018510067, -0.11025215034366606, -0.02087191581339684, 0.12563161923483274, 0.06140900347449481, 0.10525595583695921, -0.13865233234089464, 0.022696293040569644, 1.0
51, 2, 0, 0.7482505760728781, 0.23901745735081947, 0.011916371094094574, 0.0008155954822077414, 0.2926486963745398, 0.29373603129856923, 0.32791841995791315, 0.9980834930760132, -0.1100456607015196, -0.11063924139589991, -0.12539829854907847, 0.16829453321430027, 0.16160825969134868, 0.24233312760129597, 0.007813721964153992, -0.14827910235873673, 0.17036289937597832, -0.018875618867705155, -0.05875314002939789, 0.06423436881205907, -0.0680416331448854, -0.12673885273441116, 1.0
52, 2, 0, 0.7458416374240598, 0.2413838317006914, 0.011945477634792269, 0.0008290532404565243, 0.2848292287147373, 0.2871690361302343, 0.3213031507402088, 1.0001016618172778, -0.11098456981336013, -0.11226947177370847, -0.12357857977226361, 0.11917672414127371, 0.09310037369769485, 0.33798595905591766, -0.0018574372530332228, 0.109241064140341, 0.04524490545155991, -0.04296295382830788, -0.04077844293411546, 0.0550515586896557, 0.14339686513938035, -0.01959619340097551, 1.0
53, 2, 0, 0.7438654234902092, 0.24332734199730646, 0.01196469615103174, 0.0008425383614526242, 0.28088745411645183, 0.27884908662091135, 0.3148998899190102, 1.0005319790857552, -0.1111849485934501, -0.11135059308410784, -0.12394800982538326, 0.047886328327994124, 0.17731717313887221, 0.15649810365714664, 0.011592464507546087, -0.008038305885626004, -0.0204772811495555, -0.08871781629273431, 0.1499433143068519, 0.09525755172496053, 0.1986834756512798, -0.03658316274837715, 1.0
54, 2, 0, 0.7438645057237078, 0.24332823358978634, 0.011964710702865651, 0.0008425499836402602, 0.27361703680264565, 0.2744293361558239, 0.30871307206678134, 1.0013612923469595, -0.11074136981518871, -0.11243911117999376, -0.12448429922095036, 0.26105777951372133, -0.10093416504855204, -0.05979913156938519, 0.04180561040195756, 0.013823133449371161, 0.05921428984182521, -0.05198833898836874, 0.17027809069055796, 0.23010594024330247, -0.17771639813726142, 0.11779909217687383, 1.0
55, 2, 0, 0.7434981385875897, 0.2436848935406682, 0.011971357355396315, 0.0008456105163457255, 0.27091759784665015, 0.26836324250876425, 0.30241837129034044, 0.9991062188410307, -0.11140740195486412, -0.11174702347329513, -0.1234199500842346, 0.19164617965377764, 0.04120334879062347, 0.3198012882594256, -0.09022064710305439, -0.02533256149794323, 0.14940611852055524, 0.01324892445638485, 0.2351041789490668, 0.12588162343026155, -0.10684335088188576, -0.02401972961707352, 1.0
56, 2, 0, 0.7431321791057678, 0.24403985860263305, 0.011978142938089376, 0.0008498193535098278, 0.2623508862414541, 0.2632904007628142, 0.2966452588298284, 1.0003731381563985, -0.10919095734358927, -0.11096699800757961, -0.12301843197839599, 0.058511263673754754, -0.02172635960445779, 0.12864665947302117, 0.1567656985299523, -0.05774848572507061, 0.010404927393059399, -0.21951006030702636, -0.09643861024117506, 0.04117442625389651, 0.1344203714277499, 0.16453216014624664, 1.0
57, 2, 0, 0.7338344826839192, 0.252910067947687, 0.01220604403477816, 0.001049405333615748, 0.257633305898307, 0.25864948936525456, 0.2902025957003206, 0.9993811241525299, -0.11118415884655553, -0.11010735219408876, -0.12416903030189068, 0.0493621414342035, 0.2043551445945398, 0.06332296992549742, 0.018253479249101433, 0.0848506240694282, -0.17686572979978488, -0.03927616718280851, 0.0979393495787629, -0.041303582510093556, -0.05993024344097806, -0.1062719589655325, 1.0
58, 2, 0, 0.7300215177990811, 0.25663673552251287, 0.012259242912002668, 0.0010825037664033324, 0.2533939751649672, 0.25292444481620274, 0.2853931628201377, 1.0007989065146077, -0.1105179128582348, -0.11067329666139894, -0.12551917429465698, 0.23076329163279724, 0.3076802367968227, 0.02265774730962029, 0.05901519323337397, -0.023486331326999822, 0.0330169671237005, -0.01717219424781982, 0.06710266752247797, 0.009310248278746127, 0.05805974641217424, -0.013400587015471666, 1.0
59, 2, 0, 0.7115049504553689, 0.2741456220670106, 0.012851728140097178, 0.0014976993375234323, 0.24787523022080887, 0.24674747166503805, 0.27759250976864114, 0.99939828292376, -0.10844202943486816, -0.11036855757802921, -0.125562738221309, 0.03711213447389687, 0.24105051687206763, 0.19717360832156677, 0.13675912922199254, 0.07529451462829462, -0.00036757366922786735, -0.09376401441769142, 0.1401025248421693, -0.11239331375903176, 0.09120956326837609, -0.04912108191493814, 1.0
60, 2, 0, 0.711348251568868, 0.2742981759345686, 0.01285427519014867, 0.0014992973064146264, 0.24284013521322118, 0.24274741253674098, 0.2697983960321736, 0.9978937938571626, -0.11120032779729774, -0.11153585992714488, -0.12438950064546683, 0.16921569091754085, -0.07362684404609654, 0.27698163825440514, 0.007809268808158003, 0.15383543924861925, -0.19757293768159145, 0.16436179929841105, 0.08819666166435233, 0.1523895717364321, -0.085761228904524, -0.04054691657162626, 1.0
61, 2, 0, 0.7113334485712526, 0.27431224418310113, 0.012854635553009808, 0.0014996716926364568, 0.23723672828671644, 0.23721883052175968, 0.2647774285851526, 0.9986607063060381, -0.11094235655991014, -0.10924813784101368, -0.12400389677190052, 0.13406227386435882, 0.1539093605376943, -0.020488554679776748, -0.038186814475101215, -0.15696645397882408, -0.12233818436552155, 0.17382248262348707, -0.050455303803717697, 0.20827256830136456, 0.12324831211440698, -0.10835859682262046, 1.0
62, 2, 0, 0.710886742136449, 0.27473167184388136, 0.012868119273585134, 0.0015134667460845069, 0.2315473680820935, 0.2323737787278961, 0.25807175145596906, 0.9995533248343904, -0.11082990352637154, -0.10929413905846752, -0.12386574287350953, 0.04511132640932092, 0.11151085734921191, 0.10374946447525205, -0.10004470857176986, 0.010489425231313831, -0.12738726542771364, -0.11789355626394704, 0.1146809428859421, 0.06878663473930918, -0.2238465553331778, -0.009571011532719172, 1.0
63, 2, 0, 0.7107501906960345, 0.2748640800578773, 0.012870376599556392, 0.001515352646531781, 0.2238800129572343, 0.2263005908705958, 0.2524966327656687, 1.0009625892373166, -0.10997880542103503, -0.11017245636360089, -0.12423532372440707, 0.10685697770845995, 0.19617795678070296, 0.026599835223566994, -0.07121483708793855, 0.013386761773902842, 0.12260302248622792, 0.05798281224834175, 0.029361778726289957, 0.16459635234587885, 0.036278424672221095, 0.08256023673022571, 1.0
64, 2, 0, 0.7092744344854249, 0.2763176961052749, 0.012883029356309458, 0.0015248400529907467, 0.2174647971569524, 0.21954309110275147, 0.24733591852617726, 1.001475177620217, -0.1111946626435262, -0.11295427837506303, -0.12598020889484998, 0.2583154201929577, 0.21948218518683876, 0.08528333835832455, 0.12347395320680113, 0.06878079340022333, 0.07198400295999656, 0.09217186538345326, 0.011778721151221005, 0.14312103931434372, 0.062047554969763954, 0.011873500621557913, 1.0
65, 2, 0, 0.6954485211676505, 0.290011698277109, 0.012964496616351757, 0.001575283938888697, 0.2135104989962076, 0.21413976530979287, 0.24117045978422302, 1.0002204713877132, -0.1102339341954754, -0.11024920707971664, -0.12414239410421868, 0.13979398400049275, -0.005889859150529042, 0.1749502327368826, 0.12518630088553656, -0.16162998318707347, 0.05419625021335274, -0.013302285979725343, 0.1379198075245185, 0.10227786185781025, 0.04606224066493879, 0.005013271048005803, 1.0
66, 2, 0, 0.6929600997139573, 0.2923189750397633, 0.013058941148070245, 0.0016619840982091592, 0.2071296273981395, 0.20932522682318636, 0.2338388188429672, 1.000575597733887, -0.11085710420217978, -0.11119897694116385, -0.12234566456266587, 0.21010500743902413, 0.14411161286500945, 0.015249989188534952, -0.07988251873322806, -0.05719541196058362, 0.16223590830804496, -0.02965034094627213, 0.12067343398174088, -0.08267740623499456, 0.10533777273555758, -0.10422998790941751, 1.0
67, 2, 0, 0.6911888583082907, 0.2939913553599842, 0.013111781225258206, 0.001708005106466852, 0.20276079858097545, 0.2022929659712902, 0.2286337297623262, 1.0007613985515986, -0.1104287501941281, -0.11194127148735789, -0.12294830779539871, 0.18832849597394857, 0.09152295929072134, 0.06764351634501166, -0.056486520419612905, 0.12236330508558926, -0.054632151239872515, 0.02841449053504049, 0.02572261412910417, -0.08420614282118197, 0.014143274243346188, 0.050434387959116575, 1.0
68, 2, 0, 0.6878069793032752, 0.29725534247064495, 0.013185158409568798, 0.001752519816511096, 0.19751326775832037, 0.1985097983484237, 0.22103290625916974, 0.9997337142426476, -0.11164441762286377, -0.11096442356693055, -0.12484750004338603, 0.1709638598552628, 0.04095172361344166, 0.23234991495341673, -0.05014683528808482, 0.014818481269611716, -0.05153169437697678, 0.03159028722156981, -0.03652642837048449, -0.04593528735554687, 0.0706859883363235, 0.08205388392491046, 1.0
69, 2, 0, 0.6863645361688112, 0.29859197298560675, 0.013233163388596435, 0.0018103274569856976, 0.1914402345414237, 0.19246365291162582, 0.214748877640498, 1.0007716029163323, -0.1121328746444445, -0.11014850283464084, -0.1222884581043349, 0.059010735725800734, 0.2399632247969105, -0.015786401058581378, -0.09519140047171357, 0.10887942474357386, -0.13386326864039136, 0.034323919952154454, 0.32114209008069106, -0.020777644386941404, 0.17265686942992894, -0.06039558409697969, 1.0
70, 2, 0, 0.6802419910800497, 0.30456844706370423, 0.013314171501432813, 0.0018753903548133152, 0.18571657788774715, 0.18686985244805962, 0.2109730919968698, 0.999281888009552, -0.1101972264609209, -0.11210702591839465, -0.12491403651814859, 0.16267230412733194, 0.1553869327932833, 0.12876205583724037, -0.012425872788777267, -0.0638561540005723, -0.09226368702147499, 0.017515696181658307, -0.020721471191846474, 0.03481858183382337, -0.020389439593168943, -0.10802968594231763, 1.0
71, 2, 0, 0.6710232522319163, 0.3130859986494649, 0.01365989914865528, 0.0022308499699635305, 0.18120364497162134, 0.18112567434374333, 0.20361566255063077, 1.001311745114014, -0.10951360092957374, -0.11080535322582345, -0.12521453921044476, 0.06152618340629275, 0.1491979167048471, 0.17986975517811404, 0.02601455792965431, 0.11912839489014801, -0.049761643012655385, -0.1080734264524654, 0.010504770435655475, -0.07918945764258004, -0.18154844918100402, -0.04126233466412359, 1.0
72, 2, 0, 0.6708451534229821, 0.3132343813478662, 0.013673551195948451, 0.0022469140332032735, 0.1748255691228156, 0.17637612960983812, 0.19621104664602423, 1.000094134107258, -0.11281374031955368, -0.10958863276297386, -0.12491233340464673, 0.14666041378539235, -0.058692087225995004, -0.03314425652462949, -0.08616778972522247, -0.03723404929822206, 0.08913587215476707, 0.22803031218560954, 0.09100527468633576, -0.030217338110280843, 0.04292295530486771, -0.08457597641753616, 1.0
73, 2, 0, 0.6641806648774973, 0.31961554256549923, 0.013858027327835677, 0.0023457652291679018, 0.17073968293799688, 0.1708538988988109, 0.19139406424934052, 0.9993012979043095, -0.11045266258191974, -0.1109093005355067, -0.12174327239755718, -0.016257715106363237, -0.03274297849390234, 0.34255907412135717, 0.01021926889073778, -0.1442253950039546, -0.014659968778396388, 0.06344905795191205, 0.08680601839667021, -0.03322577769660579, 0.005106806958329125, -0.09406770737029618, 1.0
74, 2, 0, 0.6625859534960837, 0.3210834448624398, 0.013910313059517797, 0.002420288581958684, 0.1624200179184746, 0.1642836426100815, 0.18263602901633003, 1.0005987239355636, -0.11067317254049083, -0.11096984126127737, -0.12189069948706091, 0.025686446388895934, 0.19321099808112666, 0.06296124071996065, 0.1835643976768721, 0.03403263881140765, -0.003153764086714484, 0.18085284238529914, 0.018587746268771143, 0.06681079889089434, -0.15657904300979453, -0.030728517124008103, 1.0
75, 2, 0, 0.6625855613440043, 0.32108370648180823, 0.013910378227434178, 0.0024203539467532857, 0.15839833962473857, 0.15799945851178943, 0.17816651006837897, 1.000930206138476, -0.110850606791256, -0.11164891919445727, -0.12360130327434485, 0.025085605580283776, 0.21449208327213057, 0.011472327485361655, 0.032525390806508486, 0.1442121611651758, 0.0006401854128775435, -0.1977484197370026, 0.1404059450518084, -0.0918680037273011, 0.09383569484134321, 0.3327846581595719, 1.0
76, 2, 0, 0.6595619252474064, 0.3240283847556974, 0.013952669529602023, 0.002457020467294111, 0.15288045010406198, 0.15459417036505455, 0.17313474378376084, 0.9993511304378238, -0.10938406076743393, -0.11102858091815104, -0.12576196844738657, 0.09402109932446828, -0.009369360316663421, 0.17531486829666668, 0.0868263593076214, -0.006330575221396564, 0.023098448907141314, 0.06793428767738818, 0.1606677436636399, 0.0049997850652801585, -0.08417211244286063, 0.018956228840946693, 1.0
77, 2, 0, 0.658784076648269, 0.3247810563692822, 0.0139649794743194, 0.002469887508129354, 0.14620738804790653, 0.14895368686064886, 0.16665675414310657, 1.0006656183949807, -0.11056762915507848, -0.10976169620244376, -0.12509570071608883, 0.08604449294272107, 0.1311074988432402, 0.05752188848875903, -0.1288537986696971, 0.07419257233386362, -0.08380630158613132, 0.003970506720190096, -0.07428602508785838, 0.11819845789873817, -0.022434562516140736, 0.011699294725098442, 1.0
78, 2, 0, 0.6529334594380889, 0.3303898727899328, 0.014079931548709158, 0.002596736223269232, 0.14471252602325113, 0.14179979181258404, 0.1584385332891965, 0.9998574858219053, -0.1115743966498552, -0.11136988607629839, -0.12434754591967538, 0.10113808186509257, -0.10629601923658456, 0.029279814454263597, -0.027883075967311655, 0.03256062727417623, -0.1055074640389864, -0.06922857997007141, 0.17184554288073414, -0.018749293522793024, -0.12508714204710833, -0.06449510149545548, 1.0
79, 2, 0, 0.6487325968443088, 0.33432231847791616, 0.014218552116226284, 0.0027265325615487422, 0.1363519212367224, 0.1350646569160441, 0.1516971366893961, 1.0003483401327986, -0.11242325463392384, -0.11011868679174638, -0.12437156828161607, 0.15079643320251415, 0.10216851858273288, 0.08430719995591629, 0.061576240205796585, -0.19425595479254598, 0.11037509886752761, 0.19850199533677096, -0.009938158998114111, -0.024518891483094073, 0.025139407673216495, 0.03949427514095383, 1.0
80, 2, 0, 0.6366557712370752, 0.3445782343503186, 0.015039781054764981, 0.0037262133578412292, 0.12835965641924382, 0.13062512067198823, 0.14622828658449766, 0.9991740451553675, -0.11110608757923135, -0.1115532843026011, -0.12343324717141149, 0.18511220643495174, -0.013926508958089912, 0.11641098935677725, 0.018722649927778168, -0.036259059596526096, 0.06541285028239836, 0.14811079422901943, 0.0399815250832774, -0.11361808545007215, -0.1297073773705249, -0.12268768778061163, 1.0
81, 2, 0, 0.6107398334916814, 0.36909736372178786, 0.015796596948750963, 0.004366205837779834, 0.12509550256474414, 0.12403272383243336, 0.13994654303670745, 1.00092449305034, -0.11157069447294635, -0.11209520892831464, -0.12440957668675465, -0.10312744849297766, 0.09569358240408025, 0.1737811422621863, -0.03358105788838615, -0.06008224951856045, -0.16451623398141046, -0.060860178686773056, -0.011909498429049125, -0.06006898165304477, -0.05981330001623142, -0.06973714209684367, 1.0
82, 2, 0, 0.6082770638316136, 0.3715078946661814, 0.015823978609048675, 0.004391062893156303, 0.11962693523217352, 0.11938373161528293, 0.13567076318086874, 1.000834891112207, -0.10983657780778204, -0.11011891329688932, -0.12385065321324233, -0.06536011702359366, 0.18966529972747614, 0.13367274752186503, 0.13271283088783387, -0.0031689686440447055, -0.017863704778879608, 0.0022212229348628283, 0.022789316065204308, 0.04576414090956134, 0.09156837471374553, 0.06989168247747667, 1.0
83, 2, 0, 0.5925530727547463, 0.38674969491731, 0.01606280241202234, 0.004634429915921422, 0.11761105593747312, 0.11402228274457057, 0.1291033357558592, 1.0007954723278643, -0.11074272936959206, -0.11164280669593411, -0.1235350542930326, -0.08865123784072845, 0.053266358490692875, 0.11716696863988936, 0.07119921697123141, -0.08809633344474696, 0.19140076601590644, -0.02060663007544131, -0.06218709116330552, 0.0032718223552569295, 0.09143730416266735, -0.12160224123143196, 1.0
84, 2, 0, 0.5720785003630217, 0.4065645006669296, 0.01639340459189838, 0.00496359437815031, 0.1093781509770547, 0.10824237805543221, 0.12170224307867453, 1.0012577435060146, -0.11092826911853348, -0.1110664104302123, -0.12419602929484877, -0.1920848633871691, 0.06050897754988993, 0.08128796794137556, 0.07409074049838604, 0.02898666931942498, -0.06042930639553416, 0.04592638903127892, -0.07733821889210976, 0.014478306657384647, 0.04261133841848079, -0.07144553376075766, 1.0
85, 2, 0, 0.5718448106344305, 0.40674704386465627, 0.016410724578879248, 0.004997420922033932, 0.10303644352414827, 0.1027477007241675, 0.11650301063569599, 0.9997716026619177, -0.11009187545931895, -0.1117555474684998, -0.12371152048913328, 0.11491789588397057, 0.03751739930214642, -0.012487249894421282, -0.1190265652895226, 0.0045968986566420405, -0.11325764685678016, 0.13096386435341656, 0.012683328415593604, 0.04271404444511841, -0.1738148432986276, -0.21378116476586997, 1.0
86, 2, 0, 0.5517954161419714, 0.42635902728217306, 0.016601436876043547, 0.0052441196998120445, 0.0974287855314168, 0.09778007734120822, 0.10924392376141849, 1.0021683152985328, -0.11053016382314473, -0.1090430976234426, -0.12414644434804174, 0.059419756016821146, 0.018053679125478513, 0.0010068151832797855, 0.07632594880122658, 0.042515362240995315, 0.11043211871427194, -0.041324499354213576, 0.13062280831657302, 0.05328609381167225, -0.030829170190375444, -0.03618924425087826, 1.0
87, 2, 0, 0.5307347663318832, 0.4451511319987477, 0.017525209746951532, 0.006588891922417588, 0.09348116441952424, 0.09217749230721879, 0.10322857766653877, 0.9994175205337669, -0.11058275474092036, -0.11007262051998615, -0.12331060590450212, 0.018673068766599705, 0.12996388998320219, -0.0032165245960814604, 0.04956175023222964, -0.010989692205063089, 0.07683419348616653, 0.08446914803232676, 0.2536812606098532, -0.1116913300496308, 0.022153816681476226, -0.06834413371885975, 1.0
88, 2, 0, 0.5281063953301515, 0.4476863886418398, 0.017569848785129783, 0.006637367242878815, 0.08819398238535872, 0.08699516939689672, 0.09601975230553073, 1.0007116919048886, -0.11105208075745196, -0.11044395201448791, -0.12357243083318073, -0.05506013412602075, 0.06138409907104213, -0.0064386494890201484, -0.029726577559329736, -0.07589285461725856, -0.0076654165198880115, -0.09575527383693541, 0.051474247149320786, 0.013348067415315329, 0.04059797795225001, 0.04688600691871623, 1.0
89, 2, 0, 0.5280966523747399, 0.4476900138359558, 0.017572383054175442, 0.006640950735128824, 0.08017495946885965, 0.0822714281120438, 0.09067980463035212, 1.0015264607601577, -0.11211146541615369, -0.11007955066595472, -0.12424832408356419, -0.05868717403981476, 0.26749573597576826, -0.015018489994543449, -0.050564636600244704, 0.0786845343554687, -0.014366814268443235, 0.0021093738505779513, 0.001041667757987219, -0.2801279427865493, 0.05935940487292718, 0.12055608877942932, 1.0
90, 2, 0, 0.5277093322349622, 0.44806255154730484, 0.017579992170182555, 0.006648124047550364, 0.07611489828785485, 0.07459064670162595, 0.08539997246175536, 1.000433725879288, -0.11182602626752522, -0.11308727345765257, -0.12539392430638568, 0.06763541457993391, -0.003571974864991767, 0.17421813375845244, -0.04008581219943239, 0.07702592135388289, -0.1305070135432327, -0.03286623290458267, 0.050037672097955364, -0.053512229210051596, -0.01148022459662808, 0.0708079642903978, 1.0
91, 2, 0, 0.5276987648889891, 0.4480727242888129, 0.017580166754140304, 0.006648344068057699, 0.0702413879353366, 0.07092712587782765, 0.07752518973417136, 1.0013442616288335, -0.11017271907867979, -0.10957604865395057, -0.1234089059619016, -0.0013140742269533712, 0.13422033812699877, 0.1671752683433635, -0.09679265380068586, 0.11475506057038318, -0.029969795438343376, -0.024437663290089666, 0.032358862831718085, 0.26427255218621754, -0.1134010889035177, 0.016801779156982093, 1.0
92, 2, 0, 0.5272386890046368, 0.44847068205537344, 0.017609992982772816, 0.006680635957217094, 0.06356418774774304, 0.06300171039289557, 0.0721810622313822, 1.00011993579773, -0.11227109670025068, -0.11103792788114897, -0.12357960969646284, 0.1290809777710548, -0.04178638400373441, 0.2737788227879517, 0.15329115744051133, 0.07195689124872215, 0.01445970510715532, -0.06891448949562463, -0.16860111026908925, -0.1882696590273682, -0.1194513801142207, -0.059528545519188694, 1.0
93, 2, 0, 0.5148772651062465, 0.4599464342741743, 0.017985237400192356, 0.007191063219386854, 0.059100931776171726, 0.05840872291517578, 0.06645089848025418, 0.9997631868563369, -0.11141788400324637, -0.1108964508471277, -0.1227775301894678, 0.05173961976227923, 0.0944362314453535, 0.06288096572437907, -0.11840017292200929, -0.004640346147737431, -0.028670043834960912, 0.034666358568678564, 0.23851368844198606, -0.017600056505223904, -0.05179731906248749, -0.0715409250180257, 1.0
94, 2, 0, 0.5133937364133763, 0.46135109851014133, 0.018021980006828347, 0.007233185069654033, 0.05444590320235276, 0.05462788443522657, 0.06016003222463471, 0.9994530559240138, -0.10917449879355448, -0.11089319723420206, -0.12369002015070989, -0.2263609252799871, -0.021862547918614132, 0.09080235100588803, 0.08470145218879253, 0.06986116957955764, -0.12611325973958842, -0.17012375420796536, 0.018875249343450484, 0.025157943543770368, -0.17976770318210145, -0.03595414520197361, 1.0
95, 2, 0, 0.5127306950628651, 0.46198421311499116, 0.01803414103756426, 0.007250950784579535, 0.04690296142633575, 0.04827416460676663, 0.055546147413687984, 1.0011498380204027, -0.11175456759566467, -0.11071843740348752, -0.12478830143140981, 0.03948550490053051, -0.14875024534892073, -0.0632741120146349, -0.08146120637606348, 0.19789857047192344, -0.0774878924546058, -0.02394992230094672, 0.104337385208779, 0.0727999433918284, -0.09881973989878647, 0.016580344856634573, 1.0
96, 2, 0, 0.5117565746963199, 0.46293917807053314, 0.018042548943283207, 0.007261698289863841, 0.0430165037179775, 0.04249987913506014, 0.04803092552586391, 1.0004101980875097, -0.1096969269790921, -0.11092506122130252, -0.123394416804167, 0.13873884782282267, 0.12350100776366765, 0.09896739120744123, -0.016322388069849092, -0.026219338394717562, -0.08483528000381799, -0.05128205022529745, -0.14410610133422638, 0.07250546963367907, 0.2200876102612405, 0.04586613284345273, 1.0
97, 2, 0, 0.5050568570641474, 0.4695464054482662, 0.018082427543248077, 0.007314309944338327, 0.036360553170107175, 0.038987080678361395, 0.04135629346468502, 0.9999862087997945, -0.11022898740688994, -0.10894855349468924, -0.12438194899329276, 0.13378227945542376, 0.04075497921707144, 0.07539334159227948, 0.05115466591370924, 0.09367321275949661, 0.035896633775311715, -0.00963812671730495, -0.006308197759807732, 0.09709539808335259, 0.11234277621953367, 0.012561512651423032, 1.0
98, 2, 0, 0.5045514145996723, 0.47002838907754624, 0.018093636950566844, 0.007326559372214554, 0.03174687919023454, 0.03182762450300719, 0.03472280911763706, 1.0002986046036129, -0.11092541633190704, -0.11300065294297754, -0.12331762367441812, 0.060318821686618576, 0.2545654169442869, 0.09849840674167872, -0.11924931112506405, -0.013065031577466645, 0.004143907751175723, -0.11232673568177817, -0.13278491314633048, 0.026826007837073784, 0.1326608235236843, 0.04977025983496759, 1.0
99, 2, 0, 0.5016203755548759, 0.47269603602433674, 0.018183758669031793, 0.007499829751755709, 0.024801440796346073, 0.025406087924717297, 0.026991434366181104, 0.9998319488441713, -0.11055737849447814, -0.11027054748603404, -0.12413822192826436, -0.06282403496896863, -0.042473739034952614, -0.06765050209629583, 0.019706449724753217, 0.2536687753347073, -0.040728732303553325, -0.06093001914538718, 0.06977202118866442, -0.06808630661507553, 0.0809512944149982, -0.13525379606669555, 1.0
