t, Event, Policy, P(still), P(random), P(reach), P(transport), o(t), s_a 
0, 2, 0, 0.33607348799705505, 0.6160489320755005, 0.04764563962817192, 0.00023196759866550565, -0.6446867892001912, -0.5900966294158272, 0.6779875180098978, 0.6749669545137332, -0.01987971536654185, 0.06649517673325085, -0.12229532652467401, -0.2755718349397006, -0.34993913033624297, 0.11233819017551157, -0.06410153477447386, 0.20252621420391037, -0.028815310906191348, 0.23841412551871022, -0.11331661412831076, -0.0556858665071147, -0.009066864450562923, -0.024804607811787775, 0.7
1, 2, 0, 0.3355407273888457, 0.6164497906706566, 0.04800915237074431, 3.295697533553984e-07, -0.5705607350387153, -0.5687137531575985, 0.6374313794815604, 0.699809238582715, 0.11006061427352927, 0.10958265307289121, -0.12503514906591692, -0.3293128226200564, -0.40123519954834863, 0.42620193044092264, 0.04949549331309787, -0.16473576360268477, -0.02524978219680026, 0.1469310141724846, 0.2266122648321535, -0.0384883687451643, -0.034725771341725206, -0.20845259299214924, 0.7
2, 2, 0, 0.32919652890293827, 0.6226091139270508, 0.04819432772892369, 2.944108741908053e-08, -0.5654544886945383, -0.5613830431048692, 0.6326255974445594, 0.6980785607702917, 0.11063503569301907, 0.11139854572142949, -0.1244523763960393, -0.41955551071421493, -0.47007922142918923, 0.4892423909345241, -0.14379294394207173, 0.12294074107411657, 0.2366286696038232, 0.10246660387973854, 0.03634306849871931, 0.11265188132891599, 0.031198085050240326, 0.030283646143087567, 0.7
3, 2, 0, 0.3269005587579516, 0.624723420959735, 0.04837246013394347, 3.5601483701004546e-06, -0.5577467849938613, -0.5584666127834151, 0.6251716269775108, 0.6992061625222921, 0.1111056014939181, 0.11089173956078661, -0.12433845780093353, -0.3250463261634585, -0.2733872870635765, 0.2727624643586856, 0.14034430448743446, -0.015015414193839102, -0.03392602966484693, -0.0685609191963462, 0.23921175057651486, 0.015180668072223156, 0.11478793307656346, -0.002255415508780039, 0.7
4, 2, 0, 0.22617065795069746, 0.7077574713653574, 0.06450681271366615, 0.0015650579702791037, -0.5527362794784322, -0.5525116070125253, 0.6196618526016053, 0.7006994765159091, 0.11127627562562717, 0.11190742564017872, -0.12239974213536427, -0.06975662941718692, -0.18725861522207782, 0.073067702291705, 0.04029616388928683, 0.09917069027030255, 0.02618279535435299, 0.13350288809634817, -0.07739075083492714, -0.14663511757762615, -0.25740474803875607, 0.1290757162887142, 0.7
5, 2, 0, 0.022464187309077538, 0.9121741426048668, 0.06531133495081363, 5.033513524204062e-05, -0.545814285097194, -0.5476671245502899, 0.6129347257700564, 0.699618099152241, 0.11136309522850614, 0.11019990753860849, -0.1241898481494913, -0.18673942620843445, -0.23523010386916798, 0.24662584549528993, 0.051768587573420045, 0.09824721800575141, -0.008417430760895867, 0.07008895368104986, 0.13374780908518882, 0.23230367232500632, -0.027709716716046117, 0.13372521143805943, 0.7
6, 2, 0, 0.006918119524185224, 0.9270072404286729, 0.06607069123347059, 3.948813671430299e-06, -0.5425031605130491, -0.5407782613065734, 0.6050742348824429, 0.6993065408810449, 0.10941689809347759, 0.11136100450456761, -0.12303255970869809, -0.031185924304537684, -0.3476418547707775, 0.411921159209281, -0.16458990021205033, 0.030501197620257013, -0.10929570485087023, 0.07284648636852364, 0.11682210679324781, -0.09490890420432589, 0.0031984673192658234, 0.12344764679253908, 0.7
7, 2, 0, 0.005230369173188243, 0.9283331298452471, 0.06643461996840541, 1.8810131593317998e-06, -0.5358430571219226, -0.5361519618335971, 0.5999747205767081, 0.7005171489107613, 0.11100076299314565, 0.11037500651103258, -0.12628905219187572, -0.46190903544253786, -0.16701382697760436, 0.3373126909591259, -0.0247251283515816, 0.05845461286410962, -0.08196887674494356, -0.019393907255728406, 0.11606819367905881, -0.1823464598124762, 0.0589124138144981, 0.10262150772291552, 0.7
8, 2, 0, 0.00010132209421288724, 0.9329252935547787, 0.06695764158447624, 1.5742766532250945e-05, -0.531172054523981, -0.5306696423410939, 0.5940295700930597, 0.6984987250238797, 0.11043121324402472, 0.11252366656501109, -0.12536823798335506, -0.2533565179362899, -0.3206244447189442, 0.21508560145321237, 0.16124640053166722, -0.13622539929353472, -0.1100290378176143, -0.016526376838901295, 0.20480465039439993, -0.07074694530368245, -0.007434758279906967, 0.03267141745737404, 0.7
9, 2, 0, 5.013190116180395e-05, 0.9329868795128141, 0.06696295540172344, 3.31843005382253e-08, -0.5249518712222702, -0.5261369646126001, 0.5873687832983212, 0.6996982655482067, 0.11231923287158378, 0.10984777170872413, -0.12454252817344783, -0.4391683112536314, -0.24873480251278762, 0.25397311141217455, -0.017441551007209444, -0.04113022873395293, 0.17097281386888538, -0.06039548874817278, -0.05510873925661236, 0.10733358182748662, 0.008119565746403386, -0.0383346583287137, 0.7
10, 2, 0, 4.0683620579133725e-05, 0.9329918266247973, 0.06696746013967986, 2.9614943676122503e-08, -0.5196769329151074, -0.5188879350637061, 0.5822658321033446, 0.700050550909149, 0.1111602915236011, 0.11026385229210019, -0.12281202549764758, -0.23449137007830373, -0.3146610881979369, 0.28636865548334534, -0.10960516370648413, 0.10457338702532899, 0.1362526138665522, -0.09790779135964818, 0.23552453417246438, -0.11377210190982616, -0.10700387496974777, -0.037954303261977095, 0.7
11, 2, 0, 4.059017345549134e-05, 0.9329919486928172, 0.06696746090899675, 2.2473059378790174e-10, -0.5130812278972632, -0.5112347991308305, 0.5772781742743367, 0.7013880184483037, 0.11213741952908032, 0.11117584958761317, -0.12537499561868196, -0.2542902512002876, -0.3581526355946215, 0.3971833436086758, 0.13638902545583764, -0.07347257199030842, -0.2721231422736865, 0.20309653195288266, 0.26279485669584124, 0.08503073570754456, -0.033323098292266935, 0.16274811268437034, 0.7
12, 2, 0, 1.2907264694988344e-06, 0.9330307217572944, 0.0669679806650693, 6.85116693738029e-09, -0.5082515705026434, -0.5087200490395272, 0.5683228942505144, 0.7005982791048815, 0.11040284100560564, 0.1088230942834277, -0.1261038045143817, -0.19948561907931744, -0.4333772384588995, 0.3120594278742838, -0.10656789481262682, -8.427312790620438e-05, -0.08256791411243525, 0.13553010245222902, 0.12182089565261874, 0.044814834748691565, 0.08112230417610841, 0.06939979388824026, 0.7
13, 2, 0, 9.91040343366082e-07, 0.9330309751138729, 0.06696802680418036, 7.0416035072413596e-09, -0.5051693117948199, -0.5026674649921118, 0.5613247002909815, 0.7018279980717865, 0.11112307445309674, 0.10874216753435337, -0.1260035184013109, -0.3298911890161059, -0.267130107628821, 0.2482560284101507, 0.1511361107271067, 0.03882786261880463, -0.11068950384075053, -0.02272721342347562, 0.13802355618100864, 0.014487827390942246, -0.05964654369234919, -0.06584086218517879, 0.7
14, 2, 0, 8.896863467186072e-07, 0.9330310648210701, 0.0669680386113231, 6.881260032604053e-09, -0.4976460546181, -0.4980052158762665, 0.5573970586492544, 0.7001698617027712, 0.11033404492544266, 0.11069780462011274, -0.12472535444942526, -0.45732385320294994, -0.27931311789906854, 0.45193267601317644, 0.12507387506161258, -0.046235597433162495, 0.06073439061889426, -0.009280306750466847, 0.028833131124786672, 0.009778210945382096, -0.1290315023426517, 0.03353673153241234, 0.7
15, 2, 0, 8.566643939544513e-07, 0.9330311005976982, 0.06696804262002076, 1.1788701826774814e-10, -0.49123985342211346, -0.4894449174402923, 0.5505885907642727, 0.6997182934748335, 0.10865366195966901, 0.10865279953923235, -0.12493459411892752, -0.17908784063987568, -0.420920313820318, 0.2598278331339272, -0.05372767866245376, 0.12684843950268468, -0.03962185103378103, -0.03377141487613598, -0.03332638274021883, 0.184891481582772, -0.06523527376082647, -0.11279230595978493, 0.7
16, 2, 0, 6.777221391888616e-07, 0.933031190116127, 0.06696813079819168, 1.363542261872523e-09, -0.4839828988682967, -0.4854830720336228, 0.5447623955388504, 0.7014810995365782, 0.11018561532975638, 0.11059207801838696, -0.1234154567153494, -0.34436202888670436, -0.32919145179504106, 0.22034174843230797, 0.03917426145708554, -0.02674619165408995, 0.004566664416168148, -0.0027423048945264305, 0.06773335228920653, -0.12227558259262097, -0.1705971854797153, -0.06485646110249989, 0.7
17, 2, 0, 6.765345404351311e-07, 0.9330311924707927, 0.06696813094253422, 5.213272965270522e-11, -0.47968617020581056, -0.4795788429442343, 0.5403384774468283, 0.6986932159556206, 0.1098391379872529, 0.10980943013989204, -0.12542975618959354, -0.2221203777825767, -0.11672592048114949, 0.35233867563460886, 0.30918201382386323, -0.167208748851363, -0.06583693422449947, -0.07635465062052504, 0.09147070550055224, 0.08585416337699392, 0.1326307619207511, 0.04898863348534753, 0.7
18, 2, 0, 6.178185379466374e-07, 0.9330312218677858, 0.06696816011676533, 1.969108394759964e-10, -0.4754819242037377, -0.47498927819490006, 0.5329698355715182, 0.7016099980224914, 0.10906873261465946, 0.11036352226352933, -0.12441367358467584, -0.0580311379569554, -0.3992633022592743, 0.40578459757192037, 0.06935185890068682, 0.17660690397364362, 0.10899323159309901, -0.059369467350193286, 0.03566787452583653, -0.055124501430763154, 0.007623420318233561, -0.1813195032580192, 0.7
19, 2, 0, 6.178926523628027e-07, 0.9330312219762703, 0.06696816012269963, 8.37771920978199e-12, -0.4697278962379401, -0.4710648321361754, 0.5256524634710676, 0.6974783443992797, 0.11002700618120727, 0.10956945329889792, -0.12499282766198697, -0.11540526663771915, 0.004033272934298715, 0.3018687674118989, -0.21033751744538254, 0.023224072108322356, -0.015021873546818148, 0.07076298957262489, 0.09297895131766698, 0.08696351133868938, -0.1634480178569283, 0.05257486340095332, 0.7
20, 2, 0, 2.8706312580349434e-08, 0.9330317208933097, 0.06696824808750801, 2.31286976757183e-09, -0.46334631709962065, -0.463647634000651, 0.5196123659970084, 0.700070220856739, 0.11348909238792079, 0.11135013916800729, -0.12353683311004116, -0.21913304569977338, -0.22833824693539198, 0.33342414097877715, 0.008839316342119596, -0.20900181507955926, 0.10334476439189814, -0.03676729868486892, 0.15275339605932778, 0.03973865129003285, -0.17380271773938463, -0.03463102669245203, 0.7
21, 2, 0, 4.703286964366017e-09, 0.9330317372921951, 0.06696825635523118, 1.6492866130735879e-09, -0.45802887466051506, -0.45723591802333996, 0.5126775853612915, 0.7001895253722004, 0.1097438547975349, 0.10876008102119412, -0.12368610804527358, -0.1671721088209544, -0.2209327750204812, 0.17734371483242617, 0.055543749853816604, -0.10509799672431433, 0.21021491556832875, 0.08269678867271157, 0.03120930747387205, -0.1830255831911824, -0.08329404409283689, -0.04094928385179704, 0.7
22, 2, 0, 6.321443153723616e-09, 0.9330317373116139, 0.06696825636553845, 1.4044675871014556e-12, -0.45088863882967606, -0.45380279472746643, 0.5069784078270204, 0.7009773013232, 0.1106464218711396, 0.1095723644431406, -0.12373942753382508, -0.29540942277282645, -0.4296137490407558, 0.3757431745342882, 0.1816283955614241, 0.08693712103739062, -0.051724880912109084, -0.07856512521631501, -0.036256730471687995, -0.09362477148336158, 0.06410897070980603, -0.05188937930971432, 0.7
23, 2, 0, 6.30561085936153e-09, 0.9330317373210891, 0.06696825637245878, 8.413065016599486e-13, -0.4474053263631461, -0.44703622638473667, 0.4995099742982724, 0.6994623563924118, 0.11122476042539811, 0.112703109898039, -0.12399929281479102, -0.3506132864601927, -0.09144674360535732, 0.260017694713273, -0.22740841955477387, -0.1576674026926182, -0.1335071909182359, -0.032419838602145486, 0.20880217770812476, -0.13951404942374235, -0.015542518827940716, 0.07091839459845567, 0.7
24, 2, 0, 4.017888304637051e-09, 0.9330317394390698, 0.06696825652366462, 1.9377316799581887e-11, -0.44057879471206657, -0.43981192726100626, 0.4952594411775732, 0.699678629127867, 0.11333688614703245, 0.11109256367229517, -0.12527676487021863, -0.24204044194097135, -0.16649444424128057, 0.34904766072700094, 0.035028409233804424, -0.056071280138223226, 0.02831094788962178, -0.05443277031878073, 0.10740161544562539, 0.015813584198060057, 0.08280675462340716, 0.11563954326497791, 0.7
25, 2, 0, 1.1208814847887905e-09, 0.9330317421084063, 0.06696825674159734, 2.911474151773152e-11, -0.43761357705633286, -0.43661851405479685, 0.48997892150493627, 0.7002551379053948, 0.11185191444452121, 0.11141884636772637, -0.1256330944912129, -0.20635446351389622, -0.09292834074647231, 0.3051834531593522, 0.013644877754060017, -0.02991732078283275, 0.0624954357754167, -0.04967011532516343, 0.10515037028242466, 0.07489351986338126, 0.07604617435687305, -0.06873094620387836, 0.7
26, 2, 0, 1.1209185759986637e-09, 0.9330317421083487, 0.06696825674161769, 2.911503159463707e-11, -0.4307544388950283, -0.43020654403889963, 0.4804794983243739, 0.6998095868376304, 0.11097691113885703, 0.11059999407647032, -0.12365326791462872, -0.40414058860316115, -0.10243108349470798, 0.41737352682542533, 0.2402344433117225, 0.03938782371361428, -0.14521203874077576, -0.0204453644575815, 0.018187875619843752, 0.03519926801990595, -0.1789671937671709, -0.14226425764175554, 0.7
27, 2, 0, 4.341892502504042e-11, 0.9330317431030413, 0.06696825680919552, 4.434429383810377e-11, -0.4231386829163585, -0.4233066111281487, 0.476360940497099, 0.6991196358227583, 0.11132062375240057, 0.10990240914530543, -0.12522257530141617, -0.08218368214098608, -0.3474988850233764, 0.1317816767090255, 0.08824868907037015, -0.08394600716116773, -0.12129131418392283, 0.06392130727961114, 0.09746291375496915, -0.028178910574257105, 0.16164694622853176, -0.04825706582455414, 0.7
28, 2, 0, 9.842072818565258e-10, 0.9330317421716442, 0.06696825682199209, 2.2156461346906123e-11, -0.4192892656628021, -0.417590355053044, 0.4691146817103019, 0.6995299019883898, 0.1126821468142244, 0.11054399366689163, -0.1251348078674725, -0.17544815735617064, -0.11105206011222965, 0.21839499598456968, 0.02968749695470769, 0.04484010749263653, 0.03832694197572719, 0.09456230912092782, 0.2533325680266115, -0.1641532103236446, 0.029544222484513362, 0.0010721042827689926, 0.7
29, 2, 0, 2.450949848162005e-09, 0.9330317406679031, 0.06696825685568303, 2.5463986409726196e-11, -0.4135443080820188, -0.4140487240155066, 0.46417283241919227, 0.6994090010691344, 0.11214596183766015, 0.11109464816516106, -0.12471902247646882, -0.16008660406782876, -0.14039363066358748, 0.1465850400216226, 0.11277049612096286, 0.15730092765849663, 0.03432051422311807, 0.02470002874383492, 0.06453742473528017, -0.005410394063597118, 0.03877720500980782, 0.053143639263915056, 0.7
30, 2, 0, 6.978679441884029e-10, 0.9330317419987225, 0.06696825720860279, 9.480674203756648e-11, -0.4069361795188765, -0.40768820503586073, 0.45712206900199914, 0.7015482891729847, 0.1107580458818213, 0.11060169821892492, -0.12543300032479443, -0.1435182195500336, -0.14072683559951976, 0.17511348866818588, 0.06337201464247463, -0.06421100187811546, -0.039914816680322165, -0.0014111889061760345, 0.05889897637494941, 0.002529989606559836, -0.12992058047213806, -0.08266943561366905, 0.7
31, 2, 0, 6.932278256785621e-10, 0.933031741958009, 0.06696825725013013, 9.863313328550531e-11, -0.4031082113031948, -0.4015892002400342, 0.4512215978505571, 0.7012892848970077, 0.11151071684117886, 0.11141681038242715, -0.12619310308676296, -0.3277930570537012, -0.2097929563310867, 0.13663596075876602, -0.11130422433881584, 0.01441820710259314, -0.13102367953347155, -0.09023979793254526, 0.024506569959140113, 0.07727034433094934, -0.12286612983185814, -0.03226044868147172, 0.7
32, 2, 0, 4.6157391273077506e-10, 0.9330317421339177, 0.06696825729495115, 1.0955720736121445e-10, -0.3961738941653038, -0.3978347601803267, 0.4436770283401775, 0.6987374710499958, 0.11230824095927924, 0.11078455906707411, -0.1260310517837863, -0.17219408534347266, -0.19498922770821508, 0.22050556640702762, 0.061861924864832094, -0.036904000583212984, 0.10294450854663525, 0.13129584173222253, 0.11272569622548634, 0.09323709270315161, -0.03153951924700729, -0.127043623530457, 0.7
33, 2, 0, 8.189764440118926e-10, 0.9330317417899984, 0.06696825735514522, 3.587991945314923e-11, -0.39111819106356005, -0.3907205498968206, 0.4376867903609433, 0.7007661657413713, 0.11034596350407759, 0.11122215476648005, -0.12321117539129842, -0.13363974342104928, -0.22582540188929084, 0.22220705414824762, 0.015105378197360098, -0.1426697317720994, 0.28342210969252907, 0.010026885973944721, 0.08161595474070314, -0.016562705262941943, 0.05660320718811747, -0.11071263981338701, 0.7
34, 2, 0, 1.7233470833498845e-09, 0.9330317408792547, 0.06696825735931976, 3.807833625906897e-11, -0.3855965494249628, -0.3873391571721456, 0.4304146949749265, 0.6994853745585854, 0.11288508044454923, 0.10958293126961174, -0.12341458697214605, -0.13929594642727655, -0.2680401065543963, 0.22675647092062237, -0.06733985256749445, -0.12368700873637364, -0.21837896964869338, 0.012778370341161074, 0.09031386941851274, -0.04036170822093786, 0.03026737222137027, 0.268403460729746, 0.7
35, 2, 0, 1.9837327232954423e-09, 0.9330317404467362, 0.0669682575281241, 4.140693807334653e-11, -0.3805175228618263, -0.3795322852815376, 0.4267907317779507, 0.7004922092118563, 0.11013593336420902, 0.10961290388064855, -0.1267011139289679, -0.16341639199876382, -0.12936129715059175, 0.20026418395299178, -0.16110308253288735, 0.3683714711947729, -0.005004042046084488, 0.056888013988100894, 0.16904064041948202, -0.09918370866439158, -0.119835031191909, -0.014142904827200289, 0.7
36, 2, 0, 8.09462185340376e-11, 0.9330317421227761, 0.06696825773901648, 5.726121395648678e-11, -0.3768593688370044, -0.37614932570063925, 0.42044201819387583, 0.7015296751686362, 0.11139867324224957, 0.11199195902854649, -0.12524956583643157, -0.19988021614140397, -0.35026498121333677, 0.25242267096292414, 0.1351517663735468, 0.02515473717833882, -0.0618804929827226, -0.10259737276918027, 0.19424752302780562, -0.037926903360592665, 0.03740235193897358, 0.017383480515660965, 0.7
37, 2, 0, 2.142720919610285e-10, 0.9330317420052112, 0.06696825774073363, 3.9783108621812554e-11, -0.3691919396410803, -0.3676593179207781, 0.41546097851934227, 0.700176900660041, 0.1102008017709795, 0.10924056836491351, -0.12428612034142021, -0.21948995926947285, -0.14739142086139986, 0.16412336730477134, 0.05460713275621511, -0.026661986409246535, 0.15424838322993167, -0.03290512601123101, 0.010208081808137082, 0.1917689250679798, 0.03887149440694336, 0.09470139094158828, 0.7
38, 2, 0, 2.1233034088363778e-10, 0.9330317420041795, 0.06696825774309083, 4.039944989745838e-11, -0.3636316697509966, -0.362571779177564, 0.4087380387382111, 0.6981167008454128, 0.11254816023548053, 0.11156786386865099, -0.12467250546135364, -0.07898500263571906, -0.2938052824448145, 0.20481265048716285, -0.3423537998876833, -0.03306669608333683, 0.0646640787397173, 0.03569531328875663, 0.10009896596738274, -0.10643867726056452, -0.17560756984842898, 0.14548665884583797, 0.7
39, 2, 0, 2.2077618752411054e-10, 0.9330317420041853, 0.0669682577431134, 3.192510797650138e-11, -0.3587747127463067, -0.3587955126445842, 0.4006086094037394, 0.7009608956669361, 0.11138468570267616, 0.10788508012023064, -0.12291059429695636, -0.22542082887792408, -0.18908238719278897, 0.3106348542719865, 0.2164318563697257, -0.02481984025653211, -0.02936804116605845, -0.13332911078937723, 0.1381598654767609, -0.21955513398059892, 0.32624861999340493, 0.15505653187431767, 0.7
40, 2, 0, 3.2515169400008444e-10, 0.9330317418795414, 0.06696825775017051, 4.5136444560937386e-11, -0.35203980822826253, -0.35161373852021294, 0.3950352600339141, 0.699434392813878, 0.11006810261299407, 0.11099848668649699, -0.12616055187552944, -0.21154333529042185, -0.2299935385637224, 0.2567248476849954, -0.03708499290497773, -0.01799236505559832, -0.005830258183221406, 0.13330453672923603, -0.01588431118347996, -0.12617650471977093, 0.17025340234472694, 0.12851837116469747, 0.7
41, 2, 0, 1.45330336473277e-07, 0.9330315947377401, 0.06696825891519366, 1.016729848507392e-09, -0.3466081830877836, -0.34798968155862053, 0.39093697979969977, 0.7015054159840229, 0.11150316485638287, 0.11076154949388235, -0.12347261999437065, -0.037087954383040064, -0.12270611068983665, 0.15331277585744268, 0.060380766746573646, -0.05137172691448479, 0.14587799880087587, -0.18929565927044498, 0.031266511234242754, -0.08653173384606809, -0.07325197306265409, 0.06428808663396832, 0.7
42, 2, 0, 4.630054872456183e-08, 0.933031666325892, 0.0669682600001582, 2.7373401186512173e-08, -0.34174904953176466, -0.34123621218485, 0.382542668145612, 0.7025081665812992, 0.10936378963416829, 0.11082143972960776, -0.12478297953794466, -0.2155190054655863, -0.12363086276592195, 0.1078043718383062, 0.019202012216683516, 0.006968142362896524, 0.071766984647084, 0.09350083758643782, 0.019277079480482483, 0.11086926201523069, 0.2865408394545289, 0.02049648780616347, 0.7
43, 2, 0, 3.925995423033996e-08, 0.9330316724567375, 0.06696826070564312, 2.7577665268766628e-08, -0.3371201311483886, -0.337307853957219, 0.3754729245587348, 0.6980894127394621, 0.1089952901258318, 0.10982864566249055, -0.12396451441999574, -0.16685542494983938, -0.26626865813170836, 0.3104874894722535, -0.08605902880955837, -0.005509187614260868, -0.02053365106482135, -0.08426151431685286, 0.1670454685137901, 0.11908306351617322, 0.05917161123839097, -0.08081391354952887, 0.7
44, 2, 0, 6.804495600680172e-08, 0.9330316387259928, 0.06696826366319615, 2.9565855095717825e-08, -0.33018550711945927, -0.33022978947277914, 0.36957981636231135, 0.7003611537010797, 0.1088616825459282, 0.11196217631292357, -0.12342217827887639, -0.011787786204937145, -0.11909211177304453, 0.15847081565265628, -0.1954574359437171, -0.2620105654899666, 0.019574149847293717, -0.05359887691591551, -0.05960845986815454, -0.015104537857364573, -0.01808204110895873, 0.06454954393675462, 0.7
45, 2, 0, 5.8172154693957725e-08, 0.9330316468885339, 0.0669682640009561, 3.09383553174922e-08, -0.3248189016442845, -0.32414149126262626, 0.36482782401567426, 0.6993829526631304, 0.11195970546893956, 0.11119559408558206, -0.12350468685077436, -0.19953036810969507, -0.1478390008610861, 0.18359383004813132, 0.2813046434418603, 0.08716046406616404, -0.1396818935458079, 0.09101319167870182, -0.0781072019451239, 0.021907890952234103, 0.025475709504382778, 0.03052927550871099, 0.7
46, 2, 0, 7.0091802092600815e-09, 0.9330316866519531, 0.06696826938209532, 3.695677139012716e-08, -0.3182724987522617, -0.3199773156725125, 0.358978127904712, 0.7009717627836596, 0.11023564276111981, 0.10917539762955342, -0.12370044932779552, -0.2745658068701783, -0.12914723456194008, 0.10755774102688095, -0.0033925150371080766, -0.05830932054826819, -0.006984828373290747, 0.09699052876102562, 0.23581452813796422, -0.0961898587047381, 0.020545605705395938, -0.017222384768533636, 0.7
47, 2, 0, 7.822766253452856e-09, 0.9330316856501126, 0.06696826944761498, 3.7079506293264564e-08, -0.3125283496935116, -0.31613556522320796, 0.35364416294366685, 0.6983321231117819, 0.10932453126635049, 0.1100839645673316, -0.12421321543226396, -0.15431392988381185, -0.20843334047963263, 0.2612032586885972, 0.11006331364733787, -0.11458239981665172, -0.14634634380343792, 0.07949072050953306, 0.2858132820570042, 0.23080964115844033, -0.1621557427020569, 0.08748611118908445, 0.7
48, 2, 0, 2.5348345797020132e-08, 0.9330316846951009, 0.06696827219247867, 1.776407456746603e-08, -0.3075901828471599, -0.30831017616100914, 0.34561450305332764, 0.699775238976942, 0.10936780258389811, 0.10985271624113666, -0.12444348325894901, -0.2885017147628542, 0.042430049616909195, 0.10617254214533223, 0.02692994655842551, 0.14377089588107395, 0.18513573649845932, -0.1010931604062085, 0.178421009661638, -0.12486425178509339, 0.0067330246426626685, -0.11754962696245982, 0.7
49, 2, 0, 2.2912018971878274e-08, 0.9330316820100729, 0.0669682756437533, 1.9434154888272113e-08, -0.30241381444871396, -0.3029262130631546, 0.34000294905479056, 0.7030835522778112, 0.1125903624090732, 0.1111064289075863, -0.12439490816784526, -0.3271946270803684, -0.19783864983273491, 0.12961122276462095, 0.04034177221620117, 0.06853120516180054, 0.00210312979585123, 0.05405809910031077, 0.00998579173869607, -0.0684900978240097, -0.08484689243386896, -0.11867235484739609, 0.7
50, 2, 0, 1.036256200958589e-07, 0.9330315901649064, 0.0669682803169731, 2.5892500440724777e-08, -0.29830409921097156, -0.2977218225727242, 0.3319334931417828, 0.700315978690812, 0.11254898549483168, 0.11027420113219213, -0.12514069669116212, -0.28654312444866453, -0.11975135450584104, -0.00035428508136996494, -0.033820123569616965, -0.014170891646430808, -0.046514313088255155, -0.09405319512513338, 0.10083814533131999, 0.0038147839591217486, -0.08997484793801394, 0.038887057113589744, 0.7
51, 2, 0, 7.956770139158353e-08, 0.9330315604884323, 0.06696829476152262, 6.51823436912814e-08, -0.2932433711396526, -0.29330635142317446, 0.3270588147902679, 0.7020870339963169, 0.11165061271514624, 0.10993302870678368, -0.12220741135003628, -0.15517119097456153, -0.1617110854679461, 0.05534926791858887, 0.1647093352883308, 0.2105375130016401, -0.11041492384950687, -0.12897152157767988, 0.18999331763032976, -0.023192567724798142, -0.0349791508778803, -0.11682300531054175, 0.7
52, 2, 0, 2.149498340071534e-09, 0.9330315828486713, 0.0669682996632297, 1.1533860075046966e-07, -0.2854794097453516, -0.2883888530858789, 0.31984719827428243, 0.6994200462345048, 0.11187421610844187, 0.11064952895439532, -0.12564821221718914, -0.21173140118100267, -0.1971413191146656, 0.04009410467954235, -0.04665871466222058, 0.08744534601082511, -0.08587759711351525, -0.017738564345567632, 0.1579747057476254, -0.19191843656575125, 0.14742472269314372, 0.11263959946480417, 0.7
53, 2, 0, 2.1312404665566024e-08, 0.9330315655378326, 0.06696830013334583, 1.1301641702539373e-07, -0.27877454135360175, -0.2803050174540684, 0.3153717268533829, 0.7016926293909027, 0.11020904783800159, 0.10977729773002964, -0.1232066036237421, -0.20054246969576223, -0.19034767204617115, 0.11485806474507418, 0.035832389766568995, 0.08553889146205754, -0.052461863420375454, 0.014093284247540796, -0.04743447257742196, -0.04976752950911873, 0.05438661824420097, -0.17822369107286137, 0.7
54, 2, 0, 2.6333393716818037e-08, 0.9330315476582962, 0.06696830205593719, 1.2395237302988327e-07, -0.2760256434402738, -0.27665101994153124, 0.3055239928230103, 0.7003727518917497, 0.1114907359281958, 0.10942239268396785, -0.12296737250863728, -0.05231577265578834, -0.134804515592242, -0.032850841312931124, 0.11878886976810477, -0.12169170777691918, -0.13089031574723167, 0.05428774887135842, 0.2474606584682763, 0.11835486281056555, -0.07563676697711569, -0.06304488200965452, 0.7
55, 2, 0, 2.856216682499234e-08, 0.9330315450264949, 0.06696830229537334, 1.241159649198896e-07, -0.2680459636105473, -0.27026145058882667, 0.30102337446502003, 0.6988775587518092, 0.10916483857500685, 0.11014778468718407, -0.12427221458493405, -0.07246577363129844, 0.08703819705935367, 0.3602839076732495, 0.051543930463794754, -0.08918360852348109, -0.18930795599049532, -0.03755844809331615, 0.11431945942539548, -0.12108049835739718, 0.14803019794951167, -0.12565085768134224, 0.7
56, 2, 0, 1.3726610749588744e-06, 0.9330301741837275, 0.06696831130704911, 1.4184814861033607e-07, -0.2651122511295648, -0.26438396065905784, 0.29481845759254605, 0.6959700735384502, 0.11235586075367894, 0.11056215307746675, -0.12441189024064583, -0.18415253714603416, 0.03437105252865598, 0.17717032970658175, 0.042502400849625845, 0.19036167561036338, -0.05225829817740496, -0.12169522768759773, -0.07609633479990693, -0.07137202565465273, 0.0024260819060186118, 0.0868838115676874, 0.7
57, 2, 0, 6.575196095099257e-09, 0.9330307526684295, 0.06696833481739356, 9.059389808567253e-07, -0.26145768931508256, -0.25942412762911904, 0.2915396107520837, 0.699764067053452, 0.110695821039046, 0.10960452800624805, -0.12534480828179234, -0.1622514314942997, -0.1810882015910634, 0.1930760870965132, 0.1796318478681685, 0.061451868195504356, 0.019165646405638496, -0.09009638452214348, 0.009945088039034766, 0.018523010075639744, 0.23023708538537227, 0.08127868712667262, 0.7
58, 2, 0, 8.990094325680653e-10, 0.9330307534927095, 0.0669683349430787, 9.106652025002492e-07, -0.2518004377147869, -0.25057427614979827, 0.28206088453619615, 0.7000381547453776, 0.10902299367303545, 0.11013763635353661, -0.12343886053078663, -0.12991456401092988, -0.2129791948945281, 0.04495130953915758, 0.06891650524462085, 0.11141831234837156, 0.006417089050353311, -0.17820794712303362, 0.15095925694541668, 0.0529635824326542, 0.22761824433011052, 0.057824541295043295, 0.7
59, 2, 0, 7.446039402281516e-08, 0.9330306737297638, 0.0669683364743614, 9.153354807801736e-07, -0.24697801323256385, -0.2479802693122556, 0.27820404251065733, 0.7022468728983623, 0.11060826615613303, 0.11119833520373645, -0.12424826341963927, -0.11814314422523294, -0.06472098913905464, 0.10722764011423389, -0.02795302218705409, 0.024618855725144825, 0.02510900356153594, -0.07159687871291602, 0.15699153587123482, 0.13768272718582802, -0.06558844692077138, -0.030808051362783372, 0.7
60, 2, 0, 3.941434290992937e-07, 0.9330303298584499, 0.06696835011737381, 9.258807471763505e-07, -0.24040667088279463, -0.24100918704967036, 0.27170930291391626, 0.7003612083712264, 0.11013948983693611, 0.11244077739376697, -0.12550591640059855, -0.17536906935640384, -0.03579125160570816, 0.2521741476809368, -0.10373048872702317, -0.142387743886239, 0.02872664051457044, -0.04283434995317469, 0.25528134675804415, 0.003553064153980005, -0.07408863272942287, -0.060405952671985154, 0.7
61, 2, 0, 1.5889505351108554e-06, 0.9330290231901729, 0.06696837354622825, 1.014313063750558e-06, -0.23586500465386231, -0.2357847317187136, 0.26660064503127756, 0.7006137086912758, 0.11086233852878746, 0.11124879550947016, -0.12538371838578696, -0.15699134741383225, 0.00899611828206941, 0.19601824627497605, 0.02130948733793848, -0.002889663461948256, 0.11019012617413423, 0.11057529328360534, 0.20151589322625157, -0.020852793842236143, 0.06519037064330763, 0.005787723359744152, 0.7
62, 2, 0, 1.5757067406247765e-06, 0.933029024333562, 0.06696837762557835, 1.0223341188646792e-06, -0.23108353956632546, -0.23033247446881, 0.2571588348022986, 0.7012568182602432, 0.11032244235360664, 0.11221741511229515, -0.12421663895390904, -0.06797787968249488, -0.11732230291925164, 0.19398733950773006, -0.11163212319888707, -0.09579125213677428, 0.06333750209243441, 0.16238476938873764, 0.19322022332109756, 0.0464863051771186, 0.029771480978491506, -0.21772836534054346, 0.7
63, 2, 0, 1.4421588830445617e-06, 0.9330290390268423, 0.06696838993968508, 1.1288745895032563e-06, -0.22584080012692995, -0.2249994070135462, 0.25307735934795417, 0.7017484606232195, 0.110850837833731, 0.11017838879581224, -0.12421332841205195, -0.10702798634321749, -0.019807097653489, 0.2386836250717, -0.13677091965982452, 0.029050738245576226, 0.17988808543867252, 0.1317005998304755, 0.1511306727550196, -0.17412335781526994, 0.2084872147699394, -0.12986920729043347, 0.7
64, 2, 0, 6.514790573678354e-07, 0.9330293245666823, 0.06696845174783025, 1.5722064300462137e-06, -0.21895765843417622, -0.21958700852117854, 0.24777711026251742, 0.6990103359147306, 0.11164005912400506, 0.11086303464770406, -0.1250269329800303, -0.1584005529223957, -0.13743688703801873, 0.06266270890288607, 0.11704338565211707, -0.02653316764659775, -0.04131710454986314, 0.041315712296357734, 0.15106507372668337, 0.008961043384832699, -0.09218168461602086, 0.03724834310127302, 0.7
65, 2, 0, 1.7270643707120067e-07, 0.9330292741396483, 0.0669685553490097, 1.9978049049330167e-06, -0.21411600284239643, -0.2143589964840084, 0.23951965140716164, 0.701000501127056, 0.11016793056419114, 0.11165648846713723, -0.12497745013358341, -0.18237024013846162, -0.022314942220271795, -0.03890302416486833, -0.006975870261741157, -0.10942556557691759, 0.0687344461488077, -0.13542723120140374, 0.16176974233586827, -0.015573706837467182, -0.03772602882570501, -0.12845939100803425, 0.7
66, 2, 0, 1.647271305043981e-07, 0.9330292666973401, 0.06696855701256986, 2.0115629595172347e-06, -0.20959151503715084, -0.20804303506165941, 0.23430301048577679, 0.6989710573798505, 0.1114463082368972, 0.11080553239577814, -0.12611997200942368, -0.11215953492160806, -0.014682069543696163, 0.20892260891908748, 0.10100241606347966, 0.07203650204116466, 0.22420544099285009, 0.02852853561006614, -0.011755275485043615, 0.1733148183725733, 0.09470715727458465, -0.09234794629187362, 0.7
67, 2, 0, 2.5618946222158713e-07, 0.9330291180476962, 0.06696856740658377, 2.058356257834927e-06, -0.2011237803398911, -0.2018991326468503, 0.2275816110185928, 0.7005602260272765, 0.10966403636221778, 0.11169586446434746, -0.12464112375806644, -0.005640508725501892, -0.1758093066912636, 0.13678018755331545, -0.0067324798829787105, -0.08530087538907949, -0.09768977572583076, 0.01283841458597625, 0.20159483422862584, 0.03899097210229717, 0.06034651235223604, -0.10071439780765687, 0.7
68, 2, 0, 5.908295970975203e-07, 0.9330287183724458, 0.06696858131493684, 2.1094830201885103e-06, -0.1960005368564821, -0.19619357565079604, 0.22262497872726478, 0.7007774073600762, 0.1109128608385134, 0.11206533964187579, -0.12311230477295358, 0.05499456756698943, -0.014340801731254493, 0.17115983757822856, 0.17600700648347267, -0.0785243358052593, -0.10308336265671152, 0.01605153631677999, -0.17767583370159296, 0.03450180819016013, -0.014994534087089811, -0.18752208029126308, 0.7
69, 2, 0, 4.992557563809335e-07, 0.9330286968338725, 0.06696860212821032, 2.201782160765353e-06, -0.19273939499751347, -0.19369324427092743, 0.2161372656765344, 0.7001056542694163, 0.11083785831318585, 0.11071114734282861, -0.12527853691795998, -0.07907941308185554, -0.10017921734318358, 0.012758755317471481, -0.09179316975272736, 0.10269702439676973, -0.030599817856396296, 0.08375148675832379, 0.16815272105358825, -0.1278442002630961, -0.18622678760770453, -0.13871016934233643, 0.7
70, 2, 0, 4.46623622753664e-07, 0.9330286178138928, 0.06696869687602827, 2.2386864562020396e-06, -0.18638129564674621, -0.18748980008911448, 0.20979060554358736, 0.7003949602519252, 0.11111091620982745, 0.10903380322870382, -0.12600667180630143, -0.036840516894976486, -0.018608424961451674, 0.25217254078777723, -0.07061746991755427, -0.03349010673262198, 0.15382512614009508, -0.08642169576139344, 0.06411664881287533, -0.19145003180167833, 0.08874993013769714, -0.08396272250731646, 0.7
71, 2, 0, 4.2278077201737977e-07, 0.9330285724665782, 0.06696870423585054, 2.3005167992048226e-06, -0.18003683130464512, -0.18239014878009405, 0.20210629838104777, 0.6993471257740218, 0.1098515009505872, 0.11032541716347907, -0.1242675720238147, -0.09899800271120893, -0.1370152804693706, 0.04937904472611633, -0.041248828964147534, 0.11531819262596388, -0.0687832530020985, 0.061889651472494145, 0.013807676454350493, -0.05631878447294638, 0.07979674618678007, -0.19336009789193082, 0.7
72, 2, 0, 6.698249478199028e-07, 0.9330281886078547, 0.06696873392539457, 2.407641802925114e-06, -0.1747062332435632, -0.1756163826945772, 0.197479589727448, 0.700286746999806, 0.11025585399850471, 0.11029587229303577, -0.1245393752165925, -0.10364864579254043, -0.19493560792231396, 0.16145748490659959, -0.02031213837245164, -0.10138375365078925, 0.019214906828468065, 0.07778824757668182, 0.10612645806404361, 0.06984187056365346, -0.12056042983858162, -0.045833080706080546, 0.7
73, 2, 0, 4.2111201650808235e-06, 0.9330242583490312, 0.06696879707694894, 2.7334538547016633e-06, -0.1702286159830688, -0.16903995877623657, 0.19146828946314537, 0.7008917625916355, 0.11163617144694435, 0.11150243241111964, -0.12350478332042943, -0.12418663119722509, 0.0017504731220091218, 0.211451449465744, -0.001205621374440849, -0.022888922478066835, 0.10052553111788551, 0.0538153605681818, 0.018897947198232023, 0.10835320074385162, -0.008693519385752368, 0.011272243630441766, 0.7
74, 2, 0, 4.19817728928679e-06, 0.9330238468554912, 0.06696890833277143, 3.0466344481612524e-06, -0.16288331967732492, -0.1644682903751387, 0.18452087564776426, 0.7005175327563952, 0.11077690139941813, 0.11158706146742599, -0.12498106196310158, -0.23604548596047442, 0.012629087664784377, 0.16660931394150405, -0.007019490800510722, 0.019497021509391567, 0.03997452170730701, -0.04515431614902664, 0.07969677746138418, 0.09523277163765152, -0.05998211846501807, -0.11836585482901148, 0.7
75, 2, 0, 3.0041930909743695e-05, 0.9329903663632082, 0.06696993539255965, 9.656313322431113e-06, -0.1593756069859981, -0.15862433565443163, 0.17777239708426948, 0.6991121850069765, 0.10763883976698493, 0.10894513332628382, -0.12323273766190816, -0.0744261619687746, -0.10081090590851716, 0.15227729237530024, -0.01968914538584413, -0.036217184645595146, -0.06425353655917676, -0.04667832649279391, -0.06175433297703433, -0.18400603959480538, -0.0408103686532811, 0.0071689001220097345, 0.7
76, 2, 0, 2.903566776329976e-06, 0.9330126416716533, 0.0669705540963078, 1.3900665262603593e-05, -0.15372561895631576, -0.15535796025659998, 0.17156899971471892, 0.6998186168777523, 0.11026782435978251, 0.10984578842126627, -0.12552648408585557, -0.1588212757519855, -0.26666985092220563, 0.11632966829489362, 0.06628864097845968, -0.05293957374098597, 0.08237802813399389, 0.05431671913761208, 0.17920021287773408, 0.057929909183354236, -0.10297342296099346, 0.043080332827795095, 0.7
77, 2, 0, 2.893186958641536e-06, 0.9330126305890925, 0.06697055677381303, 1.3919450135761576e-05, -0.1498436079704697, -0.14805574197882637, 0.16501567419571717, 0.7004555745416234, 0.11068630247133941, 0.11216758387566454, -0.12373599104779236, -0.307656249737028, -0.01301912727155261, -0.023025964551867728, 0.053188991294182884, -0.10897497430873133, 0.10194331745847189, -0.09673131147636252, 0.05391273552684339, 0.15817477519532158, -0.11066723272089359, -0.11283556513722563, 0.7
78, 2, 0, 2.045919102238159e-06, 0.9330116791254249, 0.06697065099846691, 1.562395700595988e-05, -0.14192334366232762, -0.1423310878526699, 0.15953449505584166, 0.7012270985523594, 0.11100366438283285, 0.11208454324804243, -0.12531275639997552, -0.2054077870837748, -0.1695504577397841, 0.08427353026090752, 0.09405668525154619, 0.015821743643154966, 0.04990837710630762, -0.043604096744453286, 0.0003756587352984897, 0.12840452994791915, 0.0622366643502129, -0.07068721743103865, 0.7
79, 2, 0, 2.8535376860886454e-06, 0.9330093788838472, 0.0669707568327848, 1.7010745681788365e-05, -0.13497898470362785, -0.1354362406142877, 0.1537653113764577, 0.6979496369001934, 0.11099323209568546, 0.11164551860413867, -0.12123820586416642, -0.1686460346450362, -0.19618166024791392, -0.00875466832922911, -0.03701644044115272, 0.11624150456014389, 0.004109131067607692, -0.05715742700600651, 0.10910183271464446, 0.04447949280743452, 0.005930391240419241, 0.03059613605422649, 0.7
80, 2, 0, 3.840481394751794e-06, 0.9330065437874209, 0.06697092080733852, 1.8694923845697697e-05, -0.13053168693233386, -0.1297076382961869, 0.1469593302475537, 0.6995078481366066, 0.11014230169612829, 0.11144848329661179, -0.12408265351266892, -0.11818503967120098, -0.1007688318814592, 0.0837972151480807, 0.02859753276056264, 0.07088697786093352, -0.039531045438517064, 0.020385933797190718, 0.04037946523838491, 0.024366266223117973, 0.008281547922330785, -0.12444159235094995, 0.7
81, 2, 0, 4.741218500471583e-06, 0.933003940602819, 0.0669710650133993, 2.0253165281219064e-05, -0.12404779880349019, -0.1256373301221745, 0.13984019613497323, 0.7003127369569758, 0.11130928286947857, 0.1078375986054578, -0.12334923863744796, -0.03157366311102285, 0.00412728295256527, 0.07054866410511443, 0.02301396650186515, -0.026586888460457, 0.005397918299028421, 0.07749796073167606, 0.06015915233835417, 0.14143135656922973, -0.034121606286973846, -0.13708570601190195, 0.7
82, 2, 0, 2.0817646630370845e-05, 0.9329770163151034, 0.06697149408212028, 3.067195614586529e-05, -0.11955985989193571, -0.11951318174934407, 0.136702206455169, 0.6993617672388981, 0.11076404027815345, 0.10972686938047989, -0.12468800689301447, -0.14006393670785838, 0.0022101046452008164, 0.09008529285962115, 0.1481179301382735, 0.14898128603977584, 0.07935476741736046, -0.03199064161058134, -0.2584758304721562, -0.05118713444670986, -0.043991513830331, 0.14287314086007483, 0.7
83, 2, 0, 1.4591201088547989e-05, 0.932967293580731, 0.06697265125786885, 4.546396031144749e-05, -0.1144912245277161, -0.11256671508688332, 0.12805901916550022, 0.6987402251204405, 0.11017569274870911, 0.1110624059638345, -0.12443353452661632, 0.023178931119301426, -0.07393752076575408, 0.07547350537833178, -0.09421815314168108, -0.035667750763180975, 0.0188675807046707, 0.06635348788440583, -0.0251167293163041, -0.1300624609448455, 0.011282298052149083, 0.07539482826578431, 0.7
84, 2, 0, 9.483197748169297e-06, 0.9329693150123342, 0.06697288002362514, 4.8321766292530556e-05, -0.10918848160154127, -0.10836352038393024, 0.12348090033527212, 0.6993119625239889, 0.1114943998072978, 0.1099990668048934, -0.12439514381621204, -0.26317201238705135, -0.04786538220015024, 0.12421167037614919, 0.09312965814892757, 0.052126053816208495, 0.08930426672980907, -0.012048344928242576, 0.06642533702139933, 0.06832167699524871, 0.029952202877530965, -0.04141382955704857, 0.7
85, 2, 0, 1.713231723295024e-05, 0.9329536256513741, 0.06697318147701357, 5.606055437937987e-05, -0.10413525469274332, -0.10559436774340947, 0.11487846964787932, 0.7007767860778934, 0.11177282735396868, 0.10983307311372528, -0.1242444305572982, -0.08443621371900234, -0.0692275984008284, 0.13738771492519175, 0.06865230563859606, -0.07289229484104814, -0.07143841431848282, -0.11021620418281297, 0.02947697641203606, -0.011842492384997065, 0.08816197080912738, 0.05083840669742744, 0.7
86, 2, 0, 1.713162828569036e-05, 0.9329536216544649, 0.06697317894876845, 5.606776848094738e-05, -0.09784035840963465, -0.09714346766185687, 0.10944593497383107, 0.7015090691927687, 0.11092372215501829, 0.11086239409677287, -0.125048499787605, -0.07146203374591566, -0.22086656966323875, -0.0466031617723333, 0.0466555828597844, -0.12038613766213516, 0.04720777557608555, 0.3817758069821927, 0.24864776521962845, 0.0730179043194824, -0.06821647085769728, -0.13784114385855162, 0.7
87, 2, 0, 1.3673790210182952e-05, 0.9329535351868254, 0.06697319355903043, 5.959746393392163e-05, -0.09317496567214793, -0.09263288466305344, 0.10269225062562759, 0.7012420092212858, 0.11137906625085921, 0.110211038434852, -0.12485935470326522, -0.007588258026655309, 0.04019831493914821, 0.05396119694774445, 0.16321227342621064, 0.07299597468892559, -0.11976335994381744, 0.11279918609164567, 0.04426494774100935, -0.1446860801218311, 0.11892744819040368, -0.14290749933478156, 0.7
88, 2, 0, 3.910641093959725e-06, 0.9329491015632618, 0.06697439686050193, 7.259093514236526e-05, -0.0864897918175704, -0.08830359229766083, 0.09571045790575491, 0.6990826065278964, 0.1108618450326559, 0.11208672168117131, -0.12487629689033279, 0.027387228967915105, -0.023597646894990398, 0.021710457409657945, 0.009137578855564214, -0.3203759701269306, 0.12195859036325749, 0.07654195000107678, -0.04708495872133328, -0.10133307863399113, -0.04605918867543115, -0.13411308715170617, 0.7
89, 2, 0, 2.8477886068977715e-06, 0.9329489423013082, 0.0669744273268544, 7.378258323050524e-05, -0.08128806282569928, -0.08100175685247459, 0.09148854541115169, 0.7001588085884485, 0.11152095504766282, 0.10980569430419751, -0.12617860683295795, 0.024133404131528407, -0.10609495019478796, -0.012939052998045542, 0.14771913470518735, 0.16846320581952784, -0.18913262562442054, 0.052441288330625925, 0.058947653292459344, -0.04429764238443099, 0.009105107345501072, -0.06922458245272502, 0.7
90, 2, 0, 4.3688109080028606e-07, 0.9329486565708512, 0.06697424608837795, 7.666045968010056e-05, -0.0754240765891877, -0.07346993706001195, 0.08624579747650242, 0.6993931814100028, 0.11250458582699993, 0.11101384593572702, -0.12453128854513251, 0.07786662186704899, -0.1353385716180538, -0.07262124794743191, -0.08254999808660177, 0.029011858870105656, 0.10428196944323816, -0.15475830266633045, 0.07331932416375996, -0.1635853010029123, 0.09035254176624342, 0.01169006467238213, 0.7
91, 2, 0, 2.7057121279932027e-06, 0.9329425189951688, 0.06697440751803549, 8.036777466762169e-05, -0.07065900498458103, -0.06917695737031078, 0.07961417977495236, 0.6997665542074706, 0.11131062660776496, 0.11087713413228666, -0.12372352580870112, -0.1402964856783269, -0.028314658632962786, 0.03331614598452866, 0.09336595595770278, -0.0784207286017244, 0.08069814870175922, 0.1005528519059797, 0.06273480958068536, -0.06656820262242986, -0.04837477026258616, -0.06855503420585324, 0.7
92, 2, 0, 1.2119915528529508e-06, 0.9329409522414173, 0.0669745172814378, 8.331848559203328e-05, -0.06307724437630485, -0.06432768512837395, 0.07132244493970938, 0.7007833454472351, 0.11264560277846847, 0.10937950128301077, -0.12454321245024905, -0.09903602184287398, 0.21036641168543763, -0.1496063000612886, 0.003286330478298288, -0.13886807067410276, 0.0796841443032599, -0.007186451635825079, 0.17364794369824108, -0.07312569233945189, 0.05278292885040768, 0.02205687319506785, 0.7
93, 2, 0, 8.887847246428764e-06, 0.9329266695492436, 0.06697525163994267, 8.919096356727303e-05, -0.06068184584278626, -0.05915020265033506, 0.06611752561047173, 0.6989904471240133, 0.11172327246022584, 0.11113813969774351, -0.12467070426397184, 0.06435881063022376, -0.034109682036464424, 0.11410894728923508, -0.06098480383573677, 0.10443577477388508, -0.006894303215713812, 0.1656393742297911, 0.06913457933808488, 0.032939800374802715, -0.015362962957798834, -0.14558899769966482, 0.7
94, 2, 0, 2.2137386582919455e-06, 0.9329263731149139, 0.06697533957834972, 9.607356807817487e-05, -0.05581703752992959, -0.05274125698806129, 0.06007924575157161, 0.6987058329194624, 0.10996862324929875, 0.11174152764568748, -0.12533192432138238, -0.0007096428950849054, 0.02225047230774137, -0.031702944791073724, 0.23303651503610756, -0.06519050262565748, -0.021352267299237587, 0.0876947522283373, 0.01662547954131085, 0.07768072059945626, 0.03784819976995876, -0.10222030760100939, 0.7
95, 2, 0, 1.3979809012667214e-05, 0.9328996078134864, 0.06697578401282259, 0.00011062836467849484, -0.04774620506786752, -0.04922977328296592, 0.05405907152395033, 0.6989928696709851, 0.11081858518557433, 0.11086439416422297, -0.12507604543526568, 0.11409229495807305, 0.028861180001897403, 0.022091860246490853, 0.010192322011414604, 0.14329077769176707, -0.15073741282011097, 0.16081415743851993, 0.12757108970324335, 0.10241226612209653, 0.014880338155881615, 0.024650702741910273, 0.7
96, 2, 0, 2.27060759518133e-06, 0.932898827480526, 0.06697648361384409, 0.00012241829803473825, -0.04358250794887645, -0.043257279827458986, 0.046020878484382535, 0.6992562046775737, 0.1105744544739636, 0.10957778102900864, -0.12307249808626139, -0.10428206671179666, -0.13024969622100974, 0.012289710819114456, -0.05633798226301405, -0.09230724624241039, 0.11052912677439056, -0.11984523044541906, 0.1541309422134712, 0.03529119345305853, -0.028978129189259915, -0.06163851943293795, 0.7
97, 2, 0, 3.4972520793711955e-06, 0.932890890786995, 0.06697664181073021, 0.00012897015019521505, -0.037257976094755695, -0.036360337827660405, 0.03799321828358622, 0.7005032119320425, 0.10945462657538838, 0.11115047401429283, -0.12377445635781503, -0.015256676315847392, -0.12875252334735987, 0.04065268615108879, 0.0976889921528517, 0.18093127333127473, 0.005644681698433845, 0.03940935427501526, 0.06658608351988968, 0.07532412200145397, -0.1760776025157076, 0.01887599691993252, 0.7
98, 2, 0, 4.503631034006645e-06, 0.9328895253686282, 0.06697670712730273, 0.00012926387303503076, -0.031872912996438255, -0.03173198725572283, 0.03742104987724388, 0.6997679389116941, 0.11038227801848792, 0.11061522181778352, -0.12405423004131937, -0.0727908932964417, 0.03385118110027846, 0.20445781099758237, -0.05994057897135528, 0.007904293997032224, 0.0007629490986407254, -0.010942590488887929, 0.05785965502288017, -0.05552845839055133, -0.06181854222342912, -0.18125432379177428, 0.7
99, 2, 0, 1.1657159229197998e-05, 0.9328758274438977, 0.06697724633348819, 0.0001352690633847516, -0.02724418157798909, -0.026838533032168276, 0.030404822404279643, 0.7007212847858483, 0.10994787599096127, 0.1102126802465461, -0.1223362233611375, -0.03651349897576161, -0.1004000035193687, 0.11424009572951481, 0.07571028045395253, -0.0046035224056623246, -0.08933806331060369, -0.17441353118712183, 0.22013278046117835, -0.036582716484612185, -0.07181587747729587, -0.17317053788032183, 0.7
