t, Event, Policy, P(still), P(random), P(reach), P(transport), o(t), s_a 
0, 2, 1, 0.048631396144628525, 0.3313651978969574, 0.6199758052825928, 2.7594982384471223e-05, -0.6913929382169759, -0.6097772457672676, 0.7516434731690429, 0.20680078750676642, -0.004365801813318071, 0.009444193144583956, -0.24026203163739357, -0.2371096737608432, -0.31082779136854416, 0.2502372984346906, -0.055434869186175906, -0.07981015449205334, 0.00718310864155078, -0.06956270099398584, -0.06403155356011117, 0.017622924883738837, 0.08062360989666836, 0.024838034774370184, 0.3
1, 2, 1, 0.04865871076306933, 0.33115055204829474, 0.6201631420679419, 2.7595120694125226e-05, -0.5714574587500889, -0.5723775579286376, 0.7448770406326728, 0.39862866191044655, 0.026408096278591187, 0.09010788386065974, -0.10440424569574455, -0.1240439996664299, -0.4874073035047837, 0.43355558774101494, 0.15604464795546025, 0.0020597800669056136, 0.0001885916902791899, 0.0005156014951207031, 0.021238326351527937, 0.00013389744516441044, 0.00027591480310481636, -0.0015254365993841753, 0.3
2, 2, 1, 0.048660409106730834, 0.3308363983069268, 0.6204755845499498, 2.7608036392526254e-05, -0.4130839258579263, -0.45724565342466084, 0.6655922456781889, 0.3125505793503786, 0.18739285584179138, 0.13177127416760676, -0.22462717478304245, -0.1814202473199799, -0.4040057604014362, 0.34217972182212186, -0.0030934843287435286, 0.00015310281994980777, 0.0005750643819022643, 0.0007680595659118639, 0.019417468660391547, 0.0013792724242619068, 0.00013681667064524498, -0.0015862807044434181, 0.3
3, 2, 1, 0.04866040842254402, 0.33083639052456676, 0.6204755930220419, 2.7608030847236302e-05, -0.662007970188097, -0.5634502052422711, 0.6584170235168771, 0.25638527450243903, 0.2992510597761797, 0.35725761225526675, -0.11146348310856728, -0.2278374344708089, -0.30386990441233264, 0.3091813432705697, 0.09609778512579267, -0.0010289723619726528, 0.0003976679892293427, -0.0016909663135697792, 0.020850842747321175, -0.00025004646000486577, 0.00015866398245074423, -0.0005445831237987584, 0.3
4, 2, 1, 0.048660408362661986, 0.33083639055537084, 0.6204755930636358, 2.7608018331472835e-05, -0.7259100124137343, -0.6603449487215413, 0.519688279080299, 0.33493616106036805, 0.32980759818613714, 0.13601966638621904, -0.2978855464940352, -0.19515172926941401, -0.30190861396392205, 0.44407063684248527, 0.09764671860344702, 0.0021368427049043262, -0.00012009382589071234, 0.0007660862757472141, 0.018956855827190405, -8.478693278162737e-05, -0.001374426557155495, -2.0969046688520168e-05, 0.3
5, 2, 1, 0.048660588657643916, 0.3307830338897618, 0.6205287665860373, 2.7610866556991682e-05, -0.7097253477241816, -0.7712531312354335, 0.7067800548599613, 0.1987291629373503, 0.07150495846340374, 0.25171278912778866, -0.023601438857038737, -0.37825277280866487, -0.1619427882653721, 0.23049497407239666, 0.04484842583187961, -0.0008265043575891717, -0.0015328148505003231, 0.0003939370479957019, 0.02027612802701075, 8.864613680882867e-05, 0.00013691631838897588, 0.000627701492097536, 0.3
6, 2, 1, 0.04866059143414689, 0.33078174304244967, 0.620530054650874, 2.7610872529431276e-05, -0.4503226158021099, -0.6508513297917582, 0.6280617409883166, 0.36826532599618816, -0.04920422749378981, 0.1818086601137325, -0.3084794942480687, -0.5270897555989612, -0.30141431196243246, 0.46745084549115273, 0.10906328273821127, 6.359209766120474e-05, 0.0008326155210309083, -0.0006941118794615236, 0.02107199007130268, 0.0003265011143629908, 0.001783571434102973, 0.0003855617101983816, 0.3
7, 2, 1, 0.04919534764808775, 0.3143285267472439, 0.6364202575080841, 5.586809658425693e-05, -0.6073430322863198, -0.4973150662377136, 0.584613596665258, 0.18113144311606208, 0.0789809119039366, 0.16894273404883317, -0.07056550383000862, -0.19256159857287783, -0.22977363682981392, 0.21943664345215663, 0.09295731763113643, 0.0020054055152855283, 0.0013458321075678764, -0.00027274595415596595, 0.01881327437137332, -0.0005422411595832898, -0.000952292293824109, 0.0010087432023002997, 0.3
8, 2, 1, 0.04919254621373204, 0.3125217018368369, 0.638229189640173, 5.656230925799946e-05, -0.5487240634043251, -0.5021944344456998, 0.610773365947705, 0.41046361792093433, -0.04853488241996888, 0.22800340513569073, -0.13304952255159, -0.280337701971069, -0.18514492229416124, 0.3602459480100963, -0.0612883122609883, -0.0017403574928780891, 0.0006120982947932725, -0.00029441729198564914, 0.020118022024442624, 0.0007724969451808628, -0.0009729516193868406, 0.002074029219508981, 0.3
9, 2, 1, 0.04919341599170208, 0.31244859427565064, 0.6383013353706936, 5.6654361953788464e-05, -0.4949373382616392, -0.5994929253576681, 0.541846445373207, 0.2624626258687649, 0.02217671024132394, 0.1260994303470821, -0.16361702704383432, -0.1785488838624803, -0.25965141426330524, 0.3495020080204381, 0.015396648391916932, 0.0009504488990270744, 0.0013271064024595123, -0.0008617771945241083, 0.02117266814493336, 8.649520205456334e-07, 0.000735181469679461, 0.00010297529170300729, 0.3
10, 2, 1, 0.049193418601937655, 0.31244632116198023, 0.6383036058283292, 5.665440775285399e-05, -0.5840414183964293, -0.5986741247587306, 0.6881011598683783, 0.17863792537925077, -0.07904311546587232, 0.17166182817345926, -0.3064095536287427, -0.3279581498747361, -0.24386368752401463, 0.42395197237097726, 0.04928366368374525, 0.00010876559622344557, 0.0005994402088700866, 0.0004520959207977299, 0.020231449673633935, 3.86151703811369e-05, -0.0027446264581196212, -0.0006033789295476314, 0.3
11, 2, 1, 0.049193896829243765, 0.3122891103647675, 0.6384601859038527, 5.680690213612352e-05, -0.46722825169326754, -0.33297260381579274, 0.5174970848762757, 0.24254225735085505, 0.21884686756604368, 0.1883628651173224, -0.17967539419757697, -0.3670322888810086, -0.33283961407749957, 0.26395004969501346, 0.10973107323359028, 0.0018221134344938554, 0.0009198125629568436, -0.0002264404423287039, 0.01976340305995268, 2.2757422308069454e-05, -0.000675303941839572, -0.0006600963481749654, 0.3
12, 2, 1, 0.04917477312060756, 0.3122920926731949, 0.6384763088544686, 5.682535172886231e-05, -0.42460370886610965, -0.515470350556659, 0.560378854305524, 0.4258077137925024, 0.1392458100423171, -0.0831116829911184, -0.16859005321390005, -0.10434593374405998, -0.23724695148773445, 0.3712245884304145, -0.01178433836362201, -0.00201485038722867, -0.0008540530772819636, 0.001086807406375043, 0.019808966607007657, -0.0007155172268544112, -0.0006879948494528515, -0.0014054539683453803, 0.3
13, 2, 1, 0.04922374726648393, 0.3112015532752041, 0.6395177203595407, 5.697909877132007e-05, -0.416100180289041, -0.5007304322785454, 0.6669034057901458, 0.3082058853098798, 0.06669909284148443, 0.10200076130339827, -0.1880143521129351, -0.26726665143580547, -0.44491950675817343, 0.04901975909148955, 0.06392857799966715, 0.0006175011267735614, -0.00046686312056961677, 9.758430998480056e-06, 0.019868902602974105, -0.0008229331743487535, 0.001359344715014753, -0.00026092633762842194, 0.3
14, 2, 1, 0.04948816671888922, 0.30612952151166706, 0.6443213874021295, 6.0924367314351456e-05, -0.7028154656793598, -0.5368298116991247, 0.6201443761304967, 0.3150594783624503, 0.050215134059007016, 0.12678813219431498, -0.10029973855144829, -0.19620075859958144, -0.2573767557905778, 0.2180121181617453, 0.06132984028826991, -0.0005157889404547156, -0.0005916168158365495, -6.01411378617779e-05, 0.018697572350229598, 0.0004952882122429757, 0.001119384500782496, -0.00017437467937465715, 0.3
15, 2, 1, 0.05173064148266538, 0.2885384839882349, 0.6596385552845903, 9.231924450957605e-05, -0.42906946436000154, -0.5358118020239713, 0.5439012502087874, 0.30732336119329695, 0.09601849564337513, 0.031167026309140054, -0.1140085409227352, -0.2833176836750303, -0.3486142066107655, 0.14056174711867106, -0.024079266886701933, 0.0001370414390712582, -0.0005884582332088781, 0.0010130039640256295, 0.019262334169403532, 0.0006706728203643993, 0.0005305903660140436, -0.00018932069454095983, 0.3
16, 2, 1, 0.05157729931293195, 0.28773506148420425, 0.6605914815363747, 9.615766648916061e-05, -0.534154709315849, -0.4132767771868105, 0.49267833780539416, 0.4662879654318215, 0.21259582051913012, 0.035341346598618116, -0.14138355034522726, -0.3773890778209437, -0.23092384652149162, 0.23488849527202574, -0.16538888040381147, -0.0002841218151684542, -0.0001485936197835463, -0.0009101065208785847, 0.02099718223422168, -0.00014150826437158575, 0.0012176117616942237, 0.0002428912766956945, 0.3
17, 2, 1, 0.051640694804319424, 0.28612479126201384, 0.6621268619775069, 0.0001076519561596944, -0.49748864342280896, -0.5426250275424294, 0.4608614546369174, 0.20860786698705605, 0.09062930359507905, 0.09535611107169265, -0.1332475182891521, -0.3280406118708475, -0.28066028293184403, 0.18906905596929258, 0.008173520705099765, 0.0005837413349785123, -0.001236327263096335, 0.0017942551818302648, 0.01919788971970033, -0.00016139349289156075, 0.0017775001197485676, -0.00026907406611161895, 0.3
18, 2, 1, 0.051640619366898545, 0.2821117048142521, 0.6661391430801759, 0.00010853273867350582, -0.31670464437706913, -0.45916587354605404, 0.5942033572243769, 0.28891833782438514, 0.16585694001269932, 0.06630568169457189, -0.0496888116357689, -0.31188216318265183, -0.1290403286767742, 0.42896659721025615, -0.20462864404521053, 0.00010870340947617005, 0.00037973583535659235, 0.00045335796208866133, 0.019293268741212934, -0.00032992062439071934, -0.001082106359955762, -0.00011681660110615826, 0.3
19, 2, 1, 0.05174573725276125, 0.2818024355765598, 0.6663430030064458, 0.00010882416423315114, -0.5697539411283572, -0.4390631175980341, 0.5909053364703889, 0.3211603751628168, 0.08492614116766302, -0.02281382213178036, -0.14918188524042492, -0.11866381510511378, -0.29176280609160105, 0.23718492435861144, 0.09693019171599034, 0.0001429441162229004, -0.0007967421977842776, 0.0011228799573002241, 0.021584734893151134, 0.0031639353738349687, 0.0002687638324273701, -0.0001804605800347975, 0.3
20, 2, 1, 0.05174439405570379, 0.2817778508080729, 0.6663689231612657, 0.00010883197495765285, -0.5245067438263786, -0.48656624071452914, 0.589702061058025, 0.24348336033018989, 0.21127671872755557, 0.03596857248592992, -0.21748264771722264, -0.4253462710749979, -0.15403408417212788, 0.34474658000969394, -0.005775004786871036, 0.0010812279802380664, 0.0012573762361309485, -0.0015110443522576734, 0.02214396991352556, -0.0006122394713664689, 0.001730198481037649, -0.0006659366943029029, 0.3
21, 2, 1, 0.05413537740134349, 0.21407344471577855, 0.7316295715423531, 0.00016160634052489486, -0.501511755869078, -0.5272707456997743, 0.653538898995045, 0.23220154897126596, 0.0486863700127552, 0.16444304254006353, -0.07749744110940542, -0.11566939950245125, -0.044450384685429764, 0.28377986203469663, 0.01864179601105552, -0.0008589601543341081, -0.0005298776956838361, -0.00023172408560025092, 0.019906808796870446, -0.0005686278269531367, 0.0006732857560141389, -0.0006815839505982061, 0.3
22, 2, 1, 0.05415700591070387, 0.2138590013245872, 0.731822384874209, 0.0001616078904999728, -0.4012697218659554, -0.5028234700730702, 0.7297979000536982, 0.18795699882950076, 0.13755061275752464, 0.09840022856943856, 0.08487336958978023, -0.32989545727404623, -0.237082591266841, 0.33381042136781536, 0.04246596483658478, -0.00020700837403781193, 0.001305598158885035, 0.00027907570942492494, 0.021310962016144134, -0.00013522664375190268, -0.00036328063097043834, -0.0009672273364799298, 0.3
23, 2, 1, 0.05414266137891612, 0.21386251591519848, 0.7318332140175081, 0.00016160868837736898, -0.549897154375715, -0.5538852514661363, 0.5432163455436154, 0.19219272925705408, 0.13187482817671797, 0.06012508823169418, -0.022981760527162987, -0.19267319394576155, -0.4687601388685406, 0.35599781506374906, 0.007557176251082534, 0.0008006746918728602, -0.00030690521945348604, 0.0009663336705392478, 0.02001953895197961, 0.0001326750454930911, -0.002925668945024146, 0.00043935599526542915, 0.3
24, 2, 1, 0.08910541894452716, 0.15274524546569052, 0.7579502962531879, 0.00019903933659452794, -0.5612267051677717, -0.5181977397753805, 0.5625246376885633, 0.4179129373815621, 0.03556434397855561, -0.05832666421335762, -0.02432702863923879, -0.18921046031417968, -0.3076440218579733, 0.20308940459223224, 0.04699417976272048, -0.0006592520698127172, 0.0011211886084135003, 0.00048386991691269155, 0.020064581733036845, -0.001027004084692751, 0.00027558785428837354, 0.001883341400580056, 0.3
25, 2, 1, 0.08921664667684737, 0.15182094438382257, 0.7587554665000166, 0.0002069424393136176, -0.5396880251816769, -0.6333518414448109, 0.4350707247302842, 0.2589193603099961, 0.11241968674116187, 0.0422261078860923, -0.18577640509865048, -0.23954491183194482, -0.2830029945304501, 0.24643267357722548, 0.16497336080878522, -0.0012425764810994435, 0.0012231416911126889, -0.0010110262350587172, 0.022187239973255606, -0.0002736753814441496, -0.0021068395357668472, -0.0007921155705052982, 0.3
26, 2, 1, 0.08928002631381059, 0.15161941728034709, 0.7588935250060543, 0.00020703139978786112, -0.3730085935726037, -0.3776995403575121, 0.6391320213178758, 0.25511573268964893, 0.07056255205416176, 0.02808377862832928, -0.20413299554246306, -0.19448423346858063, -0.13429941000494888, 0.3236807503434996, 0.22282127976717092, 0.0009214627354421273, 0.0018550699186935797, -0.0012009530099466208, 0.02180349258981255, 9.145178546827318e-05, -0.0011375653417335038, -0.0006938261388435512, 0.3
27, 2, 1, 0.08929672302754929, 0.15149830849645085, 0.7589918530980487, 0.00021311537795108272, -0.4316498451991399, -0.35426205653086645, 0.35862740479072924, 0.1627127581339375, 0.25366915802622747, -0.008902807994400287, -0.1280019738631189, -0.1303707825964993, -0.12340029287822385, 0.30049331569182924, 0.16356501076708396, -0.0011297981556588356, 0.0002727564600402111, 0.0008796857719640989, 0.01909487152043714, 0.0003048234874607603, 0.001096302769526968, 0.0005057798650048069, 0.3
28, 2, 1, 0.09519882148220679, 0.14368510526190098, 0.7608895080635416, 0.00022656519235066916, -0.24142181968758986, -0.3867727106384289, 0.4351447124592923, 0.15909803855610677, -0.04697682924633426, -0.11327473117184783, -0.037875352173349294, -0.2002770067443898, -0.3734831445872134, 0.20108351483965153, 0.04862789885229203, 0.0004019016397286258, 0.0008030476131373759, -0.0006800777570246214, 0.01984385395222771, 0.00017246606022998655, 0.0007791549351205513, -0.0017217685941323599, 0.3
29, 2, 1, 0.09565401143196071, 0.08823860672426888, 0.8125624700439659, 0.003544911799804565, -0.36774139288121654, -0.5055358442771342, 0.3268734830384509, 0.2392924446457986, 0.04690766379339693, 0.19310211443931197, -0.0980626080529656, -0.2833041208522709, -0.24434745801921168, 0.18775311473500889, 0.03477434121427009, 7.329720004951886e-05, 0.0007004506236805939, 0.00010331916151960137, 0.01858100644210954, -0.0014428132089079836, -0.000768095252708131, 0.0006462372688383452, 0.3
30, 2, 1, 0.09555633945288816, 0.08682006964880351, 0.81407653858827, 0.003547052310038367, -0.4987005254111862, -0.20628740433920623, 0.5491732977151687, 0.21241543911629326, 0.4328759497408837, 0.06451342769548098, -0.04349929631598718, -0.20601849613760423, -0.25677846782673436, 0.15085150643165973, -0.023510817082948658, -0.0010700096446341805, -0.0007163296683605363, 0.001069512586614944, 0.02049174526583704, -0.0009021471030565019, -0.00027519177240916277, 0.0008630945767596095, 0.3
31, 2, 1, 0.09555921596324285, 0.0868054863319727, 0.8140880498105453, 0.0035472478942392, -0.38229869445873266, -0.5750850005375143, 0.46863884594201133, 0.1736883035116284, 0.11085775215346724, -0.019720592315775186, -0.19643191626028833, -0.3615567699672841, 0.1348467026566408, 0.14197647300622288, 0.08254589638111134, -0.0007758678332345038, 0.001001854043298145, 0.0010400784781849366, 0.01768931538863421, -3.6590215048287216e-05, -0.0010867838778246682, 0.00043869394383000545, 0.3
32, 2, 1, 0.09557839555475417, 0.08627194514244364, 0.8145912707781071, 0.0035583885246951315, -0.22930718406526296, -0.3060816276541852, 0.46090266690615544, 0.44319969768637246, 0.29604841051857633, 0.022823717058875027, -0.05666659440657038, -0.06297071902528426, -0.24996580307215877, 0.18231811884932228, 0.061309460190707356, 0.0002642167246687781, -0.0016816155610109046, -0.0005502059411017341, 0.02110883314939705, 0.0002194322477900923, -5.797754417518967e-05, 0.0018977422659383226, 0.3
33, 2, 1, 0.09556988895990251, 0.08627758517054425, 0.8145941359075012, 0.003558389962052154, -0.3696412579410784, -0.37118211411751967, 0.42224585875774173, 0.24495801933477832, 0.400233845770675, 0.09838979643621451, 0.04874667391869214, -0.3784367662888243, -0.4530098492151913, 0.22209782712674678, 0.052747431345558794, 0.0007639392054694799, 0.0015388659080880684, -3.29914329050837e-05, 0.019660337445857733, -0.0005123139194693233, 0.00016522231990802116, 0.0003395272640091064, 0.3
34, 2, 1, 0.09560611576309895, 0.08603298632392337, 0.8147808868580458, 0.003580011054931783, -0.39012807150833534, -0.4388793599332125, 0.3609115863193802, 0.18296958017119572, 0.055478220364621335, 0.10666892876218267, 0.028471461282434142, -0.304940899050977, -0.08570270405811778, 0.03801419554153429, 0.08776396223884998, 0.001207640429762794, -0.000397069410206585, -0.0005177934517718956, 0.020702340358688624, -0.0006455012354773188, -0.0004156659303337832, 0.0006882772096227553, 0.3
35, 2, 1, 0.09573654679067566, 0.0719659406323863, 0.8286881767946936, 0.00360933578224445, -0.1559628723847931, -0.2919891773380904, 0.5475914651857593, 0.1795032337126422, 0.22461795844032154, 0.13254734902748946, -0.02695206698985758, -0.27220632423937063, -0.14046900849594207, 0.3029164295841503, -0.013591054452868543, 0.0014922008525104014, 0.0013396436994441265, -0.00014421224419207328, 0.020735617259062707, 0.0015330055582170273, -0.0013770448242196316, -0.0007909427062399268, 0.3
36, 2, 1, 0.0957269121909175, 0.07197108610852239, 0.8286923407890078, 0.0036096609115524522, -0.38346086028005105, -0.3142442953990009, 0.29041812789565224, 0.1394786770120454, 0.12800255650728326, -0.0010111412525954933, -0.18176316946591298, -0.20753545308232746, -0.329737781350833, 0.18459015710048346, 0.06259573496605203, 0.00046008383456167993, -0.00034448832228428525, 0.0008618347998718186, 0.019847534236555983, 8.819716657234616e-05, 0.0007358873019375362, -0.0015379367094744904, 0.3
37, 2, 1, 0.09839219550018732, 0.02619965426530828, 0.8683504431458242, 0.007057707088680145, -0.5412273628092878, -0.20319056288547394, 0.4046621739441423, 0.28586586293015104, 0.06092971136987135, 0.12739931515083716, 0.0011095178808510297, 0.04423747805561777, -0.144976943149936, 0.15308758123039812, -0.0682181135787037, 0.00022049302303473722, 0.001730396112242805, -0.0015722338470968201, 0.020014931375998128, -0.000259469789383281, -0.0008885949307932868, 0.00029287130233589866, 0.3
38, 2, 1, 0.09782814234849836, 0.026519046861883555, 0.8685900565581599, 0.007062754231458198, -0.42798146444219737, -0.3315985715868381, 0.41091943046704243, 0.32677837720894864, 0.12655719798922335, -0.056168037680298565, -0.19658969830130674, -0.23545106523605486, -0.21070777970363103, 0.29540582667454496, 0.011404599578421454, -0.00035692996000462486, 0.0006561664754749741, -0.0006514146683489015, 0.019922643957500867, -0.0006679207555402758, -0.0013832070857039767, 0.00020722717852961168, 0.3
39, 2, 1, 0.09782762929102136, 0.02625091464153836, 0.8688544197846744, 0.007067036282765729, -0.5129741648297526, -0.38867484038566075, 0.47446696914650366, 0.295399915810307, 0.1662469563010553, 0.2554006008257127, -0.10291373798865391, -0.03431998066256299, -0.10458231574957252, 0.2768917284384377, 0.10174343337533678, -0.000893127785530465, -0.00029679626623450026, 6.220515182202218e-05, 0.018659242114741632, 0.00195098720448896, -0.0003681726349901957, -0.0020213456226671664, 0.3
40, 2, 1, 0.09782763140749387, 0.026251332688390035, 0.8688547600951871, 0.007066275808928999, -0.4640004364846214, -0.2538339072449781, 0.19653558540882504, 0.37122625819266764, 0.022942985339818867, -0.06407211766918641, -0.28232474740567837, -0.12472685875862351, -0.33944656922697297, 0.48166071275593153, 0.08373986108530332, 0.000574164558309331, -0.002958613206980133, -0.0011910523180374817, 0.020752411218872828, -0.0006261289008449162, 0.0006243915812770479, -0.0005115642825082251, 0.3
41, 2, 1, 0.09783364797016436, 0.026019393885110487, 0.8690793872795868, 0.007067570865138531, -0.33836157775423215, -0.09748982513006452, 0.5976133760458506, 0.4299810822957807, 0.09819049802831728, 0.14276855362159116, -0.1817722515595473, -0.2427110523973918, -0.08006074828747366, 0.16997439616832655, 0.037162811959686806, -0.002237075298821511, 0.0006074417724449107, 0.0006146738719161388, 0.02228619566716662, -0.0013248811552610343, 0.001105034316058909, -0.00023408186453744779, 0.3
42, 2, 1, 0.09780265042700118, 0.026036046128725253, 0.8690933365743875, 0.007067966869886057, -0.42423623864768556, -0.3032465746336781, 0.3885485773803576, 0.14388342958344366, 0.07729404537888952, 0.23863892911892784, -0.08630115053919614, -0.19074290117653922, -0.25959593077605003, 0.22903630582088344, 0.06506035520995483, 7.37090737877553e-05, 0.001595308002384967, -0.0006544230459471, 0.019240336121237173, -0.0008471250618488727, 0.000390316689353561, -0.001901403739750168, 0.3
43, 2, 1, 0.09771214855388179, 0.026092650819228375, 0.8691269646728039, 0.007068235954085979, -0.3647892490980095, -0.40362337386822283, 0.5043228824766216, 0.2966432440054616, 0.1801810169614766, 0.20994325699967833, -0.213955131589768, -0.08455177064044796, -0.15666165743879204, 0.2941471399347327, -0.08492958376564111, 0.00011633120151564316, 0.0012197953722120633, 0.0010428728147902067, 0.02070387569426416, -0.0006417294318185136, -0.0002063245694894261, -0.00032348364762542194, 0.3
44, 2, 1, 0.09771214894419418, 0.026041581247939122, 0.8691624670320865, 0.007083802775780185, -0.30533217951292113, -0.2000170310963953, 0.3069221105312323, 0.2063004589682742, 0.2594988581920676, 0.36320122583504355, -0.07067323848631195, -0.3593171857613141, -0.11638402554508595, -0.14565680633118222, -0.0887599580747807, 0.00034810061504613577, -0.00015230330539381306, 0.0011135664675459695, 0.01929580683428228, 0.001378233343139718, 0.00023477385554797624, 0.00015263120562861572, 0.3
45, 2, 1, 0.09747697725826633, 0.02617843678395216, 0.8692492895421793, 0.007095296415602304, -0.28029414951567416, -0.41815371849426, 0.3474676019158747, 0.3428038178264479, 0.19409742318851853, 0.09663929074628927, -0.2522740995627637, -0.27280312451991645, -0.17131343882181863, 0.1602028189904123, -0.01386729237669736, -0.0005208228116164409, 0.0006683119468981369, 0.00016953071588065492, 0.01941195552880792, 0.0010225302099464704, 0.00018575690988445768, 0.0009156087590980761, 0.3
46, 2, 1, 0.09740861838731144, 0.02602976624148387, 0.8694560148189613, 0.007105600552243396, -0.24856078563291795, -0.3823340837733028, 0.3632721690760815, 0.27595271828278334, 0.08984349285087821, 0.2528214057192196, -0.07390262566526015, -0.15337667307432384, 0.0629409142368613, 0.305769364641087, -0.02767566373445938, -0.0010760836129954676, 0.0010192941256401654, 0.00020189315006592282, 0.01858992121151663, 0.0006870396054377821, 0.0022269921582105195, 0.002001924166687814, 0.3
47, 2, 1, 0.09522331175472233, 0.024576359457834457, 0.8703979972060588, 0.009802331581384386, -0.45396526393083364, -0.27476167866267415, 0.14239676825720907, 0.36001042691143503, 0.004752225455710723, 0.030848279505151434, -0.07860972623576698, -0.14686589840845993, -0.12033735117167643, 0.012349261151558499, -0.13414559138127424, -0.001557056451459597, -0.0018173774926287859, 0.00011969191048676721, 0.019315035915710155, 0.0005093265852247404, -0.0007318881522298947, 0.0002605049320019481, 0.3
48, 2, 1, 0.09668343441267024, 0.020498877711582143, 0.872976846918273, 0.009840840957474607, -0.3483343235036627, -0.039162806244115965, 0.5209971320022879, 0.3693370760062571, 0.08492615607420542, -0.11876517701536375, -0.17186172990078466, -0.0024760309311748553, -0.2832504465691755, 0.16903306628223874, -0.09204696103940721, -0.0008858263754231441, -0.0005103368680156411, 0.0004799971695613727, 0.021120200023284616, -0.0010148556773638127, -8.216762871702223e-05, -0.0011695545822192899, 0.3
49, 2, 1, 0.09689055305202512, 0.017322668947956154, 0.8754922822912613, 0.010294495708757422, -0.31744537350257607, -0.21242413893892892, 0.3819588090023708, 0.32120391858010844, 0.017785808819092964, 0.04387795427775278, -0.20510006490602972, -0.05715461358824958, -0.07112780996585323, 0.22367342162064344, 0.017691621569418142, -0.0007885682566934699, -0.0008708330744523927, -0.0010664830382959188, 0.02075136888903322, 0.000469737847234037, -0.0013147592952550823, 0.0011292849989204224, 0.3
50, 2, 1, 0.08999154820896217, 0.017322244701304713, 0.8812444325494609, 0.011441774540272173, -0.37780658980901577, -0.32989015853794573, 0.31882108645306617, 0.3897606155424239, 0.07236788478955376, 0.02908975672165477, 0.004430939210130891, 0.052504209556394586, -0.1034508567939015, 0.1829181869090916, -0.034336117831915015, -0.0006699279395255616, -0.00033891718370270094, -0.0006319532264185318, 0.01951793631427031, -0.001696299096856287, 0.0012040026558907755, 0.001956591388405558, 0.3
51, 2, 1, 0.08941605356630293, 0.01764949444545567, 0.8814334555577447, 0.011500996430496782, -0.43792046567941745, -0.3803284183656926, 0.21353061072370635, 0.34723606222152115, 0.2351057952183795, 0.11293630539612938, -0.15292512854369875, -0.24178174311435713, -0.07205439328660693, 0.2431202077710874, 0.07234302096475675, 0.00016477126268118412, -0.0004453407399759756, 0.0026652176798620877, 0.020845425296956772, 0.00046155955296425333, 0.0003508846721059748, -0.0006599929920676558, 0.3
52, 2, 1, 0.089377984706767, 0.017473881981373875, 0.8815944170561241, 0.011553716255734873, -0.2829914692492366, -0.28001776000770773, 0.2417643863028987, 0.34473571381436646, 0.162524883726479, 0.07144273374135196, -0.16859114445084103, -0.011556449696371329, -0.125590078066877, 0.2568966551586129, 0.04712003164896034, 0.000125701713845773, -2.03563744089935e-05, 0.0009153836922685281, 0.018682746270302107, 0.000889713160296246, -0.00027697306865107193, 0.0013862219761699409, 0.3
53, 2, 1, 0.08780887464853568, 0.018351107838253937, 0.8820520809856159, 0.011787936527594462, -0.268461621244075, -0.2185845266283255, 0.23569223396485536, 0.27838358696818455, 0.14679246439009466, 0.11929437859460475, -0.042868990890554196, -0.17082338027561272, -0.110996589639013, 0.16368280081720607, 0.059281731811786, -0.0008044408605056673, 0.00044477213865714546, 0.0006903030841936817, 0.020574625381460425, -0.0005027217524355088, -0.0007961703446301635, -9.115963636573353e-06, 0.3
54, 2, 1, 0.08757844775067061, 0.017891009445963228, 0.882545520877483, 0.011985021925883268, -0.03698652445239188, -0.11059565905183577, 0.23929056566790616, 0.3218549138899171, 0.10771858349990415, -0.04498198945500813, -0.08477389700118684, -0.3753490736737435, 0.0010313639135628883, 0.12352662390637877, 0.011543580203103686, 0.0013078086748293176, -0.0003048367563225908, -0.0006077105013274072, 0.019348345748391206, -0.0023423510348930003, 5.755734195618944e-05, -0.00015416373623744776, 0.3
55, 2, 1, 0.069326278720473, 0.028742917715441168, 0.886936219489556, 0.014994584074529789, -0.1528974913467396, -0.2631852533135044, 0.3364903640301707, 0.27765735194772795, 0.21824147107130348, 0.06845664901910066, -0.12620976319015026, -0.048090243021903775, -0.09740724969681105, 0.05918596492066823, 0.018776338219347113, 0.0002503429487054683, -0.00022837246948930845, -0.0006940043540960377, 0.020581520622619347, -0.0018775158710760934, -0.0009552089836542535, -0.0011717042633162661, 0.3
56, 2, 1, 0.06932153715250883, 0.028731009823958494, 0.8869465538620882, 0.015000899161444498, -0.2856184905781908, -0.2858834886672864, 0.19004677221719218, 0.18458227385341425, 0.09018583944174817, -0.050621195329557264, -0.1522616231678346, 0.030421951432927963, -0.2852821504692803, 0.089926531638256, 0.16419870286599458, -0.0005700836056622586, 0.0007696172552264218, 0.00018203066067106545, 0.020290392572136124, 0.0008601985864837182, 0.0014749999703585364, -0.0001807114627450916, 0.3
57, 2, 1, 0.06903593644785018, 0.02887518170729385, 0.8870251988837587, 0.01506368296109732, -0.25536539176174994, -0.23907000836667014, 0.25230512662216975, 0.12136202944940673, 0.02791238606549129, -0.045237478183996774, -0.3565011943369723, -0.28263028982774163, -0.10197722947145271, 0.08770415574929288, -0.19467748161497278, 0.00027016526133620224, -0.0008792283967585445, -0.0006121552150395806, 0.020044148893604907, -0.00031102487427965857, -0.00042622281859538215, -0.0011731342855487695, 0.3
58, 2, 1, 0.06889474828981298, 0.02895055924810744, 0.8870815150353064, 0.015073177426773277, -0.406286630685344, -0.35222667797314566, 0.31403938586943614, 0.41039969054387804, 0.19378681678331, 0.05181571260935608, -0.25631923401420503, -0.01031620685854433, -0.1366348867406438, 0.12317886141077683, -0.040679902485293136, -0.0005606352986666978, -0.0018390517114036866, 0.0003267014380644546, 0.019754729670063545, 0.0004077530563871048, 0.00037225033678763816, -0.0011970697231261098, 0.3
59, 2, 1, 0.06889482632860394, 0.02892821481697101, 0.8871005084181588, 0.015076450436266297, -0.08479769309759581, -0.20600617893094192, 0.10850606324719139, 0.3026977724316585, 0.27110091553606974, 0.1931564390042292, -0.1250181693731809, -0.31954989475522055, -0.20601686961309618, 0.11315147464154637, 0.152562288974332, -0.0003305869561717638, 0.0004039372660455105, 0.001364916639751623, 0.020085377800944194, -0.0006954656995743375, -0.0002118133411899026, -0.0015649901982269729, 0.3
60, 2, 1, 0.01526909810436144, 0.06134521746967238, 0.8961057419579397, 0.02727994246802649, -0.2893170065023767, -0.30117193785390334, 0.20600994326191202, 0.28760603308894406, 0.18986608901459018, 0.08952105173226724, -0.06317950625529345, -0.02581399388626061, -0.16475904149977294, 0.07413222162499336, -0.21795100642769474, -0.00026534176281832884, 0.0003666685005913611, 0.00026255719598610166, 0.021031934623388412, 0.001062360737528739, -0.0007245162847200904, -0.0009696760623551055, 0.3
61, 2, 1, 0.014735539461202485, 0.05990574627101013, 0.8970522907582342, 0.028306423509553175, -0.3865518960142032, -0.2929141566954142, 0.2967442918125071, 0.27576207658653457, -0.0325237362663642, -0.09351634930582123, -0.17576527160749356, -0.23217364089726722, -0.06034479033827078, 0.01940271377017677, -0.12793940804466633, -0.0009959228588975304, -0.0012777100951395551, 0.0006906622067242172, 0.017310150946235947, -0.000379500017718427, 0.0008804671014146214, 0.0005406012225182523, 0.3
62, 2, 1, 0.01500866261726633, 0.04105855454115903, 0.9079046241909187, 0.03602815865065602, -0.08353542333873816, -0.14688991159009251, 0.2671648532143727, 0.23632043769396072, -0.010276039155454674, 0.15681646653542286, -0.07097444153525838, -0.13891344303514247, -0.12740029799928754, 0.14322611870967053, -0.1465712839430034, -0.0011813310778796954, 0.00026201664584217326, -0.00033289793264328207, 0.02021745597897894, 0.0008218094363008296, -0.001672675434300774, -0.001110212660873717, 0.3
63, 2, 1, 0.014913612238288602, 0.04131512667976132, 0.9075132173809459, 0.036258043701004175, -0.21223871530078497, -0.16275439227934363, 0.16492700605016386, 0.17249561536359767, 0.22788505960217176, 0.14090753845916676, -0.1309479696127649, -0.032843649537513384, 0.025944324696169408, 0.19774328536255678, 0.1285977701908157, 0.00018015429798710577, 0.00010194370761178397, 0.000954107218404199, 0.020373164425456888, 0.00020978204648141747, 0.0009257715733061705, 0.0013664349330073107, 0.3
64, 2, 1, 0.014889008567671553, 0.0413863748782701, 0.9075300965494476, 0.0361945200046108, -0.0033453158576600027, -0.44797467653506, 0.2363910260658395, 0.27710105213233543, 0.06354829777379618, 0.315159828125447, 0.0013533380791834082, -0.14072134717343357, -0.03520785525954597, 0.3467745173522146, 0.04815698797188913, 0.0002537693660156671, -0.0011975666271027067, 8.035891016851978e-05, 0.020029360269552838, 0.0010672660835037095, -0.00017160106745060599, -0.00037545160829379994, 0.3
65, 2, 1, 0.01484316427689056, 0.0415487742814191, 0.9076009885716849, 0.03600707287000537, -0.1054742783505489, -0.15384741691106937, 0.18698805887161077, 0.3331834421486363, 0.136174366790723, 0.2208576496240633, -0.22107817315438263, -0.19145183249063288, -0.20593479014476684, 0.09205750400036608, -0.08349672719336362, 0.0011154012120297347, 0.001137197602526374, -0.0003154019221238898, 0.019619958518904256, -0.00015989338743176222, -0.003243168767644079, 0.0003585567035096403, 0.3
66, 2, 1, 0.014765359107591232, 0.04159763096130893, 0.9076284452343794, 0.03600856469672056, -0.27935123689306546, -0.16471674888962098, 0.25403646741880886, 0.33073254251565987, 0.11992728975988524, 0.21117616504635062, -0.10824613265527425, -0.17882991615353475, -0.24244955442387983, 0.07645950310268948, 0.07472904378641175, -0.00037251033521786453, 0.00024219271116663623, 0.0019220984589610752, 0.0205141598093095, 0.0005262082602720484, 0.00034285587023438584, -0.0007834275783842329, 0.3
67, 2, 1, 0.014774048454861416, 0.04124575207794093, 0.9078697465616553, 0.036110452905542434, -0.281793989270288, -0.1096376229133386, 0.2848679472985361, 0.2999291751616996, 0.11677638820201788, 0.01799009700418468, -0.06723296440552104, -0.08743300147700567, -0.23701120491165795, 0.07042821680611167, 0.08831983645814967, -1.9614139910802696e-05, -5.433716580738509e-05, 0.0009524031255504243, 0.019556986757486572, 0.0019574784618464586, -0.0007012992549544598, 0.0020794710145138375, 0.3
68, 2, 1, 0.01670295463913127, 0.018574980222638593, 0.9163563981619559, 0.04836566697627427, -0.039094146034585095, -0.31991273660822905, 0.23317794501896646, 0.3647334783163668, -0.06051080699618496, 0.10951266787558682, -0.09309984300423135, -0.20800861547701555, 0.0913517581505506, 0.026373767189692487, 0.060772544652238955, -0.00020884699749964208, -0.0012691624327921653, -0.000652167018194148, 0.020303324619132465, 0.0005232565991302033, 0.003065031400173993, 0.0023385827632870886, 0.3
69, 2, 1, 0.016001233508039708, 0.018998365876786747, 0.9163390629072755, 0.04866133770789814, -0.20906447281887802, -0.07969738616582285, 0.07103395372389257, 0.4358186258522812, 0.08061398788768823, 0.29050901254540695, -0.09347851708680978, -0.1796338364897761, -0.06425365095922406, 0.17541742697089002, -0.13951713626745837, -0.0011563789456529028, -0.0005522231253273438, 0.0009256370463041298, 0.01833726206047905, -0.0005195977375206659, -1.5440151473686612e-05, 1.900642052957969e-05, 0.3
70, 2, 1, 0.015766193485563216, 0.019422224560107403, 0.9161156474695156, 0.04869593448481391, -0.16850223820924567, -0.11515056835722444, 0.18599495936376298, 0.2839612004252778, 0.09429953879350393, -0.013879141512640048, -0.2734687150323986, -0.10156656542190927, -0.024482963289173952, 0.19453717243540583, 0.06432535613763228, 0.0024285311154742238, -0.0016356905538663779, 0.0014850515415568309, 0.020376436477428556, 0.0005768099180258, -0.0008615787912316679, 0.00040771748796826, 0.3
71, 2, 1, 0.015765718744676076, 0.01942421121987045, 0.9161176648655567, 0.04869240516989672, -0.20698649608252606, -0.18616322594295315, 0.10644550101511614, 0.3548717111486698, -0.015432387685643988, -0.04434584244354482, -0.2839915589029344, -0.26337253359515955, -0.124087585104904, 0.06393134031094727, 0.18252973758127738, -0.0010969638863064094, 0.0011962411674669728, -0.001168700343538987, 0.019510241871370418, -0.0005637549614422026, 0.0008115741160235494, 0.001058457904042041, 0.3
72, 2, 1, 0.014539930946961424, 0.020386825051925298, 0.9163206325210203, 0.04875261148009305, -0.20811435380858584, -0.30475969749546994, 0.17329988125100135, 0.2700318780083736, 0.24350799982633245, 0.15531154728930474, -0.16512254604250737, -0.036021515533168166, 0.011329733931300545, 0.11951059745390195, -0.03346681665265611, -0.0006055964441131663, -0.0008934856643726399, 0.0015304803284859009, 0.022574284420146765, 0.0008445333068315949, 0.0007609289242115529, 0.001327794248500051, 0.3
73, 2, 1, 0.014204839813062834, 0.020701372785632863, 0.9163760465198251, 0.0487177408814793, -0.2691729039800806, -0.24001935102592756, 0.06637760345273311, 0.25051666028159725, 0.1706057146874854, 0.20787528714537867, -0.011376621174680922, -0.15349423606167303, -0.11721806215360173, 0.21757698417251664, 0.03823146894301847, -7.150114758837771e-05, 0.00243408714071051, -0.0013545635814898288, 0.020569563414020133, -0.0012693899945983593, -0.0004226018683599898, 0.0002549417076127351, 0.3
74, 2, 1, 0.014391161833409926, 0.01986115322543048, 0.9129551677706945, 0.052792517170465146, 0.020531096708491382, -0.1669590409493438, 0.15139320983765717, 0.46258260042722943, -0.0017672817763480842, 0.021333045303361376, -0.24258708746518928, -0.20387831314550042, 0.019936307728026337, -0.0327906891075227, 0.06113170048559452, 0.0015770903909552026, -0.0008447719819226092, -0.0002497335219727466, 0.020417918298283374, -0.0023063099669877077, 8.888102758388181e-05, 0.00016036675029082372, 0.3
75, 2, 1, 0.014307096283950608, 0.020092117019807284, 0.9130519395106037, 0.05254884718563846, -0.2254703838246682, -0.10248778329464274, 0.29543844106735306, 0.2563518828333379, 0.08904385353012628, 0.30684328981924114, -0.18049794382146817, -0.184171362558297, -0.14065534156980247, 0.10752585512967347, -0.05886692788590233, -0.0022781063761275764, 0.00010705860423685486, 0.0010622255859722219, 0.01942095929924413, 0.0001921293683094743, -0.0036348171335460096, -0.0013941927757552476, 0.3
76, 2, 1, 0.014300018100561128, 0.02009954027033338, 0.9130564206075029, 0.052544021021602674, -0.1938636317984284, -0.28350165448356257, 0.20907246987976444, 0.2520540629072604, 0.1089261483859768, 0.2121283845661326, -0.11220998932627561, -0.15203152283993066, -0.02798302724802399, -0.057558757214023745, 0.06893337512942946, -0.0015004695324980387, 0.0008088111202752652, -0.00012456165431953337, 0.021406270080550703, -0.0009145912783293825, 0.0005716465748612363, -0.001556631573513865, 0.3
77, 2, 1, 0.014282159440220588, 0.020487522307623712, 0.9126912841116842, 0.05253903414047143, -0.07488731376757954, -0.08044445703022013, 0.20931996691855267, 0.18712048544109644, 0.21341641376406112, 0.2331896812292915, -0.13831060077674112, -0.033830030035704874, -0.09606437319653516, 0.23577468102507698, 0.09824868257370994, -0.0010708823602132472, 0.0006952610664367118, -0.00228120399897722, 0.020417904157089207, 0.00043772292836028224, -0.00015613989613868227, 0.0010432463677965379, 0.3
78, 2, 1, 0.004395536269250996, 0.027429185875720526, 0.9148588119332255, 0.05331646592180291, -0.27502528924637987, -0.07502794468650217, 0.27748031739672835, 0.21832228762634243, 0.048191036154697366, 0.09425871729132099, -0.06739969754987779, -0.11033537483608698, -0.2469562808084972, 0.13896331720935562, -0.20388766596879315, 0.0006392103079976776, -0.0010105043956266538, 0.00040835251000122626, 0.021075917126242252, 0.001441302301383352, -0.0016623207576083657, 8.765470975773922e-05, 0.3
79, 2, 1, 0.00462801549652848, 0.020163082476314168, 0.9168723309032549, 0.05833657112390239, -0.2404632728448018, -0.17924606748530192, 0.22041589269508605, 0.31062237841711854, 0.12616522390529447, 0.033310323571129584, -0.11674816144253472, -0.12123568974190377, 0.013928677056919348, 0.03461218639765287, -0.010781021651981106, -0.0002649520716144679, -0.0008397184917102233, 0.0013372078374523353, 0.020508507503969656, 0.0009737822773818322, -3.6241834654588046e-05, 0.0016589157907228283, 0.3
80, 2, 1, 0.00477876322843123, 0.02263119623123185, 0.9049862009284732, 0.06760383961186374, -0.0026093322336326664, -0.08671363353379628, 0.18328227926564908, 0.27735104779216546, -0.04758526374681053, 0.19405129652503533, -0.06057794636534829, 0.004856223494952872, -0.02461056213099902, 0.15737965735634946, -0.04246656450796728, -0.0005522789913581265, -0.00016073841929848496, -0.0010684134055797313, 0.01841727243672413, -0.0015058036714723569, -0.0008250038495854567, -0.00014647629639416717, 0.3
81, 2, 1, 0.003398163059230001, 0.024787971848961733, 0.9034168888472963, 0.0683969762445119, -0.11139250279164141, -0.08620220654840333, -0.006570203441893585, 0.1611953135110416, 0.07468691036700559, -0.015279970209974536, -0.001808543397220297, -0.17081052525699997, -0.10864890371832592, 0.1553948222080876, 0.012426959456682117, -0.0012687361996055007, -0.0010118066155021053, -0.0003502316344158597, 0.019448096264470693, 0.0006860297037539436, 0.0012531937043417387, -0.00015220964314548803, 0.3
82, 2, 1, 0.0036958863232752306, 0.022691759963022775, 0.8913982977804321, 0.08221405593326987, -0.11851617625241755, -0.07811386226734725, 0.25037749248405217, 0.20837186849745434, 0.03188509813563569, 0.13352231325014965, -0.14276553128912686, -0.0422037581211584, 0.08721449547624148, -0.09409762368685792, 0.03693690269036767, -0.001708563378185569, 0.00025045513778573385, -0.00022624807605328665, 0.021050386479107314, -6.840718126255049e-05, 0.000908704563890912, -0.0005781388191695013, 0.3
83, 2, 1, 0.0020483634362924883, 0.026285516786486798, 0.8868283280556515, 0.08483779172156924, -0.1515388344538977, -0.17519020216380646, -0.01556616450070052, 0.419904550810464, 0.08867109083706987, 0.020759530252748605, -0.14511126114808218, -0.1268165211984861, 0.02612728974573093, 0.1577646997499527, -0.07808443985081467, 0.0006221501972422092, -0.0011075750939973483, -0.0006425199660656078, 0.0205517942964098, 0.0009526440209283093, -0.0016379249768511558, 0.0022697487012061143, 0.3
84, 2, 1, 0.0021099222894558115, 0.025175275738827694, 0.8865694543055577, 0.08614534766615889, -0.1627043467205446, -0.026718765922123487, 0.15468350101567344, 0.03600350063399631, 0.08301514944039685, 0.1316568806937823, -0.056595647798371417, 0.01042067140377736, -0.1374883316769452, 0.06935628751397545, 0.10022113939684048, -0.0004341456109330266, 0.0010942509463137753, 0.00010897208576915178, 0.019458599673178815, -0.000620488181150689, 0.0006102326307227833, -0.0010427530521160966, 0.3
85, 2, 1, 0.0020715528170900453, 0.02530501047397323, 0.8864731924433356, 0.08615024426560104, -0.12194219651148339, 0.03903139334184116, 0.11046489022781256, 0.29767508011194155, 0.0747672136344142, 0.15832864389113172, -0.3004115443793368, -0.12956697991194885, 0.0023244920583012306, 0.22464338506776182, -0.012905030353636207, 0.0009807047245406774, 0.0002491304444113444, 0.0017013868085179972, 0.021229954570598206, 0.0004108770937769109, -0.0004164718097458591, -1.8509977550107676e-05, 0.3
86, 2, 1, 0.0014998043055475287, 0.027054056236685053, 0.8829752827058898, 0.0884708567518777, -0.14013933886309765, -0.092520060268965, -0.028524068594662257, 0.3116066684062992, 0.18658435915645377, 0.004616170266014264, -0.18848317969826678, -0.01801486196594515, -0.03488536522137251, 0.08297581665506285, -0.11307987768108067, -0.0009672168837061137, 0.001864695065677167, -0.0013629726368024838, 0.021889971800453677, -0.00011926410593134161, 0.0006186791003642868, 0.0005320016333289795, 0.3
87, 2, 1, 0.0014994572449757795, 0.027067742344987548, 0.8829821154731214, 0.08845068493691513, -0.15866044339855337, -0.19787867311587326, 0.03405315132442086, 0.21022823301276258, 0.01953404378653323, 0.04751923418642874, -0.38429310548391143, -0.16694644725945246, -0.11735603720189, 0.010414907539899538, 0.1171094020943096, -0.001673259764387349, 0.0013466821589352908, 0.0009330839634684861, 0.01745668873086258, -0.0013908150360930423, 0.0007033098019807044, 0.0014383409831178146, 0.3
88, 2, 1, 0.0015074661859219203, 0.027174426446725065, 0.8816073184799106, 0.08971078888744248, -0.1799273555156026, -0.020476774950282016, 0.15564865706832615, 0.4561648577697789, -0.03651035551122346, 0.2188497002257029, -0.1250700286267251, 0.19634158766598014, -0.06617845246435879, -0.028880699971054573, 0.055930743109666795, -0.0001962795696068758, -0.001159683272765993, 0.00012798389039488269, 0.01947070119863254, 0.000534461139582309, 0.00022337434542602815, -0.0008900823835236215, 0.3
89, 2, 1, 0.0014896117939691147, 0.029905177918818415, 0.8767391962844159, 0.09186601400279662, 0.029163843635110542, 0.03262571847432795, 0.06926412235911723, 0.21737773446253406, 0.28235799232513986, 0.09443473209252443, -0.1867194622285122, 0.037369027570031195, -0.13071679402034164, 0.053340024912605734, -0.024666034745036664, -0.000371242859173428, 0.0012355132389174097, -0.0016182355531579131, 0.02131623971470786, 0.0006833200063779646, 0.0005944890189798167, -0.0012611624620555246, 0.3
90, 2, 1, 0.0014995693878153819, 0.03028661687715403, 0.8762951949734534, 0.09191861876157717, -0.014306974247556304, 0.051635182061908494, 0.2991384698617046, 0.4278711372787554, 0.09006578819930654, 0.1212161025596877, -0.25379167346748194, 0.1637047935223866, 0.1649532704746938, 0.15987886433218917, 0.10242241171225919, -0.0018774392940930432, -0.0018459335674892064, 0.0009123202510767606, 0.019702421413949074, -0.0013257281148522256, -0.0007423519210712096, 0.0003549727582597375, 0.3
91, 2, 1, 0.001524718851228007, 0.029110415285308115, 0.8729330958006141, 0.09643177006284984, -0.04277091463115193, -0.15628161553899847, 0.17472301104321114, 0.16913827428189826, 0.10331292329352285, 0.10622742656926683, -0.14372174026144377, -0.011311191181174995, -0.023996532935731823, -0.1480153392967712, -0.05713086554400969, -0.0009406721163021036, -0.0010971992377208073, -0.00011222121074854581, 0.018681678137062285, -0.0009185523823603915, -0.00010133813896245169, -0.00048393588579103835, 0.3
92, 2, 1, 0.0015305585115381799, 0.03804856064860743, 0.8360690651355741, 0.12435181570428028, -3.5570322968192514e-06, 0.1306276374523628, -0.13857376121698148, 0.18253039106684166, 0.2772402121819553, 0.1942111471959834, -0.07322043521174199, -0.04232536723635995, -0.013563667995913242, -0.1975983836521557, -0.025776041145845578, 0.001382864586501089, 0.0011585556791688088, -0.001603275635261385, 0.022012381098910308, 0.0008728550104376058, -0.0007404983257957335, 0.0008810616832673207, 0.3
93, 2, 1, 0.001451423861087128, 0.040463092440283094, 0.8318635422121128, 0.12622194148651703, 0.21562131270917667, -0.049636948572957404, 0.012614299943065977, 0.3564296424711772, -0.016919831123333597, 0.14586225384564733, -0.2618517411157125, 0.08874353751214806, -0.056939394463113135, 0.1719633586212594, -0.14067508506702392, -0.0008053651473894013, -0.0004783357426087705, -0.0004963023533230297, 0.01914026807020473, -0.0005775903648725324, -0.00034059539711759506, -0.0010348371258110858, 0.3
94, 2, 1, 0.07532092135261347, 0.13002319083081615, 0.6063146067232206, 0.1883412810933499, -0.05073714465289829, -0.009871093372546168, 0.1365495899696615, 0.07712614705837066, -0.0240888578496689, 0.01387002491594096, -0.11410339858017153, -0.03646089347127804, 0.16894924315083176, 0.10877390799830752, 0.21385929672643572, -0.0027068771256720274, 0.0009688986512339818, -0.0013492055644085176, 0.02124829214142793, -0.00024966656376878486, 0.0009498998158709134, -0.001040374034346775, 0.3
95, 2, 1, 0.07206884244885159, 0.13188072686600263, 0.6060234062447439, 0.1900270244404018, -0.0037403268250188358, -0.11791575731258361, 0.05538794505700532, 0.326534094479052, 0.009255940347994263, -0.21139700783943988, -0.08897053606185568, 0.07812846614484142, -0.19954417582592238, 0.05304851147945129, -0.030051323688535452, 0.0009912173818747106, 0.00037775818473697296, -0.0001523914823759264, 0.019111473410316736, -0.0007543168945603619, 0.0002027435879203814, 0.0006257837522568186, 0.3
96, 2, 1, 0.02209796918499567, 0.15007691747915528, 0.6112575178982838, 0.21656759543756537, 0.0074851126479417275, -0.11904992772342304, 0.09437774647884342, 0.23458822397401696, 0.06807861289019299, 0.08997720125780988, -0.17623282790114733, -0.0025958628382962644, -0.06975001591253294, 0.1167151439258693, -0.13648237339848263, 0.0007026039451763659, 0.0009692735599006505, 0.0005129575708692618, 0.02112897109666466, 0.001082202528266085, 0.002360879677604646, 0.0005626929632155346, 0.3
97, 2, 1, 0.022018083792192642, 0.15167706340081902, 0.6055516083632243, 0.22075324444376404, -0.06503342582580292, -0.15767122884583956, 0.005281868705028442, 0.2860857539512188, 0.22044834718469822, 0.04548175640807989, -0.2535905281190417, -0.18017882657160728, 0.109746441467323, -0.0327910718422697, -0.011913251302044034, -0.0014213164811530618, -0.0011718397196729638, -0.003159045910986393, 0.02035232710100874, -0.0014566957063053513, 0.00040402139533727037, -0.0002689704310510031, 0.3
98, 2, 1, 0.022148845072502234, 0.1745096035604599, 0.5803925495856896, 0.2229490017813482, 0.07542662992986335, 0.039713770989264444, 0.25571862186508715, 0.27854437163578455, 0.21333538252007478, 0.22631264883307126, -0.0003147833104075737, 0.0042869432894282414, 0.0442936229025541, 0.18746342012489817, 0.20820163812433376, 0.0011040358385809438, -0.00010312499496712088, 0.0008193939910766931, 0.018877585827185676, -0.0017953477012519526, 0.0012092428011752357, -0.0007642273989702938, 0.3
99, 2, 1, 0.020258676187350933, 0.1837518388065093, 0.5666736015167612, 0.22931588348937856, 0.08924646715987174, -0.09975158069910625, 0.18334332821468763, 0.2715772600758074, 0.11245710251556391, 0.14881374747183304, -0.09831912506318399, -0.1014075371475297, 0.10803169498082674, 0.03708286324825686, 0.06853614439569018, 0.0010933065385297569, -0.0005953809447184655, 0.0009092498731011568, 0.02054949664086642, -0.0002444780469710686, -0.00011437278152536586, -0.0004516326791108991, 0.3
