t, Event, Policy, P(still), P(random), P(reach), P(transport), o(t), s_a 
0, 2, 1, 0.7151609063148499, 0.05303148925304413, 0.23180192708969116, 5.6818303164618555e-06, -0.35079791637746105, -0.4964106759480151, 0.44533585356767025, 0.9031468197791236, 0.2901912449532295, 0.1861977146640589, -0.3129103331293381, -0.2054655780568453, -0.3105797280416772, 0.2367546827503702, 0.11417723253080556, 0.003804651790975667, 0.003086739698612092, 0.053146485045194466, 0.1470043773122255, -0.10641048589995865, -0.06305989582081747, -0.028544883433668528, 0.9
1, 2, 1, 0.6602188190779531, 0.05392541463567097, 0.28584995487721604, 5.81140915983893e-06, -0.5362775583232094, -0.6435851153802582, 0.48392765078810535, 0.8101901771634878, 0.04835209843712233, 0.02160047101386785, -0.17334453719384454, -0.21785531560555021, -0.2389644721114784, 0.3391302787309874, 0.22777848690185287, -0.0004262653282349822, -0.0005799597466569661, 0.00020927865811139462, 0.08887135576003966, -0.0018678140890089055, 0.0023859205847071158, -0.0009341633351083525, 0.9
2, 2, 1, 0.6601957485785341, 0.05392571884963347, 0.2858727211625698, 5.811409262597239e-06, -0.5178403793855271, -0.5756531666393851, 0.6026525304399323, 0.5234347048793546, 0.14408803378232887, 0.1455385713088356, -0.04242156382251446, -0.47275174482186644, -0.25743133761781645, 0.43830231665526914, -0.013342557103769243, -0.0011851070447030279, -0.0005648395536114571, -0.0004420036035311277, 0.08793477221885061, 0.00026857389201055156, -0.0002069108207286892, -0.0003412387242641617, 0.9
3, 2, 1, 0.6593293809997128, 0.05393792077894271, 0.2867268863245031, 5.811896841287032e-06, -0.3740862271460683, -0.5274230578941971, 0.6042184857187842, 0.9256939540767718, 0.17023880117884976, 0.026746982085796345, -0.13595750859849393, -0.25232319098854483, -0.1692108456586457, 0.35016506696165245, -0.1437454546615081, 1.2909401113876175e-05, -0.0016100894843224338, -0.0009840156562694869, 0.09103713613015503, -0.00031540514087831237, 0.001082490934932772, -0.000322794481272399, 0.9
4, 2, 1, 0.659387489864646, 0.053879377856130325, 0.28672732038504306, 5.811894180593701e-06, -0.5674321390322048, -0.6265866496684224, 0.5265029960050406, 0.8395490720676072, 0.12595146068651997, -0.10361518586739597, -0.0005908364060579263, -0.48341438176245255, -0.2613967232323481, 0.23131644711305893, -0.10213508633807648, -0.00034123887148677185, -0.0003346245128865079, 0.0004098611534480123, 0.09194163385391449, -0.0005579217097522336, -0.0005664046097893731, -0.00048116254543165333, 0.9
5, 2, 1, 0.6338788861066056, 0.05334378466374261, 0.3127715171214083, 5.812108243598792e-06, -0.47861247871862755, -0.4892741329841903, 0.6954086054887589, 1.0375166593629965, 0.09096148361742061, 0.0007710428089706456, -0.02628893158201754, -0.3175240643914361, -0.2836790923896308, 0.3566758503760057, -0.011063550098936692, 0.0002706813777078663, 0.0005312067397686578, 0.0006918641912695687, 0.08993028757075977, 0.0015836849900575077, 0.0015508773946148774, 0.0008238769976733369, 0.9
6, 2, 1, 0.6323737413332366, 0.05341479684953872, 0.3142056475394177, 5.814277806887392e-06, -0.4981856444595694, -0.5371517160705294, 0.6016375369577837, 0.9690953624678087, 0.2072357003808226, 0.05721124881788553, 0.031952554281309074, -0.25996541692356856, -0.17785018078779435, 0.39189003637338554, 0.037267496647996654, 0.00012892427220550018, 0.0003272879269210326, 0.00028323836652832787, 0.08963457230601032, 0.0007412261819312986, -0.0009504603340474196, -0.0010603451485918778, 0.9
7, 2, 1, 0.5903297962690323, 0.05393578145247343, 0.3557286071870224, 5.815091471947235e-06, -0.5512048941495091, -0.5508442918195465, 0.571072831987723, 0.8692292596319294, 0.04313564213119523, -0.09238716690235745, -0.2346350727161476, -0.11526479841646846, -0.4571310727253935, 0.23957744447038953, -0.05633672963435965, 0.0013132741091672552, 0.00041995993247631385, 0.0015242117600497208, 0.09000747324953062, -0.0001969494192607395, -0.000250416220697975, -0.000847688113945239, 0.9
8, 2, 1, 0.1848199170708461, 0.05866520512134072, 0.7565090627047174, 5.815103095814168e-06, -0.5509847981825158, -0.3970236581912453, 0.7885014582360782, 0.9635869676171414, 0.10202127142997428, 0.11543312474561915, -0.1535086331743247, -0.10943197981871947, -0.38143860231125654, 0.36205501111830185, 0.1355351885019572, 0.0006694852993932836, -0.00019811735689071272, -0.00011408919993349361, 0.08860317508394053, 0.0016843176555586628, 0.0008624259711553723, -0.00035512191697137884, 0.9
9, 2, 1, 0.18250481000404445, 0.058687843995674865, 0.7588015307411659, 5.815259114888575e-06, -0.552491454578349, -0.6007301524092661, 0.495137717105821, 0.9213803373210894, -0.030313195510159253, 0.06778248207215835, -0.3585151943023298, -0.33632869297565665, -0.1928180435079571, 0.2778164034770049, 0.15984965862748574, -0.0006583294679092561, 3.721556113529054e-05, 3.991600394608434e-05, 0.09006529927955816, 0.00036999474923772623, 0.0013894031098372933, 0.0014746625404233461, 0.9
10, 2, 1, 0.18212201349598506, 0.05870131725175247, 0.7591708539387247, 5.815313537743914e-06, -0.5569497431344602, -0.5778643855727611, 0.5978893455465767, 0.9772466993559819, 0.23928273534859587, -0.012456412519497095, -0.2910864808050621, -0.13985142004811243, -0.16771851738265417, 0.3229690342679091, -0.14380585565488405, -0.0011449170390746884, -0.0002530144906953944, 0.0018784582936446147, 0.08958937688111081, -0.0015323312647563792, -0.0014057618408822318, -0.00017881475393935237, 0.9
11, 2, 1, 0.04326540820487756, 0.06085803084095354, 0.8958707408627963, 5.820091372616895e-06, -0.47880065921622367, -0.5023953295563377, 0.6087476962922433, 0.9743398546539556, -0.059405233496704055, 0.003602740309147134, -0.275180221388312, -0.24440235434296703, -0.20096225138341195, 0.3275462402608114, -0.01172478897612123, 0.0022760986066173807, -0.00046460677818694365, -0.00048655274055593045, 0.08961039740499574, -0.0017315825531472712, -0.0008142990057008418, 0.0011792470834230588, 0.9
12, 2, 1, 0.02495313994775865, 0.06114857733815847, 0.913892462235513, 5.8204785699451745e-06, -0.5977523860746878, -0.5163301952768767, 0.7104523453822293, 0.9052987960460062, 0.1343008651392198, 0.05560349979952319, -0.17333900851618286, -0.22111140890452816, -0.1688710656311156, 0.2245919519852321, 0.19828047432653337, -0.0002802072891018278, -0.0007266800730911068, 2.8465827384391658e-05, 0.09038222114940157, -0.00023684879320175044, -1.0160130197897842e-05, 0.0011988998285061892, 0.9
13, 2, 1, 0.026096829483650018, 0.05928789369188424, 0.9146094551167343, 5.821707731547236e-06, -0.48244134707062825, -0.38991899386797074, 0.6015058873821963, 0.901079593450528, 0.11655460477847521, 0.06733608486410503, -0.08670950471149874, -0.27072272523051016, -0.2125206247380907, 0.24831457485538166, -0.042596871351716976, -0.00017550236888079507, -0.0005790070833161731, 0.0016698836894169552, 0.0890675781862347, 0.0006315892335237366, -0.0007925836006562289, -0.001342923372263489, 0.9
14, 2, 1, 0.02514278890037582, 0.05929575734710652, 0.9155555578883388, 5.895864178859284e-06, -0.34855505598151654, -0.6322167903190058, 0.42893916878070576, 0.8464156708214879, -0.1015347667412299, 0.24877708255361655, -0.18056293411964627, -0.20564234354501115, -0.27570946862112, 0.16367289047228437, -0.04550267389261044, -0.0007962241089073299, -0.0007921921594502446, -0.00042498904024783547, 0.09077164651124837, 0.0006805661654515045, -0.0004377128289396562, 6.747762077542082e-05, 0.9
15, 2, 1, 0.007439244068267028, 0.06005699122251234, 0.9324978431541199, 5.921555100873977e-06, -0.661886370800904, -0.598264299574882, 0.6578078212272167, 0.9829167296280126, -0.014701243906429795, 0.21069798576549675, -0.02716856397964227, -0.22826535843947995, -0.13686932404890184, 0.23195913472790566, 0.07758331392059319, -0.00043676508706156313, -0.00011057775580542256, -0.00012734369475313385, 0.09165079998377232, 0.00021612111397535002, 0.00042931450138122655, 0.0013096859399921302, 0.9
16, 2, 1, 0.007801120666896158, 0.0579962144167654, 0.9341967165677117, 5.9483486267335495e-06, -0.542516854708514, -0.4606086172169059, 0.49720225664891327, 0.9318846152309656, 0.08274812317984752, 0.08355773472797444, -0.10365932244392828, -0.19757728530487895, -0.2110613119836537, 0.3094730151139207, 0.16722798776771705, -0.0004967935414715057, 0.001277798707330466, 0.001964206472472912, 0.08964610182468825, 0.00021504304817941445, 0.00030185990161615833, 0.000896281275497712, 0.9
17, 2, 1, 0.009925388232085884, 0.055688701067610244, 0.9343799446736275, 5.966026676403111e-06, -0.5481028141385652, -0.4201293807967552, 0.4652308348769534, 0.8666219027448241, 0.11824877651614538, 0.07521205443437262, -0.04064681609516929, -0.29996638969498346, -0.2909920531813574, 0.11346360206207626, 0.025169162369035065, -0.0004748640633457801, -0.0006242360827543968, -0.0005537947297947935, 0.08991979368330219, -0.0006499847195531351, -0.0009691443590460885, 0.0008635994770857006, 0.9
18, 2, 1, 0.008930449819390262, 0.05569565146348181, 0.9353679294868017, 5.969230326283374e-06, -0.3409370767785819, -0.49464984472934415, 0.47007723686801073, 0.8568180645139686, 0.1866179474803984, 0.09764974711979293, -0.18734843287831734, -0.023883152218795268, -0.36200480364940246, 0.28454536502382266, 0.042516592807539534, -0.001157226754994524, 0.00027843755070243074, -0.0004050104274647911, 0.08910438268563174, 6.775799256655379e-05, 0.0006533026391950136, -0.000670371640378261, 0.9
19, 2, 1, 0.008864625023176977, 0.055697356089865514, 0.9354320475745016, 5.9713124559674225e-06, -0.3217037729849387, -0.4359514365823223, 0.4201999406861704, 0.9297424097365677, 0.24002285529269227, 0.03455114420944226, -0.26686922750303116, -0.22350976783895965, -0.008897315387558669, 0.3168363667074726, 0.17650178827052093, -0.000961413033567161, 0.00030364636557162237, -0.0002952601404785461, 0.08994004335039861, -0.0016990706546449411, 0.00020598533107573955, -0.0011783801338898536, 0.9
20, 2, 1, 0.008864452441278816, 0.05569735655861767, 0.9354322206469542, 5.9703531493277906e-06, -0.4149351415908492, -0.5988609928257367, 0.37599404171567213, 0.9364774019410103, 0.02752892627098147, -0.035757373320662554, -0.2169972587821543, -0.3999506989696298, -0.39375819243175164, 0.4185203765709876, 0.008356499261606582, 0.0013373940874583032, 2.785703376381985e-07, -0.0002821929777214799, 0.09115101138705693, 0.00020982093736492276, -5.353928470190713e-06, 0.00046827937002233, 0.9
21, 2, 1, 0.002462742713902598, 0.05581957633094338, 0.9417116881111571, 5.992843996977379e-06, -0.4319574805263507, -0.3289676843350263, 0.48114807634852363, 1.0006670282213403, 0.073621585497227, 0.2509382663554981, -0.25723831530778796, -0.29321744044644615, -0.2276911109915035, 0.19677726600658757, 0.06836977181692434, 0.000334307211096034, -0.0004525114299567475, -7.879850628048657e-05, 0.09146649904795794, -0.0009750027182926377, 0.00042052719150509614, 0.0007117875480572079, 0.9
22, 2, 1, 0.0006252136052010456, 0.05587676479649392, 0.9434920284883984, 5.993109906513683e-06, -0.4784111969530639, -0.5228733438121156, 0.7128782951222418, 0.7262999686060875, -0.1010256970585401, 0.03033723565108043, -0.050908235461740614, -0.12899836642474674, -0.14379132663500638, 0.2764453687949495, 0.05778367001267122, 0.0008426296632359408, -0.0020515047682009746, -0.00012651576889473814, 0.09068411254243795, -0.0005951054022171678, 0.0002853206246434614, 0.000196130040394071, 0.9
23, 2, 1, 0.0018105568767046109, 0.054543515534726604, 0.9436399338279563, 5.993760612491093e-06, -0.4743452595304193, -0.41879129575562846, 0.4915904973990264, 1.0564545707999116, 0.09440559831635496, 0.09239523371301692, -0.1730331521976565, -0.24701973097249047, -0.14865452541810095, 0.3767383541181573, 0.1337776092280615, 0.002821604860222774, -0.00046548513590914957, -0.0007775063846051845, 0.08963259381353184, 0.0010910532673822273, 7.603377180777712e-05, 0.001124686480795456, 0.9
24, 2, 1, 0.001897807725452685, 0.054395508823184856, 0.943700666834334, 6.016617028480091e-06, -0.5074857355960758, -0.3326146611845801, 0.42318756073139274, 0.9511062436047888, -0.08689812876464784, 0.20958517717916142, 0.06313760485802651, -0.1440027900540515, -0.3832160077411131, 0.11683462602465348, 0.04207838607881691, 0.0021067794217901345, -0.0005682649566457916, -0.0009788120356775238, 0.08856142752976057, -0.0007435882418652273, 0.00038013529374259354, 0.0007920446004058028, 0.9
25, 2, 1, 0.0019167603108878341, 0.05436860955126638, 0.9437086135891107, 6.016548735012159e-06, -0.561987424267026, -0.6380774232820673, 0.5562172104009137, 1.0277821191217493, 0.22944656767875937, -0.06350222940542005, -0.23429254632642788, -0.22174976261187962, -0.2501140650936903, 0.2939706622292168, 0.2139212725421124, -0.0012422559285653184, -0.0002367264382594298, -0.000872634581665843, 0.08883540375953412, 0.0005633500835195804, -0.0002631892845582303, 8.967934239734587e-05, 0.9
26, 2, 1, 0.001909825476144167, 0.0543656084388338, 0.9437185488891631, 6.017195858939494e-06, -0.5389750140143075, -0.5229651249657122, 0.5484793539010371, 0.8640107797494032, 0.2277206245810885, 0.02617229047192563, -0.028403650542507285, -0.14522128127637712, 0.011390660025762634, 0.33794156557233945, 0.0982992980318308, -0.00046844861320867145, -0.000296058210860891, -0.0012273019228674145, 0.09149614959198685, -0.0013858380127824736, 0.0007695173679755151, -0.0007378146262540527, 0.9
27, 2, 1, 0.0035284035440578303, 0.052643196456017706, 0.9438217569461994, 6.643053725062326e-06, -0.2594280274807003, -0.5183929819662477, 0.4178854473164998, 1.0049104596188265, 0.20764976422499806, 0.0891894139506708, 0.1112677050075392, -0.24111792403010276, -0.040212004406847024, 0.2590182781881491, 0.07198658795887221, -0.0013582265652315282, 0.00128285752414101, 0.0002271297733854269, 0.08976800796219461, 0.0015660241645719442, 0.0026975448862872416, 0.000520153064513, 0.9
28, 2, 1, 0.004044529660629341, 0.05162531151720739, 0.9443234878830438, 6.6709391195302546e-06, -0.307542673059487, -0.38425269247092775, 0.44699481465812035, 0.93624733190443, -0.008496804676256419, -0.030972231091842484, -0.15899225088026392, -0.19200682893355445, -0.25772710455286757, 0.13976818251901113, 0.21496883222044091, -0.0005865093527620699, 0.00036957057005473, -0.0003009852982093793, 0.08906795757061213, -0.0018711419350312699, -0.0014896200096169332, -0.0003976608698206379, 0.9
29, 2, 1, 0.005896162293784644, 0.049507843075864914, 0.9445893145327297, 6.680097620868024e-06, -0.4618274982281562, -0.1437518452237483, 0.6339350402263904, 0.9037459083392483, 0.2778494692139712, -0.11972439503847418, 0.05512813916255188, -0.2367199120827072, -0.10982473673260693, 0.08086530075220626, 0.013971256878817857, -0.0010349615613298793, 0.0015445744519101928, 0.0024520464710003245, 0.09098334550899835, -0.00031928034417137864, -0.0011650571735759003, -0.001264990878017743, 0.9
30, 2, 1, 0.005862928158028288, 0.04950848427291729, 0.9446219105689414, 6.677000113095256e-06, -0.5409507233241677, -0.4602737731330813, 0.5537203811213515, 0.8380445824949907, 0.080152327941741, 0.3090599879041712, -0.27448801126148725, -0.2991864510409818, -0.2749954697090798, 0.22714256974009, -0.006167314863264892, -0.0006541480850505907, 6.305765456109729e-05, 0.0009116268506572688, 0.09076270689271523, 0.0018464253243176206, 0.0005201441578970349, -0.00047169341059219254, 0.9
31, 2, 1, 0.025336914395024553, 0.02923390237220493, 0.9453957182062073, 3.3465026563260406e-05, -0.502943025356066, -0.4149612639180732, 0.27260135794795604, 1.0109054435775906, 0.04292640641208795, 0.11663673886526012, -0.07638019576939323, -0.17765632412164648, 0.09517439833047034, 0.29045381295539635, -0.056132242463148053, 0.001878639754485583, -0.0008800163137661227, -0.00037021806091225393, 0.09037251884260683, -0.0008715843750406136, -0.0009530028983892781, -0.00013824031225719965, 0.9
32, 2, 1, 0.002915459327955709, 0.03016510705408939, 0.9668689078362409, 5.052578171403206e-05, -0.2950082393572063, -0.42477583339156133, 0.4565976301789026, 0.8931109612200963, 0.10957865343509945, 0.22094991145535134, -0.09633762499599421, -0.2373261438656175, -0.08344172831009297, 0.16010714034289447, 0.06632088744288293, -0.002506683546680926, -0.00033064484769648554, 0.0013840688776777408, 0.08867714177402011, -0.000986827082859912, -0.0002794598396527161, 0.0009035611480105952, 0.9
33, 2, 1, 0.003280570444257757, 0.029680543832918325, 0.9669863655711491, 5.252015167469715e-05, -0.31084001442860504, -0.2822303725338587, 0.2516919752836193, 0.9701440620049319, 0.1519106694670694, 0.12451381026704715, -0.11050514789297974, -0.24432465963864716, -0.15885234963181702, 0.1742251115492161, 0.03588193262295535, -0.0005493900474348798, 0.0006108786136313586, 0.0005005503283107515, 0.0910462973881129, -0.0016425982533113202, 9.400307937729593e-05, 0.0005064576818772687, 0.9
34, 2, 1, 0.0025909623862278284, 0.02970488968575063, 0.9676507607849375, 5.3387143084054075e-05, -0.34357315773064584, -0.3244275965575797, 0.25309606501653925, 0.8132594800564734, 0.1790806477806425, 0.09574586328163767, -0.16976678898611733, -0.1307627244655561, -0.13269573851396904, 0.37635496518489225, 0.18773627110364943, -0.0005620965888477696, -0.0009153596184961589, -0.00287928920417252, 0.09164376162409961, -4.4821619090897625e-06, 0.0009881795619255296, -0.000621430016011658, 0.9
35, 2, 1, 0.0004926450259987566, 0.029841284860432984, 0.9696124702969398, 5.3599816628342015e-05, -0.37923846910438547, -0.30062346497250436, 0.5598364468721779, 0.9196844044884115, 0.17173695907839087, 0.3385106549586206, -0.10736110423989331, 0.00878618529564743, -0.17358867404675685, -0.005317778858308753, 0.05628464993665165, 0.0016961462304039081, 0.0013383146322201432, 0.0015408537986451843, 0.09132958724749746, -0.0007542694388391437, 0.0001050439019094557, 0.00021393793049984952, 0.9
36, 2, 1, 0.000485159928767337, 0.029841571284597707, 0.9696196704582977, 5.359832833726297e-05, -0.6218996752049878, -0.24123326747604595, 0.39484534777997077, 0.7840247066107031, 0.19031655287473334, 0.1909200630884437, -0.08976585647715844, -0.19704328898525253, -0.24087315352898903, 0.2567686971429168, 0.10960561094601196, 0.0001110999417569631, -0.0006066155413707122, -0.00180890285212886, 0.08981619179997112, 0.00021108005728755387, -0.0016371905878819367, 0.0005389000522487929, 0.9
37, 2, 1, 0.0023612128369562653, 0.025938444175349247, 0.9716466566060208, 5.368638167370604e-05, -0.20612358507261427, -0.2126015522005808, 0.4862445780315635, 0.9728453226506536, 0.1765893766415941, 0.0991340844861449, -0.10079675096398186, -0.26585599904628465, -0.33927768571430483, -0.10357613367489708, 0.02926887966066647, 0.0012819264886945935, 0.0010592994233776542, 0.0005851093616293898, 0.08981733103802848, -0.0002599945043951006, -4.227556333182951e-05, -0.0006093276207213144, 0.9
38, 2, 1, 0.0024141996371050307, 0.025882514811819777, 0.9716495990972103, 5.368645386495252e-05, -0.33004712459328844, -0.3385416823123683, 0.4910804835518371, 0.8846853284737728, 0.07782868692520575, 0.0593665934796038, -0.059479137923566475, -0.2791088754315454, -0.34861026324461114, 0.06943568209139554, -0.08794708142495028, 0.000155815365388821, 0.0017978110048859582, -0.0008150180794844706, 0.09116766636226273, 0.0009561577341432586, -0.001469748933825467, 0.00091622098111619, 0.9
39, 2, 1, 0.002357492874791094, 0.025884473550326786, 0.9717043464018043, 5.3687173077893044e-05, -0.4606643566617533, -0.29494615114584527, 0.4044397933320896, 1.1883316194465754, 0.12995142080896296, 0.26302778578415686, -0.3089283820676, -0.3119251436840453, -0.03473862964458112, 0.2910581539367828, -0.05038507677772599, 0.0005844429238895852, 2.7046814526592782e-05, -0.000699355812001946, 0.08817058020103039, -0.0012451849369667734, -0.001542166136499581, 0.0009164001777594896, 0.9
40, 2, 1, 0.004560524957523502, 0.022819846691788912, 0.972555848659669, 6.377969101851284e-05, -0.38045912881884303, -0.31767730959216056, 0.2838712939790969, 0.8669674266801881, 0.1675627586152079, 0.05274933743041865, -0.12190579095269956, -0.32528527967249843, -0.12648264226367156, -0.013270656675525117, 0.12109724580194185, 0.0004437409417523632, 0.000789394546487272, -0.0013512008720621437, 0.08987482215677746, 0.0004352318208390423, -0.0003335944923202482, 0.0016320664880754173, 0.9
41, 2, 1, 0.0033089813207964973, 0.02286576957606725, 0.9737606558118204, 6.459329131587421e-05, -0.1326639729861888, -0.2653889580385672, 0.30928090946762754, 0.7584061615578053, 0.1270085553716619, 0.2011535268282008, -0.2435207774138366, -0.08481529402914886, -0.2077781652047374, 0.24526009569029802, -0.05603648696210774, -0.0010828072848898596, -0.0008005166789333355, -0.0014460598757727802, 0.0894859307842305, -0.001291834295887085, -0.0024049983229005394, -0.00019155559848921074, 0.9
42, 2, 1, 0.004637201922065174, 0.021514069158092345, 0.9737841268635002, 6.460205634232602e-05, -0.12182436102949193, -0.314887080136084, 0.4536483370736112, 0.6992164460723824, 0.026082899102133673, -0.0639983383541265, -0.07614724362908802, -0.2457134241176961, -0.20709649834490387, 0.15198182534052712, -0.10420374744250929, 0.0008864871765477683, 0.0002171332872825671, -0.0017029184930499853, 0.09130017918678195, -0.0005378141940367647, -9.907914219828343e-05, -0.0006070505501880781, 0.9
43, 2, 1, 0.004729145611246611, 0.021322384006236834, 0.973884391395829, 6.407898668742737e-05, -0.45078876293384534, -0.30770812720175944, 0.22253559615027765, 1.1526924014442623, -0.043736280422946194, 0.11033418911320181, -0.13232603832095122, -0.08784302529880632, -0.25410232182060566, 0.3574571197666624, -0.020489583323514395, 0.00022398902360810748, 0.0002629966423526641, -0.000989953854465923, 0.09081504771828, -0.0008258720108745281, 0.0006177964178499683, -0.0006891426762925236, 0.9
44, 2, 1, 0.004495725427272309, 0.021327997888855116, 0.9741101154980231, 6.61611858494226e-05, -0.2634644075029485, -0.35358665152642615, 0.27594885886749637, 0.8580625210014684, 0.2688723133699038, 0.170752085888142, -0.125916747602864, -0.07463405731433786, -0.22541724242743308, 0.19680109062927545, 0.07189249605412813, -0.0011169971271227143, 0.00031463949445143696, -0.0007677807958013391, 0.09083752546160254, -0.0006389085393864633, 0.00032263072274055525, 0.0019043241073450304, 0.9
45, 2, 1, 0.00449658940119603, 0.021325250272859905, 0.97411199898389, 6.616134205404555e-05, -0.25908027053491994, -0.2927356837909293, 0.3871156309923585, 0.9879086540676422, -0.09503250125780545, -0.05005816422730212, -0.20686297895169314, -0.29262490944501407, -0.09279750422649477, 0.16995957597547792, -0.08159291396342902, 0.0004932284250728153, 0.00031461190393864547, -0.002791582404877124, 0.09046501243355873, -0.0007300681759305971, 0.0001741653911693353, -0.0008945110565835546, 0.9
46, 2, 1, 0.0014789493238621854, 0.020510583203179986, 0.9779436333794308, 6.683409352708654e-05, -0.3652553150270158, -0.10202761317011429, 0.4684356538417494, 0.7713974010732224, 0.023443309345944942, 0.054487902069767245, -0.2555200865998507, -0.19422350961530294, 0.11585416602781377, 0.11054197412484597, -0.01916338293097094, -0.0005373868146045428, -0.00041787010084257, 0.0001578573361940119, 0.08924632792767105, -0.0011701583732917646, -0.00019771621113286725, 3.325020041315315e-05, 0.9
47, 2, 1, 0.0015099889550078706, 0.02041026864439061, 0.9780124526491079, 6.72897514936418e-05, -0.3806060768400915, -0.2842582976289759, 0.24303047678957995, 1.0618687591630902, 0.23418787472567826, 0.18086923907862726, -0.19516212711204245, -0.17418931014769062, -0.23964560085537406, 0.12999030503178213, -0.042298038866440804, -0.0003884247061614357, -0.0010877304966803892, -0.0003643149498199936, 0.08762067395778897, -0.0012528163661529614, -0.000640976213208646, 0.0016787190620648645, 0.9
48, 2, 1, 0.001555995301384187, 0.020357758668642784, 0.9780192147474203, 6.703128255285628e-05, -0.3313687742650573, -0.539027304338241, 0.27207501513521726, 0.8704354332976971, -0.037169839305779016, 0.009718852060958771, -0.0404652513626451, -0.27956157272040594, -0.2096527993668924, 0.21211332079485512, 0.008699517679949592, -0.0007460647361960246, -0.0002883905103451221, 0.0002563919022087292, 0.08987489160787915, -0.0003016994725036581, 0.00033363303291398866, 0.00012745202304318928, 0.9
49, 2, 1, 0.00158044739459245, 0.020322838808208173, 0.9780296427403344, 6.707105686499727e-05, -0.22674915959206182, -0.13709721166089145, 0.23671247032510329, 0.8040682772652623, 0.2526880675521671, 0.06109637535479058, -0.1811347933864893, -0.13346662721269748, -0.19003350264394445, 0.283201070803049, -0.013231336955139922, -0.00031132490528667253, -0.0009327543997793666, 0.0005291070996311063, 0.08948465327973486, 4.0911286205908435e-05, -0.00065164815412793, 0.0013671022677275483, 0.9
50, 2, 1, 0.0015838163440241191, 0.020318965926625677, 0.9780301536415, 6.706408785019876e-05, -0.30802238160456663, -0.4727215381707664, 0.3282030790797125, 0.8611738680515411, 0.2077344415487567, 0.01988986977498507, -0.0826707468826615, -0.2620786316481506, -0.18161703493348763, 0.13012736521529292, -0.031019488309665992, -0.0015905791993854218, -0.0015370970605555368, 0.0003198650870062212, 0.09045502183500212, 0.0006402100353412111, 0.0007022128486252647, -0.001535360411908109, 0.9
51, 2, 1, 0.0015491603163219163, 0.020320055986531207, 0.9780636787747135, 6.71049224334544e-05, -0.3022493274101624, -0.27412568869115994, 0.22326752828610955, 0.9327168957701275, 0.2931558992580773, 0.09618980651194484, -0.22068476913708074, 0.06598765215938338, -0.26814001491350586, 0.18531724723943246, 0.17917624380793884, 3.532117611876463e-05, -9.969849632644918e-05, 0.0005499942836123059, 0.09013558267353508, 0.000643814568253179, -0.0005010489591261494, 0.0007923696302998748, 0.9
52, 2, 1, 0.00059852886163807, 0.02036349311792775, 0.9789580085026299, 7.99695178042382e-05, -0.16103085381255383, -0.39368674585007996, 0.37717367307221694, 0.8584207973407676, -0.09895799160165861, 0.12228604570469108, 0.02303807555781574, -0.09213900342535837, -0.04639942785219629, 0.2499565590804651, 0.07237478770112733, -0.0012684300654560335, -0.0004741992458665938, 0.00024309506912576477, 0.09110193760179233, 0.0003485300528370831, -0.0003635335648209702, 0.002148985772470564, 0.9
53, 2, 1, 0.014915356133101987, 0.003802746246777613, 0.981154621054309, 0.00012727656581145233, -0.08232135881894528, -0.35839716523461634, 0.3120722523163515, 0.6568241370581601, 0.05205681918493912, 0.10002626106457244, -0.10250356451668641, -0.09493545420304446, -0.1334712620903134, 0.15621266404380524, 0.01702496524309962, -0.001891290081632754, -2.1562489581888567e-05, 0.0002566041916544868, 0.08961529213131977, 0.0008988950825776273, 0.0010062657306038583, 0.0005533659476646151, 0.9
54, 2, 1, 0.013025429142280867, 0.0037190145256050934, 0.9831233754471991, 0.00013218088491499387, -0.34540897001754606, -0.30380193814671397, 0.28040153503355314, 0.8384382305804767, -0.027216047636279873, 0.09302234882822637, -0.11752661734470841, 0.05313194351390449, -0.3432793689354903, 0.05639214241804326, 0.012304202645459488, -0.00046299110110466256, 0.0013844982964643956, 0.0004102119598127861, 0.08954206160175085, 0.0005472297684544286, 0.0019790733772156806, -0.001136468144294162, 0.9
55, 2, 1, 0.013031625254779808, 0.003698145205440309, 0.9831365578518639, 0.00013367168791598896, -0.44213407486005724, -0.3297838245635599, 0.3382902426123408, 0.9100961718715123, 0.24759496798782346, 0.10835323432060015, 0.05834342897197085, -0.15039642678596024, -0.17453496202992452, -0.020028171370042334, 0.03340921028136329, 0.0003021816944013359, -0.0008376006142082771, -6.836758455770697e-05, 0.08747298991945533, -0.0014817583085695418, 0.00022129041247384855, -0.00123715469374987, 0.9
56, 2, 1, 0.008634629270903601, 0.003862333339825497, 0.9857632273630088, 0.0017398100262621607, -0.3135377852325861, -0.16671193897378678, 0.1518231122212101, 0.9379164714909031, 0.14915489625118689, 0.08165250858481743, -0.017552500021755436, -0.08417755065700297, 0.0006390529900202502, 0.22613971554699078, 0.04452341676534212, -0.001549141852241324, -0.00037707370809752914, 1.754651112101289e-05, 0.0899431038384498, -0.000910673942695323, -0.0010666802800676982, 0.0008387834239088861, 0.9
57, 2, 1, 0.006770157933599615, 0.004012766695048386, 0.9874386356260781, 0.0017784397452739013, -0.154221373194324, -0.1320505151530158, 0.3069136469242484, 1.0661482858336093, 0.22065771532932893, 0.19385229359109452, -0.03045513392220798, -0.058457762732442055, -0.1442168351955493, 0.2583140294151681, 0.026125846861184056, -0.0012576460572588065, 8.185369502398571e-05, 0.0007984132254438926, 0.09032739686386886, 0.00021060426364170496, -0.001625674710726686, -0.00033353207506373343, 0.9
58, 2, 1, 0.0032371715507835486, 0.004298722902406336, 0.9904495267782951, 0.002014578768515016, -0.44670241294695945, -0.4278064935844107, 0.2821000842260048, 0.9462764208310693, 0.027025612041465707, 0.20241989364713117, -0.013547578432559404, 0.030286174705575108, -0.18064318684564765, 0.040735577779422674, 0.10533716371517103, 0.0006504815142571103, 0.0014416747175428192, 0.00013353358599457908, 0.09032659546072168, -0.001076507674876084, -0.0005078536176042106, 0.0008025215743965449, 0.9
59, 2, 1, 0.0031690508060125706, 0.004297475130634582, 0.9905190026139739, 0.002014471449378913, -0.3003301223366779, -0.11702216750598753, 0.2576188872958101, 0.8356484197439071, 0.10580214041453329, 0.14285719386653722, -0.13957192497010398, -0.12435858113643217, -0.14104865888852294, 0.4491489091896699, -0.010064118747573163, 0.0016673749875633615, -0.0013400423392386659, 0.00042744927775983054, 0.09052900227869827, -0.0002887321050411566, 0.0006059615116931268, 0.0010831415212166795, 0.9
60, 2, 1, 0.0029613144984566653, 0.004276387617268385, 0.9907477092822381, 0.0020145886020368478, -0.13902693134998365, -0.11846611704248615, 0.23496289461851455, 0.778172802227066, 0.10547781045473999, -0.07780136734857952, -0.30335007071646014, -0.0735630609267659, -0.11471882079230813, 0.2791104348320782, -0.03927708158694136, 0.00016741486618160215, -0.0005104921617649778, 0.0013707042692724227, 0.09011727734823685, 0.0004240890750194382, 0.0002689342687386556, 0.0018181065897377442, 0.9
61, 2, 1, 0.003014128885518565, 0.003963315869576196, 0.9909162219833646, 0.002106333261540675, -0.2917824588252178, -0.05762017830851558, 0.12035690892506208, 0.785817830885895, 0.2560767737982582, 0.12146060359964858, -0.11320753028391883, -0.07534422769756693, -0.1143791390857217, 0.05740757856348203, 0.07435781204561868, 0.0018886831435863261, -0.000285880229026869, 0.0001321317612703645, 0.08946818874137596, -0.0007650392049656999, -0.0006243564820306007, 0.0005676731106376714, 0.9
62, 2, 1, 0.003014164079157491, 0.003963318332161154, 0.9909162784927641, 0.0021062390959171516, -0.29127621388652225, -0.3522731384808662, 0.24139511516720077, 0.9540400921443037, 0.2625182913707932, 0.141144650421561, -0.1733699629671974, -0.3309926312498589, -0.1952947833423519, 0.20136479270771912, -0.00528575651109264, -0.0006088397297567525, -0.0004702040524800823, 0.0008522043274133348, 0.08917344201090585, 0.001164493577874686, -0.0006124676504143929, -0.0008765584356936589, 0.9
63, 2, 1, 0.0030107270358601733, 0.003963803865199197, 0.9909187391654524, 0.0021067299334882324, -0.2380326883027677, -0.1053982530016131, 0.1966263590322363, 1.1192771435000286, 0.08633093387358082, 0.21733731677017434, -0.09912757566122399, -0.05493866533951378, -0.11490658295986227, 0.11940422714059588, -0.2923696995378849, 0.0018962267180837767, 0.0027334739922284714, 0.0017974887209127124, 0.0905301250828087, -0.0009532201455786083, 0.0004975507461639732, -0.0004136204945788889, 0.9
64, 2, 1, 0.0024146578984641565, 0.003992131918489352, 0.9914304152472168, 0.0021627949358297197, -0.11316881361722604, -0.14679836819113748, 0.2527592088060865, 0.8701019080331577, -0.03473265334993079, 0.26181506600787885, -0.04583286274038961, -0.18517386041138212, -0.08842030706562758, 0.1364315616676074, 0.08155994513999797, 0.001193656778572749, 0.0004292889264628174, -0.0010529155805558757, 0.09046129387008085, -0.0009486702480753431, -0.0006127535821439041, 0.0003635988315721378, 0.9
65, 2, 1, 0.0024641570921729635, 0.0037978092040881575, 0.9915003595700679, 0.0022376741336709877, -0.18052494548831818, -0.057205804109839484, 0.19850064047259292, 0.8510649273442951, 0.22605678033528864, 0.2078955243905813, -0.04076285373132136, -0.21287880657598518, 0.020180786760335145, 0.013141232085628406, -0.08594378752266124, 0.0016116941903956082, -0.00031743106869420323, 0.0002613411727698723, 0.09055041776015771, 0.0014875700584806649, -0.0005059988613465209, -0.000587966050765007, 0.9
66, 2, 1, 0.0023160302273962166, 0.0038034533905902624, 0.9916382864796005, 0.00224222990241295, -0.19297661615124762, -0.1616599637681227, 0.25362250770538985, 0.9124681495019553, 0.01974693082946132, 0.15738146177505377, -0.21972841944099403, -0.180287780030779, -0.04388918861362121, -0.008076375198420771, -0.02078398496538681, -0.00023202371579552516, 0.00035477996651475695, 0.0015341657159029258, 0.08958837946918098, 0.0013626136022440228, -0.0005607068108295178, -0.0016639956906443498, 0.9
67, 2, 1, 0.000812263122482416, 0.00388610862427378, 0.9930528688598758, 0.002248759393368076, -0.29496530204742344, -0.35782473946694365, 0.2788196379641203, 1.1677355333567525, 0.18868013517157842, 0.3083655833994962, -0.15464868298397488, 0.037140984776548126, -0.24506594855233937, 0.1446295937252307, 0.07566226618909531, 0.0019148202875841625, -0.000518554196803374, 0.001151986719193964, 0.09085607619161716, -0.0005822494476190735, 0.0013571997541448847, -0.001898754331952408, 0.9
68, 2, 1, 0.0018231456746052963, 0.0023427295487726896, 0.9934546463725027, 0.0023794784041193066, -0.12474085447107601, -0.1385124986702532, 0.12568314901219133, 0.8790624323027908, 0.11111858359374194, 0.09880277316241573, -0.13986104237190142, -0.09962700825579632, -0.11596475797489345, 0.06829205180589548, -0.011176868418526976, 0.0007109223720506124, -6.146534768968628e-05, -0.0008644604897823028, 0.08951925766926459, -0.0019973165199555546, 0.0006910579737646884, 0.0009528040370183234, 0.9
69, 2, 1, 0.0007486491393045857, 0.0024556165692141353, 0.9942792063035825, 0.0025165279878987127, -0.06327090616340474, -0.1866752652299501, 0.13766377553702963, 0.8549022156441011, 0.17223551582665292, 0.21822617943920286, -0.22722779341506288, 0.029249793966557115, 0.029190199886168534, 0.053012348516000674, -0.14183865594604989, 0.0002815744659239465, -0.0011298322577535447, -9.159159483106835e-05, 0.09093793360100492, -0.0005677369552909959, -0.0003575886354616432, 0.00026678008471852727, 0.9
70, 2, 1, 0.0011414765569224459, 0.0019168324587040678, 0.9943631835344827, 0.002578507449890774, -0.17987011373877165, -0.25287261029407804, 0.15208870375255296, 0.8593351009677723, 0.1700152622097249, -0.04596454446635743, -0.04557431788892187, -0.14324607404252937, 0.006882924524311352, 0.06791563205772208, 0.21038405268812851, -0.001314203627690099, -0.0006787999333022219, -0.0011855651912529113, 0.09024533382682899, -0.0004185892829289757, -0.0008564255137231151, -0.0021561087005950046, 0.9
71, 2, 1, 0.0017386656166697228, 0.0012694405216022568, 0.9944050935554906, 0.002586800306237446, -0.16627789364995937, -0.18736058531923244, 0.21444167413492227, 0.830332762672017, 0.08478272094287952, -0.017645341955262194, -0.08531583758398743, -0.16477037908265052, -0.07438490437247029, 0.12071992754578123, -0.025093329338121688, 0.00014488889171218245, -0.0003372096982971145, 0.0012476728598377696, 0.09080183705832243, 0.0012659108758747142, 0.0006539959386125977, 0.0016540153878860139, 0.9
72, 2, 1, 0.00011259852277917192, 0.0013352532822381207, 0.9958056657619089, 0.002746482433073853, -0.16832373840089948, -0.2893760444429109, 0.15146094141254438, 0.8141357423259699, 0.05747001665304783, 0.2569357584667946, -0.20977334482253546, 0.10772170265534195, -0.030462752483475707, -0.06798288993414436, 0.016852658546865906, 0.0003344917876374945, -0.00025875974850124754, 0.0011921255810070483, 0.09005971503177448, -0.0017151306405548267, 0.0014205939615081846, 0.0015661529396088086, 0.9
73, 2, 1, 0.00010436116348214075, 0.0013237155276613433, 0.9958253411596509, 0.002746582149205636, -0.015290778360141876, -0.24754862823931142, 0.34018352777252325, 1.0111119311099468, 0.04629426515510637, 0.1200894024165315, -0.2511662543062416, -0.15425664223923702, -0.01013677124474035, 0.03835191249054163, -0.0161779100281826, -0.0004517215246742011, 0.0015450935073282991, 3.812059924770133e-05, 0.0892960371567071, 0.0004280137612670284, 0.0006140426422309196, 0.0018823272096243412, 0.9
74, 2, 1, 0.00023224773744738868, 0.0011593464013958392, 0.9958585246538278, 0.002749881207328895, -0.18200945843791178, -0.012579653740117958, 0.1797905841980345, 0.9878865089523554, 0.22268251399441316, -0.10636220894036708, -0.20119774080249725, -0.13702871317036128, -0.060490584646334125, 0.09354153910034124, -0.18175301607986563, -0.0007437035082759988, 0.00032309640514035343, 0.0003585752536501955, 0.09111041694956264, -0.0003279120253596668, -0.0014119466825257328, 0.002072111337135807, 0.9
75, 2, 1, 0.00022716939247636046, 0.0011522494025761351, 0.995869515417347, 0.002751065787600513, -0.15378297767508833, -0.2251878267447462, 0.07808109579292245, 0.9609755171941329, 0.12802204357611288, 0.12263759385845388, -0.2799694103460565, -0.1525703132760304, 0.06224414580802669, 0.008936598686253305, -0.09019888165251719, -0.00023209976260516499, 0.0017569398479398844, 0.0014769588368707866, 0.08979328049338088, 0.0005706323490495981, 0.00016457633383887353, 0.00025245245144376916, 0.9
76, 2, 1, 0.0003734594166538686, 0.0007206738996763599, 0.9960470835191502, 0.00285878316451966, -0.1329837809412677, -0.14591227755888186, -0.09981705663083336, 0.8490638682619863, 0.09836311730317673, 0.10369295866901293, -0.18596926433194266, -0.09742876158324194, -0.011963807262850169, 0.030802870810108306, 0.07577872050932702, 0.00012321801176785953, -0.0008031238494824765, -0.0001329698888117618, 0.08786534224468255, 0.0004363367637038074, 0.0024210505702988005, -1.3915401936584718e-05, 0.9
77, 2, 1, 0.0006668062456504203, 0.00042845327575164117, 0.9960251809538179, 0.002879559524780093, -0.07351912597691893, -0.22398113676869968, 0.13914848577799116, 0.959151383200586, 0.15065591405194634, -0.11601111006066697, -0.11321156202308799, -0.13801216884245815, -0.050003836969171045, 0.06456949652822142, -0.052438361990606905, -0.001023995967157109, -0.0007371262626216778, 0.00011280611713157526, 0.09140990205763586, -0.00044178691942003045, -0.0006338853105443727, -0.000622906320644853, 0.9
78, 2, 1, 0.000373139672483198, 0.0004412222984914367, 0.996302332983242, 0.0028833050457833897, -0.200522309813024, -0.02629088185289996, 0.2513669662057012, 0.9813259223652, 0.10722281893512334, 0.14386654079777356, -0.19735087599531786, -0.0854966568046695, -0.1360580266463918, 0.1572234865610057, 0.0053225017056277545, -0.0004390307700498238, 0.0003543731108099259, 0.0014851302535867155, 0.09150251184515679, 0.0013291966419793522, -0.0004117623186657857, 0.0009396635648410758, 0.9
79, 2, 1, 0.00197266568646006, 0.00016877592822688814, 0.9948031628226977, 0.0030553955626153556, -0.010204355342920723, -0.15811186254595702, 0.12543387823913993, 1.0040458257198204, 0.13505674410997143, 0.09976841344697175, -0.09061789520614696, 0.17143407530773086, -0.10389029984653438, 0.05382173848563256, -0.03571624981045396, 0.000922827694508091, 0.00013662181218063383, 0.0006041410289978368, 0.08938569715762419, 0.00014451474999381997, -0.000954061454799566, 0.0011096123543458084, 0.9
80, 2, 1, 0.001967945518353684, 0.00010747648509760632, 0.9948421179609261, 0.003082460035622566, -0.11207475420839327, -0.12192876622926277, 0.1595353310623214, 1.0044752776044388, 0.06335873862071298, -0.001705292248153567, -0.12925920513208572, 0.042459601370082214, -0.10857358471991277, 0.0878504731839811, 0.0019853951939192956, -0.0019859573586314652, -9.33542252027799e-05, 0.001523091094697311, 0.0884379646419173, -0.0015061223270617127, -0.0009564201920408525, -3.4331210561769083e-06, 0.9
81, 2, 1, 0.0018960934288766152, 0.00010934568022579268, 0.9949088639847704, 0.003085696906127216, -0.27339100688044427, 0.05293383284694755, 0.05244404423550421, 0.8754231380543211, 0.058617726730561745, 0.13661365886865567, -0.2059345695081472, -0.06647499916165223, -0.17576155254610754, 0.154179605210817, 0.05220269779454353, -0.00010291416405817087, -0.0004189908208587269, -0.0006968943623991062, 0.08777258180946138, -0.0011374224723240916, 0.0005441844082846961, 0.0005725166948668814, 0.9
82, 2, 1, 0.0018966235900678295, 0.00010721346660851877, 0.9949103565106312, 0.0030858064326924626, -0.27855710859527993, -0.15975814462317334, 0.039880739223342156, 1.0023063107430095, 0.07124475016412588, 0.0005122561387987057, -0.2704922739377967, -0.19447358762968592, -0.039530237681975444, 0.03665651485485832, -0.07799488371880492, 0.0006969300910161646, 0.0010325708009047475, -0.0005335103064179152, 0.08934952057664443, -0.00017060112820778325, -0.0005686752394607325, 0.0010680803652073855, 0.9
83, 2, 1, 0.00011581652675291992, 0.00019399217286294082, 0.9965722533466393, 0.003117937953744882, -0.16737749744006744, 0.054871790016714404, 0.1937124537218698, 0.8624583503238892, 0.01217676841975398, 0.13745218095161785, -0.2605017677624384, 0.023027481392128336, -0.09100903346897846, 0.09058939655833476, -0.051965057288175784, 0.00281316332066963, 0.0022986048189312064, -0.0006221172973433569, 0.09047197267522708, 0.0005388880596095093, 0.0007497398919541304, 1.8507892952992927e-06, 0.9
84, 2, 1, 0.0004553819638594, 0.0008106292864604906, 0.9930516230338733, 0.005682365715806836, -0.07359213392155085, -0.15666986237197497, -0.04883028336572452, 0.8329543582416636, 0.10371779404992845, 0.2661082623390646, -0.16960439378109884, 0.07477016625840296, -0.07758512910112077, -0.03593187926062391, -0.030469385410423176, 2.6586593345445587e-05, 0.000705485145535458, -0.0004996718316364496, 0.0911805108197644, -0.00013574108266842672, 0.001146617982230442, -0.00047745221996389737, 0.9
85, 2, 1, 0.0004554560336386586, 0.0008104510796686729, 0.9930517422472582, 0.0056823506394345176, -0.05511416116677644, -0.06342757811901509, 0.1609495830032499, 1.0864343662105977, 0.031983999898198424, 0.05220988223952442, -0.29853978441510826, -0.189880791125709, -0.16103779831215412, 0.06850385540146299, -0.009277414369088088, 0.0004906818514322658, -0.0014365184292139904, -0.0001990627876130695, 0.0898650976550519, -0.001406642093423553, -0.0005822441837180427, 0.0018696282649465848, 0.9
86, 2, 1, 0.00012463560780784345, 0.0008220098302348473, 0.9933353435389387, 0.005718011023018613, -0.21563319282072077, 0.10755146501042923, 0.21105958698679944, 0.8823970044739987, 0.04170867527116932, 0.20506042955819317, -0.14878610413544563, -0.1115003499011888, 0.007510212123966098, 0.1317412730051971, 0.04109926600537638, -0.0006627291648303502, -0.000648806139153327, 0.000469244040759939, 0.09236121412345492, -0.0002891114620044387, 1.2370097755770696e-05, 0.0016838585212936516, 0.9
87, 2, 1, 0.000168747125996959, 0.0007275085939913607, 0.9933718859638394, 0.005731858316172261, -0.18458361557931155, -0.12293152366544731, -0.12694197087358736, 1.05384744496912, 0.1122913917315076, 0.19008206504957031, -0.18553359936697192, -0.14171122798625982, 0.038756557358442106, 0.13588932316808283, -0.061013283483524285, -0.0015297312715738818, -0.0016260996467845844, -0.00019116466247833986, 0.08975203425048642, 0.002975765958069422, 0.0017407418904630129, 0.0016225904585153114, 0.9
88, 2, 1, 2.4006348425628224e-05, 0.000737509398301834, 0.9935000516001246, 0.005738432653148032, -0.3638640192628262, 0.022408591773209363, 0.19163648925627474, 0.7647119574601717, 0.2863862193758734, 0.15153796308204107, -0.15631436086739087, 0.0734576518252138, -0.015036480036518163, 0.17701424046216938, 0.13007417497988277, -0.0008875965397694757, -0.00019405384466636994, -0.001177176063544547, 0.08944490473190676, 0.0008892894171263583, 0.0005197063075915989, 0.0009383597667628196, 0.9
89, 2, 1, 0.0011123065706458517, 1.354001596302469e-05, 0.9926634386197748, 0.006210714793616247, -0.10367429452828243, -0.179942031889063, 0.13727132682170062, 1.015648962913616, 0.0838319723893293, -0.032473753917954616, -0.006651511084915973, -0.09322064132366739, 0.09057185290398848, -0.025705949502767167, 0.07600452222520646, 0.0003069243883809181, 0.00021709450735539064, -0.0035088164631130437, 0.09001177146531704, -0.0005492994569876416, -0.0002954893074404224, 0.002070843966493165, 0.9
90, 2, 1, 0.0004172602084663548, 0.0001167471070538257, 0.9928450568317225, 0.0066209358527572525, -0.18949174720410952, -0.011969353070046273, 0.09596730629459949, 1.0102273460155562, 0.19510655369510427, 0.21557658877825636, -0.1172715735484052, 0.07265221197053837, -0.07599327607145301, 0.07098165993089686, -0.011531509600597862, 0.0005946814898047001, 0.0008838974607003648, 0.0004862423840204062, 0.09024132853042993, 0.0006793144070119327, -0.00018769831521708646, 0.00036606980636413563, 0.9
91, 2, 1, 0.0003926307798989393, 9.792422886819197e-05, 0.9928837213522647, 0.006625723638968182, 0.025807516785336593, -0.18280031500399713, 0.22449578158025255, 0.857867876100914, 0.004361111863319933, 0.11449240787724997, -0.16545432543954858, -0.1073965482449601, -0.04319590017030362, 0.015270964575342235, 0.02404671370373227, 0.0006777689230541762, 0.00019118921813843852, 0.001729303389638785, 0.09103661199572666, -0.0002903901627391605, -0.00025902991204487883, 0.0009704366152717348, 0.9
92, 2, 1, 0.0006357689210597624, 1.245105018761001e-05, 0.9926847854917416, 0.006666994537010921, -0.017838107743437553, 0.14075957433163838, 0.11889445816003437, 1.004142599861624, 0.18187488261135695, -0.0020383582052886816, -0.06209341441075209, 0.15026013537188948, -0.12222317055017318, 0.015525616552966337, 0.11784778032510852, 0.0019386356989193748, -0.00029194248271106036, 0.00011832550714923338, 0.08766199228505459, 0.0011933850552401514, -0.0006697501249332649, -0.0005115677929032704, 0.9
93, 2, 1, 0.0007206585359650094, 0.00011590529637731734, 0.9911483537673196, 0.008015082400338146, 0.09100077880887891, 0.11363654887262808, -0.03018923912685776, 0.9551917145846229, 0.00878062873549552, 0.23829920824318754, 0.05909448242282531, 0.1476712643144717, 0.0575783009312647, -0.068453678108971, -0.08617229614938672, 0.00069091969489872, -0.0012136078594933914, 0.00028897284560727645, 0.09019759068814731, -0.001022184498500331, 0.0013084387032642395, 0.0005295853058279577, 0.9
94, 2, 1, 0.000652400030357532, 0.00012519636476209938, 0.9911859239833618, 0.008036479621518447, -0.030478587154338887, -0.19629945756584605, 0.18399945750880925, 0.9487432976301967, 0.05043113662694152, 0.3252063573280298, -0.1422552888366477, 0.0564092798090696, -0.0005075806451878106, -0.002896892686295671, -0.12751785577226768, 0.0009443279594366054, -0.00013078244995446556, 0.0013929331467436162, 0.08989296461114898, -0.0003897888557491178, -0.00048609490747492416, -6.610497153129545e-05, 0.9
95, 2, 1, 0.000647562095061355, 9.122936184846335e-05, 0.9912075919950755, 0.008053616548014708, 0.06165157971688699, 0.08000348381009847, 0.0874941478999421, 1.1734765073789197, 0.27762427917072896, 0.1782805036287689, -0.15082874696930984, -0.09322796028872533, 0.03572928654633545, 0.03690608503586919, 0.10481824950362444, -8.611422865683004e-05, 0.00019259981136812083, 0.0005059152903201983, 0.09054445594715561, 0.0005849687724152685, 0.000834830897943092, 0.0009296016339953274, 0.9
96, 2, 1, 0.0006483758225502167, 9.26713793359413e-05, 0.9911999358758115, 0.008059016922302362, 0.07418757615541101, -0.17154446312261085, -0.10584314786676145, 0.9327461214948528, 0.29769354525870145, 0.15676438212358834, -0.12725465342802772, -0.0476275696011897, -0.17744134684448484, 0.005142829371954405, 0.07851264902328578, -0.00033276299217928167, 0.0018225253340300712, 6.210128453260883e-05, 0.09069013616858677, -0.00034484662153180166, -0.00039292380601581853, -0.00022462182737266657, 0.9
97, 2, 1, 0.0007188553173479683, 7.111113151897718e-05, 0.9910630251135134, 0.00814700843761962, 0.06460239370928629, -0.13753720929926858, 0.009480566525466716, 1.0597497033871126, 0.10633927110680046, 0.0418123637856059, -0.10580423222030952, -0.08833559840085173, 0.12060182753892427, 0.0455034354713509, 0.10036399556617377, 0.00045599489674563677, -0.00017332858223738837, 0.0002986636898686786, 0.09114928273619097, 0.0010505683047257349, 0.00047666729374139466, 0.0014436117587448122, 0.9
98, 2, 1, 0.0007944276779208614, 2.9027898185863025e-05, 0.9910202894090443, 0.008156255014849043, -0.022337202564601914, -0.1474246421302765, -0.08479783933559666, 0.7750859079950435, 0.08142230873252156, 0.05045317780030789, -0.14174249268076694, -0.06126132649963998, -0.01158335973739213, 0.17414655738105844, 0.13430778483545744, 0.00031526726719882225, -0.00032222574675140966, -0.00013136685195323932, 0.08925159897440302, 0.0006167661768943654, 0.0004612118509083366, -0.00018847792292837459, 0.9
99, 2, 1, 0.0007262976659787216, 0.00031480659074556303, 0.9836457410805505, 0.015313154662725249, -0.027417480463376005, -0.10610790246643242, -0.062285361277382836, 0.8694876765720073, 0.2378216579511765, 0.31503345839774, 0.07404088080797358, -0.08505887771430683, 0.09519867316592656, 0.06731688280262928, 0.018694064763147968, 0.0007838855526223338, 0.0009637351301234971, 0.0011322720395714832, 0.08966167185802415, 3.106597788475475e-05, 0.00039803194120108313, 0.00032367934011856797, 0.9
