t, Event, Policy, P(still), P(random), P(reach), P(transport), o(t), s_a 
0, 2, 0, 0.00153242121450603, 0.8833302855491638, 0.1150621771812439, 7.513487071264535e-05, 0.6695998416201545, -0.3381438076335599, 0.5743982423998311, 0.4830914631060872, -0.1180193432479483, 0.2944820921028384, -0.1777279615436523, 0.32459984537481174, -0.05506469837844734, 0.2458565967583129, -0.0437440620649676, -0.011783497892250843, -0.08290233356401659, -0.10349024097184631, -0.14335265198955452, 0.05522603882165657, -0.14302682884800239, -0.02043452567709526, 0.6
1, 2, 0, 0.0015246016278046988, 0.883411320467704, 0.11506407777425894, 1.3023237443021006e-10, 0.5694406255588229, -0.5684827427800475, 0.6364444795260737, 0.6000923762760223, -0.11019330539103984, 0.1110973778580803, -0.12425805367511653, 0.17891360633924366, -0.28149409529177183, 0.3206391275683965, 0.09461467308276361, 0.00030534978687995833, -0.10489761666737449, 0.07265821898423315, 0.062454648253969444, 0.12519469824859966, -0.027063294189592503, -0.1307592819467192, 0.6
2, 2, 0, 0.001524573787837233, 0.8834113470578765, 0.11506407915399758, 2.887685361832063e-13, 0.5632757223860931, -0.5636420465847728, 0.6313247515522379, 0.6005317047892316, -0.10978952333003247, 0.11094499142341734, -0.12508734725960863, 0.43644593278613664, -0.175484048078878, 0.19329100172155084, 0.10346184531414238, -0.013460481928172893, 0.07693082461931924, 0.24080300581412048, -0.05720067355907408, -0.03403134553473221, -0.05821981050605028, 0.00793118721764018, 0.6
3, 2, 0, 8.10231406063263e-05, 0.8845764524532472, 0.11534242294416157, 1.0146198499590322e-07, 0.5592518076999904, -0.5584037818057952, 0.6247772745346024, 0.6003136374663885, -0.11175778850868748, 0.11194172640503501, -0.1235948739148848, 0.26346516273187875, -0.1660793922586822, 0.24566495546413897, -0.15395356452409786, -0.04946087249470987, 0.035475615564217564, 0.001386677851371873, 0.09482566833016617, -0.061600058324683085, -0.032020672993287, 0.05997067103229101, 0.6
4, 2, 0, 8.033943591311949e-05, 0.8845768973803114, 0.11534276317979035, 3.985208424309709e-12, 0.5527087254498821, -0.5534263387380892, 0.6197746544275776, 0.5995162402969899, -0.11020795825167624, 0.11194459165434083, -0.12450328863111562, 0.43024324468049446, -0.16395932070467334, 0.4492249474568519, -0.12545981607449636, 0.04045043370334655, -0.02169954018411485, 0.14386901016995204, 0.12204794759011137, -0.12065489215182756, 0.020015883105307962, 0.04038700007561581, 0.6
5, 2, 0, 3.850217600480497e-05, 0.8846186844498444, 0.115342813370212, 3.938945234559775e-12, 0.5466836449368808, -0.5473062091303205, 0.6122540718264091, 0.6000276072543769, -0.1111566972312491, 0.11103552044688707, -0.12345920292458337, 0.4013185655477036, -0.36285601635639064, 0.3879545644585979, 0.26211815598970817, -0.09823977707261158, -0.06294895080101835, -0.10468753963686062, 0.058107634460779545, 0.05447458264649222, 0.11164993840274502, 0.12498378104897515, 0.6
6, 2, 0, 3.6101956298659654e-07, 0.8846549742740915, 0.11534466409719606, 6.091494539983364e-10, 0.5424642462427178, -0.5431436812926149, 0.6066379220036562, 0.5981916322814176, -0.11068389567666426, 0.1116133411766193, -0.12304557609740788, 0.07720230297070496, -0.38657410096730005, 0.219995317271718, 0.05567136930124574, 0.04924545487123921, 0.14812404907726412, -0.14820822326032784, 0.17228834512541052, 0.007508748089975298, 0.14216469226642953, 0.10581776062264403, 0.6
7, 2, 0, 3.5411691623261524e-07, 0.8846549812490363, 0.11534466463392509, 1.2229629113781002e-13, 0.5352777917156264, -0.5351139549250309, 0.6001384843880124, 0.5996325404152246, -0.11310870802396973, 0.11098854839280234, -0.12268050239251944, 0.254753426474499, -0.2653434510409903, 0.33299260028253996, 0.02830156941823143, -0.17450444457093153, -0.13051108772267755, 0.019227729107227663, 0.17183891985833874, -0.03972551330253985, 0.017153960303828028, -0.09314353936475775, 0.6
8, 2, 0, 2.4135520061058856e-07, 0.8846550479647071, 0.1153447106479889, 3.210342060899556e-11, 0.5301495421909358, -0.5304700506674298, 0.596827942168098, 0.5990926745694133, -0.11144588314876155, 0.11031879447137893, -0.12306791685345993, 0.11675767910956122, -0.2901940478940918, 0.2223488612876207, 0.006397745726797954, 0.011801456527449749, 0.11700506386116331, 0.07331308618847755, 0.03652901055144825, -0.11660402781544868, 0.154870537648291, -0.03683969511570368, 0.6
9, 2, 0, 1.4309086683832195e-08, 0.884655255354171, 0.11534473033036459, 6.377692922526772e-12, 0.5241529695976854, -0.525191096938081, 0.5877901085304691, 0.6000057912802179, -0.1095128605496016, 0.10993729381339261, -0.12501507937122758, 0.23697873396283856, -0.3431583079103447, 0.1819049954511472, -0.02117477082023565, -0.09798146766053797, 0.07476441043846818, -0.017577117895355616, 0.21840573806149002, 0.005811685580253428, 0.09188210140917571, 0.07314360062131837, 0.6
10, 2, 0, 4.29355547231265e-10, 0.8846552681681997, 0.11534473139561366, 6.8311059149788386e-12, 0.5206098774550258, -0.517827593842277, 0.5820088485350196, 0.6002058060928512, -0.11011671438803905, 0.11198798430953263, -0.12359383069809701, 0.15657808170480567, -0.17103782730117087, 0.22137066413290912, 0.02816565353108036, 0.12140968908239838, -0.1359391801621608, 0.06633190882532304, -0.00013616667378952841, -0.025540520319762394, 0.05776356573593929, 0.11706327197696761, 0.6
11, 2, 0, 2.4295838019978963e-10, 0.8846552683494645, 0.11534473140756833, 8.848317110766645e-15, 0.5116736872936289, -0.5155942393614159, 0.576614989889294, 0.5989309418004054, -0.11095530672976775, 0.11082679064750134, -0.12507378118943696, 0.3383239196913638, -0.12549174535322255, 0.36554995637773013, -0.08112646186889375, -0.18527413867882297, -0.06873315491409326, -0.08214874844073482, 0.1386353490884597, -0.05197768410597621, -0.05696603399346513, 0.051319647206152966, 0.6
12, 2, 0, 3.2079816113996696e-12, 0.8846552685828601, 0.11534473141393145, 4.957553398132457e-16, 0.507552954823572, -0.5106961358356791, 0.5670670748701789, 0.6003179406324943, -0.10953314898448911, 0.1099135278266609, -0.12373177602411281, 0.40978074895723254, -0.3286789726058817, 0.33232956174865647, 0.0742576865499282, 0.03632623358043032, -0.06152239423979119, -0.03319511076069846, 0.03291298817632814, -0.011748519471129953, 0.03645407716589798, -0.010986614600596826, 0.6
13, 2, 0, 3.2079692661632894e-12, 0.8846552685828606, 0.11534473141393149, 1.2503273694119408e-20, 0.5040762263688758, -0.5019701513270572, 0.5636033669287415, 0.5997851093537989, -0.11067684710787454, 0.11165533117979916, -0.12389337991793566, 0.2558754870111646, -0.19225052060259412, 0.42965895692298617, 0.08567281682203913, -0.1423541455881089, 0.0933782271532633, 0.06079807622758269, -0.03864158107532225, -0.08095775038357912, -0.05944586753638466, -0.15714150056782755, 0.6
14, 2, 0, 2.1337088480519968e-11, 0.8846552685292985, 0.11534473144933716, 2.7147566919212012e-14, 0.49575841100142404, -0.4959717295085203, 0.5561500076019155, 0.5987301167674339, -0.11010248523830372, 0.11219778307553045, -0.12349025519081758, 0.2965407366828596, -0.25015185338902496, 0.285359887653492, -0.035411442311865673, -0.06823529673993181, -0.09191952832581203, 0.00437717673979743, 0.15175186132054913, -0.09109134798945143, -0.010300306848755079, 0.14946182836616342, 0.6
15, 2, 0, 2.1331195734848125e-11, 0.8846552685293316, 0.11534473144933725, 2.230649183959571e-19, 0.49198276928027773, -0.4930351499067137, 0.5514995380257484, 0.5992734194584892, -0.11019669330640922, 0.1107605768469174, -0.1243056488150347, 0.0332423608375636, -0.3297217936655935, 0.3385517567846168, 0.24279350829758828, -0.04513606469953525, 0.007128068374792703, 0.0920714602707888, 0.13320629308218374, 0.061102409561453117, -0.05376356281955399, -0.05847947642325323, 0.6
16, 2, 0, 1.655689826928948e-11, 0.8846552685338435, 0.11534473144959946, 2.2188711920326759e-16, 0.4856767061489743, -0.4850382907421092, 0.5442302592375793, 0.5995870134995096, -0.11038668712291935, 0.11065439296307078, -0.12280382408611668, 0.18435114103288036, -0.2871525929643098, 0.4120739510244319, 0.08997935780913516, -0.013918465437361227, -0.05830338701199332, 0.05252284275990955, 0.18683823200302654, -0.054043846747650746, -0.028298876890931957, -0.1471236952782155, 0.6
17, 2, 0, 2.3764464400022955e-13, 0.8846552685490086, 0.11534473145075302, 6.945838706362917e-16, 0.4794728138213243, -0.48009605701157854, 0.5399729755569949, 0.5996786657619124, -0.11168862002842088, 0.11045449006511121, -0.1262006485200582, 0.39868279050851907, -0.1538459024072708, 0.46579761457070407, -0.10412125163873012, 0.0671975619977963, -0.11367073375342815, 0.018867526814634293, 0.09665595493384835, 0.0920563456088759, -0.023255724568210553, 0.05104024770731885, 0.6
18, 2, 0, 8.549243584155649e-14, 0.8846552685482244, 0.11534473145168939, 6.226914399989256e-16, 0.4764553823615583, -0.4752698722970715, 0.5302262202460553, 0.5986400971735424, -0.11090446705789403, 0.11098821115274009, -0.12358319345806759, 0.3798855396381845, -0.2851434031715859, 0.1411767244627214, -0.03501210320283878, -0.03372130189322938, 0.03067615083927202, -0.06443788320146739, 0.14895483305944573, -0.06099439825558067, 0.24805285098088503, -0.12184769018534751, 0.6
19, 2, 0, 4.947229597412908e-12, 0.8846552685162932, 0.11534473147807817, 6.814377080143962e-13, 0.468874080556002, -0.4710266478041859, 0.5260057497642305, 0.5991129637518868, -0.11060483719271108, 0.11095498825860561, -0.12472490961370593, 0.20188015232839795, -0.08699058475044034, 0.19934572217877616, 0.03801403178517403, -0.05197191027257473, 0.07401099911759979, -0.11514203719684483, 0.10542132485146313, -0.1537416630074702, 0.02283696661173228, 0.01001971093978816, 0.6
20, 2, 0, 1.6228252677597448e-12, 0.8846552685196175, 0.11534473147870386, 5.5829642690113994e-14, 0.4645879909734199, -0.4635179188344628, 0.5201222995522593, 0.5983958669689382, -0.10977805118068254, 0.11027931116267138, -0.12357336156121004, 0.19051788097925446, -0.16948253567126748, 0.18113795367756444, 0.14722506898771665, 0.05774687342205627, -0.01322880011022908, -0.21109639116798778, 0.07244952295877224, -0.189742095572573, 0.23227057013251753, -0.00862658777315899, 0.6
21, 2, 0, 1.6263165064844747e-12, 0.8846552685196657, 0.11534473147870787, 8.646310277798185e-17, 0.45824861528046296, -0.4577334858601615, 0.5136061002315649, 0.6004372820156048, -0.10929192730861734, 0.1105990459816599, -0.1234695004346632, 0.10093667604596038, -0.2897883584922771, 0.33514575719826734, 0.11328395844303543, -0.01769360706112734, -0.09315655966846617, 0.06424004503406433, -0.026854655290556185, -0.033173022110941155, -0.1421296725839471, 0.0418613594221998, 0.6
22, 2, 0, 1.6089047854549852e-12, 0.8846552685196829, 0.11534473147870819, 2.1571104040539863e-18, 0.45280373823381037, -0.4530867061719926, 0.5075188270262059, 0.5981794903407872, -0.11174188420414041, 0.10996583868412158, -0.12624232872397984, 0.3318469327995832, -0.3011921579679292, 0.16258923454355434, 0.12627055554175085, 0.007573273660579101, 0.04561324422712261, -0.03150489200610518, 0.11051343763289452, -0.037197457803642184, -0.11476547897580736, -0.09301628180625178, 0.6
23, 2, 0, 5.253185793699381e-09, 0.8846552556304761, 0.11534473865252444, 4.6381379617493233e-10, 0.4474862729599843, -0.4476815703088025, 0.5016290781782139, 0.6005769661632905, -0.109401714099099, 0.11052140479014375, -0.12394376614342613, 0.16997818987671132, -0.13468655404942806, 0.22841249756618157, -0.04966737785191355, 0.014359700652288875, 0.046464360997565825, 0.10848767843475786, -0.03938056089904176, 0.013028142156732866, -0.0676383195692863, 0.1532487516748904, 0.6
24, 2, 0, 6.1820604012094015e-09, 0.8846552473163621, 0.11534474610374544, 3.978320078013445e-10, 0.439199501431204, -0.4411919545590835, 0.4949606042083551, 0.5998882200983513, -0.11041107466644084, 0.11019733814700398, -0.12384141440921417, 0.0692423974179934, -0.19519667262142615, 0.2504851341334174, -0.010924074612162344, 0.03124735426834318, -0.15575853615904445, -0.058071374904441295, 0.15736793516123027, 0.010082274651659413, -0.0016409630289975577, 0.04294087639629736, 0.6
25, 2, 0, 3.580200511805872e-11, 0.8846552532419761, 0.11534474671084685, 1.1375074139562522e-11, 0.4347694837114199, -0.43683787704212895, 0.4897866842895673, 0.6002360035417265, -0.11025895637358504, 0.11085022365717281, -0.12245117444530665, 0.11450770196053621, -0.241443505621997, 0.2549799231734963, -0.012162303049324391, -0.09689762546546919, -0.16039591601511893, -0.024657579323758845, 0.05375008531118462, 0.010234489331388139, 0.05153133641044101, -0.0674586565145668, 0.6
26, 2, 0, 2.694620904011056e-11, 0.8846552532505721, 0.11534474672243789, 4.384825956426471e-14, 0.43134642267888956, -0.43048406324967736, 0.4818926465361485, 0.6006678104318575, -0.11198063748901936, 0.1119784868899879, -0.1231570281131877, 0.30485048585327534, -0.23173260749399766, 0.09656135639533403, -0.08960704068738597, -0.00233159753581917, -0.11266357412793623, 0.08361641006531487, 0.18351877292633015, -0.05484996153938991, 0.06802731122645891, -0.13757193220107564, 0.6
27, 2, 0, 2.381036848796483e-09, 0.8846552481611677, 0.11534474937819493, 7.960050743050863e-11, 0.4230378593003462, -0.4243619901989296, 0.47425816671085635, 0.5993509187999393, -0.10956398326475889, 0.11004066514923042, -0.12606836863887336, 0.3080977147096888, -0.13754410397250302, 0.14774202314577362, 0.02447821323920412, -0.022511821231998897, -0.0193216117736965, -0.06491988343905084, -0.024612321187881016, -0.10522298876803513, 0.10883101245026847, 0.09308863474512122, 0.6
28, 2, 0, 4.247808415778628e-10, 0.8846552499879227, 0.11534474958189563, 5.4008579284099774e-12, 0.42096337313039234, -0.4188051341049658, 0.4693620954245219, 0.600280971684133, -0.11024969943574119, 0.10967731724511316, -0.12486855951923703, 0.08058857906424384, -0.22975888354858767, 0.31656151664317955, -0.06631160111640928, 0.022441139407069037, 0.04382745389225237, 0.0010634018941013776, 0.07665968275095598, -0.018809250377941435, -0.044859851070218115, -0.007660672165735867, 0.6
29, 2, 0, 2.829027609283131e-08, 0.8846552214249301, 0.11534475015867383, 1.261198738075447e-10, 0.4143393045665885, -0.4135106663663225, 0.46346971147751226, 0.5999271348541846, -0.10976535251907163, 0.11048573196744857, -0.12325103965200628, 0.2984057159844292, -0.09140043238661036, 0.2642469082401938, 0.09000502353013254, -0.060043390426941776, 0.08695826391187293, 0.02665305505359598, 0.11757476278243106, 0.09566592002861068, -0.025712047163747653, 0.17256419012960122, 0.6
30, 2, 0, 5.426097013373896e-08, 0.8846551044883186, 0.11534482605032237, 1.52003888325061e-08, 0.4075845810134672, -0.4077993326755288, 0.45856900847024784, 0.599118196447088, -0.11018362371189076, 0.11051176637181022, -0.12479263010457238, 0.24105861514983146, -0.09593702732944778, 0.0643573653455479, -0.06129223562363519, -0.09578057048164242, 0.11655995551876082, 0.01150279855629014, 0.15371751214636714, -0.004782165217190532, -0.08972767221863434, 0.13515611501047062, 0.6
31, 2, 0, 2.4740890883075247e-07, 0.8846513989051368, 0.11534773727591964, 6.164100347886708e-07, 0.40235855896846884, -0.40513262705339337, 0.4504628961831646, 0.5996670914000319, -0.111345075794721, 0.11061665927603966, -0.12439527770589005, 0.188160374510227, -0.002311009683095988, 0.12764699580936312, -0.21065689429854953, 0.009894774294475488, 0.07709974515480107, 0.04583119743160038, 0.01892167353103591, 0.020575306226226307, 0.014729817917265959, 0.12213803691428851, 0.6
32, 2, 0, 2.4233004773001236e-08, 0.8846521593022926, 0.11534780811217646, 8.352526040594276e-09, 0.3969881978140177, -0.39774075485380017, 0.4441657186975744, 0.6004482670137671, -0.11100026888804795, 0.11110253736340028, -0.1248292833962498, 0.11987061871013611, -0.12792646976849276, 0.28869589675722934, 0.1051910605702023, 0.018069656970657093, -0.07811198605310272, 0.10539452311749953, 0.07831687409525691, 0.008224366360626052, 0.17370191231428256, -0.056549192517734104, 0.6
33, 2, 0, 3.100454211921162e-08, 0.8846521426214715, 0.11534782548800945, 8.859768517465845e-10, 0.39253205476663344, -0.3925857942198658, 0.4395735196783158, 0.6007814420158336, -0.10986751929940208, 0.11187931349355798, -0.12515364821908317, 0.12780408124136108, -0.3060046330792442, 0.14747691034150986, -0.050734715441133414, 0.03386215329058979, 0.06016951324468269, -0.011476211681346759, 0.22086937316799152, 0.07130094297205652, 0.12163588533902259, 0.12981882946939788, 0.6
34, 2, 0, 4.559066786974384e-09, 0.8846521693546918, 0.11534782583086252, 2.553789301168348e-10, 0.38493445358871153, -0.38604497166847784, 0.43090323420276216, 0.6001580710089152, -0.11017468719035832, 0.11071807656840774, -0.12422898789587286, 0.3207187102548789, -0.2928782024578163, 0.2582846833252813, 0.12668971996453796, 0.0894309783713382, 0.07968414723139859, -0.04877474984075557, 0.34483653735417563, 0.17955994912472012, 0.1336518059286024, 0.05583596397239676, 0.6
35, 2, 0, 3.271467025822511e-09, 0.8846521505845921, 0.1153478456639349, 4.800059939616036e-10, 0.3789890344058821, -0.3798521003568931, 0.42638638578141164, 0.599298815934128, -0.11050501676650996, 0.11097164994911297, -0.12480329607012366, -0.031350957874519095, -0.36248615314487453, 0.19206918988037555, -0.05771070143110428, -0.10785771659345056, 0.06766593559924641, -0.08150013762243634, -0.09705504446148709, 0.007897022836705287, 0.15521127670710982, -0.0012367579875329818, 0.6
36, 2, 0, 4.516198309253068e-10, 0.8846521536838503, 0.11534784583855665, 2.5973278679060686e-11, 0.3745405950875592, -0.37382818673070217, 0.42094673141776423, 0.602009970564122, -0.11111980869278708, 0.11079551204621389, -0.12412275347445223, 0.19959614223915317, -0.2844106937460694, 0.07482116860339341, 0.10224863800856517, 0.039524228857802296, 0.0690988635143881, 0.057568590189895685, 0.1115465828325137, -0.012166947661940196, 0.09258466176149963, -0.016028832293592216, 0.6
37, 2, 0, 2.2595740975905964e-10, 0.8846521536229721, 0.11534784609764981, 5.3420772234173456e-11, 0.3689936612678123, -0.3699765649396582, 0.4148575381321787, 0.6005800484968927, -0.1110140181528592, 0.11173034928813733, -0.12370378825191805, 0.17942854874987701, -0.18981628688486876, 0.1617617113055253, 0.07038058016356494, 0.08888270067969044, 0.15604905462322957, 0.028486457649054803, -0.08249763482135161, -0.1269711913280715, -0.014878150704753079, 0.07535167356224465, 0.6
38, 2, 0, 3.876048847986191e-08, 0.8846519366968961, 0.11534795249550125, 7.204711410925686e-08, 0.3637696115907233, -0.36459470449472475, 0.40768881251622535, 0.6004179036030074, -0.11056819776590417, 0.11076742732383434, -0.12379243400786903, 0.09585574650049063, -0.030940630911237867, 0.2901163296676591, -0.07911467391051727, -0.23156592092654557, -0.12907449159514853, -0.16147487764246185, 0.07872537096385726, 0.006126649379305646, -0.04390041655742609, 0.038079847875925485, 0.6
39, 2, 0, 8.034172387664578e-09, 0.8846520263784938, 0.11534795560235374, 9.984980004495081e-09, 0.3589196779004662, -0.35841831914866545, 0.4028676645843049, 0.5995195627511171, -0.11183862155540843, 0.11167649119933698, -0.12553728958089072, 0.14373940885963568, -0.13655851118238022, 0.25848962575162104, -0.0022602929305015674, -0.09305238920338349, 0.0529726614240715, -0.19241119686507002, -0.005050581399280963, -0.13094744499161765, -0.09389391050196576, 0.08536537434747252, 0.6
40, 2, 0, 6.502732894467383e-09, 0.8846520271776641, 0.11534795625798207, 1.0061620933520971e-08, 0.35358339151047696, -0.35279259226221893, 0.3965129437209243, 0.5998159966331464, -0.1084554009440519, 0.10890175824367407, -0.12479759760870224, 0.11642883824516206, -0.07614302347322992, 0.08118190354774524, 0.09560576189140389, 0.015590409946271342, -0.25350499046730224, 0.08312645438788331, 0.07355074542947951, -0.2216797371783616, 0.14365932019093405, -0.08711771130109937, 0.6
41, 2, 0, 4.4448680566264185e-09, 0.8846520300346185, 0.11534795651513949, 9.005374017331967e-09, 0.34651570904967227, -0.3482032251973953, 0.38876980232485325, 0.5989708448850893, -0.11112682176543412, 0.11023494245177941, -0.12545325912436323, 0.47171607750370975, -0.2531750566496006, 0.2165201383068963, -0.0516833181977155, -0.12462594454787532, -0.05848410909485835, 0.0005502207062257627, 0.10640407631003086, 0.07720812315523738, -0.011410412811991028, -0.09877689842995338, 0.6
42, 2, 0, 1.2868937081557806e-08, 0.8846517447086828, 0.11534812106292026, 1.2135945997344797e-07, 0.342739772468463, -0.34252202484714617, 0.38161911363771484, 0.6009808329984546, -0.11198833632239713, 0.11145965731217955, -0.12416050613800098, 0.18876629971813674, -0.15471170247895458, 0.10001091037412912, -0.13082568569838043, -0.27006383807205986, -0.0862306549861764, 0.03868472184486124, -0.036347360772291504, 0.14531222320275503, 0.08249223823177584, -0.06581917321442997, 0.6
43, 2, 0, 1.833869750389848e-07, 0.884651599443728, 0.11534814299265603, 7.4176640904941e-08, 0.33626941232660873, -0.33785472136112715, 0.3777032958115504, 0.5996711527367279, -0.1119179564391245, 0.11158156171284143, -0.12314365915905257, 0.31488001384152253, 0.05348997056982803, 0.15680274525212134, 0.021856732906197596, -0.026157288177495235, -0.05363498571954321, -0.06173684388947463, -0.19598339861471464, 0.16225282362976073, -0.04111134919896655, 0.03877694131371785, 0.6
44, 2, 0, 3.2937581568655055e-08, 0.8846515851993033, 0.11534824657083058, 1.3529228457830985e-07, 0.33005622009941826, -0.33027538983406124, 0.37043646243409056, 0.5971666152235173, -0.11119152003200192, 0.11094347004569068, -0.12459256633175009, 0.21892994101459456, -0.0024970441922673057, 0.06343839769747348, -0.03345794330550682, 0.057893721155447386, 0.2961188751623639, -0.008985552307640945, 0.09517264597667516, -0.009535044151968637, -0.01187381263985902, 0.06131834430868258, 0.6
45, 2, 0, 3.291027638595239e-08, 0.8846515851292244, 0.11534824679446429, 1.3516603481731662e-07, 0.32603954052962564, -0.32469753447358735, 0.36314602286778197, 0.5998264147296799, -0.11016334145859527, 0.11095272319665708, -0.12369306552011575, 0.039170750626803266, -0.20131908274763077, 0.14138069833235184, -0.0521094350345271, -0.04373308136942257, -0.1200894794670222, 0.14212829439239175, 0.005515257070701973, -0.27441903435320053, -0.06115631404420058, 0.141094822618728, 0.6
46, 2, 0, 3.7046366809003326e-09, 0.8846517012958959, 0.1153482494278436, 4.5571623841195376e-08, 0.31955373426921674, -0.3203845230807739, 0.36011900068624153, 0.5999384764443374, -0.11084402645419589, 0.11181189196253297, -0.12432703626281183, 0.1600431998429949, -0.17091543007672277, 0.11801798784189763, 0.12273726499999778, -0.013235820339029494, 0.016057680026988486, 0.03493706740325247, 0.2532954294677701, 0.033979051758495554, 0.03348471528678019, -0.07825514216869044, 0.6
47, 2, 0, 5.022438630612161e-09, 0.884651616112882, 0.11534829139517745, 8.746950195137441e-08, 0.3130631569763682, -0.31358519175181304, 0.3530086220372602, 0.5995434350652695, -0.11013181435149413, 0.10952416399949896, -0.12463286256292443, 0.016649796186213116, -0.08744119732413841, 0.19179715748535994, -0.03480459443345952, -0.11979209807856059, 0.12012395689660349, 0.10735586740970682, 0.018573421849826743, 0.0025426169230388096, 0.03702627635646184, 0.03655241381584218, 0.6
48, 2, 0, 1.181899873632376e-10, 0.8846516298159507, 0.11534829466257054, 7.540328879131019e-08, 0.30893111596582096, -0.30889609680992, 0.3470919834956983, 0.5997713172080199, -0.10991959678800656, 0.10974136545124305, -0.12574486331696524, 0.1820291852843596, -0.08968183658711723, 0.1463197159240105, 0.040903224640876354, -0.03272607716287765, -0.04455835177065842, 0.16638209142301313, -0.067515309479079, -0.04088453337660676, 0.07408038187925355, -0.0750211768073003, 0.6
49, 2, 0, 1.1847071821224464e-10, 0.8846516299202583, 0.11534829467574717, 7.528552395351042e-08, 0.30254358504699785, -0.3037089103805878, 0.34011002667070284, 0.5987802330179284, -0.11133904697535227, 0.11126952545769864, -0.12348767133940264, 0.1340868436622591, -0.2803644728920539, 0.18943422851634678, 0.2154415711160639, 0.09030011643403116, -0.19082571300406437, 0.28546921499316313, 0.08210842847057913, -0.05241823785257136, 0.05804079469804685, -0.15024115357993, 0.6
50, 2, 0, 6.922783383335591e-08, 0.8846515967157057, 0.11534830127976524, 3.277669527216233e-08, 0.29821885377083024, -0.29787104918122004, 0.3328479277985435, 0.5998810969168406, -0.1099127132749731, 0.11005346670203545, -0.12399560742007584, 0.1217994092844679, -0.3313739633404277, 0.12781098387997405, 0.03881496767081637, 0.021417453146023308, 0.013814954345812211, -0.1761844869493167, -0.011875514979261958, 0.06603433009903759, 0.15278079265176375, 0.11680673438061684, 0.6
51, 2, 0, 1.8331350152108932e-08, 0.8846516615849402, 0.11534830360881722, 1.6474892412502162e-08, 0.2923467385044838, -0.29059107629807057, 0.32953675466380966, 0.5985583351034968, -0.11122152490462497, 0.10989308393913669, -0.12359586260702833, 0.1724295582681047, -0.2515465678368757, 0.08364707056533972, 0.07292013918409007, -0.08374233293165778, 0.14119938051610098, -0.05705718794027399, 0.25205335561457654, 0.11975675661877679, -0.030564697263231834, -0.044435066720710494, 0.6
52, 2, 0, 5.919502690006178e-09, 0.8846516613834, 0.11534831250716047, 2.0189936889194366e-08, 0.285207969340128, -0.2856346023199731, 0.32109362014346704, 0.6000112828794933, -0.11078256972092967, 0.11155653707753758, -0.12397079250803152, 0.05069105886124016, -0.2547520484840779, 0.07213145128038319, 0.025786956228475162, -0.14961993102928808, -0.06471593201408307, -0.12570336046435218, 0.030390962990090958, 0.137840731476871, 0.03649849066212109, -0.084166368820462, 0.6
53, 2, 0, 1.110924530769023e-08, 0.8846516541093039, 0.11534831826062152, 1.652082925101774e-08, 0.2804751698965944, -0.28003764040420337, 0.3155687893427281, 0.600824564570346, -0.11168514837283572, 0.11167916748333225, -0.12513207535260853, 0.08665324308713901, -0.3689688579097624, 0.09434386298437815, 0.049991484509493436, -0.0965329781910222, -0.048029674966381074, -0.004757138711637846, 0.09891826753532157, 0.09015560031451039, 0.0842998765094368, 0.028352428003660158, 0.6
54, 2, 0, 5.647729982117241e-09, 0.8846515786736786, 0.11534833149435714, 8.41842342846643e-08, 0.27632718736043704, -0.27370230282623736, 0.30898235291078335, 0.5991309967893557, -0.11249891928024025, 0.11173364575174335, -0.1260719318252748, 0.11909285240827647, -0.12879693304040818, 0.12368957998773426, 0.038910262061914044, -0.08053056543030669, -0.10081862588666379, 0.0044110978820358195, 0.04597052643272974, 0.07020316576174461, 0.14210464307194706, -0.05708601767615862, 0.6
55, 2, 0, 6.863057735254907e-11, 0.8846515998541465, 0.11534833664392181, 6.34333011613917e-08, 0.2695358542089624, -0.26927629155404664, 0.30272397464190537, 0.6002653062490453, -0.11142594364106546, 0.1107935118213447, -0.12383084332563751, 0.13658804157833682, -0.0647384028836236, 0.2207441768767794, -0.03887505738023257, 0.06780958160205172, 0.009095703856496768, -0.11110271760013717, 0.02155905889304826, -0.13565235875945997, -0.015010444924393232, -0.08498255854775523, 0.6
56, 2, 0, 8.41720640472773e-09, 0.8846514740661238, 0.115348409155913, 1.0836075674159324e-07, 0.26399802220499313, -0.2674766692885637, 0.29702160350580514, 0.6002587139715986, -0.11036911683537995, 0.11171070424487221, -0.12309949563265139, 0.1373631572053428, -0.15198598447012654, 0.2828316028477881, -0.10891290926949646, -0.08886291907734764, -0.10323616468407926, -0.1610970860810646, 0.210686027119376, -0.03552259431438278, 0.1110767953630748, 0.04172483272936227, 0.6
57, 2, 0, 1.3004271819040935e-10, 0.884651482581679, 0.11534841038856826, 1.0689970999182664e-07, 0.2591723563774534, -0.25927514175127947, 0.2899545474180475, 0.6003330335296253, -0.1098942367163489, 0.11183225508844137, -0.12333202607998901, 0.18627872761236977, -0.13946381821186452, 0.07949038793208882, -0.08325936127522549, 0.11979087408554034, -0.1097333121099392, -0.17998379539201118, -0.10477380151633005, 0.04157319043466575, -0.1114139824107496, -0.03698071983613059, 0.6
58, 2, 0, 1.625763327067476e-08, 0.884646915222437, 0.11534843574919303, 4.632770736688384e-06, 0.2537034010291445, -0.25237632490727463, 0.2830692006217871, 0.5998475132454507, -0.11251250409898292, 0.11035605358071024, -0.12338343535654321, 0.10527293265150779, 0.0786361003075268, 0.016415709258905963, -0.01909481172323202, 0.06771672611384152, -0.03517621076449163, 0.18919732233729042, 0.19388536405188436, 0.27207524750532797, 0.14650261476543563, -0.008820638814755217, 0.6
59, 2, 0, 7.09811559194613e-09, 0.8846455005578128, 0.11534883981132628, 5.6525327454654575e-06, 0.24585960343133215, -0.24808652376438625, 0.276494468424448, 0.5989162341449292, -0.11196253589785661, 0.11157736702207473, -0.12428892685017467, 0.2600889579717586, 0.11379709938957772, 0.10577849189313362, -0.20156614004797907, -0.06624243756755788, 0.0584422239793597, -0.04818527090714853, -0.0026878926787158195, 0.0568643666770842, 0.028789384986638307, -0.045833684858393516, 0.6
60, 2, 0, 3.391587853040976e-09, 0.8846448227758056, 0.11534894160761791, 6.2322249887045356e-06, 0.24257517125327493, -0.24316695988951825, 0.2724587501683275, 0.6000121774343066, -0.11173346398388817, 0.11227001606476172, -0.12343508829478171, 0.1811464922798441, 0.0068574620980093705, 0.09682008596685474, -0.04133847774586815, -0.10053639856483676, -0.04082657478277358, 0.18237685726700428, 0.20164074530211384, -0.06489372602057973, -0.012664926227451537, 0.07428062073230099, 0.6
61, 2, 0, 7.463037939898683e-10, 0.8846448363130511, 0.11534894805247616, 6.214888168890959e-06, 0.23559050474650958, -0.23628036854230539, 0.26390194908869796, 0.5996541851136101, -0.11144737322567218, 0.1092565805780229, -0.12435421767865942, 0.1232429958742562, -0.037591406536757764, 0.017796138499395188, 0.033182208435681634, -0.0031255889326862727, -0.08842328297153386, 0.05912409497541389, 0.12942785168220888, 0.04275739052993283, -0.013526145620083464, -0.07131699272665334, 0.6
62, 2, 0, 7.289695382076493e-11, 0.8846447930947171, 0.11534894927219527, 6.257560190683282e-06, 0.2308099382957519, -0.23008486844159864, 0.25884878574653924, 0.6000661313168952, -0.1116843021131351, 0.10858209631399858, -0.1242752830328927, 0.0709332986725009, -0.06714044967399994, 0.11380408138560352, -0.08909603142733977, -0.05476863100008835, -0.03697794531917989, -0.07396421670081284, 0.22750370417862867, -0.07062951889818525, -0.24390134053179877, -0.0376094339076139, 0.6
63, 2, 0, 1.1389045406783586e-09, 0.8846447705290471, 0.11534894944524048, 6.278886807984807e-06, 0.22387764954049386, -0.226082982496593, 0.251832277920052, 0.5989763688926939, -0.11084407070906185, 0.1107747628236196, -0.12582340753305712, 0.07729118363170195, -0.053719579936683436, 0.03757103954126444, 0.15943654593089063, 0.03684886395879885, -0.06004758245105897, -0.08074200825753201, 0.060067970288454973, -0.11226709950746158, -0.19090753492660262, 0.19471843837573963, 0.6
64, 2, 0, 1.12598580823416e-09, 0.8846447700253763, 0.1153489494464123, 6.279402225620736e-06, 0.21942369519849528, -0.21923781767672615, 0.24618766423614707, 0.5995588686104801, -0.11053037257223383, 0.11083939504619796, -0.12422490655717008, 0.1374866495726103, -0.040814276489019786, 0.24551681429201166, -0.04522154938952615, 0.011143695386997452, 0.058245839371859544, 0.11972749278353363, -0.04064579748068884, -0.07034694957773266, -0.22503964695384782, -0.04197643690721594, 0.6
65, 2, 0, 4.340694238497777e-10, 0.8846447778890654, 0.11534894963128946, 6.272045575717213e-06, 0.2137862792254583, -0.2167039541160419, 0.23999159355022726, 0.6014485708683799, -0.10975074048969209, 0.11165277386270336, -0.12514384484540952, 0.20573198411760182, -0.26696946637741953, 0.1452233394048265, 0.11924201616515702, 0.02487844028163885, -0.05833617490550136, -0.16736493222182627, 0.0899973712909092, 0.007016219197482862, -0.024216002375420206, -0.005894133936526003, 0.6
66, 2, 0, 6.656128082837424e-06, 0.8845951902775135, 0.11535282843213872, 4.532516226497766e-05, 0.20960864261872358, -0.20729917874583687, 0.23418709658826814, 0.6006232978935568, -0.11060067216174854, 0.11093856809540767, -0.1234208375029235, 0.20429249683532164, 0.07459462254945363, 0.18787420122236967, 0.012454832214157953, -0.09712748057619922, -0.08382699130994946, 0.03638694037735197, 0.00906699354070858, -0.044588592486220116, 0.08136945611143385, 0.20585460234461417, 0.6
67, 2, 0, 4.2320282953069265e-09, 0.8845972841624781, 0.1153535358655427, 4.917573995103834e-05, 0.2032717222219847, -0.20352335997261778, 0.2272062316385543, 0.5981605796934824, -0.1092781018644714, 0.10999139492296717, -0.12684655822284677, 0.08834821294328335, -0.055865165715828814, 0.1529276139777417, -0.021134178091636768, 0.10894188967549459, -0.027707877742903064, 0.015540035296682155, -0.024806099834975726, -0.09094933239869374, 0.02160238921865162, -0.11469217669874694, 0.6
68, 2, 0, 1.1390327653194096e-07, 0.8845952771335903, 0.11535363159336089, 5.0977369772393914e-05, 0.19649433097310445, -0.19923057000871983, 0.22102928087205997, 0.6004364459369627, -0.11025493798088122, 0.11042529520349406, -0.12491944835750042, 0.07760827624221812, 0.03203949437698507, 0.19083652207075108, 0.05032353715468644, -0.045642821281388565, 0.06272921941525186, -0.015437394930063927, 0.03471448536670056, 0.08281584790951177, 0.06802031161990124, -0.01246540696145864, 0.6
69, 2, 0, 4.865319979842594e-08, 0.884595125375083, 0.11535371659795887, 5.110937375819209e-05, 0.1923992250150684, -0.19144666155203544, 0.21424315272349853, 0.6006925979376008, -0.11129240512637817, 0.10993184517263281, -0.1255873495455807, 0.2908973451004263, -0.23461614138874856, 0.11367178455247906, -0.062008137378596305, -0.051619448116032786, 0.010006851596644613, -0.03625370460752345, 0.24915992037643617, 0.09644894935443578, -0.04741343456097764, 0.04578130884417129, 0.6
70, 2, 0, 1.0828985281635837e-06, 0.8845882959989749, 0.11535437069432398, 5.625040817288385e-05, 0.1867452880799146, -0.18647887287585613, 0.21028238790618356, 0.5996264474261472, -0.11092299645568542, 0.11147335815929107, -0.12368163927592284, -0.01258744203932588, -0.22360641633806283, 0.13724788729846643, 0.0755766615230296, -0.1750743058222989, -0.08435059055128966, 0.0017232662054737272, -0.09468878590060799, -0.040900627870979485, 0.0012683052446412228, 0.13981980018534051, 0.6
71, 2, 0, 5.470758601633092e-09, 0.8845892934042036, 0.11535442256989266, 5.627855514512042e-05, 0.18010208779591308, -0.1812244064413703, 0.20393633121100868, 0.6012974026274102, -0.11091745079261364, 0.11189797826064599, -0.12486680215901089, 0.124627563728726, -0.2801809380298857, 0.18008700637119074, 0.020394465114796183, 0.0530092214428076, 0.14950860200630983, 0.08082638287091029, 0.10879950134270353, 0.09148313870264144, -0.022704920163171192, -0.07428880257120177, 0.6
72, 2, 0, 1.3751829134673396e-09, 0.8845893241377785, 0.11535442581615639, 5.6248670882172075e-05, 0.1729696417926319, -0.17634771896439877, 0.19527510125970912, 0.600333806837021, -0.1103765120457522, 0.10978227549201229, -0.12179612123698882, 0.2279323415592966, -0.04361004770212998, 0.005698972624604526, 0.04015734294486919, -0.14557404727003542, 0.09324420833858219, 0.08557533811013605, 0.025456600146407122, 0.035448891024262505, -0.027023931263766447, -0.13080284582755344, 0.6
73, 2, 0, 1.0951793074552224e-11, 0.8845893244887082, 0.11535442672031108, 5.6248780028982006e-05, 0.17069139726955979, -0.17110575988287563, 0.1897831676009182, 0.6003307356271986, -0.11255792700644707, 0.11134028194726282, -0.12452408432733411, 0.21467280317454943, -0.05934696894138101, 0.056138207838272766, -0.014416180999888839, -0.15746951635566991, 0.0035808251870749082, 0.05780303869636451, 0.07705640480992426, 0.11285329294068298, 0.006825419130351476, -0.2244375338802483, 0.6
74, 2, 0, 5.022182055495268e-09, 0.8845887393757935, 0.1153544727375645, 5.678286446003184e-05, 0.16272838938491926, -0.16371421148490609, 0.18455745945978458, 0.6016613710587448, -0.11186290554252087, 0.11055865535102383, -0.12398706361910683, 0.12954298387977786, 0.07567170470473904, 0.15137305907502738, 0.007328429732162427, -0.03183691197509276, -0.1165355803176813, -0.0826211718596314, 0.30851543042821816, 0.05307441023985819, 0.029285394179645742, -0.10424434068744662, 0.6
75, 2, 0, 4.004054620192762e-07, 0.8845658814887967, 0.11535547782453158, 7.824028120980788e-05, 0.15857928848400518, -0.1573232352213006, 0.17798511627850674, 0.6002456913202461, -0.10976796500969137, 0.11045412641651864, -0.12548199171486088, 0.07789343957837885, -0.10789768790981329, 0.09005617497298048, -0.029430843719101617, -0.1199983932061417, 0.03247310506351641, -0.02993515637007081, -0.01818123144392363, 0.025997726669902976, 0.01033738540372813, 0.06384245473132708, 0.6
76, 2, 0, 3.0778471648465987e-09, 0.8845658298860134, 0.11535548944363262, 7.867759250674212e-05, 0.1510337026460541, -0.15133729504053012, 0.1721846864995466, 0.598148498347889, -0.11140719205616952, 0.11063220011423443, -0.12501345243381695, 0.05503199515446609, -0.1106242689267666, 0.0718290259113131, 0.08097579926304874, -0.21160176706460612, 0.03743445910600191, -0.09512660302872214, 0.07707022162733909, -0.012929818984695751, -0.06937504499607379, -0.042388558278927166, 0.6
77, 2, 0, 6.1261354123753225e-09, 0.8845658146532458, 0.11535549583029153, 7.868339032738376e-05, 0.14700228154996886, -0.14970915529110496, 0.16633411988217814, 0.6002759851473382, -0.1107274111804472, 0.11103455156519915, -0.12460933927062094, 0.06997537048435207, -0.1740690754873598, 0.17393517822801008, 0.06997534036647347, 0.07977880585981835, -0.009801936394860964, -0.07062226824352535, 0.19698454320913705, -0.009389331311460698, 0.04994397751500633, 0.04146684951558825, 0.6
78, 2, 0, 1.4821841885978552e-09, 0.8845655287328731, 0.11535550204084442, 7.896774409825365e-05, 0.1438558224394622, -0.14361119928755556, 0.16100288110958375, 0.600707262366562, -0.1121104778529648, 0.11090210320225835, -0.12661114329855946, 0.18631178969551573, -0.022944883793230793, 0.13199604133797166, 0.005915088594184559, -0.043772224321179706, 0.1937400150436674, 0.07732376616901443, 0.17728779822644206, -0.022378265185838873, 0.06769578965641293, -0.013347799940688965, 0.6
79, 2, 0, 2.402937486835944e-08, 0.8845593690477015, 0.11535584284975431, 8.476407316940171e-05, 0.13660373009489646, -0.13632379929961075, 0.15351140285020462, 0.600698344068631, -0.11091870798929442, 0.10847916757864055, -0.12557840594098413, -0.0109138992465308, -0.14593585033576248, 0.1422554905261933, -0.024377880627394898, -0.06001764040224659, -0.0007696664330280587, 0.08708469383149572, 0.032310298298121556, 0.02011576578819182, 0.0650048198090007, 0.002646693734045043, 0.6
80, 2, 0, 6.368623853742217e-11, 0.8845593697346996, 0.11535583772463529, 8.479247697886681e-05, 0.1320530573507653, -0.13172837174918764, 0.1475683908404996, 0.5990344552400927, -0.11252482406037752, 0.11158229597090163, -0.1237417917436406, 0.08427290797957672, -0.054438848639865464, -0.05596905103296588, 0.11717352817742958, 0.10043451046580099, 0.0924063988992326, 0.09371569991424902, 0.19256869880161034, -0.0683515125595348, 0.028384666296714323, -0.010689558080436704, 0.6
81, 2, 0, 2.325385139091889e-08, 0.8845548490617774, 0.11535669112669572, 8.843655767534418e-05, 0.1259675933145891, -0.12532561757635463, 0.14048039493026504, 0.6005407931412924, -0.11079198864643398, 0.11175442669681472, -0.12477799015007895, 0.15499013251828547, -0.20976816325706865, 0.0671584876137414, -0.1079973990576569, -0.06038006895492334, -0.029140395008207354, 0.07213493020568332, 0.3509425829717605, 0.03977753276849331, 0.09925463554525883, -0.006390937045577226, 0.6
82, 2, 0, 3.1485906518338115e-07, 0.8845045289128934, 0.11535725447855398, 0.00013790174948747803, 0.11889328931272325, -0.12105641271401275, 0.13492749629986026, 0.6013067133505657, -0.11124313671724295, 0.11134901025041936, -0.12297664632309957, 0.012274222313845024, 0.0014444968194544216, 0.14504632488907535, 0.02601460039181645, 0.0386584474580583, 0.09870423485272277, -0.04258362351431991, 0.15737771705269407, 0.002917292728727122, -0.005340458062027905, 0.04650752117473462, 0.6
83, 2, 0, 3.0420777253095843e-07, 0.8845045300367682, 0.11535722605047788, 0.00013793970498148027, 0.11536917657116441, -0.11319817950591766, 0.12853760661941024, 0.6001885304401384, -0.11155500955373387, 0.11072479876039945, -0.1256828410921613, -0.057942494840903504, 0.019254676883214906, 0.16219818615212792, -0.021555325206572443, -0.029097083999443184, 0.07070454263009343, 0.25705044483431616, 0.12222296767169236, -0.10304689457247555, -0.09476688394536231, -0.14672458264868765, 0.6
84, 2, 0, 9.118556285762398e-10, 0.8845045874772427, 0.11535720606232425, 0.00013820554857738013, 0.10780990211006469, -0.1081097657094698, 0.12112117036967973, 0.5991693205561649, -0.10868524249289954, 0.1104653640206126, -0.12469910413428328, 0.06955983243089303, -0.14743532735238069, -0.05139707148852598, 0.05673372628106945, 0.0557028190875245, -0.05804946181544738, -0.10592670829328399, 0.0879736846956088, -0.2726846115776043, -0.011367253590598612, 0.055116091282987924, 0.6
85, 2, 0, 2.183690258099685e-08, 0.8845025534410045, 0.11535608324907289, 0.00014134147302002824, 0.10437252594821742, -0.10305850968206556, 0.11421615915855043, 0.601339649117108, -0.1101544856417999, 0.11224504280434885, -0.12481619558543147, 0.010280434335152045, -0.022419449513805645, 0.2701150234078841, 0.01967256512944021, 0.05186209878445904, -0.15839595837648918, -0.042963642148268096, 0.09256876589835768, -0.10427881576546241, -0.003729501162968222, 0.11418004859086747, 0.6
86, 2, 0, 1.8548839984560116e-08, 0.8845033477681911, 0.11534930376802331, 0.00014732991494560314, 0.09849389218006006, -0.09817503328746832, 0.10779487746339715, 0.5998586129350816, -0.11036910430375164, 0.10940829505656165, -0.12325968117938324, -0.013261197130272961, -0.017146575086887494, -0.14033319214536205, 0.07094449786967612, -0.05504465277261698, -0.14808406447059672, 0.10645589010521764, 0.11562789826074923, 0.04042146829664978, -0.005292344271871471, 0.047994852506798684, 0.6
87, 2, 0, 5.974077440430609e-08, 0.8844839926786834, 0.11534907266443646, 0.00016687491610580644, 0.09174393417445072, -0.09180573593715005, 0.10354701728448552, 0.6001075592600014, -0.10990591797998113, 0.11031514647011373, -0.12506072855439693, 0.0863945814133839, 0.14221433111402978, -0.03767765324589012, 0.08046697501590931, 0.07239426534942614, -0.21077134704492823, -0.0037965542205119877, -0.04874950055036229, 0.15134610258781675, -0.05902417441476917, -0.02269935029981352, 0.6
88, 2, 0, 1.765300253464474e-08, 0.8844699399500855, 0.11533691380868316, 0.00019312858822883309, 0.08593945060820687, -0.08710413491487459, 0.09847777727107229, 0.6003204637422348, -0.11298434303577962, 0.11090802041395553, -0.1251012996995522, 0.05282562995607483, -0.09442490919545796, 0.06668049911210475, -0.06814693794927082, -0.011544807684633443, -0.0538014874177579, 0.05348853301474825, 0.04621954696803131, -0.09997659381359998, -0.034667331642289946, 0.06366738923233997, 0.6
89, 2, 0, 4.767119294188007e-09, 0.8844703498798258, 0.11533432704307142, 0.0001953183099835447, 0.0797048585806033, -0.08122499676175085, 0.09157518116497745, 0.6004273221065611, -0.11049023101315228, 0.10950071578829476, -0.12342324711451627, 0.006087689489816977, 0.009086987241846839, -0.054362209887171095, 0.19586045519454298, 0.024388815255303085, -0.01766120701699158, 0.019762603298109645, 0.11961999219184079, -0.22330567843159596, -0.054449020804935445, 0.09930930886720023, 0.6
90, 2, 0, 2.85012814534527e-07, 0.8844465106892678, 0.11529092689940315, 0.0002622773985143298, 0.07458434306009767, -0.07431064552259745, 0.08432307500027646, 0.6001688765096742, -0.11123905695059355, 0.11155570659370428, -0.12327531400048297, -0.16430244468317032, -0.09463925322738995, 0.016757361676357763, 0.06661577275343075, -0.26074177817653477, 0.020153541005136562, 0.061710979787554535, 0.06766435703925067, 0.06328072616847505, -0.06310257241508324, 0.06113400679558103, 0.6
91, 2, 0, 7.647237817606998e-11, 0.884445858063248, 0.1152909514212037, 0.0002631904390759085, 0.07142302883036303, -0.07061107970394569, 0.07761068679458476, 0.5981613048217774, -0.10886110136360519, 0.11089728896701505, -0.12363720093021573, 0.09495705313517824, -0.017647031572151913, 0.15186038287688217, -0.1790494380289869, 0.11398935634667606, -0.06476533944081649, 0.04826545476736203, 0.08149018756789486, -0.01832777530318043, -0.12282415230715946, 0.0006240346605057219, 0.6
92, 2, 0, 1.4205357386286664e-10, 0.8844464987337669, 0.11527811288638938, 0.0002753882377899931, 0.0636608502225403, -0.06494506255869437, 0.07357769186014887, 0.5990649815026424, -0.11216125475996164, 0.11022290337884263, -0.1238225172701642, -0.06464382676792171, -0.15411226006660578, -0.06074915086852389, -0.12054654546581997, -0.1275271776710128, 0.0040422530955107686, 0.16109231784425354, 0.07971827001277569, -0.028653507624254886, -0.19208056782417962, -0.1061780978002513, 0.6
93, 2, 0, 2.1740991843303284e-11, 0.8844464630197743, 0.11527810765653163, 0.0002754293019532228, 0.05940214751507037, -0.05915586865877881, 0.06901969844529647, 0.6013354102214187, -0.10985880998799451, 0.11101827522386945, -0.12612138784811286, 0.17723794725356395, 0.12328673375077374, -0.12287458907375777, 0.05442344213379615, 0.08235332162679629, 0.06607128088412138, 0.02848766292375901, 0.19027336812849477, -0.04097766246370676, 0.0502048916667884, -0.1153209618356158, 0.6
94, 2, 0, 3.0138581030475146e-07, 0.8833082695334544, 0.11530069673282475, 0.0013907323479105313, 0.05222785894481881, -0.053150128013341, 0.05934110300655384, 0.600003629912224, -0.11023473359289289, 0.10961794263391142, -0.12429347910896368, -0.05760826280687905, 0.03744707163482716, 0.015814352040323852, -0.13738577082762538, 0.044086688335493764, -0.01237335857611344, 0.0893902821425238, 0.042419396443992556, -0.0754841501799469, 0.1020206119096955, 0.12193715480151981, 0.6
95, 2, 0, 1.1479092881234782e-06, 0.8832020578519916, 0.11530607890916647, 0.0014907153295537175, 0.047259765731034055, -0.04731453928561078, 0.0546607399245926, 0.6006755194698902, -0.11012745472302517, 0.11133361781867787, -0.12411707241030132, 0.0918802500728641, -0.030472034523999703, 0.14558313835319797, -0.09374527345880304, 0.06288849652260349, 0.13514952665726943, -0.09580114319332154, 0.11559520373224716, -0.1279741237967147, 0.03676103849992932, 0.2850438548614557, 0.6
96, 2, 0, 1.1853410317153322e-06, 0.8829440023112664, 0.11530565210330468, 0.0017491602443973494, 0.04387270546949791, -0.04215602808573325, 0.047232103404610606, 0.5990928065683389, -0.11120320865528002, 0.11201345274965532, -0.1248675974688657, -0.002592751985320993, -0.11889977194658827, -0.08846229092722958, -0.019377330122472752, -0.23235354047130805, -0.09075055484946017, -0.0009492758556975065, 0.07119223661879295, 0.1082741526270062, 0.13831343246873345, 0.03766508875864197, 0.6
97, 2, 0, 9.152449608952344e-07, 0.8829440249231663, 0.11530564846862083, 0.001749411363252091, 0.036680925713639054, -0.03903086979824025, 0.04224523138597684, 0.5995532709298182, -0.11070413207303349, 0.11168244341130877, -0.12390933652121912, 0.1870834282253197, 0.09410656149165626, 0.021568251148853475, 0.014147284579930048, -0.0957369268413359, 0.052410170503077204, -0.07885552677230157, -0.0330558738993064, -0.24908825335699952, -0.1245943925869355, -0.07594954863304298, 0.6
98, 2, 0, 1.9431672086429737e-10, 0.8829439867185424, 0.11530570388648635, 0.001750309200654717, 0.028168453278097784, -0.031490792705294715, 0.0344823430085552, 0.5989626691604376, -0.11240903461053779, 0.11156134152590798, -0.12393915655617616, 0.12555023723638395, -0.09914946759672096, -0.06329873943445655, -0.13135605837267825, -0.08673360629538276, -0.1975746179020562, -0.009014577575023181, 0.0804028782704066, -0.0810031841503264, -0.06963253911137442, -0.06203387995710154, 0.6
99, 2, 0, 1.6315213222711443e-11, 0.8829440027039919, 0.11530567289887408, 0.0017503243808187291, 0.026180508049720323, -0.025078201588604652, 0.029054116198050983, 0.599065664112264, -0.11149918134799972, 0.11198366610663169, -0.12389941482005329, 0.12185607542634991, -0.05726316794168944, 0.031171279127728924, 0.0005362466983430625, 0.07196596273883453, 0.11105424663509984, -0.02010426120163725, 0.10857496825402121, -0.06222152996101397, 0.049567435733551914, -0.17791867155988078, 0.6
