t, Event, Policy, P(still), P(random), P(reach), P(transport), o(t), s_a 
0, 2, 0, 0.9982581734657288, 0.0007566699641756713, 0.000984715297818184, 3.9882084479359037e-07, -0.6609716401880006, -0.6526160319292996, 0.5015140095432641, 0.06448652626671618, 0.07876703602860755, 0.015762943878957002, -0.0716984649870712, -0.23025775522781275, -0.3910637218106608, 0.2249446830214687, 0.06575117132951576, -0.11197125249989574, 0.12644606687473417, -0.060689365243721614, 0.19208465749318515, -0.005959478395919723, -0.17692653618580545, 0.15879202035784937, 0.1
1, 2, 0, 0.9982560352558922, 0.0007568051810656563, 0.00098715514191769, 4.421124478515229e-09, -0.5687202530233362, -0.5686944941201676, 0.6385841776949753, 0.10044886507536015, 0.1110570195542552, 0.11047330516140405, -0.12346526917585135, -0.33972124496384115, -0.21460091318552488, 0.19854866728509762, 0.02625825226373717, -0.09118609973078032, 0.03218145010580988, 0.06265454487966857, 0.07625053472676332, -0.10399871634608852, -0.12367791075356253, 0.04079850140954684, 0.1
2, 2, 0, 0.9982556943253701, 0.0007568161790190738, 0.000987489484007015, 1.160374198901879e-11, -0.5630745949345062, -0.5630557745066604, 0.6318331773009586, 0.1001517723916369, 0.11313380040355273, 0.1102048950670382, -0.12292202008437134, -0.33920050119283907, -0.31742685834428064, 0.2968990655684457, 0.14013347987474162, -0.08083658638715273, 0.09768352533096034, 0.023160270395100477, 0.11693040441147362, 0.10435612266890534, -0.1361990673969427, 0.02298858216255187, 0.1
3, 2, 0, 0.9982556324209245, 0.0007568712427508883, 0.0009874963347736992, 1.5508487208494703e-12, -0.5565198724550655, -0.5572288677108606, 0.6246651050706413, 0.10063367344231633, 0.11192596657708583, 0.11077780966801273, -0.1256106118181189, -0.11007690690371182, -0.4760017674447926, 0.22750474289340944, 0.026881799508721667, -0.10807304751289355, 0.02204609755937292, -0.03672225500489995, 0.18819960823670534, -0.05540489751018655, 0.13492939044342736, 0.09045978757835584, 0.1
4, 2, 0, 0.8014022897850991, 0.12578661077353673, 0.07262277707889986, 0.0001883223624643554, -0.5539044242627704, -0.5539335800056956, 0.61821531231625, 0.10196276807506663, 0.1101285803639731, 0.11052000633096717, -0.12497465964704171, -0.4822392676060748, -0.1482948455195852, 0.25249600714750564, -0.10042773618685615, -0.06899247299746111, -0.03322933567188585, 0.15412740024087757, -0.10507408980095967, 0.01783915854719687, 0.0999130763363652, -0.09855255758696775, 0.1
5, 2, 0, 0.8015288623626454, 0.12578753765056766, 0.07268177200630627, 1.8279804807432454e-06, -0.545524200038368, -0.5475732429353981, 0.6110177544980091, 0.09976812803678407, 0.11134421485648645, 0.11155194268559146, -0.1243571903247632, -0.19297479776028661, -0.34839217780869913, 0.26882281854189416, -0.04410429617049288, 0.0816240802237319, -0.17586262532490402, -0.33040000951839155, 0.13852108755794668, -0.04741807230607101, -0.05840074733940511, -0.07256412753325037, 0.1
6, 2, 0, 0.8015229022179154, 0.12578922278720073, 0.07268787436650866, 6.283750547890461e-10, -0.5418422738227793, -0.5419898787806258, 0.6056747383017411, 0.1002629988306035, 0.11308209807272829, 0.11097657204441194, -0.12484116646761603, -0.14802043987241553, -0.36986383800031764, 0.17596309889626566, 0.11747420631527945, 0.023090741265623604, -0.2154577735609196, 0.06873466123506898, 0.2596167653223666, 0.1735158335994019, 0.06516196653534743, -0.16420476071775794, 0.1
7, 2, 0, 0.7981965273452346, 0.12678335315279787, 0.07501045257842213, 9.66692354546142e-06, -0.534990672698804, -0.5371009420365179, 0.6008179635630441, 0.1003506102248239, 0.11184965242676623, 0.10975635408747449, -0.1236231581849101, -0.26227246953323863, -0.23211756124765862, 0.20437284987377394, -0.036133451018475995, 0.007428526744921127, 0.0326121831256231, -0.16450599790196707, -0.11128569151027348, 0.048979906042247064, 0.01744451590641386, 0.02096068056016644, 0.1
8, 2, 0, 0.7981869732751511, 0.1267973912206495, 0.07501561541936547, 2.008483372264779e-08, -0.5306684477809974, -0.53180851606309, 0.5954123406692318, 0.09964959878419709, 0.1108374958156139, 0.10871051291848148, -0.12546101825108197, -0.34886635210598077, -0.2693617815608031, 0.28735426640672607, -0.030775662826273392, 0.1486205860981955, -0.10481920609711134, 0.06736831423294859, 0.10560638122809052, 0.19268354287323036, 0.09704217953418263, -0.05589890548544739, 0.1
9, 2, 0, 0.7981864664777618, 0.12679785176533878, 0.07501566386241934, 1.7894480084345978e-08, -0.5266551553681993, -0.5263362156191127, 0.5880500316446159, 0.10201577607047803, 0.11047301935873133, 0.1095560030664607, -0.12481792779531227, -0.3596729044118752, -0.4561290532797292, 0.33169286140888415, 0.04945004948702226, -0.03417085479141265, 0.1660104214797675, 0.002725884533207152, 0.04204567835607774, 0.13921698470241745, 0.09323478523603737, 0.11576608926961078, 0.1
10, 2, 0, 0.7981827619733691, 0.12679873074195733, 0.07501848939687597, 1.7887797612192883e-08, -0.5203831805839776, -0.5180004607642503, 0.5818660574699577, 0.09979897703325102, 0.11060475603419513, 0.10875516131236665, -0.12170079553418842, -0.2360592848236885, -0.07473991364026471, 0.33094925006012704, -0.03478058320168735, 0.025386869361585608, 0.09491823138095974, -0.20082535176121233, 0.06789371150757181, 0.07807752291015839, -0.017920262943007647, 0.09012407200495329, 0.1
11, 2, 0, 0.798178209801103, 0.12679990539696548, 0.07502187846685554, 6.335075992510999e-09, -0.5122082526786874, -0.5141026415395913, 0.5762172601071033, 0.10087519538577268, 0.10881521811418278, 0.11103133242288632, -0.12321529271312966, -0.3202988032093508, -0.3278732794789191, 0.2674592679912482, -0.09330281234704718, -0.052157278727512316, -0.03587839892770037, -0.2021244506532532, -0.029156247963262893, 0.11557839550812295, 0.027484250225379057, -0.029300223951821296, 0.1
12, 2, 0, 0.7981618079784562, 0.1268109892073495, 0.07502720232396007, 4.902342257128435e-10, -0.5076535856783015, -0.5075336169371099, 0.5681401438793174, 0.10047372469687436, 0.11129346922466968, 0.11152226266411422, -0.12306179677085902, -0.3527647905453656, -0.22161741934684787, 0.36233489128775453, 0.25498609154998353, -0.037785105088758576, 0.010376767684978378, -0.04521816101571375, 0.08364906324260787, -0.00471033744035828, 0.15029325348304148, -0.017364622023781355, 0.1
13, 2, 0, 0.7981518102779073, 0.1268114373546273, 0.07503672919363913, 2.3173826378627688e-08, -0.5024720418824826, -0.5018837753497722, 0.5619739608957015, 0.10120620297207908, 0.10942170144645344, 0.11255991912840882, -0.12456128321310367, -0.2295741375311878, -0.416336537139024, 0.2156757827994194, 0.03530153897211952, -0.020270799500713133, 0.12700345985747166, 0.07098420592674017, -0.08895466136403386, -0.08072881279051482, -0.13465468959158033, -0.00044070037090194, 0.1
14, 2, 0, 0.7974482672794146, 0.12746459763119702, 0.07506971019929143, 1.742489009689977e-05, -0.4976720240746749, -0.49670128433230254, 0.5567346623283431, 0.10056070409320941, 0.11027435035912628, 0.11047366370047429, -0.12468209276876938, -0.3168539755441091, -0.2885502955642302, 0.13950543051627237, -0.10180741281572991, -0.07663955239296114, 0.0059252458361136445, 0.0653821357690496, 0.14932316310879304, 0.14004799547634497, 0.25380287224195486, -0.13910874007597152, 0.1
15, 2, 0, 0.79684386431364, 0.1277332158980559, 0.07541907739142212, 3.842396881882541e-06, -0.4901519216709658, -0.4908601194138213, 0.5501804059985927, 0.0994724629269023, 0.10885391464362155, 0.11241852033162533, -0.12188491642001739, -0.18358266188429603, -0.20727817162308323, 0.4061706703605135, 0.06832146882642434, -0.07375029549395867, -0.055234646781282, 0.008834192889022886, -0.1529512596472214, -0.10106725463453077, 0.09156256710173925, -0.021992981889346893, 0.1
16, 2, 0, 0.796846404039983, 0.12773444206801068, 0.07541915260733696, 1.2846694957571449e-09, -0.48687831585351987, -0.4856791501917047, 0.5461574101264084, 0.10079569418785791, 0.11199086773447575, 0.11082145220579578, -0.12430909900521588, -0.2903114595066623, -0.36595510669528164, 0.32484343312861963, 0.16524436520029454, 0.03205156955905178, 0.06397954971456983, -0.01998203635496757, 0.08259983514000464, -0.00989029250268354, 0.11307467649345762, 0.16567741553095786, 0.1
17, 2, 0, 0.7967848915560038, 0.12774781628669948, 0.07546721740260123, 7.475469534805111e-08, -0.4821410655855627, -0.47902962858793074, 0.538790016732364, 0.10094408868406268, 0.11071970168413561, 0.11125094341203301, -0.12311405082488187, -0.19069824802159316, -0.1544274411792282, 0.3888796737845438, 0.0885439283508325, -0.0572261020295343, 0.10564928682145178, -0.13536452406251226, 0.018628349785374997, 0.04601672301201898, 0.006599065918204966, 0.05965966788074247, 0.1
18, 2, 0, 0.7925715436066284, 0.12801198658567928, 0.07931517386920757, 0.00010129593848484711, -0.4748786491466833, -0.4735671047493605, 0.531016280873722, 0.09960528865015525, 0.11019210030060378, 0.11088731707442308, -0.12239114253787582, -0.10680428684788687, -0.16605266398785018, 0.31122195679871145, -0.0394979213534999, 0.057062061005218156, -0.020431492870088268, 0.01035141726762643, 0.05619148757416685, -0.11314601791918363, -0.060060720158454164, -0.04415197849051601, 0.1
19, 2, 0, 0.7925591873589461, 0.12810301690274623, 0.07932015196821815, 1.7643770089578423e-05, -0.46793632528188056, -0.46903417413204335, 0.5264099303225992, 0.10090063752429564, 0.1111800545035162, 0.1120050120989599, -0.12452030698632285, -0.34044020950858017, -0.1809650660386342, 0.06638969476254228, 0.03181975150216614, -0.03474770641464745, -0.07020440937038097, 0.11141294892746315, 0.014396773503040583, -0.14977451294914707, 0.09441057921869517, 0.10490061558186067, 0.1
20, 2, 0, 0.7925767909714648, 0.1281030236495485, 0.07932018444681832, 9.321684315463386e-10, -0.46433928645616585, -0.46415458215868755, 0.5213062887596647, 0.09884928406442671, 0.10997418125344657, 0.11019409932267148, -0.12543687927765954, -0.09200538563338345, -0.26956127753902226, 0.39181990735826067, 0.14292884989892013, -0.0009641665421670532, 0.058880101964996344, -0.026322588845804518, 0.10001687450541744, 0.05343422849103435, -0.09891780338173783, 0.15507455038218287, 0.1
21, 2, 0, 0.792129282228829, 0.12845303320195803, 0.07932940489205852, 8.827967715449497e-05, -0.45746099561455517, -0.4589749727049197, 0.5123096891935444, 0.09946802357321302, 0.110290492738701, 0.11032571486784662, -0.12308469052750948, -0.12671121652246262, -0.12987980196460203, 0.2059583146041022, -0.04186986626295268, -0.10401044967695675, -0.041986495996580844, 0.1103586333660181, 0.0951587733009633, -0.03672671074690643, 0.17539586977157456, 0.07505645677037139, 0.1
22, 2, 0, 0.792143322334373, 0.12846293693719127, 0.07937340503780227, 2.0335690633485538e-05, -0.44931417724752426, -0.4516336824720315, 0.5064800724671492, 0.10121113912406757, 0.11214147757104194, 0.10937849238112614, -0.12340098825544979, -0.17904872551245177, -0.27561469098613517, 0.3624022847241598, -0.2730498616228236, 0.1524000687521103, 0.10141735886695462, -0.013747172048779571, 0.2373805328167033, -0.14123072227174036, -0.10361583925297031, 0.006019236192335382, 0.1
23, 2, 0, 0.7574017382699363, 0.13145257048331405, 0.10475181127808239, 0.006393879968667178, -0.44805050233389593, -0.44784587292074074, 0.5013651216700779, 0.1005947558218234, 0.11115528649629965, 0.11244251796429813, -0.12415226637661829, -0.37798744408373913, -0.1686205385712876, 0.24225683021170283, -0.017946403206378053, -0.04517686557066729, -0.2650431821902131, 0.08081554234853601, 0.231737517214118, -0.15864354427814736, -0.09176794915084055, -0.010021066300616461, 0.1
24, 2, 0, 0.7572008126849831, 0.1318542270042619, 0.11083222030166998, 0.00011274000908512438, -0.44257598601667, -0.4429418855774515, 0.495271797733779, 0.102131954799874, 0.11241525869842006, 0.1106588315496507, -0.1230444320014357, -0.20478957593390068, -0.2558320728943884, 0.07201716755699175, 0.024128287575627898, -0.023246034402840995, 0.17810106430927503, 0.11720634168637159, 0.117586323181098, 0.12270067988116942, -0.0535836081777891, -0.16551891234936236, 0.1
25, 2, 0, 0.7572128070164111, 0.1318694555998585, 0.11088238499140708, 3.535239232314712e-05, -0.43757537669103996, -0.43734191205458145, 0.4898015597368503, 0.1004877802306188, 0.11108678292231869, 0.11003299318378605, -0.1245748374281385, -0.21749092265240755, -0.3076490634164026, 0.07245907571077678, 0.11641187170435494, 0.07544821931667428, -0.04737339208273211, 0.09876515743221062, 0.07569818258399794, 0.09615054152396411, -0.0962270975762753, 0.036894345369481496, 0.1
26, 2, 1, 0.744498359206927, 0.13248415777451997, 0.12098903495167919, 0.002028448066873901, -0.4316193982678566, -0.4320781586093555, 0.4816381250633876, 0.09934044083023935, 0.10955110709528322, 0.11116870686638794, -0.12331426025735245, -0.1917408291354134, -0.11583561940693851, 0.282521660304014, 0.027297568213299112, -0.07559961698750474, -0.04741252305064549, 0.005933008961411497, 0.08412669668809107, -0.04628064234170586, -0.11061600020133207, 0.026904483175475436, 0.1
27, 2, 1, 0.7419363561012353, 0.13416939980708392, 0.12186450326632571, 0.002029740825355101, -0.4616146429376705, -0.43916764781795703, 0.3943170337933621, -0.017683349892288147, 0.17842012232387586, 0.18780769131425884, -0.21569158941958388, -0.04124101491544148, -0.40339931725535794, 0.17797253455093168, 0.17294366868365205, -0.00046955159354311897, 0.00021485980402297122, 0.0008711820859094372, 0.09039500236724049, -0.0017532771088342957, 0.001016575200021901, -0.0003342437008562689, 0.1
28, 2, 1, 0.19160599754215443, 0.5257458234907555, 0.23221083400481415, 0.05043734496227599, -0.23963258382394623, -0.43399617743321117, 0.3741160584487219, 0.165705700928983, -0.09032886236240634, 0.18459576523060775, -0.0880798965477865, -0.13990911298897127, -0.328966754969041, 0.274950934403451, -0.08259717596328178, 0.0016661630684956133, 0.00019558350883525248, 0.0005989663489375811, 0.08938008574948596, -2.981849305589113e-05, 0.0006992876642249112, -0.0005880463666976913, 0.1
29, 2, 1, 0.19161732631931777, 0.52475998549718, 0.23314369332437354, 0.0504789948591287, -0.1311193674446134, -0.31376929726774944, 0.25571947564217057, 0.13962313562564707, 0.09501584458198536, -0.049711479717040465, -0.3288347872845544, -0.3285184205941182, -0.02803904066649241, 0.42544519791520746, -0.05703321821986644, 0.0011450820313564998, 0.0008618137134626903, 0.001771977772953967, 0.08988652733340483, -0.0018293242340127087, -0.0014071122490777078, -0.0008211414327153821, 0.1
30, 2, 1, 0.19158002044717642, 0.5247843433746604, 0.2331542161043134, 0.050481420073849655, -0.23111131190544318, -0.5522962852054586, 0.36172831391964494, 0.16555464035725007, 0.1343530641732351, 0.11491468342507094, -0.31563545238718194, -0.07921647569690168, -0.15099465028863243, 0.12839458452581295, 0.005056449986052089, 0.000959633917973013, -0.0005349660665544186, 9.939669830679856e-05, 0.0894743839330732, 0.00044068402109120495, -0.0014148101008340116, -0.0005440486875327138, 0.1
31, 2, 1, 0.17390497534358113, 0.5384472871835342, 0.2364472336672733, 0.05120050380561144, -0.2846979928176655, -0.3950738984027194, 0.42026964628139823, 0.21969124393780826, 0.058881120416937674, 0.21807919614277343, -0.11499140630186377, -0.18234372839855276, -0.18012782854244588, 0.33093300728700076, -0.0030999963356424104, -0.00349027498458935, -0.001176613945452824, 0.00022737218686857022, 0.09057467508444159, -0.00044674359604459523, 0.0007885082470013366, 0.0019329771173658423, 0.1
32, 2, 1, 0.1730841078955984, 0.5389960738605978, 0.23668546090887788, 0.051234357334925984, -0.26998293133848794, -0.49958641196754006, 0.30710181006146886, 0.012175303660386928, 0.3056502385347394, 0.07256271205343956, -0.22482494571356396, -0.02379047664317415, -0.3864880347025593, 0.22310788001792434, -0.10784034069305604, -0.001280622989296682, 0.0010899964429485576, -0.0005531966742158549, 0.08979424398105806, 0.0013265967416338613, 0.000408731649803203, -0.0007289754159024592, 0.1
33, 2, 1, 0.0026686549143892448, 0.6104839193326973, 0.24102839706256807, 0.14581902869034535, -0.35813654218530216, -0.29580040590360407, 0.4196069269557906, -0.11118276566922151, 0.17778095630076335, -0.013617677974668462, -0.05125944255925939, -0.20005742984686897, -0.14819864743513184, 0.13450383258545315, -0.08728110246117152, 2.610007520992202e-05, -0.002101329373561549, -0.0017367028802990144, 0.08988899792616001, 0.0003439859464450533, 0.00022998990151584401, -0.0009450366239381634, 0.1
34, 2, 1, 0.001567130791919722, 0.6114134079424982, 0.24116463675492456, 0.14585482451065754, -0.4645900003193934, -0.3942905720651284, 0.46007432240292045, 0.20032990245869392, 0.15934530396499963, 0.01877459858004491, -0.07624691320537084, -0.23761624255731717, -0.3266039612770208, 0.10574978547986336, -0.002511159554750941, 0.0013652713494995829, 0.0031858101326123255, -0.0018014126940243554, 0.09040324417485218, 0.0009187419793446844, -0.0008764997349183663, -0.0006964481907837383, 0.1
35, 2, 1, 0.0015678329188924004, 0.6114115993096042, 0.24116571819448687, 0.14585484957701667, -0.42636315706065775, -0.4596154763380535, 0.3653520870321406, 0.19372763465423123, 0.020428531436432217, 0.18251302734721286, -0.2852502081758368, -0.30142513743102556, -0.15473300264492074, 0.36095674119390314, -0.04240018670779787, -0.0004328254206487191, -0.0016177044019706796, 0.0012948925267199105, 0.08948336879050113, 0.001053125385307099, 0.0018632614729028306, -0.001417395829231607, 0.1
36, 2, 1, 0.062324355486984874, 0.5367242617259486, 0.24970672794728746, 0.15124465483977914, -0.33961136378252477, -0.2731920786168624, 0.5187381005706959, 0.12262110880353519, 0.050957626888495144, -0.11597579853118538, -0.08562245895590397, -0.15810091028923065, -0.09752546423081324, 0.24083715451309792, -0.03841348179634231, 0.0008375755762019918, 0.0011486736259000102, 0.00045417466200359057, 0.0889596991188459, -0.0003429093236514694, 0.0002880552654342586, 0.0005767468260288263, 0.1
37, 2, 1, 0.056578915858297385, 0.5364198435739913, 0.2557472389120091, 0.15125400165570213, -0.4810304375871233, -0.20603154639032856, 0.5128989705939925, -0.011672605722438356, -0.02908798107008408, 0.01219962608149978, -0.1774853485766292, -0.33335079074824836, -0.3168745317971374, 0.2891019166756628, 0.017631445335129215, -0.0025490367639988557, -0.00034052859272415414, -0.0005513419282690616, 0.08988550809317615, -0.001478021451745664, 0.0016159697071285995, 0.001145162541048499, 0.1
38, 2, 1, 0.06827163852377435, 0.501479244907702, 0.2581049569617402, 0.17214415960678342, -0.3761873573528375, -0.42385690114780095, 0.2958926949721151, 0.04593912243420385, 0.04184012772864852, 0.26638748547845176, -0.1279996468888208, -0.10756800831072733, 0.04206244117699394, 0.23203167299907004, 0.02320576864109052, 0.001267179073390006, 0.001454038089094401, 0.0020539482974956066, 0.0904092741483368, -0.0006762654700804004, -0.0008884845131865724, 0.0016371631020693992, 0.1
39, 2, 1, 0.013939259324613904, 0.551493311007208, 0.2619720093846407, 0.17259542028353733, -0.36521071587480197, -0.16772351142256653, 0.489244234789426, 0.12096040946292035, -0.040331326346505825, 0.19298075500848927, 0.0005549568558802509, -0.12746357709816367, -0.12283013958954103, 0.24257021557873754, 0.18928881100012704, 0.0004086256262977622, -0.0025998770999601977, 4.0624495513036306e-05, 0.0882018281882711, -0.0011049468350891663, -0.0011327295163675404, 0.00022612584009342623, 0.1
40, 2, 1, 0.015252461303955802, 0.54979646600967, 0.2623079346800147, 0.1726431380063596, -0.49773517230600184, -0.22448642450266787, 0.50720944808121, -0.010897428505534457, 0.18234261555267156, 0.010719217721644126, -0.026960180059507677, -0.07978063981958741, -0.1603678605007871, 0.14865735945108663, 0.17790603833622531, -0.00013304126656340945, -0.0010834866452426593, 0.0006643582182399968, 0.08997508446470252, -4.3457735802782624e-06, 0.001485430709804876, -7.775118047363553e-05, 0.1
41, 2, 1, 0.015353684327567991, 0.5494119349442752, 0.2623387523536325, 0.1728956283745243, -0.35218049511003635, -0.4936408134668649, 0.22331531753301928, 0.09947692273300099, 0.14892658644409018, 0.07922360732025154, -0.153217128463698, -0.22911798312621706, -0.10657755859472333, 0.23277433329463842, 0.03527625144710207, -0.00040836274634632334, -0.0001988673195692901, -0.001238271870958093, 0.09094693271890437, 0.0005130851629603459, 0.0005716776983299786, 3.510972007769626e-05, 0.1
42, 2, 1, 0.010132325684048957, 0.5515873807466151, 0.26376903364622806, 0.17451125992310793, -0.4038523350856754, -0.29689453632262375, 0.5198673959955212, 0.23957566640912745, 0.09508440586162317, -0.010116023433555665, 0.05790504441215536, -0.13837360410852767, -0.2670313601311291, 0.21108821906824032, -0.08647464998427654, 0.0009328936898767417, -0.0008552969787954509, -0.0007006212175118792, 0.08903086791885662, 0.00103470717207386, -0.0007556176020944474, -0.0006701570588868036, 0.1
43, 2, 1, 0.03154299018524426, 0.49954276625415245, 0.2658950943582714, 0.203019149202332, -0.2657297248838779, -0.26802420089944495, 0.33221240078034536, 0.17507215208968988, -0.038589475130386575, 0.05187486623051156, -0.09320101905897309, -0.2748673389346045, -0.23907146360320422, 0.12929678098809988, -0.09800691483554583, 0.00013131725455782595, -0.0014635504472061737, -0.0003307923692487092, 0.09015767638861835, -3.2008091641193355e-05, -0.000907880255186559, 0.0006362582929403302, 0.1
44, 2, 1, 0.03156035620429456, 0.4995250833691929, 0.2658954679631631, 0.20301909246334937, -0.1846725480831666, -0.42171044907970384, 0.3135517847647213, 0.02561331322321366, 0.14673339462410756, 0.05607359584529561, -0.1423755022142466, -0.18248961325838858, -0.1631379773057759, 0.18987242193705267, 0.35553789209215003, 0.0002829339548180454, -0.0019449258941836509, -0.00032597978333416896, 0.09030677701017, -0.00010757501660772354, -0.0012397653530571845, 0.001892900340535347, 0.1
45, 2, 1, 0.03152395500293895, 0.4995473983622118, 0.2659092818294337, 0.20301936480541566, -0.2530411705119021, -0.28931467688010304, 0.3659326523813685, 0.15355010945565434, 0.2675113625498232, 0.08480546657954388, -0.23910759510596646, -0.04570580162998148, -0.22743028352214606, 0.2694086020637221, 0.1451007326211168, -0.0005470063096402057, 0.0004955763833896178, 0.0008505839925465983, 0.08970836458489571, -0.0005302480894080065, -0.000312348903206388, 0.00020423012035448765, 0.1
46, 2, 1, 0.02945003401949085, 0.5005368823643757, 0.2660824274905553, 0.2039306561255783, -0.24795012715286663, -0.3444697911290116, 0.3925733952100242, 0.1338741386599326, 0.16317986403859613, 0.17111335998193464, -0.20849692778047696, -0.07417634262913923, -0.07661298010966724, 0.10070614488555289, -0.06986909530090753, -0.0002938953452828985, -0.0019778942778525795, -0.0012182452591562609, 0.09016425892162405, -0.00010710964817358141, -3.8887567103852345e-05, 0.0006633135629201647, 0.1
47, 2, 1, 0.005080377564777875, 0.5144080192324821, 0.26789977627217537, 0.21261182693056468, -0.24918302301914202, -0.3679679894739194, 0.40887561983557436, 0.32770942114553564, -0.045112475591288614, 0.06792941184105654, -0.13173425566406666, -0.17671142802997655, 0.004026666759304099, 0.2167679728913802, -0.04862227878627411, -0.0006743508553477125, -0.0003418025807881533, 2.5783657504892397e-05, 0.090688085396169, 0.0007777181873289596, 0.0007530382785495353, 0.0025401191444926335, 0.1
48, 2, 1, 0.017519817886653383, 0.3376955446273221, 0.27815342433344126, 0.36663121315258324, -0.3069717553443231, -0.23145564043178685, 0.16029012736770054, 0.1375768371419729, 0.1884302560700501, -0.02880098646518847, -0.19387998685592978, -0.05939594398024763, -0.223484975097704, 0.08443251408030562, 0.022754805656393335, -0.000937094560881813, -0.00042162903289159903, -0.0006765023823638587, 0.09204323142301127, 0.0004944902981896357, -0.0002308028225125664, -0.0005047850655379076, 0.1
49, 2, 1, 0.01686957578362114, 0.33803878410812743, 0.2781947978646191, 0.36689684224363245, -0.3697936984306583, -0.3372067688729504, 0.383724646192962, 0.2262246249267832, 0.11717853006721016, 0.15472028719250322, -0.08225303468544119, -0.08973999512615057, -0.05498807789665837, 0.20431017217162414, 0.013623831346302684, -0.0012285123019194686, 6.837410214478722e-05, 0.0004296280126416113, 0.08830577030001815, 0.0005823526271439165, -0.00035022605756122275, 0.0010318693854892073, 0.1
50, 2, 1, 0.016211533112418977, 0.21733205871139766, 0.27886237551347304, 0.48759403266271034, -0.19061989674503682, -0.18895437366535162, 0.345438511746832, 0.0752262303811552, 0.01175420713968256, 0.09533024640315023, 0.03249040880706511, -0.005514874507997769, -0.2214026446261025, -0.045846899976134045, -0.10804531454018407, -0.0006983607238908355, 0.00010478011046718421, 0.0010589717217366489, 0.08972250524472244, 0.0009174115366382639, 0.0008332848189487978, -0.0005032085738770813, 0.1
51, 2, 1, 0.016191972442404258, 0.21733134547857005, 0.2788810054545858, 0.48759567662444, -0.4218873603652648, -0.28228197964666124, 0.37624375890284856, 0.08161635989714885, 0.22983970372445173, 0.008271523903110567, -0.31941242155233257, -0.13655114187559983, -0.1402551055442885, 0.23775942834114078, 0.014612534927487347, 4.408426875542999e-05, -0.0014472262082469598, -0.000369795593894141, 0.09363045335655847, 0.000429069236331445, -0.0005933124352737579, 0.0011130708753757956, 0.1
52, 2, 1, 0.00269362996328802, 0.22836648565923726, 0.2798252082776202, 0.4891146760998545, -0.25777644002573646, -0.30981083723573355, 0.37027527402642113, 0.020977550467559038, 0.06321251549591503, -0.0843326800326413, -0.18169296671873683, -0.1150327393927399, -0.1855690548883229, -0.04629083069664972, 0.1143264806618393, 0.0019403774349645068, 0.00018555825774432686, -0.0005027806418896302, 0.08845942766856416, 0.0006498685299146136, 7.065242851122553e-05, 0.00021127241409356042, 0.1
53, 2, 1, 0.01456750967285195, 0.02336205755606067, 0.2804019405748915, 0.6816684921961959, -0.25508980369525464, -0.3040848726636064, 0.30935359989420613, 0.0433678550552548, 0.03147078483776076, 0.044575939030247036, 0.008894212337631702, -0.13129854812922576, -0.07057110172383106, 0.18293146497861168, -0.11528004391362882, -0.0018372307635953413, 0.0008967086055363555, -0.002394204797440312, 0.08902370538202917, -0.0006753073367197948, 0.00031950995857820205, -0.002274240605291528, 0.1
54, 2, 1, 0.013148211351211442, 0.02438109744539722, 0.28075084848490833, 0.6817198427184831, -0.24933116268026775, -0.25349235322676184, 0.5231625956476806, -0.014214743140910268, 0.04930172481195101, 0.2325966819923296, -0.09678928159674309, -0.14004337895580768, -0.23008538267210304, 0.15335473280718007, -0.00592273448775531, 0.0014748494178761936, 0.00028267564720632773, -0.0009717587862166177, 0.08905396818880165, -0.0014105400749172075, -0.001928495082488996, -0.00026996070241388815, 0.1
55, 2, 1, 0.012111385703215401, 0.02533351840038144, 0.2808085786634415, 0.6817465172329618, -0.20469129947824113, -0.1294420778058242, 0.4231269201685414, 0.16643467086180386, 0.126182674335433, 0.2256418537841774, 0.018696997947251527, -0.06826121993244984, -0.0548406804076517, 0.13597027151321187, 0.18887298173802994, 0.000546041036087135, 0.001044226410342655, -0.0004931637944863143, 0.0898471019064013, -0.001262942173128879, 0.00020407416026411098, -0.0011442362418305216, 0.1
56, 2, 1, 0.0118494969327782, 0.02541289706691327, 0.28081248966280287, 0.6819251163375057, -0.43202599307469275, -0.30562434474458383, 0.34368688301878597, 0.16701533979759692, 0.009762626747641102, 0.2685280188394647, -0.09518962588022455, -0.16385646268710283, 0.01821835039987276, 0.033569023671241, -0.022685423754423503, -0.00014270608213373434, -0.0011127309119417545, 0.0018066556706914385, 0.09116406987309547, 0.00035661934309248224, 0.00022905114752785292, -1.818344185905872e-05, 0.1
57, 2, 1, 0.011848287740602821, 0.025413771728502284, 0.2808128311391013, 0.6819251093917936, -0.18870002863089402, -0.19621276208393423, 0.34137001431144454, 0.07591160128784867, 0.0037681136956157378, 0.28163056539356174, -0.24558725003286633, 0.10559999546357071, -0.32293494535860673, 0.06689967089617467, 0.18107630340202427, -0.0007576721709328465, -0.00044285038936372296, -0.00032493282433867815, 0.08863695248602457, 0.00020724327311925496, 0.0007095545039621702, -0.000644382212503772, 0.1
58, 2, 1, 0.007358096048828931, 0.02846440559412915, 0.28162075050311797, 0.6825567478539241, -0.2674961580752039, -0.1766346237595248, 0.2670914336063661, 0.21726148332343218, 0.10406686338740072, 0.04677712780661232, -0.23946781059710034, -0.005969717116099305, -0.009155284201104097, 0.3683095774022282, -0.0457819563757282, 7.246608167101371e-05, 0.0002039830606838819, 0.0003554888691977064, 0.09201520128448054, 0.00046766714491375754, 0.0006780707347369258, 0.0005329688591464546, 0.1
59, 2, 1, 0.00041591321931750905, 0.03144826866400493, 0.28182579166946625, 0.6863100264472113, -0.2086114781153574, -0.19070295351683778, 0.3038412504852298, 0.10129855808149528, 0.08265638966138424, 0.1542163709159173, -0.13848757574331685, -0.12341746481518896, -0.012926565649910904, 0.09328019010906552, 0.05353093351931626, -0.0002207042506718966, -0.000384431753167295, 0.001063062783390942, 0.08963530934908147, 0.001657838722721816, 0.0012888201461899403, -0.001784927721202365, 0.1
60, 2, 1, 0.00041195090560291797, 0.031447378635293344, 0.28182603848673554, 0.6863146319723682, -0.31230593918355254, -0.2225328569359526, 0.16116641688276967, 0.016143162698547976, 0.2203269534973335, 0.21319039931221356, -0.1689487676102007, -0.14057030405935733, -0.03508069935729815, 0.2185257792887433, 0.03135079707331921, -0.000736788980618072, 0.00021757887983525327, -0.0002225119769924756, 0.0888834275212808, -0.0004059821739480487, 0.00016056257633451977, 0.00027080274372097885, 0.1
61, 2, 1, 4.041564183078957e-05, 0.03147707335975275, 0.28182694274169473, 0.6866555682567217, -0.3756221740153469, -0.19437804627697755, 0.166378966029078, 0.11067746082102295, 0.08239211578558489, 0.19423465324630568, -0.13935396850139975, -0.07270893928306069, -0.064875076869679, -0.05626015124164467, -0.022421354364796364, 0.0009579081025421588, -0.001748911534634583, -0.0020310981491250086, 0.09000766973433241, -0.0016973041060705327, 0.0011538495465698594, -0.0009249214782541673, 0.1
62, 2, 1, 4.041328222220157e-05, 0.031477085091367006, 0.281826946381867, 0.6866555552445438, -0.37084182835237506, -0.2202187552040217, 0.29035364243469125, -0.03538938281784436, 0.21749806515327186, 0.2016038929431118, -0.32405061074778146, 0.018602791801146858, -0.21629317344172252, 0.1116086526423232, 0.11730969822064415, 0.00018079324540999322, -0.0007538660981043955, 0.0013636240436437851, 0.09054568755340939, 0.0010571904568895557, -0.0011235802630029902, -1.3739369272135389e-05, 0.1
63, 2, 1, 1.4552758221730257e-05, 0.03149618699851543, 0.28182937301565303, 0.6866598872276097, -0.26813430463298094, -0.09647442399650048, 0.31971946637453225, 0.04239407643745909, 0.021225058732435177, 0.10212823810528213, -0.14285333403062866, -0.07828215929107603, -0.2223764431274906, -0.07286984818486957, 0.056899313060952215, 0.0019640127019430677, 0.0009696815751171296, -0.0012112443717432044, 0.09054506875437113, 0.00017019417947632118, 0.0002596159256774356, -5.4287104168589746e-05, 0.1
64, 2, 1, 6.084532624183154e-05, 0.030556872738092745, 0.2818598682664804, 0.6875224136691851, -0.20791424157406252, -0.013553940886971016, 0.17594307536217352, -0.07002891004557513, 0.09911319122532461, 0.0929560004406543, -0.20740793465356475, 0.02447699229737039, -0.23443051537615212, 0.05503531096248911, -0.09215585197353898, 0.0009905215792853585, 0.00023779060943931521, -0.00034439549784266564, 0.08864660575180708, -0.00105189511664476, -0.0003146866616315947, -0.0014301327185912262, 0.1
65, 2, 1, 8.071158121216148e-05, 0.03070319029263919, 0.28186038962876414, 0.6873557084973846, -0.17192985240828543, -0.2038602440581676, 0.2531940672192071, 0.024973671627145977, 0.13418848129420985, 0.2914352382928981, -0.007058446766593196, -0.06571020300656254, 0.12350202902167151, 0.030438013900639726, 0.07912109808680119, -0.0018810735650025446, -0.00010374691689745861, -0.0012783340254925667, 0.08974637480872995, 0.0006597688686490286, 0.00013574916697107483, 0.0002588772840257282, 0.1
66, 2, 1, 1.618418364159798e-05, 0.030734136164413072, 0.2818614819706198, 0.6873881976813256, -0.09961806828476778, -0.3032511389781591, 0.20052214830306186, 0.25019653022729893, 0.046278687789818175, 0.10087954928054803, -0.08944491814879922, 0.004744134744692552, -0.08671407592292321, 0.19007369796126522, 0.05204227267469412, -0.0001925046806309499, 0.002735032152644242, -0.0012330207649069674, 0.08915025841210358, 0.0003977635285651167, -0.0011901430710042214, -0.0004830329881752728, 0.1
67, 2, 1, 0.0007280606743232182, 0.011925817482763754, 0.2818621232115376, 0.7054839986313755, -0.19430763279678717, -0.0946557764772938, 0.181987200369564, 0.007052574766490771, -0.040503612406302715, 0.1563607300639296, -0.1728618120123933, -0.09676328109204914, 0.01710897927322321, 0.11339668902368474, -0.08766298464744855, -0.0016409161619652488, -0.0004774454313032243, -0.001382561389071028, 0.09191035647949074, 0.0006917313449347613, 4.188595437117446e-05, 0.00023924798248834512, 0.1
68, 2, 1, 0.0007244378679896958, 0.011929192459870896, 0.28186241238597065, 0.7054839572861688, -0.20773810870329568, -0.2759706238126943, 0.13786020459584228, 0.0038358978862882754, 0.0018839022959981522, 0.16141202557635076, -0.09926756741585716, 0.04521933909323811, -0.07696973645424025, 0.3984873421476768, 0.180041833461072, -0.0006194579885627302, 0.0019796009479391653, -8.671792641170068e-05, 0.0893369129635235, 0.002090710846153362, 0.0012944301473256652, -0.0013307586578850377, 0.1
69, 2, 1, 0.00032679815725313846, 0.012176337023575989, 0.2819068501329522, 0.7055900146862186, -0.4789681125483563, -0.31019832624230786, 0.2996488945581689, 0.04605301400682599, 0.20409940825181633, -0.02503704860137468, -0.16714221224243586, 0.026520914880505297, -0.14091679205653834, 0.22597575542209142, 0.014826965524947694, -0.00037340319104948414, 0.0008006918638745305, -0.0006748004681955592, 0.08888131447323795, -0.0006441683028240972, 4.265328877822167e-05, -0.00024916356195591453, 0.1
70, 2, 1, 0.0012755655161912718, 0.007673962680396556, 0.24359680464153327, 0.7474536671618789, -0.18415591207495424, -0.24554227411049329, 0.004448467428620972, 0.177679796299175, -0.09384687543363919, 0.31416198510213833, -0.08720631597261322, -0.07720573311252509, -0.26524188819654737, 0.11537120956217932, -0.09040118597757232, -0.0023855908691835055, -0.00031134557656933067, 0.0014957464740058004, 0.08955052657744453, -0.0014214732448880251, -0.0002772117904760522, -0.0011298908160943684, 0.1
71, 2, 1, 0.0006711564699443459, 0.007983582812179965, 0.24362524207706762, 0.7477200186408081, -0.18107133183492696, -0.018276876035490774, 0.20864432361088414, 0.1701518251794072, 0.17105459528205116, 0.17631428527491894, -0.28346864135414745, -0.1423765774573902, -0.08969355117370967, 0.09838093190554568, 0.0117090823335903, -0.0012461459666616372, 0.0007807533343449993, 0.00032624765014559735, 0.08885363339692891, -0.0032120344542833114, -0.001148371688843281, 0.0016215787473302175, 0.1
72, 2, 1, 8.394013129011052e-05, 0.008049626046266897, 0.24330520423812652, 0.7485612295843165, -0.18149322761323547, -0.12142312581212203, 0.15092535208245897, 0.14086692578315513, 0.17809878830336862, 0.06539274718493857, -0.05151691966889939, 0.12350189708180888, -0.06877967951569522, 0.12058695299121688, -0.01990500418398044, 0.0005691542234824785, -0.0019808210685069052, -0.0005442777817876189, 0.08999388721385862, -0.0004598596868611693, 0.0012564551450652195, -8.019144625188358e-05, 0.1
73, 2, 1, 1.4869615573670765e-05, 0.007601214902187086, 0.243281439944924, 0.7491024755373153, -0.2865979425073917, -0.10400395202866537, 0.17750449020217535, 0.1579074106334158, 0.050700295120181385, 0.16086564928368113, -0.014811888261586748, -0.07628824208597754, -0.17423418970617316, 0.18677893463441642, -0.13214232518163904, -0.00039850588714997393, -0.0005552132293291866, -0.001237496143226216, 0.09226350580261775, 0.000368071766154166, -3.266817959595477e-05, -0.0007268274047776897, 0.1
74, 2, 1, 3.854145505972552e-06, 0.0076043307417189, 0.24328170656020465, 0.7491101085525705, -0.1792753732923811, -0.29594694649718634, 0.18390500143905614, 0.21593284806464128, 0.0723504779113943, 0.1778709002453533, -0.11552347533698933, -0.18999702644452668, -0.2806243568898124, 0.07736851330211601, -0.07526459429110068, 0.0003940101198392569, 0.0011413374469142286, 0.00010202347172050032, 0.09196041785744395, 0.0011772450242345444, -6.790387985783693e-05, 0.0005859270889124293, 0.1
75, 2, 1, 4.128334691380115e-06, 0.007603915434743955, 0.24328183706389453, 0.7491101191666703, -0.09172303520882255, -0.24142557000349782, 0.17776812039043605, 0.005491857264216926, -0.05662951831989882, -0.10363420543342836, -0.31822283626191344, -0.04498285554339298, -0.03095691317121534, 0.369175676318178, 0.08741113260444291, -0.0002306783964633354, 9.490829570219094e-05, -0.0004941824696415464, 0.09135134844992726, 0.00045686827578051537, 0.0006630489190526779, 0.00026923564883845534, 0.1
76, 2, 1, 6.419547829045282e-06, 0.007601512956790135, 0.2432821550726207, 0.7491099124227603, -0.25733529952976364, -0.19397637032890785, 0.2954445994546079, 0.1018638374106915, 0.1625056886648867, 0.15648708495410077, -0.18398714682409154, -0.020327859012108408, -0.1928176039841531, -0.03725475230202875, 0.24276433725678115, 0.00032081694084463866, 0.0015748465761912054, 0.0003460510924121575, 0.09171907142060784, -4.308730261959331e-05, 0.00027061744372775594, 0.0004325993721313399, 0.1
77, 2, 1, 0.0003234583113231492, 0.009823878356081757, 0.2432421677579242, 0.746610495574671, -0.07612689664296354, -0.3288774469544701, 0.11047333309366172, -0.0005285697976073367, 0.14914892010347774, 0.23320019493802616, 0.09895859482837763, -0.1456042568937332, -0.10936802881267704, 0.009244573703562187, 0.11790144729778551, 0.0002305651782598315, -0.0007074579667722399, -3.7695312963037515e-05, 0.08795659275655437, 0.00157804635686308, -0.0012080268495990166, -0.00058580547161557, 0.1
78, 2, 1, 0.00031162133531921867, 0.009826911420458223, 0.2432342682912152, 0.7466271989530074, -0.19412758267768565, -0.29123269505651095, -0.1364107016148434, 0.16507476068600457, 0.047648484314210884, 0.23152734246768167, -0.15300862893564993, -0.024121475235036504, -0.016369126829099044, -0.024292838486246925, -0.023144895330088063, -0.0010505667649868481, -0.0010684495671866036, -0.0006387974102692954, 0.09005662162648852, -0.0010123929923737934, 0.00044459064792331604, -0.0001316815353850086, 0.1
79, 2, 1, 8.994946024891293e-05, 0.010367545147531628, 0.23975172686000365, 0.7497907785322159, -0.08661917275227304, -0.27748399292432885, -0.030611512398876783, 0.1393223836320491, 0.16094260099480895, 0.16364979604881155, 0.00972764951649474, -0.060009575346010424, -0.06858153610696387, 0.13179923404122285, 0.03461826507179404, -0.0016670235926335836, 0.0015717576461685488, -0.0005793127485711492, 0.0895689696559245, 0.0026089216381382984, 0.0013017922863011516, -0.0015772588930172624, 0.1
80, 2, 1, 8.99212057428149e-05, 0.010367622181392935, 0.239751696475641, 0.7497907601372232, -0.22643458996634305, 0.004858268483863615, 0.23754977530813112, 0.18156475122471077, 0.1644866311136354, 0.22166146099976256, -0.3547568458670401, -0.19909844219761022, -0.16021827390437426, 0.07093696836925573, -0.002746084774946486, 0.0006458214804546148, -0.0014121409681888502, 9.986094040323081e-05, 0.09037825002873802, -0.001814947940392522, -0.0008819172443871853, -0.0015462763305521278, 0.1
81, 2, 1, 1.5335373824666604e-05, 0.010434938873287194, 0.2395576811759106, 0.7499920445769775, 0.008719992099756557, 0.1177247748561071, 0.22833163853002253, -0.0218549579816014, 0.08732964237319393, -0.0786504409410749, -0.23407780452072488, -0.06330721434457469, -0.07846026805768691, 0.1029569852682, -0.0591684334806538, 0.00017914577786983405, -0.00013377310337684756, 0.0003222325719265156, 0.09064430189522896, -0.0010334701511292112, 0.0004787648194573868, -0.00048223907556268965, 0.1
82, 2, 1, 0.00047836082409856586, 0.007032830154347301, 0.23959825777894553, 0.7528905512426086, -0.19202264208406405, -0.19465768018890903, 0.0680985456860837, 0.2773166907474598, -0.02031766499705758, 0.1266835648180396, -0.14079793013091219, 0.01562481910107213, -0.13909876434522334, 0.3081987024098106, -0.12505298045995744, -0.00015737952214121037, -0.0005949804128216966, -0.0015178443880944018, 0.08989935221085019, 0.0011999138289894066, 0.0007321412391822116, 8.642450093760303e-05, 0.1
83, 2, 1, 0.0004747304158496261, 0.007036274382931359, 0.23959830160167972, 0.7528906935995393, 0.004973836133207144, -0.27737364735606274, 0.11345199174911771, 0.09545029619633742, 0.05970256441262976, 0.03780212614700786, -0.22769461951722883, 0.021744696571824616, 0.06845003947200509, -0.058764719209918916, 0.3121268750272872, -0.0023670983334129025, -0.0008684810749246955, -0.001836566592027046, 0.08843269232692916, -1.622889203815908e-05, 0.001263669888891618, -0.000582985182733812, 0.1
84, 2, 1, 0.0002996679543066612, 0.006673558309814895, 0.23958054124665001, 0.7534462324892285, 0.01461266089457509, -0.3250765998854012, 0.12871339670729212, 0.11337795341354726, 0.15708703770458712, 0.23977842321139758, -0.04641964090204247, -0.06357410749449381, -0.19498259212814534, 0.02820753641500399, -0.011884534270564413, -0.00044479310355822094, -0.001845490607221201, 0.00023015007067430168, 0.09043569768414042, -0.0016992013184715965, 0.0009022845303926295, 0.0017365638498417, 0.1
85, 2, 1, 0.0019452146597894405, 0.01787595436087898, 0.1482021404432532, 0.8319766905360784, 0.17519825903439287, 0.1081826690584767, -0.06780539048372392, 0.19776582713076732, 0.13479834946423375, 0.15187142381591445, -0.13019495904331188, -0.1734698652892086, 0.14297215306909195, 0.05610784567202798, -0.01934465000134155, 0.0010280882000660945, -0.0012301036708544605, 0.0016699286300720314, 0.08905219996541977, 0.0007873785373576027, -0.00015122230952092176, 0.001408059588844039, 0.1
86, 2, 1, 0.0019041870626119307, 0.01831982746784536, 0.144226307461002, 0.8355496780085406, -0.14458488634054137, -0.026744596088740146, 0.06439146441501506, 0.015245979568774026, 0.19723126528757864, 0.2141456795639268, -0.12007676244935277, -0.14194976842834495, -0.12690749181932143, 0.07082813354860744, -0.017306301441089002, 0.001459375870772088, -0.00019635999221939118, 0.000664578761617602, 0.08949725959550989, -9.217313665056495e-05, -0.0015916698681492651, 0.0008472106671068716, 0.1
87, 2, 1, 5.6249813502861276e-05, 0.01864570856092172, 0.14423039461652853, 0.8370676470090469, -0.1896610091942285, 0.10817011888784878, 0.1986610669814049, 0.06864526661165397, 0.14970334069755742, 0.11612601259905315, -0.13499715135368218, -0.16365855822839198, -0.011706119423915607, -0.03426963939956908, 0.03967712101158778, -0.0014318419601803219, -0.000883834973902054, -0.0001813734678258177, 0.0877002911215927, -0.0007457293207800004, -0.0002591252657890106, 0.0033506177049451606, 0.1
88, 2, 1, 0.0005048827384858132, 0.011845861692712118, 0.13164614397869312, 0.856003111590109, -0.01900852567899435, 0.0013740510278949958, 0.15967619189722598, 0.18461445209006952, 0.12349882737472269, 0.029194340829647836, -0.08374621587826833, -0.03919730311874202, -0.10373103363158531, 0.03392967165971177, -0.03187426916872902, -0.0013542237490554213, 0.000823608490156481, 0.0004986583111845792, 0.08987224253618145, -0.0007397494181652455, -0.0020986082933004517, 0.00015219001956423835, 0.1
89, 2, 1, 0.0003884822507285336, 0.011687948434422769, 0.13158497126215615, 0.8563385980526926, 0.05808054440540004, -0.04004748640072708, 0.027719238562629846, 0.22027774065033565, 0.10288995001651224, 0.04462888093773448, -0.27296550904933314, 0.08868034778601623, 0.007904198011806867, 0.057250157433364056, -0.21558341932107655, -0.0010014072600496072, -0.0001654702626347877, -0.00011650726213807268, 0.09025326621568602, -0.00041240254314916776, -2.9278633667990767e-05, -0.0029512531194276215, 0.1
90, 2, 1, 0.00038781457187220736, 0.011688205246245123, 0.13158499754475872, 0.8563389826371238, -0.01705777292446068, 0.009352810878826834, 0.35617105960460516, -0.04223592238624683, 0.20034441104146236, 0.2378826308965703, -0.2551469268435902, -0.019091528710576282, 0.07063055526932184, 0.06965477631055125, -0.12481983135586597, -0.0013143354617407754, 0.0002595429634164612, 0.000756501345432225, 0.08728077355185461, -0.0009331682966767389, -0.000766220156069403, 0.00033372113376156155, 0.1
91, 2, 1, 7.849351438385144e-05, 0.011853921420310592, 0.13028541271223767, 0.857782172353068, -0.25526685853333153, -0.08048816640240071, 0.07367304399232241, 0.2158981160157812, 0.11835443695501462, 0.003739178849767466, -0.19222023130130778, -0.1630557484304402, -0.036728414445251975, -0.07067619889573391, -0.025281040515707166, 0.001130427138571381, 6.023684899239343e-05, -0.0005093199596558099, 0.08843340576781183, -4.858477276434766e-05, -0.00040639001593293885, -0.001778592910850204, 0.1
92, 2, 1, 0.00010253227481309447, 0.012005271437815539, 0.13006647442534516, 0.8578257218620261, 0.025485479919347777, -0.15674446603666584, 0.025834408359543305, 0.06693574824282206, -0.029110937820864446, 0.21048758655426575, -0.31100009433899756, 0.04186412439734725, -0.04097163957579021, 0.07248165832180974, 0.06588793470938462, 0.0010362771202601638, -0.00041288656736136254, -0.0007513098701505936, 0.08996014783826518, 0.00042281676092574533, 0.00023262288643465228, -0.002365592856412627, 0.1
93, 2, 1, 5.051520120240797e-05, 0.0002526086070036746, 0.12803270056422042, 0.8716641756275736, -0.2601992781370265, -0.13901567940714568, -0.0403276006238917, 0.13040771270281518, 0.22048398214009352, 0.08627385168190126, 0.0019257648692931895, -0.19201130758771878, -0.0022587473146025937, -0.18725467769574, -0.05350216539974271, 0.0008619400465978323, 0.0005062854000142288, -0.0012549974160726814, 0.09108717607526755, -0.00024644071643437906, 0.0007461044570661091, 5.572878820038369e-05, 0.1
94, 2, 1, 0.0007244650421455069, 0.0013104807602555308, 0.11623890687219288, 0.881726147325406, -0.12784795154742734, -0.07151595226042398, 0.058861563240045, -0.12445318102800167, -0.0027252349407754116, 0.18852534537430318, -0.030335735385648453, 0.07819094787358387, 0.03499376391086111, 0.04438334534024933, -0.012311937465188402, -0.0007619732924153313, 0.0001393407983387904, -0.0015746263976585718, 0.08915045790929092, -0.0003863935398601799, 0.0013867306495067423, -2.2737734740584454e-05, 0.1
95, 2, 1, 9.431272517088217e-05, 0.00223658817074866, 0.11347186268484553, 0.884197236419235, -0.07445369548701755, 0.024931662674289007, 0.0185203005761204, 0.15666457661249736, 0.20356199352009424, 0.056359309935674715, -0.11276349793277415, -0.01942463082382733, 0.06278293088168867, -0.0810080670375958, 0.09983897012423643, 0.0006999808576908378, -7.310303923397317e-05, -0.0004799434069966392, 0.08861957162993704, -6.7123900283381e-05, 0.000552364104620786, 0.0003965661438555046, 0.1
96, 2, 1, 0.00011630245821192436, 0.002662325781002132, 0.11063970663945963, 0.8865816651213264, -0.15380631234841008, -0.0007613801002525067, -0.03605611022941469, 0.12435217622336625, 0.10990309013940706, 0.20171058224276878, -0.01882052597108621, -0.022762714122951284, -0.0339301332640245, -0.0314028139383956, 0.06582482177849933, 0.0003944563444318863, 0.0005566910588533915, 0.00034736548124771885, 0.0882814076924438, -0.00012065744409324919, 0.0005970959866504948, -0.0005034648925309267, 0.1
97, 2, 1, 9.064332450286779e-05, 0.002699827716706451, 0.11060540576737145, 0.8866041231914193, 0.07897441527523483, 0.0690691293668542, 0.11568301754663853, 0.1587834079019516, 0.21465915045193498, 0.10364107866262715, -0.19557612843929978, 0.13069997919898638, 0.09540711748921235, -0.054251012191941284, 0.07406746917905971, 6.657975929708113e-05, -0.0008598775505999258, 0.0013928980674134958, 0.09008727750633162, -0.0005572992770517003, 0.0006419610624045981, 0.0005497546188408867, 0.1
98, 2, 1, 7.00625107558449e-05, 0.0028612848234148766, 0.07891374002754128, 0.918154912638288, 0.01300934406851339, -0.11052142077790825, -0.04961832842297841, 0.06315099682483812, 0.1808769072681387, 0.08932777625043671, -0.09762474642513086, -0.10341580885329682, -0.09607953300246264, 0.08150166318574523, -0.2294200779097783, -0.0015037459778563947, 0.0004669217371097563, -0.0007823077690010501, 0.08938223313414588, -0.001318330529356481, -0.00036351399037082917, 0.0004958192280369678, 0.1
99, 2, 1, 0.00021127580144625956, 0.0020852825592799474, 0.06703985576711707, 0.9306635858721567, -0.09564735205384729, 0.1749454324605134, 0.015492231133743725, 0.09731561386765142, 0.10249468862991051, 0.17476116760323537, -0.03499647744165747, -0.11233979586364126, -0.07132685852397436, 0.10353611373770502, -0.026822189630450695, 0.0009873970885369173, -0.0002955002993374361, 0.0016742423114472333, 0.08911564815171966, 1.1298933597581182e-05, -0.0012899092758256914, -0.0010810783991414509, 0.1
