t, Event, Policy, P(still), P(random), P(reach), P(transport), o(t), s_a 
0, 2, 0, 0.02954261749982834, 0.419818639755249, 0.550638735294342, 8.098413606383303e-10, 0.5894499029772601, 0.6086733110758866, 0.6740161216972436, 0.9393131402399204, -0.11326003661493497, -0.1626699821476248, -0.1633983716634249, 0.24200929911537278, 0.24275149483047423, 0.37647951170516664, 0.12075937695672509, -0.12001354139955187, -0.04801386733837364, -0.033531479830047034, 0.05612534413419177, -0.05640982158855612, -0.09218702155272418, -0.002837030960425667, 0.9
1, 2, 0, 5.4873896142680713e-05, 0.43643566664278083, 0.5635094581268453, 1.3342312029110926e-09, 0.569429165052572, 0.5694877565980198, 0.6374310547478054, 0.8989372661497639, -0.11192322629127034, -0.11009649847730492, -0.1239896171148194, 0.19759731512969197, 0.2939452786500966, 0.40532478730476296, -0.15445794801872512, 0.1633588558708109, 0.02497699990021767, -0.12241520922694842, 0.10642495540719166, -0.04625587567937101, 0.006188654675662328, -0.0908550215378981, 0.9
2, 2, 0, 5.475828759039994e-05, 0.43643576819522323, 0.5635094721829537, 1.3342327059913218e-09, 0.5641872836306501, 0.5618906707684996, 0.6308558354339286, 0.8986323976846462, -0.1105314877629889, -0.11239648599735005, -0.1258767516564966, 0.2077730678891855, 0.5149227060803216, 0.2522050441644423, 0.07299493229542485, 0.22017968089466056, 0.01736847094881478, -0.02076030786053993, 0.048748662809460344, -0.049852461418726166, 0.13510170057805215, -0.13011227196262884, 0.9
3, 2, 0, 5.47461831888841e-05, 0.4364357741788327, 0.5635094783037421, 1.3342362929695035e-09, 0.557622472082062, 0.5573859704532815, 0.6240339810605566, 0.9017493181538125, -0.10952005552926806, -0.11326241383709926, -0.12407890139420286, 0.23593843748126875, 0.2687477940941922, 0.2259466248715328, -0.010221999549686412, -0.09822620204585239, 0.18611916403440826, -0.05470858088739975, 0.006081926800493029, -0.050261147269229665, -0.14978317376743425, 0.24768840926298358, 0.9
4, 2, 0, 3.371819395387362e-05, 0.43644960476465067, 0.5635166757067085, 1.334687009093316e-09, 0.5527828180459812, 0.5526786125891451, 0.617726615163846, 0.8992449185607235, -0.11048622060151976, -0.11190519622076163, -0.12359782320808602, 0.16985336975592974, 0.35441602073138423, 0.37545256786693204, 0.005660229315252263, -0.05409981969975697, 0.05807833121433348, -0.13008163387778549, 0.0530793286044811, -0.03796779302314947, -0.05992981353630803, 0.017105790708522466, 0.9
5, 2, 0, 9.040302581187226e-08, 0.43647279997425686, 0.5635271082091323, 1.4135851831388153e-09, 0.5470462062628019, 0.5487167481877271, 0.6124732111692611, 0.9001209389295362, -0.11141748543688187, -0.1108140148464529, -0.12210948727753985, 0.15881644101107562, 0.2488147422049974, 0.32098650286826735, 0.03826397554789531, -0.06205582501851018, 0.02278724114886129, -0.09812242839867988, 0.11984115386960607, -0.04805983456009287, -0.159457037415948, -0.0803648813018432, 0.9
6, 2, 0, 8.985580216761631e-08, 0.43647280050111725, 0.5635271082294951, 1.413585412362221e-09, 0.5419556675601453, 0.5417722527228197, 0.6080183723092415, 0.9007395777345361, -0.11072588919916064, -0.10903738839562878, -0.12485409602716557, 0.31395664762866116, 0.29185325221084113, 0.24519668212310627, 0.16313938346918258, 0.13867327245626876, 0.059595307074432925, -0.27582502654226543, 0.09298303129475513, 0.11712060222051365, 0.10630300015470884, -0.11655542390701254, 0.9
7, 2, 0, 8.98557783650785e-08, 0.4364728005011391, 0.5635271082294973, 1.4135854123623618e-09, 0.5358090174414751, 0.534818102472915, 0.6001959581328217, 0.9000347276712446, -0.11042622210949346, -0.11266898803078015, -0.1215812798866143, 0.12986215965251718, 0.3505585547025383, 0.4431642397748252, 0.2556958914089954, -0.06683715522469016, -0.02949855532429846, 0.18009395860566163, -0.058646464391262344, -0.1389414433733686, -0.062095660692530585, 0.11219784472612146, 0.9
8, 2, 0, 8.985141468389013e-08, 0.4364728005054039, 0.563527108229596, 1.4135854277631876e-09, 0.5289691815591036, 0.529279985902141, 0.5933522550523109, 0.9001029611922341, -0.1091143251517275, -0.11088278563081969, -0.1225130317423632, 0.3467699065239783, 0.2136680746144033, 0.16657127101812738, 0.13988206894190172, 0.04667490546884871, 0.2005623465236485, 0.014699329377373676, -0.2396717819021358, 0.17598538704949857, 0.006063868272237069, 0.021717545693037122, 0.9
9, 2, 0, 3.279670412381061e-08, 0.4364728508821971, 0.5635271148976014, 1.4234974836088821e-09, 0.526152532299702, 0.5250864939655818, 0.5887904967535504, 0.9011196560763389, -0.11207679459645492, -0.10842903200961204, -0.1248203040661811, 0.08388177596771138, 0.2226286722242068, 0.1660389394130072, 0.1487068154305819, -0.18807196219975614, 0.18225450676367297, -0.023309711411631625, 0.16690737383701254, -0.011997955889814935, -0.1546144452789292, -0.06811185908959996, 0.9
10, 2, 0, 2.6594874270688506e-08, 0.43647285524083956, 0.5635271167394187, 1.4248675559200143e-09, 0.5185405901219229, 0.5178297590534452, 0.5820545502839775, 0.9001456485977892, -0.11147920194299857, -0.11170704319567051, -0.12353351186640578, 0.24978541904776447, 0.26908484521876347, 0.06690824337036369, -0.1370291523491624, 0.29635417733912983, -0.17186016716172087, -0.012691932049854717, 0.03842992401383043, 0.04822635473299845, -0.07649218694158794, -0.16280740544342226, 0.9
11, 2, 0, 1.2910953438767053e-08, 0.4364728644523925, 0.5635271212116572, 1.4249969765364063e-09, 0.5133376294141279, 0.5120218212701152, 0.5759851323954923, 0.9008956936989179, -0.10960816258382007, -0.11037437049877759, -0.12637012479173232, 0.19341337166501518, 0.14104704111972005, 0.3260657657212732, 0.09930163748251927, 0.050533573286503985, -0.062389937893270554, -0.08849357304390561, 0.12145206518793003, -0.1134415230331662, -0.18450929728190105, 0.06664140130117759, 0.9
12, 2, 0, 1.2910953351719449e-08, 0.4364728644523926, 0.5635271212116572, 1.4249969765364073e-09, 0.507406405652846, 0.5063261702334292, 0.5699838765397605, 0.901116629734525, -0.11176508781155484, -0.11187029395043908, -0.12395726476023064, 0.2029717604623463, 0.27216480001398047, 0.40597829084745857, 0.3387025125958564, 0.16133451147090672, 0.05808608822798685, 0.19868837898692798, 0.1281657735693567, 0.01683893961350438, -0.030264685248908536, 0.1406024240163069, 0.9
13, 2, 0, 1.1992320985581842e-08, 0.43647286522920986, 0.563527121353472, 1.424997025147273e-09, 0.5008107312018069, 0.5027235525844846, 0.5642955683379196, 0.9004261203452038, -0.11199126752808823, -0.11234270850352546, -0.12251077153807974, 0.27241844737744225, 0.3530962189810371, 0.3855030733605195, 0.12773915752269174, -0.003541692667290894, 0.08922146946097957, -0.04276744234681967, -0.09736771338947209, -0.07792274345635947, -0.07076777598695365, 0.005092667660244794, 0.9
14, 2, 0, 1.1209434054180364e-08, 0.4364728659848653, 0.5635271213807037, 1.4249970274683775e-09, 0.49657321397754506, 0.4953972267771709, 0.5565790405679402, 0.9008281891363513, -0.11237182837158659, -0.11039118687678413, -0.12544835284162317, 0.4767291990885102, 0.27059497153763573, 0.3860144044706287, 0.14651423986202103, -0.08648296016253045, 0.04361448756444284, -0.08350285554737455, 0.01147304130768512, 0.08802084298346005, 0.012168810422177484, 0.008849150443283361, 0.9
15, 2, 0, 1.1209401596779801e-08, 0.4364728659848968, 0.5635271213807045, 1.4249970275246644e-09, 0.4912157850703428, 0.489428282791555, 0.5515571130974277, 0.9014485400502028, -0.11062776624914945, -0.11052703117256572, -0.12487741890286556, 0.3092656765126399, 0.2995786170238481, 0.1436061022069056, 0.14491651494580243, 0.009070605049885322, -0.0962510582470075, 0.022159576064663802, 0.02685575395880222, 0.09150761849097891, 0.16647262917590913, 0.17846691878306759, 0.9
16, 2, 0, 8.560662369761616e-11, 0.43647287510409144, 0.5635271233852287, 1.4250731726011852e-09, 0.48533469768046417, 0.4844251956745412, 0.5421762599956927, 0.8990800080532585, -0.11107610843824178, -0.11110878994838777, -0.12458579021143382, 0.42852988842555995, 0.2079524178875558, 0.22759184762571527, 0.09879768867695252, -0.13195445142341294, 0.03465115972848158, -0.01617575083201136, 0.03911994680397758, -0.11267471280746126, -0.0006489544541539319, -0.06361480031978818, 0.9
17, 2, 0, 9.293238687570566e-12, 0.4364728751651957, 0.563527123400438, 1.4250731728436736e-09, 0.4831584962406633, 0.4789288323048463, 0.5387789786044117, 0.8991107674486891, -0.11148848579389178, -0.11076424580029838, -0.12510666903176487, 0.210789974720204, 0.28676518073086305, 0.5902940692599716, 0.01072156601609501, 0.12682583332002997, 0.015312117866903539, -0.029676293533319426, 0.03263293478640675, -0.14781767901402493, 0.07401769930946756, -0.1264441648117498, 0.9
18, 2, 0, 8.733315733056221e-12, 0.4364728751654837, 0.5635271234007099, 1.4250731775181329e-09, 0.47337877154092356, 0.47542957053416124, 0.5328577184437767, 0.9002590522626452, -0.11048753385816903, -0.11011968389989617, -0.12392253228223596, 0.25728503338383585, 0.4158103153231143, 0.1610089207815708, -0.06214650850890049, 0.13526877697259115, -0.0912227994907637, -0.12598798912314002, 0.050965789204652355, -0.05610411716452353, -0.03657682105406001, -0.011607931557630687, 0.9
19, 2, 0, 8.729073600951907e-12, 0.43647287516548683, 0.563527123400711, 1.4250731788246212e-09, 0.46865398079024895, 0.46923928313335717, 0.5258192817916785, 0.8992841239005978, -0.11191238576631106, -0.11051680717036094, -0.1244141228371555, 0.1959988674777174, 0.22440968287485452, 0.12922266911740482, 0.08900748653189569, -0.11491730670545633, -0.2629283763548803, 0.11855726496983325, 0.03193838371433877, -0.0801746332444567, -0.07791575867892683, 0.12508582656213424, 0.9
20, 2, 0, 8.715217338505628e-12, 0.43647287516549443, 0.5635271234007171, 1.4250731810889847e-09, 0.4630901311445065, 0.4624545428327081, 0.5207677104866807, 0.8987090682466242, -0.11053589174948406, -0.11093701052373839, -0.12411840373757274, 0.3614614684742161, 0.20669023428659222, 0.10006803414583247, 0.19817235761522006, 0.1699703988058226, -3.326446415748114e-05, -0.10132436138594096, -0.05965921238245316, -0.09573142318690943, -0.1097204163508497, 0.15361471407267308, 0.9
21, 2, 0, 8.510345802116979e-12, 0.436472875165669, 0.5635271234007475, 1.42507318128899e-09, 0.45723819634754, 0.4590569063808848, 0.513922983188676, 0.8983454895278907, -0.1111324939016514, -0.11095770449646136, -0.12200448192156757, 0.20567287078293428, 0.28301665642219576, 0.3811005135896318, 0.05740416757256724, 0.32754455071090127, -0.047314347827343256, 0.06394798067654713, -0.015477099390215835, -0.058522896047616194, 0.03725834639688627, 0.047174743027928207, 0.9
22, 2, 0, 4.680681192119057e-12, 0.43647287516916367, 0.5635271234010824, 1.4250733163264032e-09, 0.4512759921262745, 0.4534069216377807, 0.5065593837210425, 0.8995965666075548, -0.10988470884854862, -0.10979428815578336, -0.12429827997906144, 0.2828540917915103, 0.2522506129240726, 0.25000915441151916, 0.05247300017179999, -0.15509187651358286, -0.05115262780376641, -0.0595793830281207, 0.2055858414301262, 0.07295579113846021, -0.04166315729902786, -0.07129498459211117, 0.9
23, 2, 0, 4.63233583721507e-12, 0.4364728751692106, 0.5635271234010838, 1.4250733759453975e-09, 0.4453854867414882, 0.4463465698827835, 0.5003261835427728, 0.8998518398414237, -0.11025176581561338, -0.11050055249164785, -0.12504483799786856, 0.11644135323932321, 0.23345790056801632, 0.1319970109288412, 0.05551788398121571, 0.10506990679767889, -0.126995399125438, -0.13226526864887583, 0.14692079241273576, 0.19780831378919767, 0.11497993435183748, -0.023879528602730647, 0.9
24, 2, 0, 4.375005025122912e-12, 0.43647287516945826, 0.5635271234010933, 1.425073422073867e-09, 0.4427198716372919, 0.4410683406756343, 0.4941857795763597, 0.8988870433586301, -0.11041009579417653, -0.11120113257561344, -0.12376686945757265, 0.2416040444506093, 0.2910568998393805, 0.18345050767787063, 0.1254053744928297, -0.10273056489590726, -0.026236671920272552, 0.05809354975523264, -0.12091770110311284, 0.13862275548287922, -0.07599631742781812, -0.03414085622129681, 0.9
25, 2, 0, 3.776644858800401e-13, 0.4364728751732064, 0.5635271234013425, 1.4250734882911124e-09, 0.43600875394792116, 0.43728617566724093, 0.48759285312815825, 0.9012075269611282, -0.11102528543403363, -0.10999120516260592, -0.12299863790620527, 0.022604962283102048, 0.28579055296855665, 0.3622714276237634, 0.16819646437623376, -0.17123824157142006, 0.0315525399624758, 0.05321704040187549, 0.06142187729500672, -0.07706345765957417, 0.00019117459922194608, -0.09509085207325693, 0.9
26, 2, 0, 3.7420048090448527e-13, 0.4364728751732091, 0.5635271234013433, 1.4250734889400888e-09, 0.4301316766786404, 0.4310934781943643, 0.48300621117409853, 0.8994303410673309, -0.11210094217882353, -0.1095874297820008, -0.12375811128245033, 0.2297172076551665, 0.14504855398843702, 0.2273175816264187, 0.01712526046278472, -0.1279715352442854, 0.06575991370764413, -0.0345928033065135, 0.0007483456212117573, -0.09876471826789614, 0.1324235635113725, 0.16156022375871668, 0.9
27, 2, 0, 3.506085125809628e-13, 0.4364728751732317, 0.5635271234013443, 1.4250734889463638e-09, 0.4242209262579425, 0.42441752433377455, 0.4756376272063578, 0.8994937750572047, -0.11209852232787765, -0.11108815773142758, -0.12244279935751165, 0.3687287801816606, 0.2771045931562157, 0.38923695932984403, 0.05480469703764298, -0.02198667157115181, -0.23696947116869257, -0.027488998927071066, 0.2344809274690379, 0.15400932218635915, -0.031420459950943905, 0.018903308105233087, 0.9
28, 2, 0, 3.329837482788214e-13, 0.43647287517324806, 0.5635271234013455, 1.4250734913891665e-09, 0.42007650266181795, 0.4215960436432315, 0.46928788761425, 0.8998549659321892, -0.11130155548312219, -0.11168171295643703, -0.12391065178805478, 0.24428406266914138, 0.19023679920960496, 0.23045421148397768, 0.10434385167036866, -0.12580054892618114, 0.011713746697095075, -0.044416040032496704, -0.0646878496548989, -0.03726930663121961, 0.16044270224456733, 0.09214055811058797, 0.9
29, 2, 0, 2.3817066813577827e-14, 0.4364728751735169, 0.563527123401384, 1.425075307761971e-09, 0.4151786401015175, 0.4134408722197538, 0.4624480506844047, 0.901539566731872, -0.11029806225649932, -0.11131037051384443, -0.1256515832385574, 0.28003151002990617, 0.23044549843428333, 0.061270127867223564, 0.10794409713038286, 0.03905066388817349, -0.02958962959994635, -0.03050907250803326, 0.05742904930008409, -0.047306191361435976, -0.04596032031089608, -0.09709195878578725, 0.9
30, 2, 0, 2.34154553565095e-14, 0.4364728751735171, 0.563527123401384, 1.4250753078083107e-09, 0.40861570340736, 0.4103217023270946, 0.45801772528548657, 0.9000818399502156, -0.10984626512415759, -0.10980444516796635, -0.12566124628744524, 0.3665283705257785, 0.3979048293626225, 0.12678619480882608, 0.04190875640922152, -0.04710470307212376, 0.10857981099334794, -0.026637600241078502, -0.006231042507904275, 0.0659061402185036, -0.1567039471696165, -0.012186588446116881, 0.9
31, 2, 0, 2.3390568587640838e-14, 0.43647287517351724, 0.5635271234013841, 1.4250753080712613e-09, 0.40370363466180204, 0.40074143812201274, 0.4497981033968174, 0.9014342259857765, -0.11027573597260162, -0.10989110806614377, -0.12558572024494552, 0.1385192385961441, 0.16977535797238225, 0.11904587789180657, 0.13663879554103323, 0.12453234132964601, 0.08629057628450369, -0.0313144708140437, -0.07635742245748159, 0.10065447315998148, 0.2509694914880608, -0.009022410648592561, 0.9
32, 2, 0, 2.33913483456661e-14, 0.43647287517351724, 0.5635271234013841, 1.4250753080377818e-09, 0.39746078360799836, 0.3961312854743726, 0.44547609663505855, 0.9016467665668619, -0.11018664172026174, -0.1099210634170806, -0.12484497737151232, 0.1417499395871645, 0.23424965454317945, -0.004094153023677683, -0.019135586422024675, -0.19357517026733348, 0.07919515064414759, 0.03722792999415918, 0.052594781973844686, 0.003823097524644449, -0.0028258495070284714, 0.17737547264718106, 0.9
33, 2, 0, 6.495530912935094e-16, 0.43647287517353767, 0.5635271234013856, 1.425076168004646e-09, 0.39048388051207855, 0.3931801426699391, 0.4398857116714285, 0.9002024201705998, -0.11152165019858673, -0.11191246401639499, -0.12434029218022709, -0.07966030607792902, 0.1819525822031463, 0.1392778716743765, 0.1424291910338708, 0.04588462794560476, -0.043490068713892424, 0.1034302305859472, -9.788148770001337e-05, -0.09953373657169513, 0.12025241340644503, -0.14954418310029569, 0.9
34, 2, 0, 3.787435357701528e-16, 0.4364728751735378, 0.5635271234013857, 1.4250761932951277e-09, 0.38535142323119753, 0.3863768149559911, 0.43269121657665577, 0.9003164686748549, -0.11188200082718076, -0.11141199671015851, -0.12445318629468956, 0.11876704136137399, 0.1634887547008162, 0.08171364689778786, -0.23134332017931122, 0.059680615304233596, -0.1547996950949842, -0.032386227575117325, -0.08186385937725557, -0.14981661394172577, 0.0911029999532111, -0.023493372655191636, 0.9
35, 2, 0, 4.762893849670779e-17, 0.4364728751735381, 0.5635271234013857, 1.4250761933191888e-09, 0.3818175055666829, 0.3811002356104705, 0.4278308291538607, 0.8988745730541563, -0.11307781207966316, -0.11062960178701549, -0.12248157874266537, 0.1744110069240274, 0.24683051531485933, 0.35124576033691624, 0.0280844504259876, 0.014285711777870613, 0.06917257402875779, -0.009312331970086397, 0.05427198049468727, 0.03245250790601155, 0.06572689619423118, -0.03550950633737852, 0.9
36, 2, 0, 3.672619429240275e-15, 0.4364728751735339, 0.5635271234013861, 1.4250761965328553e-09, 0.3742524101730901, 0.3763014715020016, 0.41992763620606244, 0.9000816437382081, -0.11159926487014378, -0.1099024909433651, -0.12519384992976001, 0.3149490435476861, -0.036858063660638554, 0.1689277285671059, 0.14457241468953133, -0.07187977656759306, -0.09527920142566809, 0.0769902444907004, 0.10636292224012667, -0.03964794962006937, 0.03753349825691655, 0.23765334280063133, 0.9
37, 2, 0, 1.3287624737783898e-14, 0.4364728751735183, 0.5635271234013914, 1.425077005405821e-09, 0.3694012190964787, 0.3705312534533112, 0.413781159595631, 0.8992315325796849, -0.11129565406423654, -0.11092247607169108, -0.12112149845661968, 0.20917646036188925, 0.06154476058084648, 0.1694390564011285, 0.166954563436787, 0.09817796264402144, -0.057707171461551535, 0.06814273349576874, 0.09700461021296317, -0.09886384173290172, 0.012937356591459647, 0.04391685392013053, 0.9
38, 2, 0, 1.2051698181361184e-14, 0.43647287517351935, 0.5635271234013917, 1.4250770056685284e-09, 0.3625349375837643, 0.3641545031232266, 0.40827704860548586, 0.8994419132488864, -0.11090299661608924, -0.11146719097846344, -0.12353540618937613, 0.18393036285000963, 0.3019639991192283, 0.2680308289861907, -0.02179864327998365, 0.13867956446803514, -0.14021480127919095, -0.00590087346465742, 0.2414698767674348, -0.004362151248988119, 0.061026412109304796, 0.03837176102210692, 0.9
39, 2, 0, 5.90528270057208e-17, 0.436472875173525, 0.5635271234013975, 1.425077329542426e-09, 0.35875185940442517, 0.35920515914772033, 0.4013624994062083, 0.9022911084809719, -0.11195404155230329, -0.11155147449314254, -0.1236875825140129, 0.1202108583612542, 0.30114965348848066, 0.16398706325471002, -0.11465959636632841, -0.06068195082465981, 0.08260469828420024, -0.09438107090990278, 0.11003051908782309, -0.07014862440503263, -0.1094377652965173, -0.12537175725302124, 0.9
40, 2, 0, 6.078255846035469e-17, 0.43647287517352507, 0.5635271234013977, 1.4250773296049343e-09, 0.35262747667562916, 0.3556112667106844, 0.3943440053538807, 0.9017192798506187, -0.11041163893346781, -0.11077183590204123, -0.12420519434341666, 0.23928690773432848, 0.03809445347873752, 0.1930794060197878, 0.0023388923778843414, 0.04723856024782851, 0.07834218053958442, 0.08363292408312367, 0.00408055967956362, -0.08750757722415253, 0.20710975415593294, 0.17082620828243872, 0.9
41, 2, 0, 6.146959079428249e-16, 0.43647287517352396, 0.5635271234013978, 1.4250775072785806e-09, 0.3473929460602849, 0.34567531041563404, 0.38977366171254396, 0.8990104087128612, -0.11144459742716598, -0.11177402420767583, -0.12510467428558056, 0.09860667373810753, 0.18369072192123798, 0.13997358317173042, 0.01615654519870175, -0.06820863566930288, -0.03937985124744421, -0.08350997004753796, -0.047227641685340736, 0.1310297062507329, -0.10574255164319127, -0.01023847818123178, 0.9
42, 2, 0, 5.046862802215844e-16, 0.4364728751735241, 0.5635271234013979, 1.4250775084062751e-09, 0.3410803544483811, 0.3430334441498519, 0.38347904569930075, 0.8994157587937895, -0.11243879666435985, -0.11230539791567799, -0.12414136257667677, 0.23928091753700823, 0.2889233375849457, 0.15799936252425809, 0.012323521053388438, 0.009162895346810387, -0.07279959518879833, 0.036179038823263926, 0.05106815596638119, -0.09923862366114275, 0.12175565253170584, -0.06414803694808748, 0.9
43, 2, 0, 9.064461853741268e-16, 0.4364728751735225, 0.5635271234013989, 1.425077688426274e-09, 0.3358416363437105, 0.3365590486138771, 0.3786118549145446, 0.8999873800423888, -0.1104270390455436, -0.1088277711712962, -0.12374520786247103, 0.14909206528974187, 0.07950461147392181, 0.2752794754045422, -0.00310831674153092, 0.16608420964585155, -0.04139846999064452, 0.12472326465515275, 0.039710943442148317, 0.10982637746396243, -0.05629385410139568, -0.04622800710292231, 0.9
44, 2, 0, 1.0298770837926932e-12, 0.43647287517166483, 0.563527123401906, 1.425399266580867e-09, 0.3310587245646414, 0.3298314057699501, 0.3706513876600887, 0.9005111217190969, -0.11168780287557926, -0.11131365544837088, -0.1243835574486341, 0.21697709263610668, 0.09682847784518187, 0.187725483299723, 0.03661300810801318, -0.10590910558552738, 0.0011176009490784897, -0.01976638507816746, 0.03722530043226134, -0.011763599694433816, -0.2251495476422211, -0.00965378407117282, 0.9
45, 2, 0, 1.0218511002997003e-12, 0.43647287517167066, 0.5635271234019077, 1.4253999374765294e-09, 0.32429084831854543, 0.3263370418874235, 0.3641527373848417, 0.9007921717219085, -0.11110580468977915, -0.1110546972421976, -0.12405823479467193, 0.13855182098526386, 0.25564738930118586, 0.11592800405766786, -0.011548452817955728, 0.11240725030341678, -0.05169392118186781, -0.0489026356355461, -0.07902060883213367, 0.11962637198602433, -0.10055175298297485, 0.001574226827651843, 0.9
46, 2, 0, 9.611407861903113e-13, 0.4364728751717266, 0.5635271234019124, 1.4253999748515763e-09, 0.3203277334277417, 0.31877861890707754, 0.3566505921157426, 0.9004477775018203, -0.10986368289977919, -0.11023374870219058, -0.12443755312921571, 0.18397927953160986, 0.26878466582324545, 0.3304719965886448, 0.11676525720893771, -0.01700086811000784, 0.0341569423774594, 0.05697223619092082, 0.024295074664852416, -0.09025227271934311, 0.07477468769755333, -0.05766966451200837, 0.9
47, 2, 0, 9.557848665966558e-13, 0.43647287517173167, 0.5635271234019126, 1.4254000878115045e-09, 0.3128639002764482, 0.31352468076030987, 0.352879293012865, 0.8988103903832732, -0.112072905023757, -0.11309558867397658, -0.12399279990375918, 0.16303157875434296, 0.16626200025287574, 0.13148783509924122, 0.18909690468004348, -0.2181272628448742, -0.209097394538632, -0.24134939349780898, -0.053818754657639946, 0.05482842348225013, 0.0641963585968086, 0.00010945940669913864, 0.9
48, 2, 0, 9.53344093204019e-13, 0.4364728751717324, 0.5635271234019141, 1.4254001973661348e-09, 0.30736995405051337, 0.3098372694486804, 0.34537626009729006, 0.8983869912094727, -0.1117150335270678, -0.10940021087293753, -0.12413801020646384, 0.18694988991723274, 0.19993642464989742, 0.24055566318722876, 0.008292720010747462, 0.06476237808405749, 0.033823548686927885, 0.24483950502509666, -0.07527094074112148, -0.10714466846472051, -0.11289778841115214, 0.08850032202333141, 0.9
49, 2, 0, 1.611845111844041e-12, 0.4364728751702477, 0.5635271234024714, 1.4256692354194208e-09, 0.3023532806686348, 0.3027059067853851, 0.34034748642044754, 0.9004555550773251, -0.110574508791393, -0.11059823536926716, -0.1250247199030639, 0.16687937288711355, 0.07405318761412152, 0.1637729060121962, 0.09184612573911237, 0.09906477514864558, -0.025989882654776853, -0.11911550000347959, 0.0054114493311670136, -0.06482733892577144, -0.02472387244975037, 0.04206723732413396, 0.9
50, 2, 0, 1.611845796029456e-12, 0.43647287517024774, 0.5635271234024712, 1.425669235518532e-09, 0.2973168366122821, 0.29636550719334814, 0.332765287189419, 0.8997396918777838, -0.11099581271900125, -0.110181493284135, -0.12323228596310684, -0.01804352979730295, 0.44066593836226253, 0.14211200900363632, 0.12745826110280462, 0.019246471465371017, -0.025182869574108563, 0.058479948029910224, -0.02130837339532402, 0.1238922074502136, 0.17158863383466597, -0.04898315868372187, 0.9
51, 2, 0, 4.669386726855938e-13, 0.4364728751707175, 0.563527123403092, 1.4257235691411916e-09, 0.2900211132791359, 0.2908204845849035, 0.32677688669423427, 0.9007605124419611, -0.11186004415936293, -0.11086584183841681, -0.12551607245984722, 0.13384493821134222, -0.1072997709171249, 0.2544947212724343, -0.004437198455250116, -0.0778998088478666, -0.2183664091921773, -0.02487702076872275, 0.14664132364106786, -0.08761006636786742, -0.0016501814171211312, 0.08745391588414687, 0.9
52, 2, 0, 4.665343762259886e-13, 0.4364728751707179, 0.5635271234030921, 1.4257235707706452e-09, 0.28636359845712167, 0.2863504884629225, 0.3201303621112797, 0.9015602789938129, -0.11048413685512046, -0.11016001174549925, -0.12508228074485578, 0.07459968653741371, 0.1489914319020129, 0.3541015712662986, -0.10217147755003479, -0.1287222994444739, -0.01817859893665242, 0.06559398887267479, 0.006782611724048551, 0.12190051737608538, 0.1742564679123288, -0.011789149081710856, 0.9
53, 2, 0, 3.4456892797173933e-15, 0.43647287517117245, 0.5635271234030995, 1.4257246606177161e-09, 0.2807921306527877, 0.27992965523759267, 0.3143592087940761, 0.8996045984360033, -0.11325096411265205, -0.11266382220142863, -0.12416866024463875, 0.11937358675555469, 0.20834813592310622, 0.33685878674524206, 0.1389180508277954, 0.02968753293229977, -0.026854916587707566, -0.13403149687911453, -0.08679563532824942, 0.11472073167432088, -0.011087021385498486, -0.20269414322355792, 0.9
54, 2, 0, 4.159616662180355e-15, 0.4364728751711727, 0.5635271234030985, 1.4257247373272036e-09, 0.2756329593255583, 0.2744488056871631, 0.3083109489026644, 0.900729123315052, -0.11045176326669626, -0.1106230699993647, -0.12454631126045165, 0.13917187016610405, 0.12259948874871227, 0.16684606882201386, 0.06908039487938392, -0.04348592964296906, 0.05623692097851629, -0.22398213383318666, -0.057201478942490336, 0.12155882431313245, 0.13705198542783176, 0.14204704117581554, 0.9
55, 2, 0, 4.181548514083184e-15, 0.43647287517117267, 0.5635271234030984, 1.4257247444312561e-09, 0.2699067680445205, 0.2697179229193917, 0.30233137614282896, 0.9011420859094732, -0.11382027704414306, -0.11118383368748148, -0.12485256633356712, 0.13762314659333183, 0.30303430157517813, 0.10887159442880198, 0.04246235986777752, -0.016654934209514784, 0.03779372419795209, 0.16766812177815643, -0.023754997394642655, 0.06484392471415105, 0.005039411557958691, 0.06525554270559487, 0.9
56, 2, 0, 5.572406711260154e-15, 0.4364728751711706, 0.5635271234030981, 1.4257259027940099e-09, 0.2633612481680265, 0.2638212834250259, 0.29534989186368443, 0.9005070448140045, -0.1082352127047708, -0.11098755302559415, -0.12633651896817183, 0.15167135445832833, 0.07524388846711469, 0.17500333887478192, -0.07967839997737286, 0.2285205615192356, 0.04439823184792681, 0.1410244615995782, 0.03035779624326527, 0.10517950480340368, 0.01743722182444952, 0.10226089102185995, 0.9
57, 2, 0, 8.983754884713074e-12, 0.436472875194334, 0.5635271233511778, 1.445504383486401e-09, 0.2584655491931417, 0.259195486315578, 0.28889582945507797, 0.8999313681623834, -0.11163308965411038, -0.1109656789079722, -0.12280112618118084, 0.14742551197345283, 0.0840160902737673, 0.06128730233241207, -0.06628555496447232, -0.025168878447786213, -0.021626435255277125, -0.14192335497258524, 0.04530765887082938, 0.0469229211321573, 0.019100407536865628, 0.0635135264090879, 0.9
58, 2, 0, 7.711697807076872e-12, 0.4364728751946295, 0.5635271233512517, 1.4464071589170036e-09, 0.2526670984501748, 0.2549591858640898, 0.28523697902410267, 0.8989813740298966, -0.1105128185233762, -0.11116338656343668, -0.12321707630977614, 0.09084292798649765, 0.0708901225206966, 0.1918371271923692, 0.06067092503452139, -0.0673687274702821, -0.009315059459796911, 0.27566796233208, -0.003129607155997266, -0.05215454971494697, -0.027051841916511676, -0.10918359620480338, 0.9
59, 2, 0, 5.190530800565895e-12, 0.4364728751964149, 0.5635271233514824, 1.4469121138689355e-09, 0.24713859336449087, 0.2485888568470783, 0.2776095982323017, 0.9006790872573933, -0.11161937913360909, -0.11096204092687492, -0.12396131500152134, 0.15740597180305652, 0.058493374313520995, 0.20534026679386877, 0.008689563622827481, 0.04543680325874946, 0.041870826867367136, 0.11434973351171156, 0.09451613818747491, -0.04251366862142937, 0.0878838422506455, 0.011559249914835923, 0.9
60, 2, 0, 1.933717863889117e-10, 0.43647287771684845, 0.5635271186687342, 3.421045687398672e-09, 0.24239659185821325, 0.24063724910363327, 0.271965916693001, 0.8999089479430256, -0.11018437184090828, -0.10954746203210541, -0.12265783873392647, 0.0002790878142395536, 0.08982912522043955, 0.19157863166158545, -0.142743196901227, -0.06193982136871774, -0.033600680920408674, -0.017377717973103866, 0.1706667221452208, 0.09585307793869074, -0.01377682963572498, -0.09274501278582394, 0.9
61, 2, 0, 1.928413016823656e-10, 0.43647287771731447, 0.5635271186687629, 3.421081383521514e-09, 0.23741760821240238, 0.23688679587307532, 0.26578524722420294, 0.9012067871182456, -0.11057352485442988, -0.10957930182184525, -0.12250867494836273, 0.18167000907363176, 0.1735973568044315, 0.23644949768509474, -0.07633959037053364, -0.12215189052647364, -0.125436337102003, 0.1567210142780346, -0.047394946468695444, 0.11050056595293863, 0.08874498072333545, -0.008906307774526695, 0.9
62, 2, 0, 5.902159292965415e-12, 0.43647287773991583, 0.5635271186769574, 3.5772245929072174e-09, 0.23084374218960027, 0.23108063860119005, 0.2591756958399186, 0.8995310590796965, -0.11125925303583425, -0.11163510123094147, -0.12399992394460624, -0.07549171742872769, -0.019754865146159407, 0.05000202538300312, -0.17806284639503966, 0.06347732471767284, -0.09409453263287113, 0.026373939812544024, 0.15894423356834558, -0.04416555269192625, 0.002746959046226229, 0.03365502675233649, 0.9
63, 2, 0, 1.847941831883204e-10, 0.4364728788272521, 0.5635271173541865, 3.6337673422923335e-09, 0.2248128883482361, 0.22464200240599225, 0.2519683652967764, 0.9001380775677086, -0.11102847758733983, -0.11087198539818946, -0.12336346376546377, -0.07488316685285516, 0.17601033839197155, 0.24223194301835999, -0.0697397058644383, 0.04357067839374821, 0.03917334440609559, -0.10446122319326698, -0.011137699789882114, 0.10322974708783303, 0.0602218514532878, 0.020862954211132018, 0.9
64, 2, 0, 1.853185452356317e-10, 0.4364728788291379, 0.5635271173483325, 3.6372111874428806e-09, 0.22026313115017015, 0.21833425890055164, 0.24759845530490532, 0.8995018185809395, -0.11067298438704687, -0.110593625929723, -0.12385678813103566, 0.07428118346369324, 0.16907747748960592, -0.03299976952923549, 0.02792848208043696, 0.04416256131521394, -0.021862818420418716, 0.08789448868871709, -0.06336238898490562, -0.027602061137440848, 0.105721292607349, 0.1341736351400219, 0.9
65, 2, 0, 2.528457973659122e-10, 0.43647287914834193, 0.563527115710544, 4.888268308559584e-09, 0.21501142579559418, 0.21445231371696458, 0.24087559538077313, 0.900101293881588, -0.1102459601198861, -0.11018808957834136, -0.12426704664458951, -0.13888922301335033, 0.05335815230481119, -0.008778676296512722, 0.16576640437817877, 0.14037289109509538, 0.017616526350321002, 0.053560770708433944, -0.04679618840872447, 0.014743258058846794, -0.11532781316438294, 0.04924478378447167, 0.9
66, 2, 0, 2.5053246807430917e-10, 0.4364728791485643, 0.5635271156788526, 4.9220505171298556e-09, 0.2084307870642903, 0.2087880857686834, 0.23477278314492817, 0.8996430265667865, -0.11151612596174931, -0.11123070455157111, -0.12361078967751253, 0.14663086443737428, 0.06412873057113189, 0.02460593379608942, -0.21513579745055647, 0.027985354361882202, 0.048321749464101414, 0.18407495171806523, 0.0006238682660731493, -0.1367754979396411, -0.08689135606987641, -0.05102804619981197, 0.9
67, 2, 0, 2.565730245234051e-10, 0.43647287916261873, 0.5635271156434286, 4.937379720606488e-09, 0.20357187831021525, 0.20463155798031143, 0.2284649889855454, 0.8991812074923343, -0.11277919385963704, -0.11167503596742041, -0.12279598411552536, 0.25294823730672245, 0.17594346926006174, 0.09099734892484307, 0.046475573758572045, -0.1688595114734069, 0.1937538616238965, -0.003023630293733276, -0.04731046067778137, -0.12785430414677176, -0.04273075724852606, 0.045987973234362704, 0.9
68, 2, 0, 3.548293588262825e-10, 0.4364728799425016, 0.5635271109224261, 8.780242957552365e-09, 0.19827104764105075, 0.19576242151448953, 0.2212535569286577, 0.9006454236130009, -0.11194530685943704, -0.11055050677745323, -0.12348277474018945, 0.06025633567399173, 0.12111810921455302, -0.033213956799304924, 0.1223126474380775, -0.1557389490106324, 0.002115311905807102, -0.0567504745712197, 0.13316678054236386, 0.02401873866847933, -0.035785621537890513, 0.004698296303243187, 0.9
69, 2, 0, 1.5981534208029402e-10, 0.43647288047856003, 0.5635271101330732, 9.228551518958669e-09, 0.1917503774255167, 0.19250960411149037, 0.21350366549942504, 0.899718288686356, -0.1108571378101153, -0.1127454653429314, -0.12353781114263426, 0.09549525294226693, 0.09182706340463455, 0.2328323919686115, 0.13546156055253644, -0.07879208777426444, 0.0019178883111807357, -0.044205037303968985, -0.06357821407809772, 0.033021526277251335, -0.215643452970362, -0.03266571828278865, 0.9
70, 2, 0, 2.0102195774826128e-10, 0.43647288079895324, 0.5635271085295487, 1.0470476045866804e-08, 0.1860975695524088, 0.18547455450553776, 0.2084117392713652, 0.8995691314734311, -0.111302217536464, -0.11007068918631265, -0.12438545020720007, 0.024654038911229404, 0.1992702468693342, 0.07768733309513325, 0.11624165320682973, -0.10553596662889964, -0.021989544168596293, 0.11686099635821563, -0.04806329864890857, -0.001665016769089142, -0.09711862586051648, -0.053996504620956357, 0.9
71, 2, 0, 2.009979091146969e-10, 0.4364728807989549, 0.5635271085256394, 1.0474407771861934e-08, 0.18073472223085318, 0.1817282855763702, 0.20267620527846622, 0.8996008788209954, -0.11104569505947381, -0.11252855092442401, -0.12403132908797576, 0.1840670850847595, 0.055768781695864814, -0.04508215166831071, 0.11537217551855772, -0.05366439265862003, -0.022188456997243193, 0.09094957999546655, 0.13741520708523386, -0.14150836214606727, -0.019446515416475532, 0.06798035123740376, 0.9
72, 2, 0, 2.0134191110928092e-10, 0.43647288080240465, 0.5635271085030805, 1.0493172981911715e-08, 0.17532826364477802, 0.17334676970013557, 0.19813527822328875, 0.9005317770001826, -0.1096623603612042, -0.10986724116162068, -0.12498288205755351, 0.23267460479531574, 0.015428170863973755, -0.05101949324350039, -0.037465807431274985, 0.06020741416442614, -0.03544101227757911, 0.02114648310479654, 0.02523111544162867, 0.027986362358096546, 0.057034469815520995, 0.07864570166745607, 0.9
73, 2, 0, 2.2524064318904112e-10, 0.43647288085063213, 0.5635271084114171, 1.0512710115980092e-08, 0.17076598880442223, 0.17001897112804323, 0.18979634777083287, 0.9000391072542577, -0.11247134433940723, -0.11395110871725449, -0.12452016461193019, -0.03279067274355135, 0.037801403712794675, 0.024437948140449407, 0.18976128337230672, -0.07528412428748708, 0.1258279352495121, 0.02376266684719953, 0.09315064288259048, -0.0022363901443119318, -0.003032259265150402, 0.2527694079231445, 0.9
74, 2, 0, 1.4972641416691917e-10, 0.4364728835093928, 0.56352709853359, 1.7807290829274142e-08, 0.16432346260387595, 0.16287599563060115, 0.1860035024727738, 0.8995984427115831, -0.11164163856838664, -0.11131096439148569, -0.125241977324289, 0.1212452686878556, -0.09404850118058815, 0.1987133690702895, -0.16566099899127462, -0.15501197866519228, -0.026856174629823676, 0.06395066992082993, -0.005771921478685332, -0.03864501132248734, 0.10932599447125661, -0.1005716193368281, 0.9
75, 2, 0, 1.6631621004907455e-10, 0.4364728837239264, 0.5635270982954521, 1.7814305309940378e-08, 0.16011381009821163, 0.15831247091374825, 0.1773348308532973, 0.9018752494614916, -0.11058090237964928, -0.11078537631184404, -0.12437173268516644, 0.18351275411080434, 0.06361361660156054, 0.28880687488382306, -0.05369508397609862, -0.08161996982427933, 0.00627517953140596, 0.01908049568923069, -0.09962479646530178, 0.18824320613380502, 0.2448761385453473, 0.16356839514733876, 0.9
76, 2, 0, 3.73412974880343e-11, 0.43647288390503813, 0.5635270940173808, 2.2040239807703313e-08, 0.15184197310074582, 0.1533854751425432, 0.17172793135184522, 0.89951488680459, -0.1099361357875482, -0.11180980067896762, -0.12432298511665563, 0.22423256466191543, 0.08443918444600683, 0.002442733095559357, -0.18761228876217023, 0.18648439683767581, 0.15339442879472837, 0.018183609165003962, 0.06289792977407267, 0.07796305737139254, -0.09212809974321515, -0.06712614762262163, 0.9
77, 2, 0, 2.055830183444669e-06, 0.43647672565246093, 0.5634998365839886, 2.1381933367002903e-05, 0.14759061825205227, 0.1474440084175882, 0.16411878874093705, 0.8984410428409436, -0.11169719650601988, -0.11051733764713616, -0.12354482495878642, 0.025411651604724066, -0.09576690950519168, 0.11168377484828315, -0.06030133582303887, 0.017294880187069282, -0.10089701261817363, -0.010966667006215378, 0.08750364068802718, -0.07971656352819548, -0.028718757775065877, 0.06893024951844798, 0.9
78, 2, 0, 2.0558378287083998e-06, 0.4364767256712733, 0.5634998365411321, 2.1381949765883823e-05, 0.14181159299986817, 0.14329023879713138, 0.16065986895628953, 0.9006737713244559, -0.1112761744904422, -0.1129388393261858, -0.12368380231768861, 0.2335526870120633, 0.19615075102483376, -0.02091455135237912, -0.02836992455368418, 0.004983644851749482, -0.11907604674061198, -0.16673341048457432, -0.31225717997923397, -0.02756905937687728, 0.1428042631999062, 0.12972916082446856, 0.9
79, 2, 0, 1.3767310121653016e-06, 0.43647730516985594, 0.5634998849052123, 2.1433193919589916e-05, 0.13652559767237984, 0.13666437144938662, 0.15452488883341123, 0.8995717337839026, -0.11184221326349017, -0.11022437349989885, -0.1247881918575627, 0.1761032653089662, 0.11179581763912763, 0.24547412453555123, 0.06300786144451448, 0.14589789626326755, -0.022874640007511875, -0.03508529037998169, 0.12154764543499011, -0.06099402036585726, 0.09419622409630764, 0.04427943193001227, 0.9
80, 2, 0, 1.3686610806391768e-06, 0.43647730648059013, 0.5634998227283975, 2.1502129931790755e-05, 0.1314744512817504, 0.13123464719724026, 0.14603416857755935, 0.897491351805723, -0.10820648969774098, -0.11033265930216733, -0.12580138843620908, 0.1928771576919368, 0.002692627209704368, -0.13040037004878283, -0.024827626675277468, 0.1449061533414131, 0.06840431457109364, 0.07396759027724988, -0.0009715325314166884, -0.045976761378623145, 0.03910492815014981, -0.033155528709985164, 0.9
81, 2, 0, 2.781614272541201e-06, 0.4364802482045164, 0.5634911653667025, 2.5804814508554688e-05, 0.1251538007215201, 0.12489485278256936, 0.14021772600545365, 0.899983425454481, -0.11078437814303543, -0.11059982419869703, -0.12498404144021436, 0.10438604906796675, 0.20499378855925848, 0.14906871034425698, -0.13987336118489196, -0.03799962389194121, 0.04612217601676657, -0.04946099064314062, -0.020023532568811807, 0.009943982143992888, -0.10247905588932822, 0.03219769363662554, 0.9
82, 2, 0, 2.783503627006649e-06, 0.4364802510665827, 0.5634911593875503, 2.5806042240012957e-05, 0.11873958492202745, 0.12067071551971417, 0.13298930362270275, 0.9001611903731961, -0.11058288479161213, -0.11021293136027659, -0.12445843912534937, 0.17017559178799851, 0.03043202903012493, 0.12115575247438862, -0.08169879712623226, -0.0655621882006041, -0.07601568930130999, -0.12864492047982415, 0.01656532266306253, -0.024121047946291708, 0.16811169164325213, 0.21497829502673366, 0.9
83, 2, 0, 3.869293019017733e-08, 0.4364812439862974, 0.5634872410583588, 3.147626241363836e-05, 0.11641211614083687, 0.1138364342390293, 0.12990956955600938, 0.9004370106813537, -0.11111338182875621, -0.11046034648525953, -0.12454385089267032, 0.12770809572219027, -0.06932629880333399, 0.15275777772804988, 0.01616376204355614, -0.02025257642166473, 0.03557742650194691, 0.033978598901088244, 0.1293002558775676, -0.038141388289958736, -0.013073861296299671, -0.11030791756945779, 0.9
84, 2, 0, 2.451171345937569e-05, 0.43673434057933397, 0.5618699199914369, 0.0013712277157698473, 0.10867555136621318, 0.10770238608057692, 0.12097706020978718, 0.8991268452259502, -0.11117667919367953, -0.11151691051640686, -0.12461131218127015, -0.011186037351089539, -0.04199118417437797, 0.15688423844902522, 0.013310221530543417, 0.10321909093940815, -0.1648767127160518, -0.08535042688173651, 0.034390324561653966, 0.09562673252262076, -0.1101125178739609, -0.08730691078413086, 0.9
85, 2, 0, 2.3521366487090164e-05, 0.4367517583504917, 0.561707742497983, 0.001516977785038041, 0.10312274410384, 0.10308926862814811, 0.11559376498360548, 0.899861841836989, -0.11200697915581151, -0.11166339669447542, -0.12598453686455235, -0.018774107590516686, 0.07190442246074494, 0.0698475307427172, -0.04005688167368772, -0.20135695220284813, 0.04762162951326132, -0.04829210574294843, 0.10534060535320089, 0.05159134529822038, -0.02096070063674173, -0.008609683706074992, 0.9
86, 2, 0, 3.6855030713716517e-06, 0.43675367878012106, 0.561706763432263, 0.0015358722845444982, 0.09733615816973032, 0.10005915452023476, 0.11094889709550493, 0.9001768097633447, -0.10979556153612058, -0.11045626962479611, -0.12276037088916529, 0.15275728868346325, -0.04179306765593919, 0.04524883037808731, -0.016995797372728834, 0.0720021481485265, -0.18846483451022306, -0.08697349021928061, 0.05755991266315761, 0.0011772824463501387, -0.09845989924999739, 0.034641964079518764, 0.9
87, 2, 0, 2.759684109091781e-06, 0.43675375600327404, 0.5617059786362348, 0.0015375056763821497, 0.0921307101804883, 0.09189268027920149, 0.10383222406105201, 0.8987478152731414, -0.11245882788589404, -0.11058301836594484, -0.12390221331657184, -0.12595535363895421, 0.32326440541850826, -0.018497288554169978, -0.07905438662553346, 0.054094430899923995, -0.07782503534185956, -0.24925422490917115, 0.17134510912044779, -0.12684803160477637, -0.07212070171773312, -0.23484393356754527, 0.9
88, 2, 0, 2.7610467328292135e-06, 0.4367537819124292, 0.5617058514830914, 0.001537605557746584, 0.085766039639106, 0.0878065436308222, 0.09706825435968021, 0.8997644529029973, -0.1098183465488489, -0.11175346694892083, -0.1233537716461857, 0.16932829173162117, 0.12241855325958384, -0.01577662547732415, 0.1452963902540485, 0.0012066185467050953, 0.056279138066951506, 0.08161786803505361, 0.19814204049587997, 0.11518047308535759, 0.004929089035351335, 0.02591615583746673, 0.9
89, 2, 0, 2.6658779113630464e-07, 0.4367789404710809, 0.561671052258404, 0.0015497406827240717, 0.0814619892558374, 0.08019291534470066, 0.09039160556156432, 0.8989565180166792, -0.10865734367646471, -0.11227524037617183, -0.12397499665215553, 0.20236161085625728, 0.00550619311993974, 0.251267296220851, -0.03949144590613242, 0.23740486795681776, -0.006817019412529353, -0.030126727150919602, -0.22237456630667593, 0.07533520437144335, 0.020962009813920258, -0.2280317993201145, 0.9
90, 2, 0, 8.102556746369543e-07, 0.43681054666705443, 0.5616351820162792, 0.0015534610609918137, 0.07626899281011665, 0.07663010758974967, 0.08429384599621764, 0.8989372289994991, -0.11061139879886564, -0.10941470605058627, -0.1242919566324793, 0.027095872673691634, -0.13446318462750315, 0.19500022867434477, 0.2670035942527999, 0.04450618467965032, -0.037670560881448746, -0.0426058007121134, -0.08506753590783198, 0.07254124580324783, 0.07598012781397027, 0.008837600184890593, 0.9
91, 2, 0, 7.385349287464999e-06, 0.43682730701231853, 0.561544825464976, 0.0016204821734181114, 0.06970996192353748, 0.06977160948948882, 0.07864472897367916, 0.9012380667242639, -0.11146392321694362, -0.11078353302281592, -0.12314088322582757, -0.036348604198347366, 0.01617498353979737, 0.18191921301785624, -0.03060276025450833, 0.011682684366521251, -0.04954821097973454, 0.019342256478186107, 0.3227508552075885, 0.021323904143729325, -0.1465156578788724, 0.017736826506449747, 0.9
92, 2, 0, 8.042191870333165e-06, 0.4368333233882792, 0.5613967396578285, 0.001761894762021844, 0.06272157379151214, 0.06516538277440345, 0.07394762221265079, 0.9013040736115465, -0.11241741891421306, -0.11027571840324113, -0.12435054380150501, 0.026333922389225883, 0.18577130374287862, -0.08271332076150309, -0.007623120205707878, 0.04512324293828916, 0.2261627906623589, -0.20393938219212168, 0.13371134741973725, 0.0007581950769271446, 0.1662748748877854, -0.03234355398432122, 0.9
93, 2, 0, 2.625456240058e-05, 0.4369855504692414, 0.5605609314065144, 0.002427263561843591, 0.05802013682675926, 0.05961167762446516, 0.06577330307889659, 0.8989767565200417, -0.11108842034534486, -0.11007409475608627, -0.12364583978491925, -0.05688966286650515, -0.10795831859009408, 0.017250672356654676, 0.1602684957935659, 0.253824845235733, 0.00040850666208108223, -0.25152544732892823, 0.12137333538592224, 0.0429752414158649, 0.10401980940758279, 0.02246270239191171, 0.9
94, 2, 0, 2.6280975906120034e-05, 0.4369856446861499, 0.560560392546823, 0.0024276817911210117, 0.05313654414994973, 0.055144175349129756, 0.060448935474336864, 0.9004894511275305, -0.11081812598608838, -0.11100356048205962, -0.12391264879147086, -0.05746959157942903, 0.06001545801339644, -0.0368871374158058, 0.12140450978037194, -0.10658774965898539, 0.11721422648022657, 0.010506422493670516, 0.03295857351150011, 0.02395650381636394, -0.01934534656101779, 0.12888733335302943, 0.9
95, 2, 0, 2.163155262042942e-05, 0.43698587553800383, 0.5605587662136065, 0.002433726695769262, 0.0490633410988965, 0.04838542104497929, 0.05226260663607365, 0.8999987008572263, -0.1107500051897166, -0.10910828315169936, -0.1248850717826551, 0.21000858098567526, -0.05292356858154249, 0.04591257795973616, -0.03505088526224023, 0.12801595847954184, 0.17900169694844095, 0.1536352311874086, -0.03892949454056346, -0.009644054416718588, 0.11490516119566127, -0.11475925242998619, 0.9
96, 2, 0, 0.00042142616589396726, 0.4406522591097695, 0.2275342555753468, 0.3313920591489898, 0.04083096834261553, 0.043351416181873464, 0.04956548810352905, 0.9000256422235138, -0.10963247901499917, -0.1125992000163573, -0.12514564167626302, -0.02344865889530149, -0.005814018738233712, 0.0678487126059852, 0.03841817151392672, -0.0594457557751927, -0.059925965274673344, -0.16723377056893385, 0.037307122407484496, -0.12261609076146676, -0.08775756661633213, -0.2142116454528359, 0.9
97, 2, 0, 3.3591860680243144e-05, 0.440736055043497, 0.21017385465604008, 0.3490564984397826, 0.036111444155551294, 0.037426336616638724, 0.04182303196843303, 0.900622106072641, -0.11030557972691579, -0.11077352907599029, -0.12531811267964324, -0.08974216032324156, -0.013384909730029298, -0.019598166305793717, 0.00666971467391364, -0.056580931147833045, -0.003663782614303527, -0.08562469355550731, 0.09712660880018326, -0.12246670264338988, -0.13733608325647415, -0.09882363579742456, 0.9
98, 2, 0, 3.359578550853268e-05, 0.44073605622787637, 0.21017384647710413, 0.349056501509511, 0.02955044372900568, 0.03265989690091413, 0.03494044662141062, 0.8997504701556436, -0.11307240355092696, -0.11076892927354262, -0.12453749169934333, -0.000846382089756717, -0.03809233204910435, 0.0680608795844541, 0.018556009679042675, 0.09898918640458637, -0.09366265992469494, 0.035284274996111184, 0.13372894035430377, -0.04996312667271998, -0.10708957669919639, 0.2589951094509816, 0.9
99, 2, 0, 3.3599348899276286e-05, 0.4407360779333228, 0.21017377877882465, 0.34905654393895325, 0.026573476927028956, 0.02459398270522937, 0.028193512805376207, 0.8994605545710316, -0.10944926584130517, -0.11131981177453545, -0.1233170129660773, 0.11063885201152672, 0.08935064883324631, 0.13975997828945133, 0.0438252688356278, -0.11413460919363841, -0.0058179492261641015, 0.13161664445935214, 0.23772305376694997, -0.04647553990839658, -0.0069419876231335805, 0.04997814192948398, 0.9
