t, Event, Policy, P(still), P(random), P(reach), P(transport), o(t), s_a 
0, 2, 0, 0.8867529034614563, 0.01741224154829979, 0.09582032263278961, 1.4500551515084226e-05, -0.5716216454586798, 0.6762709013365251, 0.5936846370436176, 0.6010048682125855, 0.12313789366033698, -0.031388926049956134, -0.13335634295792115, -0.4426271704530952, 0.3348144614073322, 0.29617963839660016, -0.08758654045514377, -0.04571853248583417, 0.05186540320332682, -0.08905432090132895, 0.035912637900347995, -0.00036915097477011386, -0.02012455213960678, 0.04886446355168768, 0.6
1, 2, 0, 0.8867626241946371, 0.017414108036651613, 0.09582326776221854, 6.492595885570137e-12, -0.5693552009780234, 0.56822160975918, 0.6380079369374712, 0.5989675619790529, 0.1103040893704073, -0.11127635633444902, -0.12517125544038132, -0.3528384861364839, 0.406709798215349, 0.2722658984846368, 0.009984642901732982, -0.04193580421389485, 0.101591599701029, -0.1481827644105478, 0.20775351987498647, -0.07434673337001789, -0.0004862567774425775, -0.03590761559177375, 0.6
2, 2, 0, 0.8825790081736042, 0.019295923501301552, 0.09812506772571783, 5.99376348181903e-10, -0.5631167006121092, 0.562711316128346, 0.6292604993109424, 0.5997812488852691, 0.11220662568430166, -0.1116298791312443, -0.12362915805178612, -0.3001132963686498, 0.2571518355715087, 0.4081680824792432, 0.030938963984841826, -0.13461073248996705, -0.08808121148744638, -0.03794706113050485, 0.12326674008635004, -0.18529913420526278, -0.12116198223965398, 0.007255391274336312, 0.6
3, 2, 0, 0.8824519567613275, 0.019333927986634317, 0.09821411523479004, 1.7248182916204714e-11, -0.5583383966554596, 0.5581007936037697, 0.6265980465191455, 0.6011005481925633, 0.11237359249041204, -0.11135395492386084, -0.12287397057879404, -0.27908478001849574, 0.15717452577624444, 0.4637518648210769, 0.00026220589724569864, -0.2344105565478311, 0.0874719293866689, -0.03715362395403124, 0.12286194529083647, 0.055368497692397746, -0.012821581625789464, 0.002333062356905491, 0.6
4, 2, 0, 0.8824506425243465, 0.019334451344707643, 0.09821490612437979, 6.566144805372075e-12, -0.5513126243972276, 0.5536224970167599, 0.6183381135288046, 0.6001753470821986, 0.10975885898619471, -0.11110085418121025, -0.12242601543524748, -0.11213856439196783, 0.30013634838875003, 0.21197172092000263, 0.16115315351399603, -0.0464640328666763, -0.05223283106767057, -0.008718950060290753, 0.022632134393924537, 0.004461850200186665, 0.1090453585534874, 0.11716702305124176, 0.6
5, 2, 0, 0.8824402382712304, 0.019336482912369033, 0.09822327879581166, 2.0588991400726458e-11, -0.5455358464906616, 0.5458415850182142, 0.6124681432311984, 0.5992755684403868, 0.11078988005031407, -0.1112857204028203, -0.12381890864643079, -0.13665989760269645, 0.3459819181919751, 0.4287481180484985, -0.04230230813451076, 0.088127658449883, 0.005367535863454082, -0.19073680147196057, -0.04344020289769725, 0.09864482357338097, -0.02414140916875201, 0.06113253215201096, 0.6
6, 2, 0, 0.7983324550710886, 0.07950326409696735, 0.12216424561930253, 3.521264157171874e-08, -0.5428372777793901, 0.5423550161268192, 0.6077612558331362, 0.600465226135961, 0.10946666611429715, -0.11130016431925763, -0.1231309136466292, -0.31102637410642303, 0.28934300893931136, 0.3488153766191301, 0.0666993266992186, 0.12357494207209012, -0.1449718200385201, 0.04728642064178773, 0.1515452006059691, -0.12216898804259098, -0.11593698179514586, -0.10656494765755535, 0.6
7, 2, 0, 0.7983310956224189, 0.07950374101325301, 0.12216516334980666, 1.4521538461590445e-11, -0.5357437549260905, 0.5348780532473436, 0.6010527748237322, 0.6013030036937016, 0.11163483781063717, -0.10996256999952088, -0.12585032858488188, -0.272306802965539, 0.3352954408165342, 0.2792392160213172, -0.014472936520133628, -0.11169947881625888, -0.07233460697845469, 0.06926480400139035, -0.02033457207359841, 0.0715063793781184, 0.029233793152626548, -0.007167333032416555, 0.6
8, 2, 0, 0.7983299328628045, 0.07950406778884361, 0.1221659993474079, 9.438044583686337e-13, -0.5292779764388664, 0.5297248562192738, 0.5921967431434486, 0.5987047880880969, 0.11179397966151224, -0.11022921926820431, -0.12361034353306874, -0.4961360330307986, 0.32656354610934213, 0.21351081315969694, -8.675382940679378e-05, -0.07252971669940916, 0.013188769085121422, -0.004150766381125614, 0.11023704597413578, -0.04821848609402212, 0.05169694613348029, 0.10691260893379786, 0.6
9, 2, 0, 0.7982723693601873, 0.07954231025080784, 0.12218532019836179, 1.9064306015959047e-10, -0.5256027572585246, 0.5234563841046593, 0.5881549540407998, 0.5994942033655575, 0.11073132934289176, -0.1109560201447826, -0.12568795146785952, -0.17729162692471964, 0.20900882366789322, 0.45410657994220927, -0.004701399475207091, 0.03533657691489136, -0.06772947113063833, -0.06422947198980308, 0.014253425528049656, 0.08375502379132667, -0.19398063364510426, -0.026562035061398488, 0.6
10, 2, 0, 0.7982688032705403, 0.07954482603838385, 0.1221863706483404, 4.273530079284376e-11, -0.5190665583831044, 0.5188412971841498, 0.5802825321307468, 0.6023416152260406, 0.1114800261568254, -0.11045572444561065, -0.12528930956429027, -0.23611372428569072, 0.08974128028158039, 0.1218591815032217, 0.048765425294532525, 0.194216685157587, -0.03453875030636003, 0.0836825135126685, 0.04956225105219268, -0.07399734177769375, -0.031930958129087014, 0.004976924464467682, 0.6
11, 2, 0, 0.7981355662290084, 0.07957032785852032, 0.12229410538097937, 5.314918734015425e-10, -0.5132770916244482, 0.512749976475414, 0.5744866495257585, 0.5979299711534093, 0.11101409608589194, -0.1113273949524545, -0.12278860113840581, -0.29388831617769184, 0.13242631900060126, 0.28051799417226375, -0.09084957606396941, 0.043040112992934344, 0.11739786346249641, 0.04857963361717033, 0.020459880155528853, -0.1503999009139765, -0.02264357408743562, 0.06987745689919703, 0.6
12, 2, 0, 0.769699606883595, 0.09067616412924756, 0.13962420756308397, 2.1424073579913432e-08, -0.5092577494363608, 0.5111896111498406, 0.5685264058296025, 0.5998487083557276, 0.10832560556299506, -0.1113969036700426, -0.12431548745052916, -0.29772508753293037, 0.22241398592537726, 0.43029367784728245, 0.013626228438760653, -0.1661847493851078, 0.05934713796532555, -0.022313682378655258, 0.18174289822732523, -0.006520295160275612, 0.05284792369410962, -0.1626188773744231, 0.6
13, 2, 0, 0.7696525168292646, 0.09069573191717678, 0.13965175011391012, 1.1396483187033165e-09, -0.5033415575966531, 0.5012322351068923, 0.5621154783706158, 0.6009359227064021, 0.11097870481900277, -0.11117133116435177, -0.1249626556889126, -0.12488208035376122, 0.24405543492048568, 0.27146879958460923, 0.008852221545124018, -0.0654840192267801, -0.15942928118117164, -0.14220885946846068, -0.02183653496721687, -0.020333090250570167, -0.002510591803699387, 0.011738416143499152, 0.6
14, 2, 0, 0.7667015623559856, 0.09151681634262601, 0.14178155176741983, 6.95339685881545e-08, -0.49598553148956565, 0.4977204354912289, 0.5557201223488433, 0.5999893363423052, 0.10940673086448956, -0.11036875475026198, -0.12388228060004329, -0.20836312159659132, 0.3457269610643391, 0.24804294273150576, -0.03272625220112098, 0.09893087048046191, -0.17367495210948689, -0.024372141233963456, 0.11993885112853786, -0.10518337554403975, 0.042043079356552625, -0.06530603600722436, 0.6
15, 2, 0, 0.7645107047173355, 0.09263748092360621, 0.14285181270791586, 1.6511423457407201e-09, -0.4932734441342065, 0.491794052933888, 0.5512445611550694, 0.5995720510916955, 0.11063698427325883, -0.11130127930226892, -0.12528421808652146, -0.3635389617483238, 0.1975373056986329, 0.3620693176488447, 0.08909756402544486, 0.037733248219995255, -0.05041223556155198, 0.10692491347819874, 0.12308131270297537, -0.06482693395117396, 0.05252719971020069, -0.07578766440360153, 0.6
16, 2, 0, 0.7645106559651207, 0.09263748589525067, 0.1428518581271155, 1.2513212496464039e-11, -0.4873798776667263, 0.48366113592148385, 0.5463734888484424, 0.6005002601585409, 0.11275892123572939, -0.1094430531464563, -0.12596583680807505, -0.02431231746646003, 0.21246355400234446, 0.16041587655353046, -0.17149330655942333, 0.002522939770195669, 0.009403821150855, -0.03762693427057491, -0.0019409160899393706, -0.13223260367382048, 0.045930631830237705, -0.05167076577001881, 0.6
17, 2, 0, 0.7641257820698978, 0.09268782310467505, 0.14318637342065735, 2.1404769716633447e-08, -0.48045919354855354, 0.4791051482694792, 0.5376800463139366, 0.6005919360722962, 0.11062246188365032, -0.11080107574750711, -0.12535241522585028, -0.2388860949378616, 0.2527198885622569, 0.25703169710733237, -0.10752497358630789, -3.161895658500176e-05, 0.09852867605353692, 0.13838187672952657, 0.07423971575958085, -0.0984761283766869, 0.09188204309275584, -0.04501403887938323, 0.6
18, 2, 0, 0.7641189257116492, 0.0926938096780873, 0.14318726430955528, 3.007082604238521e-10, -0.47351843927129716, 0.47654016686226097, 0.5309310291350896, 0.5997692180457278, 0.10933372455194215, -0.11003318915961198, -0.1226230816468538, -0.25624403230764053, 0.28037247406633886, 0.18732310401876356, 0.11523673254854636, 0.03956306113603152, -0.0674930394830275, -0.1931063090289187, -0.04073304946372373, 0.05122291781287084, -0.02392045320173693, -0.08126419794642786, 0.6
19, 2, 0, 0.7641065466817255, 0.09269752474425946, 0.14319592848878207, 8.523308612371579e-11, -0.46786948788133237, 0.4709224553857861, 0.5269418644649211, 0.6002957036118131, 0.10927962344789018, -0.11134053342052286, -0.12560739068198973, -0.38579410236199385, 0.16609887713717705, 0.318705444865221, 0.08623890426907499, -0.21020043487725076, 0.10484657106258913, 0.05307321091776923, 0.1969791902175096, 0.06696197030606368, 0.15948816197750887, 0.10867239680619431, 0.6
20, 2, 0, 0.763720799046328, 0.09285104011603869, 0.1434281393077637, 2.152986983057936e-08, -0.4649092043566295, 0.4649583234232771, 0.5203843883797735, 0.598952306367772, 0.11004588841463805, -0.11092773668364808, -0.1248257460029309, -0.34391080603051083, 0.24609158472377776, 0.2301931139797006, -0.06395387774656491, 0.0008773900935740908, -0.033250984685985044, -0.08780735410991458, -0.017588499175091088, -0.009345545648988601, 0.03438128225908805, -0.06163777016422216, 0.6
21, 2, 0, 0.7637151177419188, 0.09285448127132612, 0.14343040083602498, 1.5073015528487407e-10, -0.4578885835930226, 0.45868159754150345, 0.5131272747402635, 0.6001667131613011, 0.1105564614138576, -0.11030784918445125, -0.1242075751445133, -0.412776011048685, 0.23308292346515186, 0.38444766574320777, 0.03339491965448604, -0.08563165799936914, -0.05697229007086232, -0.031834032159917515, 0.21977652220767627, 0.2045906834926367, 0.011451754403577815, -0.03765045820136757, 0.6
22, 2, 0, 0.7634638875881962, 0.09288927823905302, 0.14364682984852586, 4.324225032941422e-09, -0.45337174218154813, 0.4533079893551797, 0.5047552729663601, 0.5995211836419447, 0.11021024977135015, -0.10918874437620632, -0.12371053882457168, -0.23949130044423095, 0.12923798727099603, 0.3705424919963928, -0.13368410401544045, 0.17015396714125425, -0.06079598646728768, 0.072628753415165, 0.08558977964325191, -0.05942783197275988, 0.10334642962136095, -0.16756558103124092, 0.6
23, 2, 0, 0.7540843675382212, 0.1018226317408502, 0.1440929572866092, 4.3434319540131393e-08, -0.4476522864014784, 0.44821038216234815, 0.5001421836953563, 0.6002332408069597, 0.11197672501153307, -0.11252935114603771, -0.12364944797320257, -0.19413476986782943, 0.021514985143599886, 0.3948793499904168, 0.031925567658714474, 0.10077795521790993, -0.08417629531500291, -0.0045856645665247, 0.08122025914499391, -0.03429372674568717, -0.2625090350393279, -0.25260638760356563, 0.6
24, 2, 0, 0.7540759056666744, 0.1018290231298088, 0.14409506488511808, 6.318398709678683e-09, -0.44060231910170966, 0.4391559207327254, 0.4953824605601871, 0.600624020195275, 0.11132875153474901, -0.11049818305564482, -0.12337789336907454, -0.16357682959664316, 0.17158870872119386, 0.1330307436569028, -0.021679976905072763, 0.03833670198421601, -0.03145864906000824, 0.12407911785470635, 0.14657829864722507, -0.01642836850928614, -0.11115541062545675, -0.01446160273339996, 0.6
25, 2, 0, 0.7538686329124895, 0.1019494188451768, 0.14418194642664933, 1.8156843668733517e-09, -0.4354843741776463, 0.4369265495248379, 0.489934169057356, 0.598771616296125, 0.11072337954169331, -0.11136121636572402, -0.12246052652627519, -0.24711091753581305, 0.0795342836352688, 0.395125790172004, 0.02276588078791592, -0.22867327259581613, -0.12935585289899548, 0.1897880092770531, 0.07699162717232895, -0.005093557546575885, -0.07568026822276999, 0.01333563708685503, 0.6
26, 2, 0, 0.7538604899614259, 0.10195375073043227, 0.1441857492578236, 1.0050318323563434e-08, -0.4301390122538365, 0.43111538858947557, 0.48194081566396363, 0.5986750563517693, 0.11147565845391724, -0.11283986511662532, -0.12320492990212709, -0.1446560137778288, 0.20884107524502693, 0.23157919956348466, -0.11726739281005531, -0.1666820887782773, -0.018864532661502266, 0.024218590267217698, 0.09956790483371855, -0.02205014397314117, -0.1473238482161457, -0.025769374928551032, 0.6
27, 2, 0, 0.7538204783347535, 0.10195849487363122, 0.14422101775410415, 9.037511183447035e-09, -0.4228861811148622, 0.42540959055884403, 0.4753720618905574, 0.5992255331258665, 0.11367015823378261, -0.10985010816367932, -0.12397388426497638, -0.1311683558647858, 0.3462459282734979, 0.2737949012463018, -0.1096333364315177, 0.17946161916197895, 0.07759368222191608, -0.16672308232271843, 0.06146367717364577, -0.09365112207247908, 0.043266584075736095, 0.03809288790055863, 0.6
28, 2, 0, 0.7458576748366023, 0.10374000555746989, 0.15040054418355603, 1.775422371804312e-06, -0.42031292193479813, 0.4183762689198921, 0.47034353302446064, 0.6003240384669385, 0.11113704054741087, -0.11143286146087725, -0.12326766893498271, -0.26150840630913597, 0.12144329331549604, 0.27309252332737005, -0.16245667482655873, -0.03352470594635021, 0.14281789696761762, 0.09014586076563855, 0.1520942177529846, -0.031915925114593804, 0.05974166289852597, -0.15737764504727536, 0.6
29, 2, 0, 0.7457279813764686, 0.10384665184683418, 0.15042531297173664, 5.380496060266344e-08, -0.4118929795748157, 0.4152878832033789, 0.46327256654927496, 0.6010937809135274, 0.11131062083039858, -0.11133428752188361, -0.12425017037720949, -0.20589717987733783, 0.4167447811724335, 0.18293050656176102, 0.13423023766114417, 0.11683978118724689, 0.06002881753283392, 0.040076631969705255, 0.10051643891622017, 0.04529729810155714, -0.01878373961005409, -0.0536978609687328, 0.6
30, 2, 0, 0.7457277220442069, 0.10384678489320658, 0.15042548957087437, 3.4917121100440604e-09, -0.40754130856823956, 0.4088617168362102, 0.4584799659582188, 0.5996650530515237, 0.11095303337447315, -0.11196275279737355, -0.12454122535046755, -0.06314318180187337, 0.3162231557326206, 0.023070900879825773, -0.01591223476253065, -0.0183493801165462, -0.15580858327456906, 0.15210373634844443, 0.008763337535235055, 0.031448619969378956, 0.08891529802533579, 0.018024105112160058, 0.6
31, 2, 0, 0.7455780513875164, 0.10397336275786966, 0.15044850125266707, 8.460194686716265e-08, -0.4033885976898895, 0.40260755960987915, 0.45081497817755256, 0.5999456242397498, 0.10986254363739152, -0.11068859788824596, -0.12455682132362063, -0.15067235837371493, 0.24854205295476942, 0.13812748949305886, 0.15631747503567703, -0.08636793111472349, 0.08872952944097208, 0.010343544707702625, 0.08190568256754142, 0.03899647033861372, -6.74941293231765e-05, -0.005908174958480375, 0.6
32, 2, 0, 0.7396085684893883, 0.10905686488767499, 0.15132486268293974, 9.703939997072132e-06, -0.3964423323989935, 0.3975301447177193, 0.4452656363753909, 0.6000298145630734, 0.11050289931965082, -0.1096419467579928, -0.1258547941129815, -0.07644137728306508, 0.2438224261615008, 0.09936428769014763, 0.06313475200297074, -0.011083218012250127, -0.02693960552258657, -0.05137567670087438, 0.04206441449836815, -0.03980121432378127, -0.1055500567377972, -0.027422017915448803, 0.6
33, 2, 0, 0.7142581569611941, 0.11897714379796909, 0.16675654386306332, 8.155377773488416e-06, -0.39278493418459437, 0.3896706455964458, 0.43961714895346277, 0.6004872683867386, 0.11196407178021076, -0.1109704118730471, -0.12457420992099137, -0.18744139116410527, 0.07924970686349461, 0.1919506799896507, -0.03297025489547652, 0.19002121843949826, 0.14714327681747252, 0.026279881558063784, -0.16361087203015584, -0.14609936147124086, 0.026458784470758657, -0.006454328825320764, 0.6
34, 2, 0, 0.7016008922173262, 0.1298252306193946, 0.16856372916743875, 1.0147995840409944e-05, -0.3853165985841124, 0.3872134346357595, 0.4311171647348183, 0.5990821494465064, 0.11151693892481167, -0.11208836586257429, -0.12497631621916908, -0.18079872039897224, 0.23141823848848767, 0.21875811053463207, 0.06400752048246353, -0.08785331469107907, 0.06425958804884574, -0.11754349048776266, 0.1664165784213586, 0.05635911582587656, -0.08274967272492512, -0.05496125844920794, 0.6
35, 2, 0, 0.27301686327213676, 0.5026077168057321, 0.224254041355384, 0.00012137856674721343, -0.3808830379604513, 0.38037225279735865, 0.42695407399301183, 0.5997909636384549, 0.11161877040564876, -0.11082870735819665, -0.12481006009301207, -0.030751839481387398, 0.23267864927693074, 0.2954951402011144, 0.07344247808807172, 0.1362953133426533, -0.11934282433987117, 0.06384468151062186, 0.06538733415781245, -0.09905039155665246, -0.18540968035582292, -0.1255099480978053, 0.6
36, 2, 0, 0.27266626387762477, 0.5026626545884242, 0.22466887317030335, 2.2083636478384617e-06, -0.3726802280966475, 0.37757747562853433, 0.4188849113532238, 0.5999657081724039, 0.11076782510540983, -0.10977075924578403, -0.1234878912750724, -0.18785609315234142, 0.29024510245723306, 0.20867316078434558, -0.02514465456379238, 0.01368674187895828, -0.02816849760586085, 0.08865052235499159, 0.14587070742599959, -0.19359950981142224, 0.13438348294382838, 0.13161514072424435, 0.6
37, 2, 0, 0.27263620920849607, 0.502688802464124, 0.22467451405987598, 4.742675038906504e-07, -0.3712895919273872, 0.37010603441794815, 0.4132002135111903, 0.5994887510025639, 0.11075346974989217, -0.11094162663635634, -0.1243073539357183, -0.15215075690133753, 0.22147750022075377, 0.0863890668430933, 0.1535065694803855, 0.1681775090245583, -0.10050224843213917, 0.0671498875486887, 0.058709238928018916, 0.09458946967554037, 0.0891840897330314, -0.0163444377867557, 0.6
38, 2, 0, 0.27060771627764363, 0.5044259946673757, 0.22496504711900944, 1.2419359711359908e-06, -0.36366223395050257, 0.3662027308734551, 0.4090898018049166, 0.6012449079094174, 0.11088495979924018, -0.11176775038081946, -0.12288381710658973, -0.15656643610741222, 0.06555165573083424, 0.149916407755386, 0.0777692608427996, -0.0318125892602588, 0.14656935155918763, -0.06069767845717746, 0.10412734308179061, 0.016866093905734954, 0.026142222368398516, -0.1509901364427508, 0.6
39, 2, 0, 0.2704105109120015, 0.5044577973345278, 0.2251313334915726, 3.5826189818345917e-07, -0.35968429445683764, 0.3591011016432465, 0.4006859827731753, 0.6005589514028439, 0.11141578922995014, -0.11139180771820383, -0.12591197564257214, -0.060665778818672675, 0.13409559971911716, 0.2772966381539558, -0.04163674943101972, -0.11822834031715297, -0.053440742941751385, 0.057393541710241726, 0.04886280121431702, 0.07961361313927283, 0.0971242829248035, 0.17228231374464714, 0.6
40, 2, 0, 0.27036661433637893, 0.504490043237105, 0.22514265193298, 6.904935361496805e-07, -0.3523894172333737, 0.35358680753685134, 0.3937010924390435, 0.6017785501668194, 0.11169136705459892, -0.1125427558875749, -0.12501327265241086, -0.0827794043617455, 0.08956128075991825, 0.07638434836700463, -0.028438771302051313, 0.1809186962029333, 0.15714372184609218, 0.18195039334409066, -0.03225909318099136, 0.004341141292033475, -0.05380369604755485, -0.027416495453204803, 0.6
41, 2, 0, 0.2659144927788358, 0.5080520353942659, 0.22603039584854262, 3.0759783555877475e-06, -0.3477498642915657, 0.34704420222943955, 0.3894896714888333, 0.5987470825484742, 0.11083918450789369, -0.11195268836806864, -0.1223540461780623, -0.38120304952608486, 0.060736924402430656, 0.021391819486924903, 0.041433781403550383, 0.035334358473696044, 0.018019250542705464, 0.01882586191226761, 0.13160258721183987, -0.06771192189608412, 0.08013715074338354, -0.08450215200798136, 0.6
42, 2, 0, 0.2659135433481838, 0.5080532582556642, 0.2260314543611502, 1.7440350018693707e-06, -0.3406395774456859, 0.3418747375984176, 0.38177692777610883, 0.6014711896098726, 0.11196724652501547, -0.10985241046563599, -0.12442861495203114, -0.09738541864216733, 0.22175344650520587, 0.1570468095036246, 0.02155387672185056, -0.09594724471337063, 0.06146097687220513, 0.009650757745355596, 0.012999330969501077, 0.13029922243127567, 0.05245017788806659, 0.08659111408307082, 0.6
43, 2, 0, 0.2657925031552685, 0.508130120783565, 0.22607464581638728, 2.730244779366304e-06, -0.33774225534479807, 0.33433867600607853, 0.37510760972688095, 0.6003551155167031, 0.11155070130937043, -0.11156385994712956, -0.12492779301743999, -0.22347355598578736, 0.15647520709092105, 0.10808933808864207, 0.1154309555699093, -0.019356245116503863, 0.08536253136574695, 0.07074281675911251, -0.026233192041816022, 0.06742148182145964, 0.18228008699805803, 0.021617571845433333, 0.6
44, 2, 0, 0.2657921962717032, 0.5081308595668124, 0.22607587682660554, 1.067334878895737e-06, -0.3295691257510974, 0.3313538925523171, 0.37059700879926694, 0.600441733893488, 0.11164897978455215, -0.11106296812309158, -0.12479743755323416, -0.06156347231992665, 0.20714746138205586, 0.08906543131937687, -0.12978813862559502, 0.1617670215342692, -0.17468124794923356, -0.15539619447959666, -0.006444637270642639, 0.09895495004438738, 0.04279805705422822, 0.0014218502188482955, 0.6
45, 2, 0, 0.2639224608890136, 0.509253720725091, 0.2268220549348536, 1.7634510417395029e-06, -0.3239288307359419, 0.32570265834545514, 0.3650889895490368, 0.5993294989327194, 0.11202111025002282, -0.10824259580212212, -0.1258483282959852, -0.12713842012058077, 0.1139689349818549, 0.163633510806738, 0.12243262153629848, 0.08729155047847786, 0.013504164834380394, -0.09062430468738264, -0.030396307465351158, -0.0930985002379209, 0.03770093335450746, 0.19134755614172141, 0.6
46, 2, 0, 0.26382792496903623, 0.5093446385548377, 0.22682562809244508, 1.808383680985624e-06, -0.3197748330406498, 0.32076577176237475, 0.3595839869542953, 0.6000571372010227, 0.11112690199171305, -0.10942722413311527, -0.12455020994956482, -0.2247221206313567, 0.27444357977474276, 0.2775041718553731, 0.2531741955949179, -0.09398422107103542, 0.12769965451672408, -0.12964313925544935, 0.09849465706271557, 0.18366683004210355, 0.01809692008250359, -0.18405205923313683, 0.6
47, 2, 0, 0.26048202477860366, 0.5115499986527159, 0.2279082386300687, 5.9737938611835506e-05, -0.3138315162755748, 0.31341788495669537, 0.35278461300157105, 0.6016837787983127, 0.11061203869851488, -0.11008282400394134, -0.12355635214503538, -0.12022223589447587, 0.13019846048765235, 0.057674596968964265, -0.032549708349675174, -0.09806458696078882, -0.15708630329888515, -0.03831910771649344, 0.09383971818323648, -0.033671880264780976, 0.056205241273390036, -0.11126750192047527, 0.6
48, 2, 0, 0.2604814810566464, 0.5115504626530294, 0.22790829627570525, 5.97600146188502e-05, -0.3084027042222357, 0.3083523486056201, 0.3449643669133129, 0.5999806799177898, 0.11112244671821277, -0.11125472487131258, -0.1253346646481597, -0.17297983261475441, 0.26066632907304477, 0.16374941982951197, 0.024288861786877256, -0.09270871956320843, 0.059542053513397156, 0.09556935946424593, 0.03838870724480782, 0.1982390995219399, -0.15394296939775046, 0.08924205137812137, 0.6
49, 2, 0, 0.25797657795863405, 0.5129684970718986, 0.2289904846158032, 6.444035366417771e-05, -0.3039425818996461, 0.301621799823273, 0.33915370450559695, 0.5995790610216594, 0.11068468812158942, -0.11056454776536269, -0.12472790203419812, -0.2876309387806567, 0.137000696502179, 0.17327686041726087, 0.0008962434856749912, -0.21131615447898439, 0.1552479081428204, -0.10077590281778266, 0.13086698147237083, -0.03969691088237207, 0.07149404904598793, -0.0003330283670447865, 0.6
50, 2, 0, 0.24783542846730264, 0.5187980556626404, 0.2332160846134625, 0.00015043125659457195, -0.29637895592833663, 0.2965295452560096, 0.33300011355030595, 0.5999506293871302, 0.11111727503186992, -0.11265865955678, -0.12295388523841495, -0.017130950985029703, 0.22213611536192684, 0.17057919577335298, 0.02787720424932825, -0.020659832889999986, -0.032355221816053124, -0.11602345340504697, 0.08128837895455723, -0.025546564691963054, -0.016341192102370658, 0.08024752779601305, 0.6
51, 2, 0, 0.23799741306843322, 0.5253365871346263, 0.23640160700895566, 0.0002643927879849335, -0.2921684530285329, 0.2944366500951695, 0.3265109615261709, 0.5985694229162022, 0.11278667153995574, -0.1110441876945146, -0.12457910793626745, -0.2686435887941503, 0.21671226962490858, 0.07969514332738434, 0.028755617800519807, 0.07654720837668298, -0.11364232900939501, 0.042886874561741034, 0.21733357253939553, 0.02771362621378066, 0.03465461271763556, 0.11562152924882027, 0.6
52, 2, 0, 0.23799008331316454, 0.5253411105518302, 0.23640473427110972, 0.0002640718638955855, -0.28592536462624124, 0.2866471235826936, 0.321191727183599, 0.6021011714104806, 0.11098517974714708, -0.11085407301510444, -0.12327525038596725, -0.012406523455964647, 0.19837210616626727, 0.26409849149475156, 0.05646206015058229, 0.14961488012623708, -0.05949722792365797, -0.08312246954492536, -0.019728329544521674, 0.17902868141908704, 0.14905960126936876, -0.1345760388396852, 0.6
53, 2, 0, 0.23774075897785563, 0.525472294567508, 0.23653316124880067, 0.00025378520583568836, -0.2807052009188108, 0.278096335593357, 0.3141792167500912, 0.600872001080972, 0.1105192209878477, -0.11022909271043539, -0.12191083641540541, -0.09168195730601184, -0.004659270192796283, 0.25773197998665365, 0.17237610053208016, -0.0870737671653119, -0.021253593492462548, 0.18178223616713712, 0.0829256053814635, -0.15394114867893943, 0.12508778269755935, 0.09864999432636071, 0.6
54, 2, 0, 0.23523338063653138, 0.5276070498256561, 0.23688298347159156, 0.0002765860662209734, -0.27483594853304383, 0.2744161071769275, 0.30640639500979705, 0.600729916507968, 0.1100194527035218, -0.10949489453460626, -0.1234879513333699, -0.17448855617203338, -0.012846740355176457, 0.10970939845310332, -0.01880401772405091, -0.21913816586851476, -0.05243165640998013, 0.033842643399813924, 0.2292374913600243, 0.06570868428838987, -0.0705228535810821, -0.043166611331074065, 0.6
55, 2, 0, 0.21552731401870287, 0.5410683702080304, 0.24308518889666383, 0.0003191268766028499, -0.26929213765759613, 0.26961854855831285, 0.3030339124025808, 0.6013725495124115, 0.11011693446081854, -0.11223423210100954, -0.12580025405464387, -0.06466747053379308, 0.2441976126251964, 0.22967652365535285, 0.1488011579372645, 0.0022074424803839835, 0.09263310908244861, -0.027526091502175394, 0.14363465179655116, -0.0710878149897487, 0.03985481441682981, 0.017043724165399322, 0.6
56, 2, 0, 0.21542941098579424, 0.5411433764649748, 0.24310396716805802, 0.0003232453811730001, -0.26541976880539714, 0.26436271712070813, 0.29561375082515867, 0.5989258728412432, 0.11042749264021337, -0.10946145481624045, -0.12462858435212605, -0.13915567990913844, 0.041608229855770354, 0.07283132571848248, -0.08504999519124139, -0.0789647250790628, 0.11792063202810539, -0.2054112901987087, 0.15152235021698937, 0.0008095019294315431, -0.141807376905879, 0.09145603741955592, 0.6
57, 2, 0, 0.18404402942601036, 0.5647542232435304, 0.2505769748617549, 0.0006247724687043895, -0.25911742610852595, 0.26022160880044837, 0.28761916294475687, 0.5982627813299134, 0.11182126353445317, -0.11106879979695752, -0.12504017063296474, -0.3264584937344379, 0.31451694611482467, 0.11696681359919059, 0.08839310758431024, 0.10998289488312689, 0.011617200385071632, -0.03322245655236052, -0.040780806311571625, 0.039088534004751554, 0.11137733271282942, -0.04337740542086826, 0.6
58, 2, 0, 0.17824901815253497, 0.5698341830256938, 0.2512756295645555, 0.0006411692572155989, -0.2545754975041598, 0.25285368713718304, 0.2829504214150722, 0.5989369518931784, 0.11015196005512944, -0.10993865737648997, -0.12349760947254895, -0.16121232762631982, -0.03387349054851892, 0.10839699004539309, 0.0487914068380207, 0.0458261655476841, -0.015044629711392931, -0.04255539504061881, 0.08973377034373636, 0.0005365969961198954, -0.09762444684584472, 0.0851779448174002, 0.6
59, 2, 0, 0.14476440578040886, 0.59864661378103, 0.2556547591610993, 0.0009342212774618182, -0.24807556391908087, 0.24635103777329298, 0.2773081458616417, 0.5987876142483036, 0.11180102213311274, -0.11097684316936574, -0.1232677021696317, -0.16508481326838303, 0.17170037130991234, 0.1039556722443552, 0.13015249092265363, 0.022165362172482647, 0.01630799940242844, -0.11358616777021739, -0.05013826053229205, -0.00939531305438116, 0.05681959879996941, -0.04442545137973153, 0.6
60, 2, 0, 0.03740989404115974, 0.6881776501403264, 0.2697158317018527, 0.004696624116661317, -0.24178226663311145, 0.24492657601286152, 0.2710687975574015, 0.5992481962607655, 0.1130959705362409, -0.11207477587414616, -0.12440555485409197, -0.04477062304865117, 0.19247467280142336, 0.10858678515506237, 0.02285030552744685, 0.07292060457170978, 0.0574124362621675, 0.07597797108612357, 0.1403287798100863, -0.09308268675992264, -0.14764609566492032, -0.006006726411672947, 0.6
61, 2, 0, 0.034582780790934194, 0.6908677153289925, 0.2698505909253921, 0.004698912954681156, -0.2366849534217824, 0.23735678686554446, 0.26515891349241044, 0.6007026574174517, 0.11211654239245941, -0.11098266511320312, -0.12402780711179215, -0.07036151326027917, -0.0036355268311811795, 0.2852428709774043, 0.13025056592929612, 0.02616681720716017, -0.048189981522966004, 0.1490569557941073, -0.10032677702357891, 0.11222630324313991, -0.05163037586363384, -0.22363032319601364, 0.6
62, 2, 0, 0.034561941304910665, 0.6908880898233241, 0.26985792451312673, 0.004692044358638623, -0.2303002117739843, 0.22964929364058245, 0.25908046080275016, 0.6001688282846354, 0.10991921032620029, -0.11156925728534653, -0.12286103773854225, -0.12952192927482833, -0.06347741349475138, 0.25088991852197456, 0.0661487017981981, -0.012242585258885035, 0.06907973521181487, -0.05265825980973775, 0.12035489604996955, 0.06168197374536817, -0.0696975388708517, 0.22754764748464243, 0.6
63, 2, 0, 0.00044073776707647576, 0.7226821944259908, 0.27206495378447615, 0.004812114022456667, -0.22523776384320734, 0.2260598609362975, 0.2529678583763427, 0.5991430751547335, 0.10887552259562938, -0.10928168665119387, -0.12448078348462555, -0.14834591379590806, 0.14888756134496045, 0.17873805971581744, 0.12906094455420142, 0.08604129383968985, 0.12448188986152187, 0.03076136827245456, -0.05032004280097779, -0.11556936917446377, -0.13596935490499773, -0.02855691125090415, 0.6
64, 2, 0, 0.0004402860310199356, 0.7226825932301408, 0.27206498548360175, 0.0048121352552375285, -0.21900651302162913, 0.2200575351382863, 0.24462591154675112, 0.5994700280461165, 0.11205065836887243, -0.10980234052767465, -0.12476953395470795, -0.1295963008896763, 0.1858218636076805, -0.13142001312920087, 0.06141926666023262, 0.2591636144049254, 0.0042843835811876025, -0.13068945514380875, -0.07730665395317352, -0.18818760690865602, -0.08547467123209472, 0.02912390160356324, 0.6
65, 2, 0, 0.00012520783471876254, 0.7229085989469963, 0.27212867962583936, 0.004837513592445494, -0.214978941834217, 0.21547450384366967, 0.23999453560975909, 0.6008143944190174, 0.11095575150287666, -0.11086554898380703, -0.1243530733646436, -0.12031125556834735, 0.3624005953776791, 0.1983490210308088, -0.09940160723608331, 0.10486555640919559, -0.04981461411410946, -0.13517160495165642, -0.007285814866985418, -0.0072576608038537205, -0.13855777683919626, -0.14328343416460268, 0.6
66, 2, 0, 0.00012681061060032972, 0.7229088726617096, 0.27212891522024424, 0.004835401507445905, -0.20732568325035666, 0.2097540924294452, 0.2333254185748463, 0.6000134319385075, 0.11052846378431588, -0.11019553043251189, -0.12287265703256747, -0.10066452361843156, 0.015055696175339505, 0.25010783027885497, 0.04979057990629722, 0.02545531447686507, 0.0968282916983892, 0.060023611232912666, 0.13893100975837136, 0.1374215932458974, 0.09828678249583145, 0.09842794437689652, 0.6
67, 2, 0, 0.0001069809520714786, 0.7229200169174865, 0.2721396088712305, 0.0048333932592114544, -0.20438262084736158, 0.2047859768183226, 0.22682006213685185, 0.5996811769345127, 0.10938948785865628, -0.10951029191785037, -0.12428690762148578, -0.08085714235586089, 0.04454212585828109, 0.15577015092645358, -0.015092407844296728, 0.09393711591989672, 0.0013347441268524007, -0.13100891370724704, -0.02581463405862804, -0.010964470703211115, 0.03030310925579157, 0.14503745248597072, 0.6
68, 2, 0, 3.178389784250809e-06, 0.7229905661491105, 0.2721719634825662, 0.004834291978539113, -0.1980537588096062, 0.19685857881587815, 0.21960254209652388, 0.5989553996044445, 0.11327882021373181, -0.11134966954268191, -0.12452028463368758, 0.029737495315197947, 0.08364825421885559, 0.3271197034860803, -0.06498543951821531, 0.13077085355675713, 0.0953395983502805, 0.013640817302292958, 0.08178389168107457, 0.05113741567469156, -0.07323745838671777, -0.18606593938398552, 0.6
69, 2, 0, 2.009988356189697e-06, 0.7229919201976716, 0.2721721357213947, 0.004833934092577647, -0.1936656338928845, 0.19356028904011718, 0.2151902346046665, 0.5995027232061261, 0.11053619571613675, -0.10975280381268664, -0.12474678807937958, 0.0019766955649351157, -0.034997382831862045, 0.05385132706443091, -0.05046291392604263, -0.14380577087975005, 0.014926816970554299, 0.03630878213079279, 0.13988768479434213, -0.010791507319749283, -0.1129189036838117, -0.12919898610277383, 0.6
70, 2, 0, 1.6789980957171353e-06, 0.722992193669086, 0.27217218799152465, 0.004833939341293752, -0.18587732506992927, 0.1862680750762446, 0.2084898362050402, 0.6019765236871152, 0.11184907397881542, -0.11010176641246613, -0.12347243312977321, -0.19179270625976086, -0.028288634644926758, 0.07643741583035177, -0.06802108381599085, -0.03832317615510324, 0.1799800884980849, -0.0745331675448791, 0.039103867156341336, 0.030970255616564975, -0.04527196421966714, -0.09240242356172641, 0.6
71, 2, 0, 7.395381721448552e-07, 0.7229930969532378, 0.27217311794461413, 0.0048330455639760605, -0.18174530059622782, 0.1795675412197514, 0.2036447174232323, 0.5996667289860464, 0.11181304259281269, -0.11000661529150517, -0.12385198312516485, -0.018531479082593116, 0.06007518096443992, 0.16456128163577505, -0.013118811473865937, 0.06701246096589764, -0.048888143017627006, -0.09190556133106234, 0.18563927120282125, -0.10483813581532804, 0.03029710486650019, 0.04390195352676429, 0.6
72, 2, 0, 7.467492942811388e-08, 0.7229936718239254, 0.2721732079636213, 0.004833045537523823, -0.17699405395792403, 0.17543196251219, 0.19633775336503856, 0.5993789506702454, 0.11045804103723804, -0.11075572863910929, -0.12406703557798093, -0.2082831769986139, 0.16016701757649426, 0.11886189510243608, 0.12148277930804999, 0.03252298422553547, 0.026243619162378308, -0.15525687359872523, 0.112416514188262, -0.09931069736988372, 0.052563690754760806, -0.03813166500789471, 0.6
73, 2, 0, 1.7789473280527674e-08, 0.722993698954444, 0.27217323323274056, 0.004833050023342263, -0.16989872721417792, 0.16983214334663843, 0.18966049876751595, 0.6005171247221284, 0.11171718157312886, -0.10929365296638147, -0.12490966851815391, -0.2510380644897367, 0.13135252383065912, 0.08642223443941101, -0.04091469278785024, 0.03244775620581438, -0.01989617853097516, 0.059702380641423705, 0.016089379938894026, -0.15803127945817, 0.17907270888886656, -0.1512790340740242, 0.6
74, 2, 0, 3.923221625740938e-08, 0.7229937007581393, 0.2721732348845577, 0.004833025125086714, -0.1643101742130712, 0.16258745427477425, 0.18387532625827924, 0.5994456717132576, 0.10999728231735921, -0.1085330354963044, -0.12415461855604368, 0.018792986750342567, -0.057404696516159634, 0.14668528924764024, 0.006341370374021428, 0.07380088616132775, -0.062448858873687084, -0.010382451205730472, -0.08387826893558381, 0.13499559154540458, 0.18820570357664887, 0.04784236207095826, 0.6
75, 2, 0, 1.8015699981897646e-08, 0.7229937573798999, 0.2721732587363175, 0.0048329658680826585, -0.16089432581630309, 0.15850539189081966, 0.17789336729291508, 0.5990673194982588, 0.10961251699005259, -0.11014289719676525, -0.1235338213094402, -0.13474177138578672, 0.12230078695312525, 0.16496986906959846, 0.04592475402260243, -0.09890358470529624, 0.12700255851448608, 0.0791822520824079, 0.19639185475419255, -0.06561149438474122, 0.04949841245432001, -0.012807607426554493, 0.6
76, 2, 0, 2.5304112645008193e-08, 0.7229937576659901, 0.2721732605333525, 0.004832956496544825, -0.15255753566301278, 0.15271434747998242, 0.17193285791850896, 0.6000720947337046, 0.11065806410760057, -0.11049570783105556, -0.12208323772569767, 0.04720290194308384, 0.04551925869443581, 0.05843100475667473, -0.14514757710195159, -0.041510947731538475, -0.012877200069057737, -0.08362564563925398, -0.09859864887408998, 0.03701326043485802, 0.08395106682089871, 0.051091532166562134, 0.6
77, 2, 0, 8.28179242047447e-08, 0.722993773778511, 0.2721732353926446, 0.004832908010920253, -0.14722937609817052, 0.14806561619271486, 0.16688774687307864, 0.601400299047562, 0.1114057149840966, -0.11256826559144568, -0.12551997925736322, 0.025547338875406334, -0.13128164320748895, 0.08444804046242359, 0.050549505004268455, 0.04157773117387133, -0.21249609028014277, -0.11897436295473049, -0.15056055533312018, 0.042280054309566426, -0.009484908111431593, 0.07633419861193534, 0.6
78, 2, 0, 2.88353637664134e-08, 0.7229938210287842, 0.27217323585604686, 0.0048329142798051615, -0.14159179151891316, 0.14129993472366847, 0.15934879004778224, 0.6000605104450403, 0.11021065534835302, -0.1102888457029523, -0.12462147219914446, -5.9056801172874264e-05, 0.15021378007282551, 0.017681928946037206, 0.054381180837825525, 0.13411521318137462, -0.11049861580246989, -0.07317012722706824, 0.06287347741885202, -0.008743936418542039, 0.00889280683826783, 0.04421677895481721, 0.6
79, 2, 0, 6.314053251991428e-08, 0.7229938390629584, 0.27217324982605784, 0.004832847970451244, -0.13838373272924598, 0.13630974488396014, 0.1525571719823567, 0.6000239594743522, 0.10966153257990427, -0.11076292201547108, -0.12406372667829932, 0.002445921066360046, 0.05505642863209399, 0.08825740378090194, -0.08200371645138255, -0.03757598861024588, 0.04628830306941574, -0.04282174294114195, 0.23157181518545472, 0.0044745902200876726, 0.0129724698838788, 0.08182900266292427, 0.6
80, 2, 0, 2.897039065227927e-08, 0.7229938644799947, 0.2721732570745638, 0.004832849475050947, -0.13243819419955088, 0.13026064786755182, 0.1479668302101267, 0.6019175629114115, 0.11095009762031685, -0.11121526175385879, -0.12376850909804911, -0.027751226342479535, -0.04756894731930187, 0.040938042746836385, -0.046894866799516155, 0.02194710923633467, 0.13264370734339814, -0.1542566066650629, 0.14877578484071183, -0.17973922890266608, 0.10143590200878978, -0.09594498124848024, 0.6
81, 2, 0, 2.807763718435374e-08, 0.7229938650490936, 0.2721732555253279, 0.004832851347941326, -0.12533487546089947, 0.12522569874164374, 0.1406368914363815, 0.6002139054978903, 0.10953723928073507, -0.10945343613265532, -0.12384748780645945, 0.057146755544551876, 0.10538386083395619, 0.07726181554740932, -0.1056561296430965, -0.08248739110669975, 0.03622424674259546, 0.07806651999980749, 0.12785254155978343, -0.007320249936509424, 0.09543606794672173, 0.10170788561453928, 0.6
82, 2, 0, 2.3397349208017948e-08, 0.7229941285190106, 0.2721729375941214, 0.004832910489518757, -0.12047649455133173, 0.11929023165650235, 0.13461824152935759, 0.5991128028607591, 0.1107198870182416, -0.11045282459197317, -0.12306888605817408, -0.006680148466154967, 0.09630284777196055, -0.12766096899051407, 0.01686791890484058, -0.01620651406723981, 0.07099910799896805, -0.007585799309898699, -0.1137066014593624, -0.12402296857414238, -0.05810954077470545, -0.08774252285266301, 0.6
83, 2, 0, 6.817537425484e-08, 0.7229942029442197, 0.2721728325851536, 0.004832896295252452, -0.11549998790685032, 0.11379386816666795, 0.12860131385041365, 0.5998878806636998, 0.10937644972435581, -0.11046075949176826, -0.12397845385255266, 0.058841244157760444, -0.01445768599555114, 0.02140729256562805, 0.10472116942597695, -0.18960379784114892, 0.15024938199501667, -0.019573573539066563, 0.03518724873089914, 0.025568798062440924, 0.09376303797678212, -0.04105708826824851, 0.6
84, 2, 0, 4.770939520134735e-07, 0.7229938052079649, 0.2721728241997534, 0.004832893498329664, -0.10770701443438928, 0.10849662303433565, 0.12251045121971493, 0.6003272152057739, 0.11194793823304634, -0.1100250496532088, -0.12267573425303194, -0.0067597765472318825, 0.05603114724013293, 0.16698416013235287, 0.02272310907020907, -0.049885247936555015, -0.12326972252414636, -0.26590355432730606, 0.10926471506046007, 0.0013040304799055926, -0.1163743443347747, 0.07261391940757297, 0.6
85, 2, 0, 7.59848190237699e-07, 0.7230034862909315, 0.2721627251807866, 0.00483302868009167, -0.10245721597456081, 0.10418514254983458, 0.11566271935613175, 0.6009973783319875, 0.11119370230057327, -0.1113897000144504, -0.12418820636558188, -0.20668607468306335, -0.06564368857732783, -0.03198471085661867, 0.027364574815852805, 0.09319003302021034, -0.028421076281711432, -0.024469436850952535, -0.05017437934555129, -0.05606398438209161, -0.04124889645884085, -0.10562959545005823, 0.6
86, 2, 0, 1.2976017109200679e-06, 0.7230037702632903, 0.2721615079517464, 0.004833424183252382, -0.09743121794150227, 0.09843173330107936, 0.10907926157654022, 0.5992315290503145, 0.1104610719468749, -0.1119017411317216, -0.12485110005678697, -0.05364728337086344, 0.12059930894723277, -0.017351676571978013, 0.018485568934653383, 0.1125853198854699, 0.009038082205423518, -0.011038760465563452, 0.006873958551287723, 0.10734895169376009, -0.07229572367476722, 0.020526458162082158, 0.6
87, 2, 0, 1.5771553158913217e-07, 0.7230049312990902, 0.2721613000625793, 0.00483361092279885, -0.09248660255026471, 0.09101949514651317, 0.10297479304331947, 0.5984658140447332, 0.1106111841091481, -0.11078811720554596, -0.12451135781049912, 0.018419978049353886, 0.07099617253922605, 0.05849161751785624, 0.0230148960091139, -0.02820942045860451, -0.06346533865511188, 0.015650870114638088, -0.06279529070085199, 0.002087234905078479, 0.01593998924229958, -0.09132079184398259, 0.6
88, 2, 0, 3.941189766519033e-05, 0.7230389126258522, 0.2720712616271943, 0.004850413849288311, -0.08834512832804195, 0.08653693971483933, 0.09797725747649941, 0.6009439247164823, 0.1097317313388704, -0.11251424737466768, -0.12393236629576054, -0.2648107173357731, 0.11272690693198491, 0.010282342010559137, 0.03762886508235008, -0.10642693090752134, -0.021682152141653345, 0.04676565612996716, 0.05442995467222045, 0.1737807960484527, -0.17326094735465997, 0.048633479928846764, 0.6
89, 2, 0, 4.162338203563641e-05, 0.7230469260204149, 0.27205993465340594, 0.0048515159441435245, -0.08240085183903942, 0.07959214153259252, 0.08927956816243136, 0.5993616209533472, 0.11113055167619157, -0.10973299604480775, -0.12471436544056018, -0.08676365629454084, -0.013251391393723472, -0.03930320597360394, 0.03988753164660565, 0.15065499704643637, -0.012964638860369563, 0.03617332878647443, 0.21959088444104163, 0.04873642974494756, 0.02035238620912308, 0.014813840222966584, 0.6
90, 2, 0, 4.203941517704513e-05, 0.723046920304455, 0.27205952425404867, 0.004851516026319378, -0.076668838714011, 0.0767604160871779, 0.08395968881126196, 0.5999789791609054, 0.10972113199620995, -0.10990386150874845, -0.12332329607552381, 0.015586287686296696, 0.05026496752435081, 0.25253240942784494, 0.013022068951826862, -0.03001046308150715, 0.14643482705797006, -0.06662411557968527, 0.028262617125635648, 0.15792674964902137, -0.02447702037709115, 0.16720231434258945, 0.6
91, 2, 0, 2.439398389204925e-05, 0.723067115322721, 0.27205667621810725, 0.00485181447527969, -0.06986607466803323, 0.06988844207033997, 0.08053052818478676, 0.5989143273764694, 0.11190303074237921, -0.11104875145441528, -0.12567195557524669, -0.07342551423652337, -0.1612426839856486, -0.10048795320781642, 0.04188862980184028, -0.07465721658891647, -0.025363912253287317, 0.15711174324644742, 0.07575757642642589, -0.09319127066125063, 0.00313271306883616, 0.004172723867726346, 0.6
92, 2, 0, 2.4959590164543204e-05, 0.7230673584494794, 0.2720554736374424, 0.00485220832291361, -0.06412129120660978, 0.0644740002345228, 0.0731913242632407, 0.5998469913819263, 0.11098818206581121, -0.11184124198610637, -0.12526350748827114, 0.061846718609886185, -0.02100897237294421, 0.07150276213013307, -0.11201065613784222, -0.05309413243362299, -0.055640523249922566, 0.08988984621539012, 0.04182207739808638, 0.14616379015446776, -0.004761171104776425, 0.012146965500170259, 0.6
93, 2, 0, 2.6589846589377915e-05, 0.7230710780843413, 0.2720445511536399, 0.004857780915429344, -0.05992962048272442, 0.05877770082421989, 0.0637287663916363, 0.5987791717961503, 0.1107279255849618, -0.11134077289691306, -0.12238977399102491, 0.019323394692741896, 0.20933268775329386, -0.12051626213955291, -0.03206643962585414, -0.1765302870425344, -0.08319448170477318, -0.11838082632633573, 0.04326535934830396, -0.12711631050070918, -0.001702480882182778, 0.09269310659436159, 0.6
94, 2, 0, 2.658224930118325e-05, 0.7230710834095542, 0.2720445468842622, 0.004857787456882466, -0.052080896110989816, 0.051359036226796786, 0.060500600863964846, 0.6013115481573711, 0.10954063176326974, -0.11098401299750346, -0.12376224653705663, 0.16031359309847032, -0.06355282681736922, -0.215736160258977, -0.07973329498099119, 0.0542938990465842, -0.19590322520566905, -0.0452314550480336, 0.14843893239037262, 0.05105250842894511, 0.14504954310153303, -0.0693232700060033, 0.6
95, 2, 0, 1.4814680579571275e-06, 0.7230895302149479, 0.27204788282291836, 0.00486110549407578, -0.04885064248174115, 0.04870361467782035, 0.05439959423894515, 0.5995102464578099, 0.10983897658478178, -0.11126119321947636, -0.12436282274017499, 0.06941529462714185, -0.051852093826375026, -0.05404837829876417, -0.011174856464130184, -0.002250911437096001, -0.057098124269809716, -0.05399809386132567, 0.14437430945378354, -0.1414925526861424, 0.11584718290048916, -0.057663024636431484, 0.6
96, 2, 0, 9.020957346115283e-06, 0.7230969014850145, 0.2720314579987853, 0.004862619558854153, -0.04234956015933118, 0.04283887550686334, 0.048012566668884274, 0.6004428690983914, 0.11027412385730277, -0.11180290577801708, -0.12189620434746722, -0.16594225538184257, -0.057274514810497126, -0.031983175652763984, -0.03710921637576161, -0.09710171888379499, -0.10274281755760117, 0.04539470492316146, 0.008747817424816723, -0.04013336915813445, 0.11814485165900342, 0.14378293139151047, 0.6
97, 2, 0, 3.526370016885399e-06, 0.7231054507130662, 0.2720280569829493, 0.004862965933967711, -0.0376832742231435, 0.03715834862489177, 0.0396538325081945, 0.6012507351335337, 0.11183568403267756, -0.11047208612122039, -0.1243741032617069, 0.15677445886065225, 0.0021833805466973805, -0.03510000263232782, 0.10269884730101235, -0.024477541187424276, -0.03184123675343745, -0.03118527610392254, 0.05752084073458068, -0.11865232447536216, 0.04814433280017221, -0.08988970989231418, 0.6
98, 2, 0, 3.3970163442517427e-06, 0.7231062567228912, 0.2720227507341602, 0.004867595526604376, -0.030728333664680713, 0.03285361842929876, 0.03485217657423821, 0.5985969257608723, 0.11047705644016995, -0.11015215667729109, -0.12389176086404115, 0.048975746296338996, 0.06236374043538688, -0.05688993203853941, -0.1424364711347831, 0.17934517184568644, -0.023395804298856786, 0.03706066923541184, 0.008862098710265132, 0.10833608371376295, -0.0948633646385386, -0.02818449376866814, 0.6
99, 2, 0, 1.3248589660615581e-06, 0.72311849222338, 0.27201166969882007, 0.004868513218833921, -0.024669548621383396, 0.02648589540254167, 0.02890375328222735, 0.5987488002989402, 0.11148134942504088, -0.11074006137084488, -0.12380034633993242, -0.10605540016608947, -0.1348497325667583, -0.0778499907819466, -0.08547000194387311, -0.1690211062999301, 0.026976097451328764, -0.03684637389608035, -0.06445205874525968, -0.026424617672925303, -0.047765326067868194, -0.10058817429045355, 0.6
