t, Event, Policy, P(still), P(random), P(reach), P(transport), o(t), s_a 
0, 2, 1, 0.7423464059829712, 0.11392205208539963, 0.1437302827835083, 1.3060838455203339e-06, -0.43746978502260897, 0.6797697094357957, 0.7266296372903455, 0.4961964569317188, 0.21152002914266177, -0.16539258753651426, 0.06754486379859129, -0.42126704045877084, 0.23512055528896703, 0.3838712467855109, 0.13264825533814312, -0.05596060702211399, -0.04892959220806768, -0.05967752381907536, 0.02275697418563108, -0.11489016982946779, -0.03095946210918632, 0.011629798842659422, 0.5
1, 2, 1, 0.7423464075515773, 0.11392204727082081, 0.1437303348987732, 1.2102788286234507e-06, -0.4881608083922349, 0.5610745483723358, 0.6413229351226181, 0.300160139698394, 0.16796914503136254, -0.02690666388303804, -0.17744815676802533, -0.4847098336583821, 0.27529897702533435, 0.3298180989823476, 0.06469226397543347, 0.0003200626297221489, 0.001568330330903741, -0.0007388158676675729, 0.051692198961307854, -0.0019742813787863296, -0.0020975538645478793, 0.00034762871877668373, 0.5
2, 2, 1, 0.7423232157903574, 0.11392234105111226, 0.1437532304367644, 1.2127217659855227e-06, -0.7144141221590614, 0.469030807561588, 0.5965035806839158, 0.4133490095794932, 0.0012227166241239428, -0.09703130702670001, -0.10452742309465823, -0.378733100440099, 0.24315559886035748, 0.30682704170023295, 0.053919978510189905, 0.001319776966137875, -0.0006335838055847077, -0.00035732249534064386, 0.04986963643735067, -0.0008710413908997897, 0.001345962442529399, -0.0007439001434362345, 0.5
3, 2, 1, 0.74232321604766, 0.11392232579417585, 0.14375324907339632, 1.2090847677816385e-06, -0.47149941897567416, 0.47564828756562944, 0.6872542250103801, 0.5958440119512376, 0.28003614992830705, -0.23248031101502303, -0.07035606281119036, -0.334701865839949, 0.3383164471359897, 0.21625924715600262, -0.14771403697816554, -0.0012802342256656358, -0.00018895861260926863, -0.00021516426978766275, 0.050668966521670834, 0.0012140972408277754, 0.0011734389756165966, -0.0005983306662137902, 0.5
4, 2, 1, 0.7423207300845431, 0.11392234085755788, 0.14375572089019004, 1.2081677088784328e-06, -0.5988125974477144, 0.5810473948234948, 0.6883348604893402, 0.34830772594287795, 0.09420550989192673, 0.08442620887220653, -0.13364961046205817, -0.29590154673505664, 0.1288222764884705, 0.47119107835871865, -0.11086984703338187, -0.0007626255215577764, -0.002136882571476087, 0.000617636347403228, 0.04867212777963338, 0.0008974050923433247, 0.0012538534156331627, 0.0010585490781505277, 0.5
5, 2, 1, 0.7420706537509555, 0.11389202823169269, 0.14403582482764335, 1.49318970854977e-06, -0.6896634857609223, 0.5268551805855838, 0.6028073929363288, 0.47987723466380067, -0.052860591729383774, -0.00020179094167371847, -0.07132793499129461, -0.18979205172613614, 0.28293589943107744, 0.30477824485689087, 0.019910474032509028, 0.00015197869849555088, -0.000645096879500974, -0.0011678044294939488, 0.05055819238462996, -0.0007217855292282911, -0.0005714599844967954, 0.0006145221799420256, 0.5
6, 2, 1, 0.7420772047221298, 0.11387525564478529, 0.1440461036598366, 1.4359732483261033e-06, -0.5918637051903827, 0.33984411812487825, 0.6281279191597533, 0.3238624862389824, 0.09000358371480346, -0.12039396338222914, -0.1434683889612734, -0.31002256556239105, 0.27498884708476046, 0.409330710384933, 0.06062756826976119, 8.33809105941942e-05, -6.61234529567667e-05, 6.858937566592213e-05, 0.049486954445938106, -0.0010271666664142995, -0.0010041586406089936, -0.0009510128459955765, 0.5
7, 2, 1, 0.7420757861549576, 0.11387520344783003, 0.14404757544627705, 1.434950935235441e-06, -0.6451397626284306, 0.5788527324917799, 0.6309151743178842, 0.4114109729922138, 0.14146695905289736, 0.1402084912647647, -0.17906613816748, -0.3808547134256631, 0.2597438060630449, 0.3385945220716301, -0.10073120648660291, -0.0007791456703432965, 0.00019319972492001162, 0.0006464828147963195, 0.04882173215317267, -0.0017313686729057746, 0.0005999686266676921, -7.973670667094256e-05, 0.5
8, 2, 1, 0.7420749241793203, 0.11387507483236399, 0.14404856836869961, 1.4326196161019936e-06, -0.547981961654221, 0.42327702519106314, 0.6857699800891137, 0.417593039604985, 0.08087213088111575, -0.009256803389586898, -0.185913966376521, -0.3947080568814544, 0.29228580924842, 0.2953958180206214, 0.09664282667247197, 0.0005049869935683538, 0.0004725577208578354, 0.00020496114338591523, 0.051688426672074274, -0.0017142193632677083, 0.002277337247526854, -7.278374008517978e-05, 0.5
9, 2, 1, 0.7420749478834768, 0.11387489931020472, 0.14404872018689047, 1.4326194279786122e-06, -0.6504523295077033, 0.6151399322989353, 0.7592190238810967, 0.6625263493828064, 0.1626240470796116, -0.032616498745552724, -0.14257226114879215, -0.23256697721753045, 0.39038691351638255, 0.2871904205879352, 0.12966030815225585, -0.0009656211641499828, 0.0011144492240282911, -0.0006944932245659472, 0.049604684387473834, 0.00013766952908222897, 0.0001300955184442117, -0.0004746488613998537, 0.5
10, 2, 1, 0.7420798996262771, 0.11386586454102482, 0.14405280413760807, 1.431695089982833e-06, -0.4432564787737787, 0.5269882130065182, 0.6063786670629648, 0.5933406635705072, 0.1570058918750425, -0.008378546846134172, -0.09316735524019124, -0.21649502607310475, 0.3000649813153478, 0.20923110794089625, -0.05604402011825681, 0.0006210855121380396, 0.00012819888956651447, 0.003063358231691524, 0.05120275176042287, 0.0003285888960842921, 7.08454448133467e-05, -0.001052037284722342, 0.5
11, 2, 1, 0.7420795794951609, 0.11386584830915644, 0.14405314050070198, 1.4316949807219889e-06, -0.6593790907620837, 0.36586888560575237, 0.7377858849796535, 0.47396587631868864, 0.0775666160065321, -0.047033133713430396, -0.1247533838493186, -0.18862428702331352, 0.3906416221553384, 0.17100368732770932, -0.14622384732043903, -0.0009047067737463695, 0.0008541567320473131, 0.0023860384944552828, 0.0483178265396082, -0.00029549570523336514, 0.002288141327599358, -0.0015405041906918454, 0.5
12, 2, 1, 0.7420795732399558, 0.11386584639744458, 0.1440531490585689, 1.4313040307830413e-06, -0.6324346992590334, 0.4733438196157225, 0.44552304783877883, 0.687744949995457, 0.1808580018196848, -0.015659032327557464, -0.3386380377607071, -0.17123137970593352, 0.36721649674762674, 0.21133980077416364, 0.11887442302282225, 0.0013139237675826251, -0.0017552009677042335, 0.0006448552806930489, 0.04812437998822597, 0.0008730750492189198, -0.0015379965672246752, 0.0013414235866141117, 0.5
13, 2, 1, 0.7420795753063382, 0.11386583646724449, 0.14405315692246437, 1.431303953033707e-06, -0.5713477149577663, 0.42108892936227715, 0.6405452437397069, 0.5490962143613931, 0.10831755546838477, -0.1314672514937572, -0.12183544483554039, -0.30374081756096855, 0.5025465164958044, 0.2652131066970607, -0.03694417791614789, 0.00021466252588108435, -0.0009546215158435865, 0.001553807400781798, 0.05122420714476463, -0.0014763374677593192, 0.001494743171051471, 0.00022411935060772837, 0.5
14, 2, 1, 0.7420795681442118, 0.11386583556042254, 0.14405318592299507, 1.4103723706577264e-06, -0.543419278291916, 0.5009360341325114, 0.5248956185477744, 0.49877682330061546, 0.2539347261658077, -0.12045317589337834, -0.2806607172676359, -0.1461193409114925, 0.12491958351656447, 0.303672436166499, -0.01525012236541104, -0.0016287171911242148, 0.0017276204127312483, 9.341220598524356e-05, 0.047203327113079535, -0.0011453468108776994, 0.0009300597199577472, -0.00019602803845465136, 0.5
15, 2, 1, 0.7420749493332123, 0.11386584966117734, 0.1440577823082193, 1.418697391132099e-06, -0.5108317454247413, 0.36235546378520506, 0.47939799771432245, 0.578999662829478, 0.07214577135342282, -0.03290389877418848, -0.1660911118508182, -0.44644555860684854, 0.1831550689131562, 0.24985511476771588, -0.030590377283933934, 0.0003435465927358854, -0.0004541135250429202, 0.0004353244711960114, 0.051175204213613844, 0.0009293161372863965, 0.0006554038068453481, -0.0007598706359644777, 0.5
16, 2, 1, 0.7420750436006746, 0.11386467539854643, 0.1440588626659201, 1.4183348587939414e-06, -0.5699446202019591, 0.5302828677861663, 0.6093172686774431, 0.3690079600967615, 0.048807225174669636, -0.09773031963095613, -0.06442656585267603, -0.4620229875790837, 0.20372111670528698, 0.3588862873689763, 0.012134258712733275, -0.0005381411058562814, 0.0019059128547316549, -0.0013833260027041258, 0.04981740622572246, -0.0003830272704787633, 0.000640964760546445, -0.00011885097309073869, 0.5
17, 2, 1, 0.7420742526285689, 0.11386444974393793, 0.1440598859578442, 1.4116696490109016e-06, -0.6058767027958725, 0.6352872384053404, 0.6223177075923219, 0.34054037464975295, 0.12209919406629796, -0.09620633648410983, -0.040920139982415796, -0.4094081308688543, 0.1998545448345735, 0.25298612963419587, -0.09102822673021585, -0.00025218684509540186, 0.0007692030799736581, -2.543667789436998e-05, 0.04945830449531553, -0.001751355891835844, -0.002405390991406656, -0.0015810661384366108, 0.5
18, 2, 1, 0.7420742531394469, 0.1138644426054461, 0.144059897021981, 1.40723312599035e-06, -0.46455685957842147, 0.554353088483242, 0.4346716523157682, 0.4072484548408296, 0.19603437690226913, -0.14417084596230273, -0.21247741827234196, -0.2819184562374118, 0.3479629133298384, 0.20281435343259094, 0.10994803880798112, -0.0008356276528319254, 0.00037123487918154697, 0.0008035265405046312, 0.050320383738299626, 0.0012451975686521971, 0.00012753160344622182, -0.0003780355223710719, 0.5
19, 2, 1, 0.74188850247726, 0.1138656346576889, 0.1442442825510452, 1.580314005975025e-06, -0.5248543822210373, 0.5808351863699786, 0.5148898292898119, 0.4846970404583688, 0.013451085470739288, -0.0023450906450729558, -0.2051684625116305, -0.40741361199872134, 0.21975698530979404, 0.23576335199393267, -0.0029854494233330585, -0.0015934081703478647, 0.00043198925625111405, 0.001276079270998631, 0.04961127377760718, 0.000670175113180621, 6.331956210527515e-05, 0.000830484425069484, 0.5
20, 2, 1, 0.7418582963761382, 0.11385215390443414, 0.14428468999797803, 4.8597214496965e-06, -0.4431923436233559, 0.4096956806048664, 0.4308068112935697, 0.592384842538329, -0.16460936594711498, -0.1261460024114597, 0.02958916181927045, -0.08127383424428884, 0.3727272657996787, 0.08583183607493876, -0.03899250312042746, 0.0003930130885737329, -0.0008175057004039676, 0.0006897274865518916, 0.051443328362769034, 0.0006516836401025468, -0.0011346255651978425, 0.0013609364474045655, 0.5
21, 2, 1, 0.7418555283347805, 0.11384931358425364, 0.14428999303054263, 5.165050423201009e-06, -0.517391894851769, 0.38577987608911124, 0.4521538339510065, 0.5786195327981383, 0.028329264915720333, -0.15783433491377016, -0.14551416900664288, -0.18829535981171325, 0.2900549428636002, 0.1543127870834428, 0.010019898075295719, -0.00134376823780033, 0.0007579611647046803, 0.0005413755618935729, 0.0494595248074791, -0.0005596536309891649, -0.0017803331506312937, -0.0007198089861849798, 0.5
22, 2, 1, 0.741782685706201, 0.11379541169216557, 0.14439633642371938, 2.556617791418021e-05, -0.4666851956444436, 0.4536160451528383, 0.3862425550546183, 0.4878852591070566, 0.05717024319718329, -0.02443828438182368, -0.05627047849546581, -0.31800251060516, 0.2514715236830408, 0.19452303869823134, -0.007094242859617755, 0.0003759627774912515, -0.00042095523620532346, 0.00022474380723933323, 0.049593976995001385, 0.0012931222103656557, 0.0027695377279164, 0.0010405111383055537, 0.5
23, 2, 1, 0.7455807054262625, 0.10953739181536418, 0.14485273645924787, 2.9166299125439118e-05, -0.24010197540328973, 0.4622612363384596, 0.619504883392246, 0.5696918883303614, 0.07274832129830147, -0.011994728930481613, -0.07704684775629334, -0.11946284832103685, 0.14392606618217, 0.2525439067517329, 0.06585562729840888, 0.0002399829934509814, 0.0013146038558756838, 0.0004110951975141239, 0.0487526507197799, 0.0013059780841824572, -0.0011958885838804362, -0.0008013442770352453, 0.5
24, 2, 1, 0.7455295211201908, 0.10953734567756572, 0.14489853480148351, 3.459840075999687e-05, -0.5283618750001658, 0.27446350104884865, 0.4669000414128055, 0.4732186435588089, -0.0651809062138323, -0.0888564280853104, -0.04605281112665377, -0.22376119140038586, 0.09967404833404037, 0.08216736702778345, -0.12638226712029313, -0.002321029659454409, 0.0008524681529944025, -0.0002619718923764866, 0.05000505047321169, -0.0003804562018923906, -0.0012968556465653177, -0.0010937301376100987, 0.5
25, 2, 1, 0.7455295645980192, 0.10953333683778023, 0.1448985589086057, 3.853965559484681e-05, -0.4754218981820705, 0.5041578895116386, 0.31543518710056595, 0.6975520432437341, 0.035534292340726845, -0.21689287038717858, -0.12079018263998757, -0.1249144453084003, 0.20739556891044403, 0.28655352194381045, 0.3883175719874346, -0.00021661817539518914, 0.0002549807073286214, 0.0008666504386364458, 0.050020681110008916, 0.000769963881595094, -0.00028748747689996684, -0.0007354049740854237, 0.5
26, 2, 1, 0.7455615211714616, 0.10934766772401952, 0.14504089106314072, 4.992004137827372e-05, -0.5743062107819508, 0.4580093916710083, 0.5792553716479992, 0.5603518346941154, 0.07618744218284676, -0.12299256333056104, -0.03850520373067775, -0.19865146891500177, 0.1250286166656674, 0.02822630180265362, 0.09688063157447657, 0.00041625804781080834, 0.0007061020854511517, 0.00044786774247908956, 0.049997401647429836, -0.001029933165817966, 0.0006816454511642213, -0.0012093981164515892, 0.5
27, 2, 1, 0.7455615582953914, 0.10934747361559286, 0.1450410483453073, 4.991974370841229e-05, -0.46427935809033577, 0.3530508633371473, 0.5263663563323767, 0.5624517583785023, 0.15011436704628314, -0.12606794633722157, -0.09820832610457816, -0.16157832393835525, 0.3587277483071287, 0.24176503528606022, -0.09064111277816685, -0.001185848609132742, 0.00044069441537413336, -0.00124110569698629, 0.05204446686161196, -0.0015544167097812042, -0.000718510835189555, -0.00029502147317138426, 0.5
28, 2, 1, 0.7455615597763062, 0.10934746976002292, 0.14504105068209355, 4.991978157732105e-05, -0.4173834312347348, 0.25555101550934467, 0.4423401467829711, 0.5013265288653789, 0.07823142452549507, -0.18932889243159917, -0.16603752224154492, -0.2671709349719307, 0.4506216831111568, 0.2424645023707078, 0.262734319651747, 0.0007869148897519526, -0.00043642333373458263, 0.0009218765842392111, 0.04964107693432809, -0.00084871198056545, 0.000589932411563638, -1.2250495199728538e-06, 0.5
29, 2, 1, 0.7455615659549435, 0.10934747213697915, 0.14504111843924414, 4.984346883333901e-05, -0.45069368675539, 0.3697495414556848, 0.2633928108428992, 0.5729022338071258, 0.20052437827536368, -0.24803841622403394, 0.14452525564630117, -0.3527507986241567, 0.41627158393142094, 0.3576462183881314, -0.0004402905128194134, 0.00013434928374343912, -0.000254344528739117, 0.0014614872657329786, 0.05019103583841793, 0.0005533956215000321, 0.0007323682718480332, 0.0007571636144506371, 0.5
30, 2, 1, 0.7455692039761626, 0.10934650338114782, 0.1450536604816777, 3.063216101198593e-05, -0.34929391690533385, 0.5063361507948969, 0.5377466000063371, 0.47103144271125486, 0.2498287917886432, -0.03140899645804849, -0.1220254550665888, -0.43374660309241897, -0.022786458627639485, 0.27084240162397066, -0.03998582781876179, 0.000307919776608796, 0.0005171869530581055, -0.002024611971498874, 0.051219116132510345, -0.002636414434807874, -0.0003112568798214662, -0.00043941556419414596, 0.5
31, 2, 1, 0.7455637224373532, 0.10934610425949023, 0.1450595100838445, 3.0663219312106406e-05, -0.4473928151157628, 0.31239119901641743, 0.44753209339990774, 0.5800060970647747, 0.06293892610781605, -0.013085202935398044, -0.18184558591727434, -0.15463479497704827, 0.3611467760721655, 0.30946464055593437, -0.02514745830512729, -0.0011315650967885648, -0.0016822185142845666, 0.0004833124507604979, 0.05275783476865666, 0.0009462625456773158, -0.0006945812306635402, 0.000885913989187623, 0.5
32, 2, 1, 0.7455183200320026, 0.10924673380944877, 0.1451654938611964, 6.945229735229574e-05, -0.3786355952703096, 0.4109084782771168, 0.45484004377050846, 0.3748935527449412, 0.20167919005266274, 0.004751092454665073, -0.08503892242850745, -0.2082353933732944, 0.12941808744588867, 0.25861235959513673, 0.022905781730249524, -0.0009438864295001025, -0.0007842970547276412, -0.00022564218169491816, 0.04878919016056243, 0.0003731267222509378, 0.0008935454878810454, -0.002304327234951421, 0.5
33, 2, 1, 0.7455183512553231, 0.10924539359462224, 0.14516597170789414, 7.02834421605471e-05, -0.3434812326250548, 0.40492678422647943, 0.40955193578497406, 0.49953019499218965, 0.21428496860899485, -0.17747108531074848, -0.02124265249034927, -0.08299651148891711, 0.28406720440047817, 0.23998837783691213, 0.13548961192001258, -0.00047659819646662645, -0.00010025482398046857, 0.001341282041786593, 0.04951531154785439, 0.0010507750209291207, -0.0009062629413293761, 0.0021807589788511335, 0.5
34, 2, 1, 0.7455174645860201, 0.10924539383412306, 0.14516685428755122, 7.028729230554306e-05, -0.2852612816205434, 0.40415389798801726, 0.4281622943535677, 0.6283293502083892, 0.23535240970636365, 0.0229165489717168, -0.11755756881015263, -0.24543055280339185, 0.2827432192914717, 0.1581327917361319, -0.20189001044446914, -0.0008765009636275826, -0.0006146622825130837, -0.0011698428690012173, 0.049019542757062065, -0.00046365078615261444, 0.001533256286595419, 0.00017648651396712865, 0.5
35, 2, 1, 0.7455151911322904, 0.10924535025032628, 0.14516914350256538, 7.031511481805871e-05, -0.4192810628578775, 0.47384599527133264, 0.3297412571387352, 0.3918065059028465, 0.0827044219929356, -0.0916862173075152, -0.15819569132107553, -0.11042218697745043, 0.29841817872166176, 0.3691108253196115, -0.12298289220888145, -0.0007631105833636242, -0.00023099187998140884, 0.00022883049166535062, 0.04919057389167893, -0.0008184311224399618, 0.0011063569832489317, -0.0015830458262360628, 0.5
36, 2, 1, 0.745438391456203, 0.10912917134659983, 0.1453597580514252, 7.267914577190426e-05, -0.4507695031840536, 0.44994279911068374, 0.5365865988180485, 0.5618442038689754, -0.00026680626716857336, -0.05368183674655376, -0.019773703435242006, -0.35346123009992725, 0.19868599132461195, 0.1184836585863959, 0.01788190921192301, -0.0017039384914272152, -0.0016620775285310176, 0.00013086738097459435, 0.04878431687436354, -0.0006117198981734607, 0.0006598500612645564, -0.0016714112440348876, 0.5
37, 2, 1, 0.7454380735101866, 0.1091285367419, 0.14536072346942375, 7.266627848955745e-05, -0.28946443497962615, 0.460527292224539, 0.4671939631747228, 0.5804960478021558, 0.1133426058197193, -0.12157534697072762, -0.1813047127694004, -0.2378736535597264, 0.315294204712978, 0.1843151352169189, 0.039246070915192416, -0.0007300462503662694, 0.0010284989458004036, -7.14955138654161e-05, 0.050723607404646334, 0.0012957210321044652, 0.0007255974979830845, 0.0008159658032388273, 0.5
38, 2, 1, 0.7415949771878758, 0.1090280162314491, 0.14543748505136947, 0.0039395215293057395, -0.40128745301068874, 0.40320230169710836, 0.284188474356174, 0.34926392342483203, 0.1954929353417461, 0.0029872321462023786, -0.11038721409056625, -0.00952146203780313, 0.17348660042680203, 0.03252457298052251, 0.08143575430178678, -0.0006054432935917544, 0.0009267888953219518, -2.304339085350803e-05, 0.04946840484711183, 0.0014111544187710545, 0.00017183919680823976, 1.5404136971973772e-06, 0.5
39, 2, 1, 0.7415970585878113, 0.10902410694112781, 0.14544197205496448, 0.003936862416096407, -0.3823919758011781, 0.3429515708929862, 0.48908676517668515, 0.5840362801011636, 0.19510116584313913, -0.17001433720111528, -0.06727243948663068, -0.03211925863499232, -0.006746978677095727, 0.41317291558491115, 0.07817868199757665, -0.0007271787725799167, -0.00011048831548337855, 0.0002718965762017858, 0.05183926902140521, -0.0005802371748702398, 0.00039394678436956273, 0.0006761364326703218, 0.5
40, 2, 1, 0.7414366639331482, 0.10896372119531694, 0.14552957542672743, 0.004070039444807459, -0.44501130957652757, 0.43720692357865143, 0.2835903310855703, 0.4518818511340058, -0.00426261346443606, 0.03082757180079505, -0.05570072660020634, -0.19058657773620452, 0.23267161410941, 0.3716657493118109, 0.032853094512090675, 0.0021209123686963312, -0.000163913648858639, -0.0017584318709390674, 0.049452403676832526, 7.837474591278787e-05, -0.00030602352700988223, -0.00047389270425400397, 0.5
41, 2, 1, 0.7421791642448519, 0.1088675753460729, 0.1466865894488611, 0.00226667096021406, -0.4623536448921105, 0.2654684548406685, 0.29799804717608397, 0.5297607776592593, 0.15392264377943815, -0.11914558706408052, -0.183118397178432, -0.1965295655212958, 0.14770520141103766, 0.2953625319713001, 0.08161756338899852, 0.0001265903442903084, 0.0006380740606719724, -0.0007173929718878801, 0.04896051932365343, -0.0014373025271615428, 0.000556130774471712, -0.0003415928189703158, 0.5
42, 2, 1, 0.7420646058557822, 0.10886535945237129, 0.1467961035292401, 0.0022739311626064572, -0.40824392894440376, 0.35533736557481443, 0.5036801478010761, 0.5329759852832128, -0.021239804411240293, -0.15646683961832078, -0.1072929871788116, -0.09958642800186897, 0.1908038548456009, 0.15280777598033518, -0.026930050337061417, -0.0012542857182299126, -0.00025910181077271294, 0.0008255170019732212, 0.051164101107748515, -0.0006252422496577097, -4.1955965508319935e-05, -0.002482210287536404, 0.5
43, 2, 1, 0.7420537969455584, 0.10886250623230677, 0.1468052901274243, 0.00227840669471063, -0.3423789061671239, 0.32406179436555427, 0.350888888281734, 0.5466318969299098, 0.047627777353702105, -0.14143420461629336, -0.03757177107384001, -0.15778471705796246, 0.24417412117413445, 0.20375692323741768, -0.09880008031155701, 0.0004140193847183496, -0.00096772758828149, 0.0003916440633358055, 0.05051418596648398, -0.002288171529623223, -0.001660487250028104, 0.0004783359796497131, 0.5
44, 2, 1, 0.7420536818045108, 0.1088625070467999, 0.14680580561461615, 0.002278005534073211, -0.33633965666022314, 0.4844509944250892, 0.44709482021791375, 0.5526551221250113, 0.22875117716603582, -0.1419579850901727, -0.29478841110026915, -0.071463072488128, 0.1643789076944117, 0.08518386562813943, -0.16194123972967014, 0.0008911989052118074, -0.0004628775006110422, 0.000750120519511378, 0.04983647123316272, 0.0003991063781292329, 0.0016586803648686143, 0.0007707251997745082, 0.5
45, 2, 1, 0.7420536767488208, 0.10886249895958802, 0.14680582101824638, 0.002278003273344821, -0.1587218367938368, 0.25417016109870216, 0.5536209657796635, 0.39294936947760306, 0.2732124936718434, -0.2378466511153242, -0.09447638694130986, -0.20461231781670824, 0.11354667159674307, 0.1280921130909624, 0.07353528907568925, 0.0005029519559230402, 4.6210229825425055e-05, -0.0007480405963478363, 0.04928438673631584, 0.0015318597480702793, -0.0007598134718936281, 1.1627072515194965e-05, 0.5
46, 2, 1, 0.7420520577720153, 0.10886252811758025, 0.14680721974137384, 0.002278194369030611, -0.25240561104439446, 0.35363124784588673, 0.34351952927977847, 0.5010683164046212, 0.08112624218067457, 0.02147004583509633, -0.25157738070048763, -0.24034755328956708, 0.338189116505375, 0.18886799792292575, 0.08026763373391992, 0.0004873970471551352, 0.00014270232990682961, -0.002009015391098875, 0.0507315995762026, -0.0010766913975694841, -0.00018729403050112063, -0.0020352912707513717, 0.5
47, 2, 1, 0.742051979558257, 0.10886252443263458, 0.1468085172445385, 0.002276978764570018, -0.3226393543213325, 0.2591587061300721, 0.43088735248605203, 0.3871806315337918, 0.2710489999444058, -0.14032644266279282, -0.20731713400004753, -0.20502414345023273, 0.2851794527603782, 0.3343033697350955, -0.05998803007632212, -0.001918137280758518, -0.00013913939595056296, -0.00022973018363000938, 0.048897406870364264, -0.00028595128282417803, 0.001486698741112579, 0.0002362534108449821, 0.5
48, 2, 1, 0.7419446644485638, 0.10884734353916821, 0.14681161956528652, 0.0023963724469816213, -0.18088732490003104, 0.18136129922329552, 0.27070838053881896, 0.4268471294258826, 0.28228554426863284, -0.05844504058138369, -0.03768440612484073, -0.1943839483174984, 0.15171650220069172, 0.20077414411462224, 0.07085961632236151, 4.7436575459769e-07, 0.00035283386576297524, -0.00043782824808490724, 0.05082836389363969, -0.0007493123509204195, 0.0006717425497543436, 0.000358551136256628, 0.5
49, 2, 1, 0.7416176639791123, 0.10884748192418808, 0.14681371769511234, 0.002721136401587393, -0.24972285851285858, 0.2727152588677557, 0.2086983539115294, 0.4005768106600532, 0.29176421720080614, -0.16772828890813699, -0.13923547836478214, -0.17713626536401986, 0.12118888370911955, 0.13295435454245386, 0.12642197995275478, 0.0005795944407532849, -0.0004258321950300568, -0.0008379728574721163, 0.05060871417129914, 0.0015900323592599529, -0.00046566145708253, 0.0005986539308185009, 0.5
50, 2, 1, 0.6924114723370495, 0.10888980448781711, 0.14901337563479675, 0.04968534754033661, -0.34804563095796454, 0.36219183871115596, 0.2252181393683868, 0.3761701412291266, 0.02184721539094888, -0.15099068221161938, -0.1470992216547198, 0.059339983791422024, 0.12629914729153344, 0.14926465721825186, -0.03219320866303531, 0.0003591453440682492, 0.00221951045107721, -0.0001244932466381285, 0.0484674531048978, -0.0003797338904887908, 7.949528011893286e-05, -0.0005555910665462362, 0.5
51, 2, 1, 0.6923981960301058, 0.10873176686627772, 0.14903532043713139, 0.04983471666648515, -0.31025480606395117, 0.3005793563287745, 0.3494353655533658, 0.5476519204682713, 0.08500332681793461, -0.10430882276276807, -0.07452666872641629, -0.048654166172466484, 0.2619957049707028, 0.1416551341842485, 0.09838234952094926, 0.001536900273454643, 0.0002675660912476347, -0.0003453776406721644, 0.04962052378176293, -0.0008399442200474685, -0.0007340476768105971, -0.0009068953060888509, 0.5
52, 2, 1, 0.6924075592309764, 0.10873081349370839, 0.1490633323074277, 0.04979829496788753, -0.18877923692915202, 0.29962895715009535, 0.4384652153129579, 0.5829617108621544, 0.1264358316131698, -0.17255803081185275, -0.1641369222907339, -0.2570935754592646, 0.08036515193533597, 0.3824313018035293, 0.037303767289255954, 0.001209382267614256, 0.0006747169791181272, 0.000563155161264022, 0.048875859921462206, 0.0004438746057356375, -0.0011386988291893479, 0.0007357121344508306, 0.5
53, 2, 1, 0.6924074895812192, 0.1087308338761128, 0.14906460301851215, 0.0497970735241558, -0.27613401607876076, 0.23809025323948457, 0.3407954223544888, 0.3690167358914575, 0.272956337299283, -0.23997381285181502, -0.2296146888223313, -0.072271800687953, 0.10398733988393219, 0.1196694677752443, 0.011387461386550071, -0.0002550098113626767, 0.00035613103492404226, 0.0007379942821318613, 0.04936522327368192, -0.0006077040687643598, -0.0010311500578851407, 6.370604283749365e-05, 0.5
54, 2, 1, 0.6912401391300242, 0.10873130501771396, 0.14951284385742072, 0.05051571199484107, -0.20201201710436262, 0.36382187520516135, 0.31668122071070137, 0.41623529428546374, -0.040571124630044086, -0.11179870383568649, -0.06617753064334976, 0.13933735426444122, 0.1929461392664631, 0.22420349803837789, -0.06060240151001053, -0.00032161569336558937, -0.0022720418902736116, 0.001099380049429351, 0.050045468588706885, -0.0007315863610475287, -0.000644823400405314, 0.0014093642657916291, 0.5
55, 2, 1, 0.6956881694465752, 0.10867684588503088, 0.15489399552765032, 0.04074098914074364, -0.3510928170047255, 0.3584746287543349, 0.30017536468672923, 0.2762136982351776, 0.14509199832112657, -0.21547902428821128, 0.09059221338036774, -0.08466097211967047, 0.006200490383202051, 0.35383417451642635, 0.0691713787269722, 0.0006273063627469255, 0.00034182885450782243, 0.0008605712936090247, 0.049923024657283294, 0.0006732110525938099, 0.0008026489568799169, 0.0009531179440601103, 0.5
56, 2, 1, 0.7219054669370367, 0.05091867505729269, 0.1581712185149, 0.06900463949077053, -0.08881876802568, 0.16994209380821945, 0.2307139108545885, 0.55874709999386, -0.06960906073335418, -0.11995311814281759, -0.06226778357725624, -0.19478879476146, -0.020059459594589657, 0.30499650466984063, 0.1016591285008696, -0.0016178397174811752, -0.0007308023486911445, -0.00022622573469444264, 0.049888665027947046, -0.0021163024760374573, -0.00031723762854031707, -0.0008175167067462731, 0.5
57, 2, 1, 0.7229197927025389, 0.05091316156204146, 0.15977355209369118, 0.06639349364172836, -0.4668774549271033, 0.1865951648485916, 0.215575708593164, 0.6268954874432057, 0.10482116354287566, -0.12888284080409268, -0.13923305913323591, -0.24369531693077023, 0.13695904032641865, 0.2558471502036907, -0.13564777639938536, -0.0004506995363292271, -0.00014966518295564686, 5.258798420406764e-05, 0.050350613631930795, 0.00018055215553043809, 0.0014111567994375578, -0.00039813067123149694, 0.5
58, 2, 1, 0.7253315863730276, 0.050925183509231586, 0.1610983620156382, 0.06264486810210262, -0.1472830887132473, 0.2739483224401903, 0.3308637939648282, 0.5697613931288908, 0.13820029161631758, 0.0872458684267865, -0.2783306858417278, -0.14305140485680548, 0.05806648615608513, 0.21547920602453696, 0.008976481080798276, 0.000544736273186504, -0.000982668047452017, -0.0006321833207439004, 0.05053676977058865, -0.0014036898413615471, -0.0013623158458943758, 0.002010051406931209, 0.5
59, 2, 1, 0.7253163595191168, 0.05092527211146526, 0.1611098473762135, 0.06264852099320452, -0.3085514521989256, 0.16606070011747415, 0.4045097017019111, 0.5557497185590877, 0.07884321382512252, -0.19199010279348516, -0.22666772234850704, -0.20966618930079567, 0.10679886579859392, -0.06679847204861637, -0.02153241080250684, 0.0003392760913738758, 0.0007816876617811665, 0.0008134008044853296, 0.04942242061537973, 0.00048520835644418265, -0.0007106898373859158, -0.0008230120991806455, 0.5
60, 2, 1, 0.7253125930521404, 0.05092531132140211, 0.16111192235265964, 0.06265017327379799, -0.2671860322106269, 0.27795234062766483, 0.3586275237090204, 0.4576855477238163, 0.0076155505050184095, -0.2774268456034972, -0.048941382047247683, -0.39466824264682127, -0.01009263529232971, 0.14773120599922165, 0.040521877459176195, -1.9858446378020642e-05, -0.0007307977237517436, 0.00011147326809388822, 0.0498808991484589, -0.00013738121901282676, -0.0005806176465026267, 7.262082433315685e-05, 0.5
61, 2, 1, 0.72591262589024, 0.0509609208409614, 0.16404871857455816, 0.0590777346942405, -0.2037690635172527, 0.27140551997911433, 0.2301422586448984, 0.6030432526986496, 0.2603199891452939, -0.11569823153118708, -0.06956917492182556, -0.34731537193796436, 0.09806393486146107, 0.4089805328879234, -0.12617863720590305, -0.0005365923011622805, 8.735319981520656e-05, -0.0003555013680207618, 0.0491486403274561, -0.0004590824632111513, 0.00022218520880832983, -0.000372995947284313, 0.5
62, 2, 1, 0.7247811440546563, 0.050961508943594656, 0.16409918849005542, 0.06015815851169368, -0.48095771195245474, 0.40752265675847166, 0.24053290167747407, 0.6930817293360736, 0.16696601406470024, -0.1729426047130842, -0.10782388649656047, -0.1297955489382095, 0.007020310435395971, 0.0336329270985383, -0.07846230155664492, -0.0004946295074487982, -0.001100609584066661, 0.0004203138155161611, 0.05036195379506646, -0.0003481364654668023, -0.00136202099886558, 0.0011309776698161967, 0.5
63, 2, 1, 0.724235531109414, 0.050962677073937084, 0.1643191562814532, 0.06048263553519578, -0.340697431499932, 0.20731497073148022, 0.13068794243709553, 0.5909188030753907, 0.1887349403087732, -0.09800282078296224, -0.23483189612934013, -0.10109316816356029, 0.033303686264849156, 0.05897330010241484, -0.062484650887358065, 0.0013098419578685188, -0.0005225439037661212, -0.0012655444652971413, 0.04928689708398575, -0.00028438981083568984, 0.0009211055555253499, -0.001080321622142048, 0.5
64, 2, 1, 0.724033486287991, 0.050945617910462676, 0.16448742800422977, 0.06053346779731654, -0.1623887471266377, 0.42094356530050475, 0.5244265110605913, 0.7243200497831761, -0.009414788900773251, -0.10213326917188865, -0.19345980223471512, -0.09343923393037476, -0.02264132047541232, 0.10157761122599976, 0.09551998177463343, -0.000579633372890973, -0.00019003006236600306, -0.00026805263093734454, 0.05019016199673748, 0.0015081026412011188, 0.00022334280514286955, -0.0010629136975729486, 0.5
65, 2, 1, 0.7240318649780806, 0.050945392612863405, 0.16447779976153332, 0.06054494264752279, -0.24344929408608565, 0.22668538195414314, 0.26002265596461027, 0.5401800546855531, 0.17732732024086822, -0.22134693979074851, -0.14037178322280566, -0.11759705252583412, 0.11932039370711514, -0.0639134922902155, -0.01618360219881175, -0.0006779956660237262, -0.0012675187461139539, -0.0005523980724304291, 0.04928780221500159, 0.0009088974826507666, 0.000523444248907282, -0.0008707892949796585, 0.5
66, 2, 1, 0.723875211803649, 0.05094125713262451, 0.16447835084831058, 0.06070518021541588, -0.32372817155265043, 0.335557649132358, 0.08588339111392548, 0.3964505830193297, 0.17796661794458019, -0.06580903522267542, -0.09345214685990341, -0.04693933091912326, 0.25046573145216294, 0.1714025575565797, 0.16691213377979314, -0.0003808484770796381, 0.0004168528378368327, -0.0033140129638804796, 0.04941575829056756, -0.00023729393146146435, -0.0011328123277718162, 0.00032211890044911223, 0.5
67, 2, 1, 0.7208899897861022, 0.04882499771173544, 0.16448878173669546, 0.06579623076546692, -0.42521023122626855, 0.12920560719326676, 0.11765328131605987, 0.5579928471211718, 0.03640309728312785, -0.1154348472524274, 0.07524463263114256, -0.14489038680240954, 0.280656660041014, 0.03287237636657627, 0.15861718319678864, -0.0015312994652645344, -0.002028088430430635, 0.001969647453756794, 0.05111040956937749, -0.0006718652021461168, -0.0011247415815547226, -0.0009127246608801361, 0.5
68, 2, 1, 0.7209180609496392, 0.04882362319128235, 0.16411849943716264, 0.06613981642191594, -0.16019415119061436, 0.0575843924659631, 0.1356600365979762, 0.46063218722929367, -0.08888947948458359, -0.2093612476356476, -0.13239470601121928, -0.15275860102930236, 0.24925571809976416, 0.10183530269234249, -0.056388193925328366, -0.00016882448789603397, -0.00020905225894415243, 0.00040592051029334533, 0.050532197950379, 0.0007862758452638031, 0.0003277902774092227, -0.001556763257096278, 0.5
69, 2, 1, 0.7197568828283755, 0.0488026274445831, 0.1641276575059475, 0.06731283222109394, -0.2706795780612425, 0.17465306455076463, 0.09977252408433346, 0.36144190749450694, 0.07749008865270121, -0.05171343441859445, -0.1951201671327394, -0.11757827629324953, 0.22305177121301636, 0.06428015518465913, 0.11166909873834505, 0.0006852154400753942, -9.622414905053249e-05, 0.000993775542573416, 0.05114296554766208, 0.000636881489338718, -0.002578467433377445, -6.98657924358289e-05, 0.5
70, 2, 1, 0.7190990741579724, 0.04878707305974466, 0.1643834048199137, 0.06773044796236932, -0.1354860043671307, 0.30967790051378835, 0.36853873162193973, 0.2750001876190023, 0.07764643760706443, 0.0442794494849984, -0.2514222425414271, -0.007957045260036622, 0.16624787388512646, 0.10872373204124838, 0.05590707175783296, -0.0016583862193353337, 0.0006910227212918825, -2.4027332189953393e-05, 0.049977568134933335, 0.00030839156219959713, 0.0005678383312018859, 0.00010960744355926649, 0.5
71, 2, 1, 0.7169707434064289, 0.048779176312631116, 0.1639759360188814, 0.07027414426205873, -0.014069438560629676, 0.08063430310712363, 0.23614037555502293, 0.45554287106451696, -0.013877679191881409, 0.010148065430482167, -0.2607160151025239, -0.057612213221107336, -0.011974356777909655, 0.15828317092376948, -0.09759401182849682, 0.0006435494500168637, 0.0008020891061743531, 0.0003317588807147131, 0.050104314529277584, 0.00038185261522925287, -0.00017988787158851224, 0.00045118580380614306, 0.5
72, 2, 1, 0.6452023911118109, 0.012845411722010838, 0.16351908948781887, 0.17843310767835935, -0.30608924736340065, 0.10664681838019599, 0.12918938684463005, 0.38018386800444265, 0.12655182614780805, -0.0057609220041306974, -0.05897227861353943, -0.10506874741732823, 0.1222594026004256, 0.2364526601076417, 0.013419125209723961, -0.0023652890002481526, -0.00021899324375113097, -0.0007429651423343216, 0.05122027551122601, -0.0019113484474779885, -2.7577765621487274e-05, 0.00047684053752696887, 0.5
73, 2, 1, 0.6459825716281675, 0.012842879431915508, 0.16255760555545354, 0.17861694338446346, -0.02212782959261712, -0.005433392695469141, 0.2204735864409077, 0.5910515557474529, 0.018925550732511155, -0.0972136865542643, -0.09663459521346715, -0.0009837214922365778, 0.30736974292406527, 0.15087905953567696, -0.18432651325830104, 0.002997958394266863, 0.0013121207411564155, 0.0005687006506582105, 0.049566344499397605, 0.0007838487886285478, 0.0012645221750406054, 7.381229842054083e-05, 0.5
74, 2, 1, 0.6459271715170505, 0.012843039794211043, 0.1625904055342009, 0.17863938315453756, -0.3241010406377494, 0.18338657800917996, 0.16138936749570904, 0.5108855623831101, 0.20726027815217626, -0.08664105687765519, -0.21812031880486474, -0.17411547787556886, 0.17399156564217508, 0.0007937973633525442, -0.11954052278255356, -0.00012974991559602816, -0.0005555395383601417, -0.0002519908491513818, 0.05014263682039614, -0.0005375407366628305, 0.00019518576815774912, -0.0018277795745273366, 0.5
75, 2, 1, 0.6458160218569494, 0.012843357432806625, 0.16262269440623725, 0.17871792630400682, -0.18552305847656858, 0.13321860590695656, 0.3629783997772916, 0.6557821105382666, 0.16809309786566307, -0.19403125785992223, -0.11375968508065401, -0.10513290408153067, 0.12491687914861624, 0.08985026056452634, -0.04905579877003491, 3.635096682552611e-05, 0.00014964850280345992, 0.00018918845244378488, 0.0506648405009677, 0.00046411245275770625, 0.0018859424890577121, -0.0013566242286923015, 0.5
76, 2, 1, 0.6449877262576377, 0.01284289865471892, 0.16260007645727156, 0.17956929863037185, -0.01142290361109215, 0.11178153024681317, 0.25272190211835177, 0.5435595433519449, 0.19343739201321708, -0.0035890829513537835, -0.1662294113263324, -0.027475004805854512, 0.11209441143326135, 0.19954152397255748, -0.06894803440370365, 0.0017977277678050626, -0.0015530732439482755, -0.00024740767065602827, 0.05071785920516543, -0.00208420495877911, -0.002218202756477532, 8.215947927463731e-05, 0.5
77, 2, 1, 0.6438842611581079, 0.012844127555634948, 0.1627673289999585, 0.1805042822862987, -0.246099107342923, 0.17237304229312833, 0.1652644279889648, 0.2812347462937529, 0.08821732727144313, -0.16831711633655408, -0.19937862676127724, 0.18469461685703034, 0.06796641580870397, 0.07428061673849892, -0.13732169896752866, 0.0013404552824407066, 9.411044607337554e-05, -0.0012057684490180305, 0.049656029183141416, 0.00021104619999317973, -0.0003460516872137662, 0.0011650305024579503, 0.5
78, 2, 1, 0.6027624180101339, 0.007569277258571821, 0.1625411985763015, 0.22712710615499274, -0.061889779537987286, 0.18003888717292932, 0.21223897025200972, 0.4438346273235486, -0.008106187342660687, 0.07594945742814647, -0.13058535531005772, -0.12719616426779962, -0.03561248309949707, -0.0711726967866102, 0.1271919018783481, -0.0020186653791788673, 0.0007744083133910878, 0.00013434088503203807, 0.05003350246448225, -0.0012251415303168658, -0.001371912018306812, 0.00036446806211918947, 0.5
79, 2, 1, 0.051705535007776526, 0.005975429310406318, 0.15226086712139, 0.7900581685604272, -0.2682563645714201, 0.2015255400612111, 0.05493338742880629, 0.4913144503493451, 0.16270737534468507, -0.08920023200017357, -0.043319949725886875, 0.007941406838022058, -0.08031491183171452, 0.07201652503036575, 0.09983363228837393, 0.0004491087949384324, 0.0012752934792023497, -0.0005527598443602152, 0.049089166704207876, -0.0001325131972002447, -0.00046859975709627206, -3.523233932336628e-05, 0.5
80, 2, 1, 0.0517408019513274, 0.00597645078260357, 0.1520882620084041, 0.7901944852576648, -0.08352709433150445, 0.136558324319842, 0.05353543721105131, 0.44760138054687726, 0.1199811704623005, -0.1328084341881815, -0.22978380921338334, 0.05025900685693091, 0.2335628072592663, 0.2510812403531918, -0.16222730431796298, 6.23100528419632e-05, 0.0008530009080212382, 0.0005803075436078026, 0.05132721699342584, 0.000627634831977313, -0.0005040734264885168, -0.0016850783078740214, 0.5
81, 2, 1, 0.05172444973142104, 0.005976461381627862, 0.15208704558608957, 0.7902120433008616, -0.19648531548861842, 0.12482992125993189, 0.1567399830596764, 0.526338798690566, 0.07456912556485969, -0.15880228762802845, -0.15038299420762477, -0.08849285159743717, 0.17644986036466906, -0.09875873556100384, -0.16547081323516982, -0.0007428719261837, -0.0002969914280635861, -0.0009119722962355919, 0.05122478652262981, 0.0011130519651028198, 0.0001559729800481894, -0.00025113203505643003, 0.5
82, 2, 1, 0.05305946240989178, 0.0039033358925167597, 0.15213038616602512, 0.7909068155315664, -0.21823275053431695, 0.061160430988643745, 0.1978709595260645, 0.5141511552681297, 0.09060385923348183, -0.03861485800547395, 0.024647688837695303, -0.2517157691650992, -0.011351401930509819, 0.256336121142986, 0.18257221900490128, -0.0013719670824565945, 0.0005179020364041177, -0.00047847256128458914, 0.05133346087747269, 8.250976349437688e-05, 0.0009039929545829175, -0.0005300129454892408, 0.5
83, 2, 1, 0.053020840701531666, 0.003903933559068487, 0.15067990358101577, 0.7923953221583842, -0.21149875621637224, 0.10472916609540706, 0.10911679448140488, 0.5193682830262767, -0.031985804155963346, -0.1488133750547492, -0.21119300091612664, -0.1280609527649467, 0.13906915455876187, -0.002060561617792189, -0.027312647460058924, 0.0010412037716905503, 0.0005153196581656856, -0.000460795174236778, 0.04883066566791507, 0.001658180117381199, 0.0006112243505133491, -0.00019620459735976615, 0.5
84, 2, 1, 0.05322653632095979, 0.003907564029013842, 0.15101473165686277, 0.7918511679931637, -0.08040989657674755, 0.09944555254344055, 0.06790035179570945, 0.43695624310274833, -0.05998243033573929, 0.0977521444401062, -0.3610170625577906, -0.05366865251099727, 0.01166340936970307, 0.17092270202386217, -0.14319716835139307, 0.0009727723627597582, 0.0005233257341929619, -0.0005088063186485504, 0.05072463731292113, -0.0002128925381724299, 0.0003065382479880083, 0.0015679155709676994, 0.5
85, 2, 1, 0.013478500449425461, 0.0037968442374182064, 0.0031289984744525194, 0.9795956568387039, -0.04873548494408779, 0.11828816245367799, 0.04658126500987579, 0.6975205472579544, 0.0020046104116152154, -0.0925296346567678, -0.06678899842196784, -0.0325351463848918, -0.10373128065683142, 0.08425127636360925, -0.08399117189415865, 0.0012115919385776311, -0.0010133290726546253, 0.0013602957653629287, 0.049995058525771116, 0.0014299988449256499, -0.00040526173919088626, 0.0020196876537657902, 0.5
86, 2, 1, 0.013348151563698632, 0.003783148053846501, 0.0016811754532914311, 0.9811875249291634, -0.17382238568467862, 0.1097439518474664, 0.13577397491289106, 0.29510993555124043, 0.044761402494734204, 0.015024728999571612, 0.14639618588200048, -0.012570636081292769, 0.16041796404392566, -0.020698955947000018, -0.04970715060300442, 0.0005693073544784003, 0.0002695421461346845, -0.0002590846913925096, 0.050107116926960946, 0.0026081991351368868, -5.142687891656407e-05, 0.0019602202020016337, 0.5
87, 2, 1, 0.013398773770765092, 0.003784097001186148, 0.0009215235015327237, 0.981895605726516, 0.056012667653782267, -0.0935201086308936, 0.0832428602561178, 0.6256529266920556, 0.11858090873138165, -0.1300338872961297, -0.19725508964460342, 0.08285731202870986, 0.09555707813028709, 0.004178194088801562, 0.0559898453506066, 0.0011636518201320434, 0.0010122439355702967, -0.001524571744116459, 0.04950166139734502, 0.0006430044165787023, 0.0010363944520998844, 0.0021687184193086204, 0.5
88, 2, 1, 0.013402761217392442, 0.0037841238485961035, 0.000925925198060725, 0.9818871897359507, -0.0942106915997801, 0.2881576762838901, 0.1034178931255949, 0.5424005365587166, 0.13307599450419896, -0.112947793866328, -0.1058838095794479, -0.21031346172468474, 0.10346114642462316, -0.07957212952901618, -0.07678492233260023, 0.0012459238405749054, -0.00032621226468965934, -0.0003119560410150468, 0.04886525474784171, 1.675361508693054e-05, 0.0007154516781311903, -0.00016697850518974954, 0.5
89, 2, 1, 0.021652838715958515, 0.006435716019241014, 0.01623004972858074, 0.9556813955362198, -0.2403269498484994, 0.032810596319528554, 0.10442771453378705, 0.3983708172854752, 0.4500215204644887, 0.06641876284947071, 0.05675782063460435, 0.06688979131030803, -0.0176426063318773, 0.07146176233941307, 0.04118395275845159, -0.0011711932827173136, -0.0005804682416776887, -0.001295436738363832, 0.05134185381043305, -6.42067760671131e-05, -0.0018046845479414559, 0.0005544833165512474, 0.5
90, 2, 1, 0.0341055097390181, 0.006618146879128983, 0.008916700224437924, 0.950359643157415, -0.20937982151464868, 0.11624496851099049, -0.0773661451451106, 0.527422373963959, 0.003927854485156579, -0.07064705544259262, -0.24419089895380952, 0.008895386793763338, 0.005205401591639869, 0.12052986706831739, -0.06628953684295077, 0.0015570613176721726, -0.00012251786706767316, 0.00037351500968311243, 0.048978855949366115, -0.0002740588609217651, 0.001523366538893918, -0.0004854149253117385, 0.5
91, 2, 1, 0.03345776390734418, 0.0065982013614198495, 0.008882952171713273, 0.9510610825595227, -0.20239507743047574, 0.09835167011620796, 0.19884959666786323, 0.5503095242138176, 0.10153115167276379, -0.09542249134868648, -0.15699945319875824, 0.018843956394302197, 0.10330132953174975, -0.009682425232175107, 0.09551579785639228, -0.0013320414334737686, 0.0015260854708723404, 0.0005314885336376405, 0.048913132730185174, -0.00024794097636704455, 0.00017712181655841501, -0.00014800674717644586, 0.5
92, 2, 1, 0.03299364538364261, 0.006598367034615078, 0.008378555606680438, 0.952029431975062, -0.011407285825586366, 0.14222731168637406, 0.06601394603692315, 0.4184604507216939, -0.022313506011803354, -0.18148098783127936, -0.1742118538846712, -0.1154989693074846, -0.00583656003670367, 0.023074440707875298, -0.14936382814964502, 0.00048666988565731275, 0.0009279980472698089, 0.000425241204704016, 0.049301039011781164, -0.00035663362557018005, 0.0004729879635485738, 0.0005527012094987592, 0.5
93, 2, 1, 0.033087421452201594, 0.0066033120781475415, 0.0023876485265179504, 0.9579216179431328, -0.09275306219044524, 0.07188439645171099, 0.04451209259276463, 0.61612493264937, 0.37492723450358706, -0.025081968481984428, -0.08584969394327596, 0.0037700835447011306, -0.13118865703378807, -0.0009129688461186114, -0.18003065368031204, 0.001912113749201788, 0.00025417588676882, -0.0020192802698374107, 0.0509631812376707, -0.0013939434131236999, 0.0008435946114603443, 0.0007123576411434854, 0.5
94, 2, 1, 0.0032907995593462656, 0.006603185903403641, 0.00037618296692704925, 0.989729831570323, -0.09022607647517056, 0.07719223281654855, 0.0839842950975818, 0.5496239840210999, 0.09886023605955799, -0.04642344778005188, -0.0056649057722304, -0.061981882335006414, -0.12351129205694125, -0.07275687177047667, -0.04991271104217753, 0.0005793748048789683, 0.0005523034553894931, -0.0014552512770267929, 0.051249402375741174, 0.0012491434070688913, -0.001998197685355537, 0.0006762981022869417, 0.5
95, 2, 1, 0.0032904300649071088, 0.006603186523397006, 0.00037621400966325277, 0.9897301694020326, -0.0316913954540044, -0.12058080422429773, 0.2397913666497228, 0.5574744839348325, 0.2639900073993412, -0.1650984864027964, -0.10094916407770724, -0.029289012295251687, -0.1081948519635243, -0.22476905057335386, -0.07216878887527926, -0.0007727987190981563, 0.0014710767942054267, 7.338361841334145e-05, 0.04888248590560772, 0.0008719799202615199, -0.0007533451054072378, 0.0002752639983016942, 0.5
96, 2, 1, 0.003316349232627382, 0.006603363910688522, 0.0003915286189924784, 0.9896887582376916, -0.11495930019098241, 0.12328792211210764, 0.0019742412353962293, 0.44189305132540013, 0.22082754173171343, -0.007628890041599101, -0.08020207499239249, -0.10193527902152108, -0.16981963597534047, 0.010010332235693049, -0.22636146802624652, -0.0011479454627607206, 0.0006938497334086206, 0.0007933064384094121, 0.04946880690728668, -0.0014431449460464286, 0.0022760534457477435, -0.00033764833784275807, 0.5
97, 2, 1, 0.0032053032318970025, 0.006603324233021289, 0.00038629014142718503, 0.9898050823936545, 0.029781734691356032, 0.09914779414585259, -0.04507394549192545, 0.46001617327660194, 0.10665075423610555, -0.14927061811313871, -0.1423954529722428, -0.07597151027099561, -0.09414067982709402, -0.18423152628393666, -0.002219145318239828, -0.0011650134195244372, -0.0007448178216952476, -0.0011018631855646969, 0.05042076045949138, -0.0003563344983055034, -0.000645447104943478, 0.0008215412219258992, 0.5
98, 2, 1, 0.002523252527128865, 0.006470472207350529, 0.0003217595979023343, 0.9906845156676183, -0.02898390801092974, -0.12421802554096002, 0.06528359799861927, 0.5369313219927803, 0.0759792213877009, -0.15186202424122935, -0.15809272066951566, 0.024699390174653394, 0.04438213807737172, 0.02614144255046901, 0.12039425710238776, -0.0012282041853085175, 0.0010163092368784005, -0.00047946977471024474, 0.05015212761232966, 0.0009382549231637963, 0.0009922880251689843, 0.0007636156668912598, 0.5
99, 2, 1, 0.0007603647189365117, 0.006467796527486225, 0.00021611834822281412, 0.9925557204053544, -0.02813024315741654, 0.04941544381942013, -0.04065131597460803, 0.376158144852082, 0.1028756619088937, -0.0662750688526487, -0.08742304062915496, 0.08706317111890587, -0.06736483411238336, -0.055032574243266366, -0.08496432818287167, 0.0013454329135464578, 0.00018561104262231805, 0.0007413924594315824, 0.049189879570432596, 0.0007617331926755499, 0.0004416669034131783, -0.0006733573113878213, 0.5
