t, Event, Policy, P(still), P(random), P(reach), P(transport), o(t), s_a 
0, 2, 1, 0.06115996092557907, 0.015128075145184994, 0.9237120151519775, 1.1730866278369945e-10, 0.6231066074904541, 0.7503844452828015, 0.7624778794208744, 0.26519516377904895, -0.023136941970684288, -0.12891677634855395, 0.03269762336248032, 0.2654058566893244, 0.2137225233581171, 0.29193133949469147, -0.009219034473251165, -0.03600314323138416, 0.0767411372888189, -0.010498364815913496, 0.004416530381974415, 0.13610236764721195, 0.0268603165000482, 0.09466946981305492, 0.4
1, 2, 1, 0.061155826059248145, 0.01512807745007115, 0.9237160963698555, 1.2082504683660968e-10, 0.5409931152926093, 0.5976308534502597, 0.5911559440611522, 0.4199566929766402, -0.1419492056512382, -0.15196661021672497, -0.08349789499267522, 0.16885098652488031, 0.3549973853797276, 0.43770469107651344, 0.028462574293740224, 0.0005465231390741419, 0.00036962141945028727, -0.0015283068325011799, 0.09382544636091228, -0.00022128964198984066, -0.0008914108632419471, -0.0008336626562181484, 0.4
2, 2, 1, 0.06131421899901473, 0.014946737104648, 0.923739030767619, 1.3128718376378214e-08, 0.4957749327339574, 0.5300010120714604, 0.5207395796634975, 0.31160093278546896, -0.08218931055033799, -0.14558956678275295, -0.06816412107172919, 0.07115644418012135, 0.4245914307050275, 0.14047789297915472, 0.04733685357181091, 0.0006190480140040868, 0.00013186802769837492, -0.0008762582911882524, 0.09450045060264399, 0.0010366813259297006, 4.2679114785891366e-05, -0.0007202626098368091, 0.4
3, 2, 1, 0.05814357639837954, 0.014979316647048454, 0.9268770896709574, 1.728361465697936e-08, 0.6153029832444401, 0.6753286819411097, 0.5904005345074693, 0.5179048798522023, -0.21368579137020788, -0.05150151269374598, -0.10829476341604669, 0.3635569015766039, 0.3321926428593895, 0.2194371573444227, 0.09395621544562875, -0.0004893208024879348, 0.0007222663951315124, 0.001042913823246911, 0.09662550865764084, -0.0004559298870098347, -0.00011452302949288685, -0.00010113536401050239, 0.4
4, 2, 1, 0.058168154323080146, 0.014950295276162264, 0.9268815331171376, 1.7283620030007187e-08, 0.4588343940506386, 0.501252633152129, 0.6766059681233412, 0.35847968133783653, -0.09158294709153714, -0.06143771492015828, -0.0840235970095639, 0.41091468500046463, 0.07731773716024967, 0.3327771755259449, 0.2591153269734788, -0.00078282270905068, -0.00036331641036215856, -0.00018973954307393895, 0.09550676115961959, 0.0011309717036788439, -0.00036437791059959696, -0.0006946158304385533, 0.4
5, 2, 1, 0.05820414710025015, 0.014862260527933524, 0.9269335750773372, 1.7294479210603754e-08, 0.6847507131680894, 0.6790559117413004, 0.6265136524639291, 0.266952246199571, -0.12697570285249313, -0.12909371732826203, -0.20446715223978779, 0.32907351737958024, 0.36206506060191174, 0.3314716731014979, -0.033594798753525015, 0.0008769817346757551, 0.0008738199827885605, 0.0008039973025676488, 0.09289644008723466, 0.0011757744974117755, -0.0008387576877624878, -0.0026157928700378135, 0.4
6, 2, 1, 0.05822972310158623, 0.0148094002207764, 0.9269608593747237, 1.7302913748903924e-08, 0.47089854816760346, 0.6602798961398941, 0.5471570032462707, 0.27995833610771365, -0.16327636315115046, -0.08850096601006933, -0.2329059436886875, 0.15531980916303836, 0.09845631617702968, 0.48429844040570175, -0.031911126871287505, 0.00034076074660959637, 0.0005955978388197518, 0.0003901416883400228, 0.09438744822720443, -0.0010325264249133428, 0.0002666472863129812, 0.0005791266995711824, 0.4
7, 2, 1, 0.05822820587034681, 0.014809534884783595, 0.9269622413824147, 1.7862454832870355e-08, 0.7655977202957424, 0.6190977175911488, 0.49013467988343307, 0.32851479708837034, -0.15185068758774434, -0.2521960805816176, -0.09283444303728412, 0.11488107017150884, 0.3325840360991491, 0.21765551420672677, 0.03730926644277902, -2.41556368034354e-05, 0.0007713287317399397, -0.000875757347433994, 0.09592600134291403, -0.0013605707845126996, 0.00039591825145308653, -0.0006854109384702069, 0.4
8, 2, 1, 0.06327997217473386, 0.00806948117054161, 0.9286504063107582, 1.4034396639006167e-07, 0.5277160713286543, 0.5490232820577914, 0.531952081049841, 0.3811538797450232, -0.02646299942710121, -0.1137870417520205, -0.01439083107783603, 0.37515304780225234, 0.30276940718568807, 0.1365723475787562, -0.17406809380629634, 0.0010789207260492428, 0.0014854202318808777, 0.0007420699583711605, 0.09429859089774709, 0.0009448823929036341, -0.0016523767074591085, 1.7306907543862523e-05, 0.4
9, 2, 1, 0.06620545907473913, 0.004332185300304816, 0.9294622147842764, 1.4084067957999515e-07, 0.3987532325496314, 0.5159411379942197, 0.6715891392870849, 0.43026196124284144, -0.082326869233735, -0.015189349696759646, -0.25748597946253604, 0.2532617061534349, 0.45267554105565255, 0.2026924145471765, -0.05830893872802625, -0.00019562493359991822, 0.0009991366749075483, 0.00037101752514671313, 0.09508048105690772, 0.0010471663814038293, 0.000994140433309378, -0.0011320673398784596, 0.4
10, 2, 1, 0.06620549914823974, 0.004332039688484279, 0.9294623202887873, 1.4087448877500745e-07, 0.6281258201683351, 0.5404920597588019, 0.36842411592565416, 0.4304111284234139, -0.17790708121122048, -0.3554140488439569, -0.16710828913926068, 0.22322607640625503, 0.03643493819440944, 0.23549927757045194, 0.04586008776140425, 0.0007472479203023951, 0.001836014214224696, 0.00015622807863939514, 0.0941925601078584, -0.00059115089200444, -0.0010763009100324794, 1.2010068289013559e-05, 0.4
11, 2, 1, 0.06620531393429233, 0.004332045744271052, 0.9294624994468985, 1.408745382250447e-07, 0.6162880987507633, 0.48763439900285094, 0.6696319205441814, 0.5040777690635371, -0.10348524316574888, -0.1187705372110401, -0.3880769788633096, 0.11480808484193025, 0.2462781129536943, 0.15970222559764136, 0.06551293147120625, 0.0006523845850935061, 0.0005499056675364076, 0.0013854988168825995, 0.09442839166458541, 0.0007146141905591584, 0.0009194843947049533, 0.0006187650906534153, 0.4
12, 2, 1, 0.06628347969353737, 0.004226556834931892, 0.9294898225525834, 1.4091894720180926e-07, 0.3627659401843314, 0.4823509382741391, 0.6210707799391655, 0.38818311016781576, -0.07497039233837646, -0.18734731469017768, -0.25060191235627405, 0.21512226398429032, 0.1673418484333366, 0.2314170773001941, 0.04848545244636523, -0.0004124582486200434, -0.0002573200341724676, 0.0006348541751092331, 0.09385452498419196, 0.00040638689377689387, -0.0009600531876799593, 0.0018360992984156107, 0.4
13, 2, 1, 0.06617099922237264, 0.004217929987152822, 0.9296109298388969, 1.4095157763499027e-07, 0.575053794218688, 0.6341156805874418, 0.679068406436756, 0.3581189935879059, -0.10154240400133589, -0.20647837441720868, -0.059603206193328685, 0.28401110823331754, 0.39706608871588517, 0.2582518744771048, 0.0247575328729092, 0.0003541012519647171, -0.0010764306979480806, 0.0001651540387642205, 0.09726316094113976, 0.0010665191103591365, -0.0010157930547435923, -0.0008581743442760902, 0.4
14, 2, 1, 0.06507522557352169, 0.0027532391948038026, 0.932171394276819, 1.409548554653425e-07, 0.5485043199957307, 0.46256677643034605, 0.7908896221117965, 0.5606670130135984, -0.1522879303674482, -0.006393457944094627, -0.022226921281579458, 0.34995608171121334, 0.10702948356499227, 0.22591246019394456, -0.04354549517260963, 0.0011404898395669838, -3.67967768171738e-07, -0.0002661746753211202, 0.09528470183650603, -0.00030514122604065796, 0.0003495386759514884, 0.0013853361074726547, 0.4
15, 2, 1, 0.0650752227778499, 0.0027532390029442484, 0.9321713972643502, 1.4095485568167587e-07, 0.45574995886668024, 0.4188032354457598, 0.5602271458354173, 0.5040599902945007, -0.2624919694599465, -0.2729925350356215, -0.0741091023899016, 0.27531452203738255, 0.2068816647331145, 0.48845128981965197, 0.22305306733395716, 0.0010320475530290678, -0.0005323885962649951, -0.0003271460405445486, 0.09513716305061325, 0.00042172640314021753, 5.027715129294015e-05, 0.0010826478434461063, 0.4
16, 2, 1, 0.06507482009519387, 0.002753162640742258, 0.9321718763092074, 1.4095485650018035e-07, 0.5430681320769558, 0.6749797333963639, 0.8031529573676386, 0.4885494321953979, 0.018040909583037435, -0.2205915116726306, -0.17630330565073477, 0.20781880546299666, 0.0518603736064591, 0.15481818100288008, 0.14378011873512395, 0.0005491138192212863, -0.0005915977763204162, 0.0005311794766474293, 0.09454093335761167, -0.0018335124583881545, 0.0017332520531533608, 0.0006408616486554547, 0.4
17, 2, 1, 0.06514932717694698, 0.0026171890958522196, 0.9322333406689749, 1.4305822589644062e-07, 0.6170644946834474, 0.4781265677750689, 0.3454860711331845, 0.5408894919105326, -0.10051476276815001, -0.16385922202898215, -0.3328832456721783, 0.19661382926002127, 0.18228220612577717, 0.4359652263305077, 0.041353817054120105, -0.0029298787763850044, -0.002178308389779558, 4.394288648485679e-05, 0.0940719701844097, 0.00048449285713069747, -0.0001285416932864232, 0.0007173245974735553, 0.4
18, 2, 1, 0.06431163532076707, 0.002574959209568164, 0.9331132620622987, 1.4340736610840496e-07, 0.4348901391133687, 0.4140837640884075, 0.5681329399201875, 0.42517388371912734, -0.09868739976008892, -0.12461182477358039, 0.06243150777251658, 0.298128010863297, 0.41886282507301253, 0.4344403957243569, 0.03537991406297691, 0.0001133617129825831, -0.000628539372405306, -0.0005679476482967341, 0.09641188410137301, -0.0005259943391669661, -0.00215071972870562, -0.0004935875848664864, 0.4
19, 2, 1, 0.03169712884515584, 0.0031825870874971586, 0.9651201335882269, 1.5047912014331357e-07, 0.3445163393914593, 0.4664214451512475, 0.691918707413899, 0.3040481927792257, -0.19624962321417436, -0.01677299962681287, -0.016807657088939942, 0.27173108067087715, 0.38363730712034905, 0.26902920456225876, 0.008768442715477854, -0.00045832681795277404, 0.0015689336464058904, -0.002162696903532417, 0.09401466851791124, -0.000938162298229016, 7.294540175851535e-05, 0.0021179857398287453, 0.4
20, 2, 1, 0.03035801057549522, 0.003289479045113463, 0.9663522247372847, 2.856421066626936e-07, 0.43144409521386323, 0.5257707275664587, 0.4973990762770145, 0.345520503813825, -0.19955952284693906, 0.06433539344321015, 0.05562560850869216, 0.20678286816317634, 0.1730794167137037, 0.20980254759117636, 0.08199662913925818, -0.0009902986282588548, 0.00014190450635873255, -0.0006920917307678987, 0.09423393873262587, -0.0006775657772464534, 0.0011304761702056474, -0.0011681534560571021, 0.4
21, 2, 1, 0.03028960030772256, 0.003291739831706546, 0.9664183695663429, 2.902942280532005e-07, 0.4474613663279122, 0.4813295430661517, 0.35657552120345243, 0.4675438017944697, -0.2372358427556117, -0.10153338170440278, -0.009511782070221098, 0.384679155499447, 0.2985926213297305, 0.3424760512584292, 0.1071168778308185, -0.0013231016061985466, 0.00021584229631224018, -0.00046040338050913013, 0.09479353911874903, -0.000715236030021634, -0.0005096965335544192, 0.001284230286669695, 0.4
22, 2, 1, 0.01559850353241446, 0.0038975050035002772, 0.9805029333538429, 1.0581102423833203e-06, 0.5688045008352526, 0.6751329143291669, 0.5154581939950138, 0.44291343728771604, -0.20741181918093127, 0.018820993362713145, -0.11723595211119027, 0.15634595425756256, 0.14270593464505602, 0.2608274506921253, 0.014795051756588568, -5.9459665512745174e-05, 0.0010142824165867588, -0.0008708767731081433, 0.09663744416478741, -0.00092907857338015, -0.00041765730111377843, 0.0005559289250637367, 0.4
23, 2, 1, 0.01567629054572242, 0.0038087147130308322, 0.980513937242373, 1.0574988737230924e-06, 0.40754729314621746, 0.13009342589984318, 0.6042056824182918, 0.5462647256819506, -0.0802719924919039, -0.04324283092666461, -0.20670770746789371, 0.17352346582155967, 0.20143750714530237, 0.14822659688319934, 0.07645018809593533, 0.0007457183946351083, -0.0008450740304686216, 0.0006714067370588455, 0.0931388860061795, -0.0005438727572326499, 0.0009269429946391938, -0.0011726877115965744, 0.4
24, 2, 1, 0.018048324954543487, 0.00022441704380306133, 0.9817261901471016, 1.0678545518621556e-06, 0.40383399432556943, 0.3808517453438953, 0.5682872429528253, 0.37861172266778015, -0.013293036781352274, -0.15749809185263164, 0.13217109068680472, 0.2511151365989483, 0.23937544584361853, 0.2161646565510924, 0.13028390675412757, 0.0013188102377725774, 1.2352834296187578e-05, 0.00030652977180606236, 0.09664945649625681, 0.0005695477875372881, 9.845509912304704e-05, -0.000910246609663909, 0.4
25, 2, 1, 0.01797576791087938, 0.0002275575182447367, 0.9817956030108361, 1.0715600398290306e-06, 0.4321264123458943, 0.5906257091443917, 0.4437633010410932, 0.5126696489351127, -0.25537376061772116, -0.18579801885222144, -0.11608007333491621, 0.3059474011624394, 0.13891080276191334, 0.2575138921909167, 0.08894226378788705, 0.0005718727008075051, 0.00018317374178224255, -0.0012069223633057718, 0.09627168753266588, -3.86953668840061e-05, 0.0019307163620386615, 0.0009766016923418433, 0.4
26, 2, 1, 0.017928676379524812, 0.000106875041359432, 0.9819632652323483, 1.1833467674878475e-06, 0.3182832220461581, 0.27693216741840276, 0.4159721704303479, 0.48281844937274404, -0.08191569554428638, -0.06504489918514653, -0.058002525284605255, 0.24181620927099434, 0.19871414468772075, 0.28579997438451893, -0.020324821148914034, -0.0002957179696068667, 0.0005374196160061986, -0.0002457348690613971, 0.09501105818008981, -0.0014130872531447646, 0.0011394485786493792, 0.00023515660000952252, 0.4
27, 2, 1, 0.017928674230639843, 0.00010687508801324637, 0.9819632673345338, 1.1833468132172079e-06, 0.40670558053245004, 0.26608337957495654, 0.5352151972571553, 0.40696501726064255, -0.17398331050246557, -0.2999602588834108, -0.3496777146436987, 0.11669453864682336, 0.2982010276430619, 0.25208425700073916, 0.020728614318436527, 0.0022527057093318036, -0.00034566277146624673, -0.00023095861531401452, 0.0949822707171167, 0.0008535682992283069, 0.0016661267051151867, -0.0005467320261656016, 0.4
28, 2, 1, 0.017050993250584564, 0.00015388429249442703, 0.9827939383778626, 1.1840790583862926e-06, 0.38876991230095026, 0.37565710810862735, 0.6144495774617325, 0.5832819512447402, -0.22572973692212384, -0.1547406175242819, 0.1264788702399387, 0.1819491569888223, 0.1271516334688879, 0.33810954574746177, -0.07063189355818386, -0.0007539650314605092, 0.0006331014469945064, -0.0012336463686530702, 0.09534465165869788, 0.00020062588018645222, 0.0007708870131158083, -0.00014822204099138156, 0.4
29, 2, 1, 0.017050363937715547, 0.00015389201788676608, 0.9827945594578545, 1.1845865431973318e-06, 0.23809823198774094, 0.5484640960734497, 0.25004837592938306, 0.4650040970365693, -0.13497120261711526, -0.21424313743809725, -0.18131511599238914, 0.2647883595957131, 0.12624436857948101, 0.4039262313605548, -0.031228607848750978, 0.0007293894633086633, -0.00012180669480270421, -0.0011333761855756744, 0.09484101652708883, 0.0012788322554481096, 0.002305004900406392, -0.0011706628564065776, 0.4
30, 2, 1, 0.013140480391309476, 0.0005881744486686403, 0.9862687380658625, 2.607094159427706e-06, 0.6111734021843993, 0.5023890292551387, 0.5041203749864488, 0.24378223353692183, -0.16759719688723376, -0.056116238557422135, -0.08753246268195174, 0.04907671971093812, 0.17441235405204844, 0.13232380017355094, 0.09762550789219603, 0.0006744442452610895, -0.0003467216512272194, 0.0010591618095962267, 0.09499419441557048, 0.0011407511539659589, 0.0016857339497605688, -0.00028719680874419193, 0.4
31, 2, 1, 0.013368290141173578, 0.00029666528346330756, 0.9863323465345691, 2.6980407940574778e-06, 0.40351809471451494, 0.45243328945243483, 0.2879704791053531, 0.5321885725721963, 0.09385205250506648, -0.20042749215191327, -0.09296712001981577, 0.26399744834470174, 0.06683304301412027, 0.2765217400143207, 0.09939140357795512, -0.0022122857868995508, -0.0011627829839032425, -0.0006375568986491982, 0.09393875254017832, -0.0014545006448001521, 0.0003127511795157615, -0.001008646490987022, 0.4
32, 2, 1, 0.013364779187248156, 0.0002969556532324808, 0.9863355398116423, 2.7253478771467403e-06, 0.4951164199297307, 0.4106640347983987, 0.36259861567648927, 0.378036798713968, -0.032865829209846174, -0.1279931670538292, -0.18961939678967119, 0.15738245742536602, 0.2682251015282694, 0.10267130291904414, 0.16740942290991573, -0.00043571686912548637, 0.0002293276551802653, -0.0026347126186756814, 0.096041682282941, -0.0010201485705623372, 0.0007920496891902597, -0.0005717131282876752, 0.4
33, 2, 1, 0.01341345909574139, 8.822729967720335e-06, 0.9865749918614583, 2.72631283261557e-06, 0.2686382844297234, 0.4116226487520521, 0.5922993864349776, 0.4082796606097271, 0.06552983593141899, 0.022272409475974662, -0.0053421750676264645, 0.2975137316593754, 0.2537066069232033, 0.2650340794429126, 0.08359673982723743, 0.0008971803571254091, -0.0016935488749154493, -0.0015537117881564832, 0.0952204181187269, -0.001585681208891087, 0.000493194913506245, -0.0016395601636818118, 0.4
34, 2, 1, 0.01324169213615743, 5.5916824769680855e-06, 0.9867499741974326, 2.7419839329670477e-06, 0.43093158758931976, 0.29721117841142763, 0.4369245668882448, 0.4438802040798965, -0.0634831987564654, -0.027847038652295496, -0.0872950497300694, 0.31791193010256363, 0.2077938833424172, 0.28868398646952514, 0.06753003494592488, -0.0016143786647484497, 0.0012889404118548923, 0.0019405853906653008, 0.094307137026568, 0.00215816380076492, -0.0026220454450186044, 0.0003160809489134842, 0.4
35, 2, 1, 0.013241347465501296, 5.6239403748998105e-06, 0.9867502730997456, 2.7554943782113985e-06, 0.274952016931703, 0.41391453280864726, 0.27914565798369617, 0.4348223405958847, -0.20989582930644013, -0.23479196682236578, -0.12500861787828937, 0.20523007782629973, 0.3380050333442333, 0.22653736612989167, -0.0655706740208827, -0.0023222745269521885, -0.0014798705381959452, -0.0009592295689012556, 0.09594159879669838, 0.00013566163558052536, 0.0009706393021809753, -0.00046828995103652984, 0.4
36, 2, 1, 0.01323889266077087, 4.790393666325245e-06, 0.986753096648609, 3.220296953662438e-06, 0.36547149403893353, 0.4553006621267438, 0.27786521652425655, 0.3891411557899537, 0.1586358396802657, -0.08761188859052693, 0.002481388105899751, -0.01145046343994498, 0.18655515868410547, 0.13205021196126246, 0.029879805690900086, -0.0014666518515805888, -0.0007110712306706115, -0.0007886995662880007, 0.09638333903379162, -0.0008214625487380105, 0.0019711967192561413, -0.0006954572661002479, 0.4
37, 2, 1, 0.0129836863658414, 0.00010573129120454734, 0.986904192122608, 6.3902203459766195e-06, 0.21221826654159948, 0.3738475731680749, 0.31197467950551, 0.30794827728542534, -0.05761049852763613, 0.0284131638113579, -0.041128537757807795, 0.21126960960960056, 0.05191209528380296, 0.05442118962274376, -0.009289038065876812, 0.0009425778879723016, 0.0007415043644122495, -0.0016216419966869685, 0.09466390064635266, -0.0007062664319630021, 0.0011447411280553145, 3.736826122573841e-05, 0.4
38, 2, 1, 0.012983683790812248, 0.00010573211344152761, 0.986904193870786, 6.39022496029737e-06, 0.48382625360011844, 0.36560349714365026, 0.4240427809446886, 0.3303835804274132, -0.34170758234008736, -0.1996697299189348, -0.2329021015453619, -0.11369751566496718, 0.24631066726828044, 0.09728366505821431, -0.09408235361908496, -0.0012011128432288362, -0.0005109979998535924, 0.0012372429650876443, 0.0951114222269169, -0.00021352121555316293, -0.0006358923553291127, -0.00041510624893628374, 0.4
39, 2, 1, 0.012988757315337919, 9.66794209966503e-05, 0.9869075219920945, 7.041271571002432e-06, 0.42142328785520655, 0.38387190822794703, 0.32450108740197586, 0.4260161329314453, -0.14669837055746993, -0.09715163801104629, -0.005440974768680329, 0.014093187341838708, 0.22294847251832964, 0.19074152019234603, -0.32773279631840513, -0.0003253100194844873, 0.0024051820154444388, -0.00026434440069282247, 0.09576546297003943, -0.00010901227133682691, -0.0008441866196060485, 0.0019418991443376052, 0.4
40, 2, 1, 0.012987560714475233, 9.685495299335679e-05, 0.9869085405498677, 7.043782663911277e-06, 0.4246376502474883, 0.432662672036328, 0.417385867106448, 0.3902670980825115, 0.0393296551610965, -0.29677710666451, -0.11250431397788163, 0.23774055674307756, 0.2390006100671948, 0.1970512679754667, -0.029505559114767998, -0.0006280500017003729, -3.5237380525191125e-05, -0.00026301774876091025, 0.09529168807733607, -0.00031137638378324274, 0.0009358172585998137, -0.0005469475332883882, 0.4
41, 2, 1, 0.012987680087407683, 9.596660023803057e-05, 0.98690930936329, 7.043949064264565e-06, 0.47278678570893584, 0.3183948566121826, 0.48497245132930755, 0.3092442489103502, -0.06546165043654927, -0.12907372018621666, -0.26630554255522115, 0.08011050077052286, 0.33299335442752687, 0.29829235779947305, -0.08350514830316391, 0.0008416266034921474, -0.00037225134424088405, -0.00039885507686027296, 0.09567250289281908, -0.0006219480813778293, -0.0001503714808776668, 0.0008198785788901996, 0.4
42, 2, 1, 0.012718223023948549, 2.6411386723341635e-05, 0.987248221490119, 7.144099209103632e-06, 0.40258872383958016, 0.3754981034361433, 0.46939715516529396, 0.47865792321826384, -0.03830738802048177, -0.11345465202239571, -0.11777247716874713, 0.16910346709660665, 0.3238226062841384, 0.3131068776246451, -0.008297159034716345, -0.0006708996188666899, 0.0004524861635723124, 0.00034093176629632023, 0.0951937624382251, 0.0009246590535237409, -0.00024760804216706326, 0.00013317379801038777, 0.4
43, 2, 1, 0.012715227804817254, 2.72166387340498e-06, 0.987274905767605, 7.144763704364874e-06, 0.2575364584168186, 0.30358673155136645, 0.3229367514813416, 0.27802896894517726, -0.008321411517952826, -0.1065428980084195, -0.04946317206478005, 0.23282929642574252, 0.1113103621853138, 0.5131676977555155, 0.13704358749327245, 0.0009672920139389007, -0.00021351216936445834, -0.0016706898924548832, 0.09469984738405099, -0.000563709238781362, -0.00033382214905578334, -0.0012612750595754393, 0.4
44, 2, 1, 0.012716059072047765, 1.24880521883472e-06, 0.9872755468907093, 7.145232023955276e-06, 0.24196594757446271, 0.2817353479697563, 0.4053144730635463, 0.5127478469124218, 0.023185410042348663, -0.09061534419160286, -0.2098052423663154, 0.2762057507178079, 0.11813886932791091, 0.22627386987754194, -0.11777124278995718, 0.0009444567680270983, -0.0006256651233297732, -0.0014534690146220353, 0.09613823405197429, 0.000835273578699239, -0.00032684065133085953, -0.0001624693690431636, 0.4
45, 2, 1, 0.011869424159719, 2.3043786108455335e-05, 0.988100174089439, 7.357964733649366e-06, 0.2653870356516691, 0.38464870130132206, 0.40611198610555677, 0.3453598409795704, -0.17444928059036605, -0.11655578719484623, -0.11670878644299272, 0.03716642167236943, 0.11680019339346726, 0.37873486938108797, 0.02441636125459315, 0.0007568027734879267, 0.00032370053510708934, -2.8422542317999244e-05, 0.09381884497395135, 0.0015354619562545357, 0.0011319901314523647, -0.00037880355193059084, 0.4
46, 2, 1, 0.011869328065161838, 2.3053775231441684e-05, 0.9881002473633046, 7.37079630209892e-06, 0.33598561771679053, 0.19089699685513578, 0.3316698445178686, 0.4371270538135768, -0.03060719559753646, -0.21912071097428898, -0.012347773324816024, 0.12229570912632523, 0.2895127767302298, 0.04750580814339893, -0.05990038567030742, 0.0008278562074749988, 0.00147282080953476, -0.0009954755245525713, 0.09639143396771882, 0.0011052644869309716, 0.00029919719020868416, -0.0008624301705636931, 0.4
47, 2, 1, 0.011734794833103976, 3.429722250446994e-05, 0.9882214746437138, 9.433300677719582e-06, 0.20566653096015433, 0.34654816519011283, 0.26254616671686615, 0.49259810547517846, 0.05230542449873503, -0.13143581634274848, 0.07424523291710836, 0.12668040427414687, 0.14372585643560104, 0.2927744888264368, 0.02893545234787418, 0.0006233413970071027, -0.0014229334166030922, 0.00014374153915134696, 0.09314781458744555, -0.0009686063140721919, 3.923149702396272e-05, -0.0010801036132278715, 0.4
48, 2, 1, 0.009955967606728422, 0.00028609969832505316, 0.9895950512162601, 0.0001628814786864276, 0.23574363899300446, 0.21950562630682907, 0.2485980978694018, 0.5108559105021049, -0.16280748697640893, -0.003604616109081826, -0.06049176021432719, 0.08158858175050179, 0.28393841750398463, 0.23207036566810305, 0.03721342983999557, 0.0007646636081843383, 0.000954966245005893, 0.00035952551046582713, 0.09566299104025243, -0.001835318384573324, 0.0004050882976107998, -0.0007744338659132579, 0.4
49, 2, 1, 0.009871489910527106, 0.00033622115628431117, 0.989627572257345, 0.00016471667584365169, 0.2543822383154911, 0.44692077213907344, 0.210106060474578, 0.4094914331542072, -0.07189989186221991, -0.15209425373627852, 0.049092770671234784, 0.1879372111524624, -0.014964897040020441, 0.05056717386585898, -0.04633566988153203, -0.0004883366580108668, 0.0006009056843062422, 0.0011681036284074836, 0.09492893216272924, -0.0018445691148287918, -0.0015675995626405902, -0.0008650147182752562, 0.4
50, 2, 1, 0.00987477235372576, 0.0003318701280383951, 0.9896284340784904, 0.0001649234397454034, 0.2505071315577283, 0.201660459028535, 0.11457050664860194, 0.3600987777979936, -0.17057609354806708, 0.013300885121696204, -0.18726376120119653, 0.1001230593904288, 0.02489386460580447, 0.25421910682627524, -0.06617123504005616, 0.0015313141890797935, 4.445124336793668e-05, 0.0008920229955252634, 0.09520319012632787, -0.0002272805727268741, 0.000348598729435788, 0.0014213237692302504, 0.4
51, 2, 1, 0.009871629905709726, 0.0003325983919188746, 0.9896308104161945, 0.00016496128617691835, 0.20091826206840616, 0.11171758794689057, 0.3141669281664084, 0.4365596882916655, -0.09842361910518097, -0.26661328940410967, -0.027291503514059946, -0.01120927860041956, 0.041619197020302104, 0.2087545676286969, -0.04531589490901372, 0.0006450299562740026, -0.0003233866608913782, 0.000431525314417885, 0.09370935541704423, 0.0010912890546508605, -0.00045608787268726196, 0.0006813143677496248, 0.4
52, 2, 1, 0.007349230497613512, 0.0011923289886171286, 0.9912797186594705, 0.00017872185429890173, 0.287816311082226, 0.2611606081436585, 0.3262714146910442, 0.37482255760017835, -0.13956431934096886, -0.04918178393289111, 0.0032273857184376142, -0.0164838458740316, -0.022126346016416477, 0.09820056464811311, 0.013039462109751446, 0.000984605134669387, 0.0024798310439893344, 0.00014932037518489152, 0.09447036855768226, -0.00034380783020563293, 0.00040118364474897296, 0.0015386980958334109, 0.4
53, 2, 1, 0.006756032111782221, 0.0012276311804223581, 0.9918354696192896, 0.0001808670885058399, 0.08902509873416546, 0.4865260545302174, 0.4424214078795547, 0.4963879440497447, -0.115692300241605, 0.004966606559086939, -0.0471363174602211, 0.0677712621783041, 0.11137243802901042, 0.1315432389844967, -0.0003861895536166643, -0.0004997011321352094, -0.0010655872147745317, 0.001139144268850807, 0.0947809966120066, -0.00045694202099610026, -0.0007285287678305409, 0.0006950602557462868, 0.4
54, 2, 1, 0.006779240867021775, 0.001199114144467028, 0.9918407441261995, 0.00018090086231173193, 0.17600181461783201, 0.1608996222874574, 0.25809515495178326, 0.24350522602927463, 0.002138959741018254, -0.15449570201649515, -0.21669282698881548, 0.29833627098184057, 0.10154676583963021, 0.20605540870252978, -0.036464275191376426, -0.00021861516487303975, -0.0003948713582564869, -0.0005855690106179249, 0.0979530801133649, -0.0006815581159255396, -0.0006647345247549313, -0.0007347973513906665, 0.4
55, 2, 1, 0.00736543231174162, 0.0004143948008160268, 0.9920363171421551, 0.0001838557452872544, 0.22240239364911923, 0.36380646308957154, 0.39343024519030523, 0.28200092389519343, -0.016856105715212642, 0.007785528080659088, -0.15783879135587192, 0.2112498056792798, 0.3142288585014426, 0.008756964768414189, 0.061273280347671245, -0.000498247445856533, -0.0009637416563488332, -0.0015114323778409684, 0.0951811512266167, 0.0007320809706462341, 0.0019515371358749633, 0.001833961459810677, 0.4
56, 2, 1, 0.0073709467246543085, 0.00040764096379374736, 0.9920375483490237, 0.00018386396252828858, 0.3386768819783139, 0.17453980612150327, 0.3440550249905518, 0.45615407355581705, -0.0676442528390728, -0.19889371477310777, -0.17196199707900925, 0.1433429987455672, 0.08737654907563523, 0.07416186350344442, 0.15366404696416086, 0.0006702248269712373, 0.0004779582125459468, 0.000940423854961523, 0.09549685653532348, -0.0012770352141746035, -0.00047330671858825, 0.0009077870041517092, 0.4
57, 2, 1, 0.006538532810571327, 0.0005880571014242683, 0.9926560733051589, 0.0002173367828455761, 0.185740837411193, 0.2746465617627989, 0.28413926488868235, 0.19978455158521718, -0.22288282385615982, -0.08343231688714432, -0.04088595347146162, 0.2080171985648259, 0.2146328033882861, 0.1342106096276335, 0.040911248680270317, 0.001964786584236317, -0.0020752924371186077, 0.0007662516947165315, 0.09425830337679247, 0.0002994632156381093, 0.001430997953163733, 0.0008154050117551651, 0.4
58, 2, 1, 0.006538373460579119, 0.0005881839587549286, 0.9926560938694042, 0.00021734871126159765, 0.38786226613628816, 0.12383155893028405, 0.1330499084620475, 0.32145736418080084, -0.11159835686162518, -0.2182043923477825, -0.035729183914233284, 0.27321091634103956, 0.14904201439905135, -0.10785179686929003, -0.06413272135700647, -0.00027277571245599394, 0.0013429670788773326, -0.0005941491717666304, 0.09526772977518302, -0.0007196790802903897, 0.00036871379011979013, 0.0013232877947860818, 0.4
59, 2, 1, 0.002675706186934162, 0.001044581014022042, 0.9959641127722417, 0.0003156000268021073, 0.37084809385712114, 0.2351213038992502, 0.2772744785722451, 0.4132596042113625, -0.11388468895712196, 0.004021477373909077, -0.0838052112816472, 0.20745281435649893, 0.19268139156999914, 0.1789239740153925, 0.055883913486420245, -0.000504332911500666, -0.000740664860403372, -0.0013239173790820097, 0.0935983830435093, -0.000929088384678915, 3.570975522511918e-05, -0.0007801600395895426, 0.4
60, 2, 1, 0.0026756741994095586, 0.0010445875935200992, 0.9959641363878334, 0.00031560181923697664, 0.21021158517593874, 0.1375977997040187, 0.20489132181933, 0.3606421724922022, -0.21251987434402456, -0.2188303926532646, -0.2576007080946972, 0.14948532521026892, 0.18958289788025778, 0.04892939003186338, 0.0894591466650688, -0.0009940869055864085, 0.00212275388613569, -0.0011825598336568923, 0.09614163180009812, 0.0006797473344220578, -0.00031263695319919805, 0.0002947147168781946, 0.4
61, 2, 1, 0.003044702228391384, 0.0004958178254342172, 0.9961248762647745, 0.0003346036813999205, 0.45503474851562675, 0.3536261785028293, 0.24119429221541155, 0.35351436613437104, -0.08091327795103001, 0.03434055019679483, -0.029425319989196265, 0.21370930725601434, 0.20290551241428617, 0.18003557012354715, -0.11102282418365665, 0.0010471550817183516, -0.00037664578963386805, -9.510472738075046e-05, 0.09511284684711517, -0.00019821404522597119, -0.00020596586718677552, -0.000721707946058308, 0.4
62, 2, 1, 0.0030447106383616825, 0.0004958200714270224, 0.9961248835114571, 0.00033458577875422716, 0.27087703142877195, 0.07057457121668435, 0.22677382442450286, 0.2879344406702159, -0.33075652179527715, -0.12664143520792925, -0.19986856672197248, -0.11394385995639407, 0.21823080254497262, 0.18214372319778915, 0.1585558388554751, -0.00016974356903851304, -0.0011624890577963086, 0.0006503346908108716, 0.09444479460531381, -0.0009606159836968222, 0.0009420410877992302, 0.0004290517950605335, 0.4
63, 2, 1, 0.0010906812560154448, 0.0009877797737483764, 0.9975424496704511, 0.0003790892997849896, 0.3713382164952989, 0.12252331896349755, 0.311427368622737, 0.25786111789816923, -0.14228373446666465, -0.1184609340880034, -0.1037492949471885, 0.12300792371534659, 0.12360152042244868, 0.07735969175413827, 0.09486368909653924, 5.768426764804281e-05, 0.0005606319514681224, 0.00025502246116568337, 0.09510030045666759, 0.0014277024274335804, 0.0003900325124315695, 9.32015390646926e-05, 0.4
64, 2, 1, 0.0017299573788306767, 0.00023476830432917238, 0.9976439179210891, 0.0003913563957510708, 0.04932148870224391, 0.21717938930801828, 0.3405008683838523, 0.29140158428730123, -0.1261267233891112, -0.026591922325254536, -0.07382282126927993, 0.21510102813838222, 0.255476690224258, -0.039757555370254896, -0.054487296336252086, -0.001379184306389942, -0.0019885444203809805, 0.0011620500580589008, 0.09529656555149413, -0.0004883278623348513, -0.0012948027768358203, -0.0021234651915953686, 0.4
65, 2, 1, 0.0017299625415271346, 0.00023476040948782834, 0.9976439218943733, 0.00039135515461174053, 0.1333845128729051, 0.23161620785412868, 0.2844071585337522, 0.30044492179536164, -0.12706081700785293, -0.12253599004623224, -0.4276257240620147, 0.03554104924635639, 0.26137430249830607, 0.03456986463511448, -0.034191920797837484, 9.304198736098866e-05, 0.0001095869829501382, -0.0012433046278047637, 0.09442436041855276, 0.0011831292458645763, 0.0005391492413992754, 0.001056602623359682, 0.4
66, 2, 1, 0.0017238798581201698, 0.0002359106051379652, 0.9976487202966092, 0.0003914892401327243, 0.1664016705245481, 0.10806111863326051, 0.2813284273537686, 0.4424469843461109, -0.23080984183343772, -0.23075796494867856, -0.15118923250186786, 0.06060356437465114, 0.09384567419226844, 0.14497643842727226, 0.11691456080493537, -0.0015370348522028784, 0.0012895810942687093, -0.0006492731884460418, 0.09536819680206962, -0.00031220480008659567, -0.0011860921642383435, -5.1282675374217355e-05, 0.4
67, 2, 1, 0.0016669236094603802, 0.00024421174792426076, 0.9976936284074507, 0.0003952362351647973, 0.33671201915506876, 0.18629151354089313, 0.2232961544163478, 0.49657432102280785, -0.07850179305135593, 0.048460881005588055, -0.17487079170150768, 0.1507329830310039, 0.06679361912280231, 0.05865389814910058, 0.03237307649320496, -0.0014747614703256612, -0.0018036874502946585, -4.243336505266702e-05, 0.09496298700161265, 0.0012700026241545953, 0.0011588359326380343, -0.0003468169853135198, 0.4
68, 2, 1, 0.00166692453976224, 0.0002442130149550316, 0.9976936298440164, 0.00039523260126622157, 0.12123815046701529, 0.2500050955517602, 0.16164719847141346, 0.500261659838294, -0.1399941338166249, -0.29782296779585515, -0.4002343086735734, -0.026728205729526822, 0.34369904260533285, 0.09673238214988858, -0.02472979275191466, -0.00033684401195853056, 5.238542497324302e-05, -0.0009952173878346347, 0.09443090079247667, -0.00021526828715981845, 0.00029258443468129777, -0.0003498816962271997, 0.4
69, 2, 1, 0.0016669346712471194, 0.00024421390697465723, 0.9976936342717125, 0.00039521715006573876, 0.2317687941247951, 0.10589994956933188, 0.16502907009891513, 0.4834218434802192, -0.08680454815187409, -0.19335342566112967, -0.3448587922894511, 0.14545238684956674, 0.12382210048102946, 0.01415120292420815, -0.07326409251492558, -0.0006020859763131114, 2.4046320725370212e-05, -0.000585697938262303, 0.095779732952852, -0.0004336183655875737, 0.00034791147343492745, 0.00017099669412891215, 0.4
70, 2, 1, 0.001796091957567992, 0.00024520526476251304, 0.9975584952199383, 0.000400207557731259, 0.1289451770106645, 0.0707842300126857, 0.18345225396045767, 0.4687031217854754, -0.0989707117058701, -0.12072968689419236, -0.16986958336663066, 0.09098691132510511, 0.007008306528218433, 0.09482887289035594, 0.0048108444031094875, -0.0014674613425664474, -0.00018958501753238828, 0.0009063989491176281, 0.0955455161776967, -0.0004220741255620892, -0.0003118663821241975, 0.0006627841962078091, 0.4
71, 2, 1, 0.0018720501129708435, 0.00014616287893002213, 0.9975777799293462, 0.0004040070787529812, 0.06717175890772546, 0.33269750296226, 0.2455695218689146, 0.3291551410966106, 0.0865118221847204, 0.09546528713291705, -0.20541010974860202, -0.0013058671088761354, 0.2335976538561006, 0.18520068246001403, 0.02408614458583923, -9.874565337900478e-05, -0.00058719309600531, -0.00039274761434721415, 0.09785521687960946, -0.0016468161801697777, -0.0016671595951472714, 0.0004657203585639757, 0.4
72, 2, 1, 0.0017310217222836956, 0.0001804768870236601, 0.9976715764888143, 0.00041692490187822634, 0.13329652134010966, 0.2119700497679871, 0.2570565717999793, 0.22213769971507075, -0.07566473883715395, -0.07023330854506134, -0.05181481384512056, -0.03468405228127273, 0.17437696158309174, 0.11954472874147615, 0.14381270182806574, 0.0010194063292913594, -0.0003376017274001464, 0.0008406337060264526, 0.09483152016260797, -0.00041269732406096226, -4.7356328965594144e-05, 0.0010033184224954494, 0.4
73, 2, 1, 0.0017796559239933246, 0.00018880221269357563, 0.9976098184877731, 0.0004217233755400135, -0.021812994204472712, 0.3055657610783341, 0.03897415734786917, 0.3337481987949426, -0.14535774297657258, -0.10820097270799031, -0.10938978628481459, 0.19190205377187436, 0.11753619354083453, 0.008730867447733237, 0.1565581633726664, 0.0009723954018552514, 0.0004655428827007014, -0.0005829739574331517, 0.0956209137442647, 0.0013604231662557175, 0.0007645383221726771, 0.00017633888389456578, 0.4
74, 2, 1, 0.0017797262892985152, 0.00018880611380852472, 0.9976097511567393, 0.0004217164401536577, 0.11942883671823737, 0.26109891018097436, 0.15012936176904534, 0.33149450156553495, -0.14437140152158506, -0.18190567438208355, -0.275220120331074, 0.0329366991064244, -0.010271047917096076, 0.2584436358950395, -0.06197684069617589, -0.0007440511542499896, 0.0005692750514468399, -0.002571546282939274, 0.09444812427188479, -0.0013573048055323515, 6.0543332111652374e-05, -0.00024173208363443757, 0.4
75, 2, 1, 0.0017798468075048148, 0.00018862622330684682, 0.9976098109707471, 0.0004217159984412344, 0.13458699362757262, 0.19057545208747334, 0.3583565888069057, 0.3539513751946354, -0.07004410463646342, -0.19368852706328607, -0.06958880799301902, 0.009627526538234232, -0.013667817664258296, 0.10016428178344035, -0.15261457625106864, 0.0004568232880075017, -0.0003111651421454548, -0.0005449666837643959, 0.09492313825210011, 0.00044889062291500643, -0.0015108456457685676, -0.0022368617566603977, 0.4
76, 2, 1, 0.001808710413274769, 0.00016159529010948244, 0.997607611118806, 0.0004220831778097272, 0.21351030997512424, 0.1253088512611073, 0.22490825992042227, 0.43869163613437134, -0.009829010476734368, -0.07592781637605649, -0.17985377052943896, 0.17689089831917199, 0.031665804614869605, -0.05060259433200047, -0.041581900355584636, 0.0013667943252716904, 0.0008019136170910178, -0.001382952695129891, 0.09442817394727862, -0.0005797383986813314, 0.00028652490501243497, 0.00338396179269214, 0.4
77, 2, 1, 0.0018990205646437475, 0.00011224219493439041, 0.997566278075979, 0.0004224591644428805, 0.16198397420036814, 0.061720362400749205, 0.16654493113122212, 0.5351446126906032, 0.0060295166627608145, -0.1179807009997752, -0.19669593501047292, 0.14299768281061603, -0.061847124272615704, 0.10449406933624492, 0.026588237961362095, 0.0023053363105078554, -0.00135516681128238, 0.00016984433332475107, 0.09524790544152262, 0.00098218077394514, 0.0005003437025558222, -0.0005947037501921335, 0.4
78, 2, 1, 0.0018991688584840333, 0.00011174880613737512, 0.9975663976222756, 0.0004226847131030207, 0.27646606390599693, 0.43517872851714917, 0.038228893227065464, 0.2922284148884837, -0.22789690207384936, -0.20999924913053158, -0.1842599803334258, 0.1590788250502207, 0.13380513669344915, -0.035316468309381885, -0.1231204107553973, 0.0006519357697030547, 0.0005382663978406742, 0.0011949825697439797, 0.09559706234701609, -0.0013981605843406367, -0.0007046613302246482, 0.0011931809228195507, 0.4
79, 2, 1, 0.004941083354705726, 0.00023039543894917285, 0.99438935736572, 0.0004391638406250354, 0.14002054320378982, 0.1823358098247621, 0.2788642068043409, 0.27164180428607354, -0.012218046106320579, 0.013488845710463849, -0.04915802516305788, 0.06724360363374941, 0.06857522056258895, 0.12345758412353498, 0.10230861073867506, -0.00028864536612215367, 0.0011888770759858564, -0.0025067588854552143, 0.09464669113930532, 0.0010116937820786524, -0.0008644480561379812, -0.0013175860488480059, 0.4
80, 2, 1, 0.00843817484641226, 0.0017960127708323346, 0.9878077463588869, 0.001958066023868525, 0.04508272929875419, 0.03646820265017373, 0.11347837896542871, 0.36580333169873525, -0.23739373699534355, -0.0981606915069703, -0.13615342369970526, 0.08806862508527115, 0.0990284389795644, 0.09289993852130284, -0.011553669609619888, 0.0010952386728765766, -0.0007115655456090753, 0.0013797590847282831, 0.09444702439110425, 0.0018921116968996707, 0.00022131243040514288, 0.00014066306682472847, 0.4
81, 2, 1, 0.008350441559343924, 0.001809698753658725, 0.9878809960850196, 0.0019588636019778694, -0.01755748806987443, 0.06614766425628449, 0.3553595762186877, 0.3264163974064578, -0.31219693621051936, -0.20311866948957383, -0.12562296796639086, -0.06397872690494749, 0.18237066319057268, 0.1580879328884927, 0.1838185659515512, 0.00031263281850655206, 0.0002956744667163675, 0.00026464170603181795, 0.09496101453367645, -0.0005490921051003422, -0.0006382958569832198, -0.0006356501176873522, 0.4
82, 2, 1, 0.008350447905482922, 0.0018097054100371282, 0.9878809892842877, 0.0019588574001923012, 0.050737723780635444, 0.1519089640907711, 0.045474675032350774, 0.4433624702973171, -0.2330643054323885, -0.01160032491800168, -0.4342641726336285, 0.09244638443924809, 0.18131304130860032, 0.24346263545026914, -0.10222008503739784, 0.0001254606527285449, 0.0006844506461732593, 0.00043280860700407864, 0.0948708655595891, 0.0007488748046795382, -0.0006980650463902056, -0.0011345363333559537, 0.4
83, 2, 1, 0.019327885714637696, 0.015082041620645723, 0.9492070603231946, 0.016383012341521872, 0.028351276651482894, 0.07035172219891948, -0.11146658613348001, 0.2985249169102849, -0.16327532395132288, -0.1819962930335981, -0.10127943717647388, -0.04536592298913193, 0.10045178482369743, 0.0553770926343921, -0.04764688802623072, -0.0010326643530206149, -0.0006039314119585799, -0.0008547140374952746, 0.09456267798970636, 0.0002362104670797175, -0.0004856105380368265, 0.0015662417919588088, 0.4
84, 2, 1, 0.01760058299836861, 0.015243061428188244, 0.9507650957661615, 0.016391259807281667, 0.17548455634625534, -0.0023472949224361273, 0.25455538767562313, 0.43634371625646445, -0.08865385222130331, -0.13513205076607948, -0.06332583258013061, 0.1321814460913348, -0.01208461824864333, 0.25224161288411967, 0.10576082686050367, -0.000932585876555859, -0.00047577882752756465, -3.7693650120811846e-05, 0.09595460955978302, 0.00023362009544286534, -0.0003813669830013805, 0.0026167790638325027, 0.4
85, 2, 1, 0.017964099976550033, 0.014852542675716649, 0.9505449002435239, 0.01663845710420943, 0.16423287308896078, 0.09337598508504558, -0.15117846314258404, 0.4424434108452065, -0.15628712457287502, -0.2134037317448783, -0.03697617323193035, 0.0851679302704347, -0.0013797440907087678, 0.1660633750423756, -0.16502824810286867, 0.0011799731978273816, 0.0006427047397217384, -0.0018039946873481811, 0.09574838487587065, 0.0005829422755013263, 0.0008360252278146558, 0.001174414572379487, 0.4
86, 2, 1, 0.009676773445720922, 0.017973123331637628, 0.9515564739407877, 0.02079362928185378, 0.16814430230237842, 0.1276591709712722, 0.028464066077709037, 0.44635911912588433, -0.19538157802741077, -0.14655041911115144, 0.004383923689862579, 0.10155369277191714, 0.2902802754056764, 0.018996667162026876, 0.12355028398921179, -0.0006927521251186762, 0.0008759344813580457, 7.80698470360701e-06, 0.09454237186059393, 9.108923530419033e-05, 0.0004240480975436429, 0.0012688312866974514, 0.4
87, 2, 1, 0.023872141114931286, 0.019264664146208636, 0.932276495008558, 0.02458669973030205, 0.05735254117670054, -0.015279672222101326, 0.032600794482578355, 0.3046090234699269, -0.10022537152908721, 0.10109831732126903, -0.2210204745008811, 0.06798969850462934, 0.012409481479164642, 0.1327860569141171, -0.11355970886545812, 0.0015830962232491607, 0.0018637194732753805, -0.00030847414313627355, 0.09558746747032401, -0.00033024543143738225, -0.0003626945214958554, -0.00010384854275070404, 0.4
88, 2, 1, 0.024754488520436737, 0.020387144975866408, 0.9301417551666095, 0.024716611337087323, 0.11192210571926046, 0.11106257577082823, 0.1966172897190625, 0.2913614759388495, -0.02994184445116398, -0.24075752353427338, -0.013374173011878621, -0.06749961124526538, 0.14555756913793538, -0.12477559994629969, 0.042200387468604175, -0.0004610299971647749, 0.0009015438899089366, -0.0014448231684899946, 0.09566596383439455, 0.0009552751072846352, 0.002247845838114267, 0.0038845454388656076, 0.4
89, 2, 1, 0.024754998501450434, 0.020389295143518248, 0.9301404291983445, 0.024715277156686897, 0.24791640014325628, 0.041435767548861704, 0.12455162169447806, 0.35227827871344825, -0.17494639668588094, -0.368056926856632, -0.23266482923843795, -0.018858581003650583, 0.03123946259144749, 0.08645608405141206, -0.12341721361293104, 0.0019297503598955038, -0.001551670783088748, 0.0024092415781248513, 0.09517381951458685, -0.00042658281544404205, 0.00029610595854294837, 0.002151604808884109, 0.4
90, 2, 1, 0.025927500017809392, 0.020783270016345754, 0.9281647924377174, 0.025124437528127486, 0.09439519017910275, 0.09484965020254224, -0.023276187011573923, 0.357869636283635, 0.025584329829664455, -0.21931763630400242, -0.2578184836905571, 0.11327095812900227, 0.11284186797964998, 0.08017853916265928, -0.017926141858947676, -0.0005476491394962319, -0.00043709719806157333, 0.0006480733735817856, 0.09545202702191924, 0.0010668355175761381, 9.034798409808913e-05, -1.9652102118817445e-05, 0.4
91, 2, 1, 0.026007503683828242, 0.020693982443012033, 0.9281487622635269, 0.025149751609632884, 0.117831115524981, 0.2643147364648203, 0.03796592078654605, 0.3706188463419951, -0.05459620478719266, -0.182231978214848, -0.17573264237899192, 0.07280958932991546, 0.06044878652745935, -0.03803633696992979, -0.024731964983065673, 3.326855625803992e-05, 0.00029705189267105415, -0.0006652035233910938, 0.09387852521846103, -0.0005035799300461999, 0.0011626587152672575, 0.0014540334151321088, 0.4
92, 2, 1, 0.03922231300860211, 0.022983379967745313, 0.9125045646514353, 0.025289742372217424, -0.07880413962202486, 0.07922096105066874, 0.15369573959218674, 0.49254629395021643, -0.20796128173887518, 0.08126645479563854, -0.23778023347014487, 0.15357304801333815, -0.02690657525479757, 0.02902358175209522, 0.18838017862878229, 0.0013835992780008174, 0.0014695275380887385, 0.0006592444314437915, 0.09541223035083608, 0.0019146261038764708, 0.00272531377541914, 0.0003343668064636105, 0.4
93, 2, 1, 0.030313233965977463, 0.02822528042242507, 0.9158029939960305, 0.025658491615567092, 0.1485486193029779, -0.017874088530587452, 0.21100404019628524, 0.3180480623147014, -0.10137868169197581, 0.038751772466345494, 0.11852527413832119, -0.02233868561672032, 0.07567597815973173, 0.023319416676655717, 0.16716540143929468, 0.0003089285269802622, -0.00026851689733622074, 0.0012584823703800827, 0.0954905869195275, 0.00041965860138969683, 0.00036553671398843485, -0.0006206877216282478, 0.4
94, 2, 1, 0.032107393027654564, 0.024754829834353065, 0.9154552067916438, 0.027682570346348603, 0.14463059073976123, -0.1151142725949403, 0.02674481894751053, 0.5264357012534637, -0.1070718515832713, 0.006203137813145787, -0.032070194196500125, -0.01040495271811418, 0.20039241658572374, 0.09967108730914549, 0.007360111363258187, -0.001615335583194284, 7.214553576600039e-05, -0.000779665615575194, 0.09354766854563056, 0.00166319901631551, 0.0018080096214021055, 0.0019974645603121404, 0.4
95, 2, 1, 0.19434796464193116, 0.06297134029084474, 0.7100521519094365, 0.032628543157787515, -0.0817731934543952, 0.13503969290160983, -0.07203317053087169, 0.46462251201086957, -0.13085907445328696, -0.10939242631106545, -0.18679893029771213, 0.04418091341383754, -0.07758995787879491, 0.05184078213985226, 0.062073131518631385, -0.0020248091058443747, -0.0003928325854430408, -0.0013274183634173849, 0.09444291180481736, 0.0005924730756522329, -0.0008608909479241228, -0.0007979447034780653, 0.4
96, 2, 1, 0.1975486364494712, 0.06603018629614318, 0.7031689794554001, 0.03325219779898548, 0.13475654006864524, -0.131668395318302, -0.03924240745239445, 0.4746140933548295, -0.14306514833354442, -0.18427125575165051, -0.07903497565895787, 0.02452925455767389, -0.039864445476428347, -0.01372373807230964, -0.017125970460239327, -0.0024219772784280086, 0.0014604713875702, -0.0005058770126490289, 0.09590766186749405, 0.000554407127277956, -0.0003006762197798006, -0.0012954528607290851, 0.4
97, 2, 1, 0.1975436199792516, 0.06603849272981259, 0.703156612246321, 0.03326127504461492, 0.222537421579072, 0.048375844512033035, 0.1504111525462012, 0.36995414077758343, -0.12975070596947785, -0.16215692152739666, -0.18315409491553042, 0.02911175156484394, 0.12738592843704802, -0.08051201012687248, -0.032684981023400235, 0.00016831113874654543, 0.0001732157636742626, 0.0005758881695266886, 0.09490749415363656, 0.0011936853199366753, -0.0006432498521918085, 0.0025223771125517957, 0.4
98, 2, 1, 0.5293846157439973, 0.2163484908084719, 0.19567234960141833, 0.058594543846112374, -0.11088517476144388, 0.039876618465607416, -0.0029164208124784264, 0.4079752254273554, -0.17098175954481026, -0.17902358883638642, -0.08337237555179558, 0.09747738585383285, -0.06942805258186664, 0.07191905636552459, 0.031017806405045985, 4.306402377269595e-05, -0.0005983482266970803, -0.000345864386891862, 0.09519917522916856, 0.0011999689176894423, 0.0008033152835214702, -7.547545638986276e-05, 0.4
99, 2, 1, 0.5341113918116159, 0.2263462283934484, 0.18085720859243817, 0.05868517120249749, -0.03092605893653968, -0.032201167413756795, -0.008367457685144108, 0.3293431310510474, 0.0567615057409951, -0.18960442267771532, -0.019080623996475653, 0.20136364703839668, -0.14601654276125228, -0.1189308886204267, -0.04017267483007646, -0.0017654726965190613, -2.7506924671076684e-05, 0.00044220304267309564, 0.09640890487869186, -0.002392236204940943, -0.0005847263279211935, -0.0009098433458310347, 0.4
