t, Event, Policy, P(still), P(random), P(reach), P(transport), o(t), s_a 
0, 2, 0, 0.8399387001991272, 0.0409703366458416, 0.1188909038901329, 0.00020008311548735946, 0.561878749919517, -0.6616323212727996, 0.5876447450360145, 0.8676594764768435, -0.18374831884656723, 0.15768591240609467, -0.1586769774818063, 0.31754247518045914, -0.5018657047018102, 0.3657941759139039, 0.059112434953846306, 0.18196381126595892, -0.10119755976809966, 0.045279639217953235, 0.06826049769181274, -0.02400986839791111, 0.019107473550279915, -0.04638671400829315, 0.8
1, 2, 0, 0.8400842698056684, 0.040974248190058106, 0.11894148199734136, 6.932169547527814e-12, 0.5689870539970994, -0.5693542807237683, 0.6388043789107415, 0.8005975551447222, -0.11005568015074578, 0.11021205472907696, -0.12470039255577622, 0.32846543543822604, -0.4858352280908559, 0.200654728582768, 0.2551532340588826, 0.09688423578991914, -0.06537569449506474, -0.0009365446301493845, -0.10901696929488643, -0.07781024926948854, -0.09613929892573041, 0.049842528473664785, 0.8
2, 2, 0, 0.8400312460957877, 0.040975905853561964, 0.11899282916941885, 1.888123151385922e-08, 0.563991122768712, -0.5629801767466371, 0.630247361861686, 0.7990499766216701, -0.10987338222031229, 0.11066400115689931, -0.12530684369627984, 0.3523375627655838, -0.20779410272480078, 0.36071204271979046, 0.17164217418840258, -0.03361267918616523, 0.018673386782929288, 0.0028511600943331274, 0.007516415537937288, 0.018604750710390944, 0.015783869120883875, -0.07569953395150153, 0.8
3, 2, 0, 0.8400132987858772, 0.040977827328713995, 0.11900886863740981, 5.247999126292425e-09, 0.5604480208093637, -0.5571393496010055, 0.6232073571709351, 0.8015095824997343, -0.10912214114830307, 0.11010242866883317, -0.1237478739700982, 0.18521531370213518, -0.3319515721576385, 0.3502750691576114, 0.03909628107834391, 0.021791708518635333, -0.1568684118103032, 0.02925857100928329, 0.10904120520626333, 0.06350513168453235, -0.09509797814450113, 0.017500052907688336, 0.8
4, 2, 0, 0.8399346232471483, 0.04098073298069889, 0.11908462746342212, 1.630873047810969e-08, 0.5523287338946963, -0.5514330761478563, 0.6171017906936457, 0.7983524379708675, -0.1095425549596726, 0.10949139453861192, -0.12347821097494378, 0.4858328972396949, -0.1541387086248196, 0.4491880188904262, 0.0957134068919428, 0.10663035756792005, 0.09043763125464321, -0.11468475174078438, 0.22324574080579032, 0.009339104066391341, -0.1472068057928972, -0.03780038874268808, 0.8
5, 2, 0, 0.8399020128902566, 0.040988466192445026, 0.11910951304353853, 7.87375993077008e-09, 0.5476138699806904, -0.5469114346588785, 0.6136747949571137, 0.7990401999221766, -0.11140027240873021, 0.11099421040083812, -0.12415861978034504, 0.26025833640091567, -0.4161168181082166, 0.25454334343020457, 0.08701091996911339, 0.02820341404849578, 0.18653564392609417, -0.013791490953690472, -0.09932074436474439, 0.003381902046132841, -0.05554700672475592, 0.04340293573844697, 0.8
6, 2, 0, 0.8399018434611986, 0.040988466682195974, 0.11910968976126403, 9.534141397627974e-11, 0.5411093639937153, -0.5418712986617854, 0.6064032462159041, 0.8000111666737683, -0.10922043466129087, 0.11103957139153368, -0.12370121184513712, 0.2622412889466806, -0.30463388328406893, 0.3301912749014225, -0.08867588743114858, -0.15590992230772804, -0.04435101422748564, 0.16640769939859523, -0.03758184070746961, 0.053103181262518076, -0.18398864090943845, -0.1971120778532186, 0.8
7, 2, 0, 0.8387926466798975, 0.04132992485824399, 0.11987685502828159, 5.734335769485354e-07, 0.5350692504219527, -0.5363450802444404, 0.600329481528331, 0.7988884704246948, -0.10931030436544527, 0.10957389108626132, -0.12520038206829834, 0.373907707421929, -0.17087900169059514, 0.3367358522285532, -0.04643234132242498, -0.03959919177008721, -0.054028206531668996, -0.11176559302959592, -0.014347424503769685, -0.048842389119958904, 0.04626589295724422, -0.05863870641914935, 0.8
8, 2, 0, 0.8387891133784485, 0.0413299498427781, 0.11988093562468455, 1.154088872477365e-09, 0.5305258058418099, -0.5289610135557907, 0.5953233877173685, 0.7992539884218832, -0.10979028664280543, 0.10830563484404772, -0.12288586107982866, 0.3711928795550822, -0.43013557163221794, 0.33066658689002687, -0.05477440989342706, 0.09506994025019627, 0.07795325559757231, 0.04066032102811509, -0.07238799317766682, 0.2566209486740565, -0.21405655709483792, 0.03452691415840363, 0.8
9, 2, 0, 0.8387859644645091, 0.041330167961918025, 0.11988386529745428, 2.2761184327789315e-09, 0.525118724696082, -0.5253574752082908, 0.5878021531511203, 0.800208520816029, -0.11107993567954995, 0.11198200034447955, -0.12530404308543214, 0.13637468228690022, -0.32380901805580703, 0.27983891528611987, -0.03603689772985187, 0.12905231618941002, -0.06566740824184776, -0.05790479233126651, 0.05899985826437697, 0.024304341377149544, -0.14290437495675828, -0.1812222633277211, 0.8
10, 2, 0, 0.8387813781930611, 0.041330647271791525, 0.11988795851554937, 1.601959813241876e-08, 0.5204612902411707, -0.5195619718544319, 0.5821446146989573, 0.7990727579521185, -0.10992963879802924, 0.10912193983513944, -0.1242036721470294, 0.28184893298473557, -0.2522072426414529, 0.062684835266773, 0.06735539983168166, -0.06907921032666892, -0.15906128129016237, -0.03744112153676503, 0.0035188282521201987, 0.23873302952665534, 0.06558938435688064, -0.03766514293349506, 0.8
11, 2, 0, 0.8387778959821734, 0.04133073107855299, 0.11989137141985769, 1.51941575300221e-09, 0.5101312678486043, -0.5123287230004763, 0.5766558304970053, 0.7982301203720248, -0.11104661680833014, 0.1108126020591939, -0.12434550081564144, 0.26051236875097705, -0.31901816284840123, 0.37075192378088895, 0.09379701135162313, -0.11524348095682982, -0.21980333427444537, 0.10596590144403455, 0.0709913317614366, 0.031314521937136346, -0.10652060183578471, -0.06514145789118835, 0.8
12, 2, 0, 0.8387754446342534, 0.041330924576855714, 0.11989363043623728, 3.5265371899946264e-10, 0.5093315647458608, -0.5090311450729273, 0.5697237957173898, 0.7989897182222688, -0.11210410279612562, 0.1112214667428169, -0.12241141384792084, 0.46117311093890245, -0.41705230072947597, 0.4004470160278286, -0.06725671632808208, 0.13268335466517328, 0.09510313962666658, 0.05360561372647511, 0.057262349454386595, -0.13642027712850194, -0.1232053129823815, 0.032363830467647084, 0.8
13, 2, 0, 0.8382242414250257, 0.041337972330394386, 0.12043746649496391, 3.197496160438051e-07, 0.502822945192609, -0.5020855312154873, 0.5621565299094619, 0.7991539962390839, -0.11186265426764919, 0.11145621724468416, -0.1235920155270888, 0.3476517372222602, -0.20695833734977845, 0.4399959765136142, 0.1296226103727075, -0.10235575046023662, 0.09719298792990554, 0.15987779586765216, -0.060692264286725806, -0.029417559311777707, -0.059896435586084804, -0.015192132847624598, 0.8
14, 2, 0, 0.8372378160612173, 0.04183440789272184, 0.120926691188896, 1.084857164853481e-06, 0.49670439085798834, -0.4983205372712942, 0.5571121730277997, 0.8003196581576548, -0.11057796231696446, 0.10942691566943305, -0.122735034341717, 0.37523345436125066, -0.08597182082556369, 0.2989023215934159, 0.019510653880116545, 0.1185847454244588, 0.08609801717584281, -0.08400001233499507, -0.03305822367240419, -0.14636535235090825, 0.009586940893223806, 0.006505760485630949, 0.8
15, 2, 0, 0.8356050798998051, 0.04253537705980613, 0.12185834321562054, 1.1998247680699473e-06, 0.49227085873287557, -0.49074384936220455, 0.5510861713599742, 0.7996645315175024, -0.10908774217330083, 0.11362502763800261, -0.12444537112167049, 0.432277100164808, -0.2736663383001486, 0.2011813787891117, 0.13692284816035186, 0.09481637782678522, 0.018062302355145287, -0.10442211150310825, 0.02022637418299066, -0.05677920557150277, -0.06562188027591366, 0.044139042162713284, 0.8
16, 2, 0, 0.8355899939418109, 0.0425388940346821, 0.12187109353024439, 1.8493262611513087e-08, 0.48641400056066325, -0.48622784292220517, 0.5450752006849812, 0.8004890200382517, -0.11039969578406468, 0.11119505305984319, -0.12384690005962637, 0.23489697923478547, -0.1320541085669397, 0.4078064284248605, -0.04451794780877872, -0.2109363351770373, -0.11198364500971465, 0.05817076819667375, -0.09051221526041289, -0.031236562875900726, -0.05201950142312387, 0.037474864360158386, 0.8
17, 2, 0, 0.8355682722317349, 0.04254390509396385, 0.12188772875271274, 9.392158847793797e-08, 0.4786620759015663, -0.4801468296419323, 0.5395861337640889, 0.8008118755494553, -0.11078242136937073, 0.11128802399925104, -0.12285479339006337, 0.24699307590159664, -0.08848726126261423, 0.19764414976977376, -0.007604384524629593, -0.08174223737285743, 0.02696218741275047, 0.14655126746300348, -0.06707326055171892, 0.02876030914950977, -0.05840128209471642, 0.028207183675316806, 0.8
18, 2, 0, 0.8354461803628538, 0.04257748400811092, 0.12197554612281408, 7.895062212580892e-07, 0.4759749396170715, -0.47327054065288854, 0.530577215695228, 0.8007029647530054, -0.1107602395383243, 0.11232668140940805, -0.12469677139475947, 0.17806350265936405, -0.1589907927386843, 0.15498263484947944, 0.0812301796767396, -0.02287563641884571, 0.06512904331723327, 0.07831687216579791, 0.1041724654986023, -0.03560908852566914, 0.1353358784298957, -0.05188523752092453, 0.8
19, 2, 0, 0.8341913202274372, 0.042681339884542174, 0.12312584793153261, 1.4919564880914624e-06, 0.46850775375526627, -0.4697502291850048, 0.5261609659312153, 0.7995621136336601, -0.1108602886041217, 0.11297138538688108, -0.12130161423771087, 0.4659735712804821, -0.20699932696480738, 0.3274290509144428, 0.1134774511330836, 0.20429734725593612, -0.0044257092641668185, 0.046293461770252634, -0.050909295024640165, -0.14038073122753322, 0.06839704811305393, -0.06612555615735385, 0.8
20, 2, 0, 0.8335057776358629, 0.042913670392146136, 0.12357939217846894, 1.1597935221725602e-06, 0.4633690282568169, -0.46509778561057563, 0.5193676768975218, 0.8017080462277452, -0.11073006018615868, 0.11124018632721559, -0.12264875050517321, 0.09947109308707618, -0.2370798681904013, 0.3132424631446832, 0.07955104754646257, -0.037249470733500115, 0.12872293767457907, -0.19482996351918103, -0.01898575906521624, 0.03018120794832089, -0.07713480375075296, -0.06163690140731184, 0.8
21, 2, 0, 0.8334839723451802, 0.04292460961305693, 0.12359135559716378, 6.24445991268268e-08, 0.4557809532037786, -0.45806468540772194, 0.5144152547280832, 0.7990605490462481, -0.10949126545019568, 0.11068084087761357, -0.12417376479657845, 0.2441211734831236, -0.2479875308707753, 0.1252200628408727, 0.15698854103292753, 0.24916283025116387, -0.02798010069003178, -0.00370028365681722, -0.025471952490360755, -0.031972165586520926, -0.10496700362146164, 0.06126807977182427, 0.8
22, 2, 0, 0.8328167908013732, 0.04314421168002824, 0.12403655710669957, 2.440411899074402e-06, 0.452329357973572, -0.45189476117164284, 0.507407064502131, 0.7994963079202249, -0.11053823545027733, 0.1090897282931936, -0.12299550435941331, 0.30530722940811145, -0.15739423148149498, 0.21792740129778418, 0.040439224800867944, -0.013626048155121692, 0.113482179952787, 0.04435040209864064, -0.049825703529715555, -0.02715734915263664, 0.07981969624440598, -0.03917599713093116, 0.8
23, 2, 0, 0.8270248249321627, 0.04618768120517146, 0.1267732521052086, 1.4241757457219427e-05, 0.4468090839587345, -0.44637235220873245, 0.49946292908079154, 0.7991501742459776, -0.11225330193927355, 0.1100712768006201, -0.12413797575102666, 0.33437126000569056, -0.2258286966140733, 0.21422777234809276, 0.0598879242395665, -0.04945947053626383, 0.043015424893294976, -0.09660482988654426, -0.00806714201990318, 0.061415499568146924, 0.12747131479634502, 0.056842915938963026, 0.8
24, 2, 0, 0.8257870732055896, 0.04641976302409854, 0.12779084346380887, 2.320306502995984e-06, 0.44059693108691833, -0.44275222647267337, 0.4932571080911411, 0.801204764788236, -0.11047139062083097, 0.11157180920913394, -0.1263235687409358, 0.3162451452413186, -0.14699819344933188, 0.3872874418765478, 0.10881289116300374, 0.03288592948014643, -0.029279773979653274, -0.002185629418474107, 0.13864786972388302, 0.04706278769940929, 0.022706710937997487, 0.05384384339697884, 0.8
25, 2, 0, 0.8257859297464893, 0.04641984172690964, 0.12779367516764104, 5.533589600493115e-07, 0.4347689576655311, -0.43696062901617605, 0.4878594995959751, 0.8010280197850831, -0.11013997941502551, 0.11148708262173153, -0.12255776587825713, 0.4170586902280822, -0.3685362734620401, 0.1151866864374694, 0.10985037504727509, 0.0908120159492027, -0.22249265078851513, 0.19938279816273105, 0.17677080990151625, 0.1561768120292102, -0.13739157259581486, 0.08931839791900904, 0.8
26, 2, 0, 0.8252229706774787, 0.0466107193797979, 0.12816521733213632, 1.0926105870728255e-06, 0.43134038669167285, -0.430584477804524, 0.48431204783113857, 0.800325999154588, -0.10961964771505854, 0.1092808876673815, -0.12407937078497822, 0.32489679782219605, -0.2907298164155157, 0.1944873367809059, 0.06055793233869644, 0.034020987247683945, -0.16909943041376013, -0.004907353118921979, -0.10629788521588761, 0.0024969109484341036, -0.08012600505538048, -0.0518311590651885, 0.8
27, 2, 0, 0.825171263558799, 0.04665162202323416, 0.12817685398315035, 2.6043481663616585e-07, 0.4246138617616765, -0.42546205143783294, 0.47635689150038185, 0.7997754257571145, -0.11217725041464954, 0.11197853325608118, -0.12411462922528944, 0.14889422571693028, 0.01529575236032379, 0.1825083805969318, 0.0026769056495008574, -0.1532629340724968, 0.14756819660238815, -0.012288116433726666, 0.012857574774854944, -0.09105618062734167, 0.10579850143915548, 0.03114063503629618, 0.8
28, 2, 0, 0.8172361702572273, 0.05286372580087451, 0.1298835261099725, 1.657783192561467e-05, 0.417854596604335, -0.4202930187381009, 0.46939677040444944, 0.8006503253404116, -0.1125789425827363, 0.11063883722929199, -0.12434772195432708, 0.3160556711768222, -0.06937361952897245, 0.19751023818240207, 0.008438565062476, 0.008668429890664214, -0.11504533874356057, -0.09552682728153475, 0.035829863445689634, -0.08560471299723729, -0.030944985986550384, 0.0058880161741645745, 0.8
29, 2, 0, 0.8167479436404638, 0.05291335440715925, 0.1303374262083587, 1.275744018277543e-06, 0.4135537147984132, -0.4139712785133137, 0.46380453356586016, 0.7991360337983618, -0.11028926962104946, 0.11264768301031547, -0.12502596782911995, 0.3168380923676263, -0.3541987385454487, 0.27484709546597597, 0.12859471688320193, 0.02599197648818377, -0.09464240859226945, 0.121607135673331, 0.11582338281291804, 0.033646115808036135, 0.1251629144677987, 0.04140356741056619, 0.8
30, 2, 0, 0.8166955086979604, 0.05295651870529631, 0.1303478170132838, 1.555834595411569e-07, 0.4087301959315375, -0.4079734431618506, 0.45603698910043916, 0.8017583112099217, -0.11167319583614972, 0.10950868139543542, -0.12383430397367949, 0.26603808965797066, -0.18917388674911811, 0.10150522822307162, -0.04721270166059064, -0.0661919455841368, 0.019278374843643694, 0.03544665791581327, 0.041490616450455924, -0.04071045334217456, -0.0388050397065975, 0.1110917970890698, 0.8
31, 2, 0, 0.816658333255046, 0.05296363987960566, 0.13037782746826887, 1.9939707950583226e-07, 0.4034015492835351, -0.40283988979928925, 0.4513560519507183, 0.7976053817078181, -0.11081275069561498, 0.11086896967499923, -0.12528368428291964, 0.05088004032806004, -0.16395837650576794, 0.35615718935682467, 0.06170273226954444, -0.13549783500976298, -0.07812998769240105, 0.0644516966111962, 0.10121317816093627, -0.02517042203099481, -0.18793773325172325, 0.016729279312648233, 0.8
32, 2, 0, 0.8165400817493894, 0.05297124077078984, 0.13048301693056094, 5.66054925975245e-06, 0.39734756703698737, -0.3965798207180432, 0.4455345690392395, 0.8001835158782651, -0.10884033500256596, 0.1101849156309889, -0.12489837758137261, 0.22872181759616916, -0.0706912725918227, 0.07295962669531522, 0.1339563469264422, -0.031305277208691765, -0.25599833775758396, -0.018335268381246134, 0.047959663568771536, 0.23593798053868817, 0.20241372560940474, -0.08075685532390016, 0.8
33, 2, 0, 0.816527143759504, 0.05297559233613429, 0.13049721957979785, 4.4324563927198095e-08, 0.39189131636234015, -0.39195883721898034, 0.4391781675767203, 0.8014899991648747, -0.1107072936995797, 0.11005591300137063, -0.12331802225002746, 0.35325949337042145, -0.2644514556479217, 0.3436941204047657, 0.030149417946876624, 0.0870512930736234, 0.26645633553988274, 0.0408457133782641, 0.14437905491936856, 0.02014657195031292, 0.0712313495112954, 0.03080730984978493, 0.8
34, 2, 0, 0.8165182955931742, 0.05298262094992407, 0.13049906298219385, 2.0474707669177805e-08, 0.387466165369898, -0.38586852260639554, 0.43216168191299315, 0.7998219240010971, -0.10970396222864416, 0.11022815859078827, -0.12272390539410057, 0.15739414609373079, -0.2551040945603419, 0.16694698291771323, -0.1490270253131142, -0.06182456057183235, -0.20334831805482315, -0.019956158434555987, -0.027338672365611588, -0.049661193643809234, -0.10018750273623889, 0.02406618410430954, 0.8
35, 2, 0, 0.8165078513084593, 0.052984080365202135, 0.13050797042889523, 9.789744338184931e-08, 0.38103588973344643, -0.3779432199663547, 0.4250338614443659, 0.7991069147022583, -0.11175446415118713, 0.11093145269664148, -0.12349586396083798, 0.26053242227621254, -0.2716414609720013, 0.11255976592940897, 0.19252762425396253, -0.09413175578651248, -0.11057928340976933, 0.049259615486656264, -0.0447336227398069, -0.023925853263507667, -0.14335144962885862, -0.08597689546671339, 0.8
36, 2, 0, 0.8165069504300537, 0.052984128857059505, 0.1305089163308923, 4.381994519000632e-09, 0.3747028349100762, -0.3737029686022482, 0.4211055919644375, 0.7999896903812704, -0.11196201178693603, 0.11161956231667299, -0.12474275370226187, 0.3422038428075066, -0.19607484046769263, 0.3284249263145058, -0.2674315552786291, -0.07324016478705743, -0.016012709972269952, -0.010516826601808516, -0.1113414650420413, -0.048977509608524095, -0.0007514658565614086, -0.2170487389137136, 0.8
37, 2, 0, 0.8163194342436466, 0.05307428608915054, 0.13060369779225972, 2.5818749429658515e-06, 0.36875177428269784, -0.36922724522845185, 0.4139141293890608, 0.7991202560211519, -0.11071645902598606, 0.11115651043664894, -0.1252133928676307, 0.06758857232439024, -0.17138539970921807, 0.170548910914092, -0.1515785837506285, 0.14552789832509144, 0.11825834868613036, 0.13500915047395928, -0.10477267620798432, -0.03361465249492884, 0.07669273988361819, -0.02277322269937034, 0.8
38, 2, 0, 0.8161129508127803, 0.05313098670406872, 0.1307511152486656, 4.947234485321811e-06, 0.3635570968799017, -0.36463195661461184, 0.4072751921840174, 0.7994165872482397, -0.11021400959280607, 0.11155753848470566, -0.1241092945920276, 0.33816593523674987, -0.15450508708545813, 0.18361027370031252, 0.006252314884558741, 0.2040431759558162, -0.24493167303716668, 0.01911525373412324, 0.010926187073999968, 0.033911089535563856, -0.24886354535804012, -0.01450747242070963, 0.8
39, 2, 0, 0.8146756576098904, 0.053455413702922144, 0.13182454849912167, 4.438018806564774e-05, 0.3592637577856725, -0.35933820737351235, 0.4010471236017253, 0.8012846530637494, -0.1115571049819267, 0.10972727453550217, -0.12299108404929116, 0.18490502344585236, -0.004993295275005205, 0.2068327756134903, 0.1351851852165193, 0.028728033001611968, 0.1089918452530145, 0.03963962735637922, -0.046572748411653105, 0.09013106929385759, 0.16064284428548445, -0.02789776341692215, 0.8
40, 2, 0, 0.8139027641987172, 0.05410345384781532, 0.13199002411241076, 3.757841056614502e-06, 0.35248762362189223, -0.35305141374897725, 0.39505868709050823, 0.7996218200576972, -0.11057668451344782, 0.11107357602618403, -0.12366746320976825, 0.07434532884451554, -0.2685163260281618, 0.13854984442265078, 0.13932199195284664, -0.1530068710686077, 0.012899184744474268, -0.06898396055688721, 0.02297229172532973, -0.05990400507371897, -0.02571692139615097, 0.04218905812632068, 0.8
41, 2, 0, 0.8136571990157536, 0.05417933367077092, 0.1321616171745174, 1.8501389581555101e-06, 0.3464946227668057, -0.3476465399877211, 0.3887879417457555, 0.8003143912349566, -0.11110331771751154, 0.10932311113339448, -0.12291552280269422, 0.14063521311240615, -0.19422496919423504, 0.35531576255795516, 0.08029972839421302, -0.055004581114277896, 0.1694486832712912, -0.09290288130108201, 0.0056084372264044256, 0.16482987227774998, -0.07134195883563589, 0.11803729195581603, 0.8
42, 2, 0, 0.8133900217854658, 0.05430394037997045, 0.13230207327095675, 3.964563606929168e-06, 0.34078658304495235, -0.3418851790466206, 0.38378568057571505, 0.7997589570289214, -0.112561673718067, 0.10920956978427805, -0.12404830068626027, 0.02551768977935818, -0.07766434118172957, 0.2338089335353534, -0.08698186255112941, -0.05810901426003092, 0.0772971772159074, 0.003251161037227439, -0.1277630784402609, 0.09341855491381398, 0.01169474224213624, -0.0819485378331855, 0.8
43, 2, 0, 0.8131013042912243, 0.0545146698720029, 0.13237839501712184, 5.630819650968206e-06, 0.33631829368633054, -0.3373143718908065, 0.3772896529412747, 0.800123847943528, -0.11071915541537643, 0.1127522534036604, -0.12287438921863478, -0.022017434605537935, -0.27737042059200423, 0.08383007889902509, 0.12071138707980116, 0.07740284761064989, 0.09769450872491178, 0.03339024901718686, -0.05795051654541159, -0.09533490345106231, 0.08928678339081943, 0.0034244686034821093, 0.8
44, 2, 0, 0.8129534843225031, 0.054564488865331544, 0.13247450735898675, 7.5194531787105064e-06, 0.32975773413222526, -0.3304151610280689, 0.3711840731260362, 0.800233630458347, -0.11085469757191051, 0.11035986031690166, -0.12348010086687877, 0.13795947983351847, -0.2255177976639778, 0.22461974098753915, 0.091062268651193, -0.00912396014369585, -0.07913701048973312, -0.037691065257529924, 0.04706853519698758, 0.09784223203231898, -0.22366939447647952, 0.04427813569527949, 0.8
45, 2, 0, 0.8127592481813818, 0.054581519802076255, 0.13265680517163803, 2.4268449039017997e-06, 0.32521222284984624, -0.3256347722492543, 0.3655494741502669, 0.8006105621385788, -0.11141552077571845, 0.11122946761811521, -0.12419205437811183, 0.04623289240390427, -0.24912453670800963, 0.27756069518221327, -0.08592471300304791, -0.02828579577644396, -0.16231401711489535, -0.002738843023025572, 0.057766287002258165, 0.16502553743731582, -0.03808191671332633, -0.17989778577979415, 0.8
46, 2, 0, 0.8125744246216963, 0.05468491096792095, 0.13273589026587912, 4.774144503783628e-06, 0.3202912282081336, -0.3189468204103246, 0.35800033031486983, 0.8007484830686836, -0.11005065775660103, 0.1105879292273815, -0.12415340331749362, 0.10759116310495065, 0.017573402839420816, 0.15269353066411762, 0.13953510615244105, 0.11920354076465253, -0.022467925697812932, 0.037332384542632394, -0.05798179893853561, 0.09389952662339453, -0.00447555597953208, 0.05596803452635468, 0.8
47, 2, 0, 0.811330930348349, 0.05575297710025023, 0.13290707215911046, 9.020392290417864e-06, 0.3143012789447216, -0.31586358214202603, 0.3520044348189963, 0.8005117105967992, -0.10984261624893224, 0.11147956549658215, -0.12378230290304952, 0.07027459590851327, -0.14555995924200021, 0.17746166509054234, 0.16324578582731467, -0.06760477249441464, -0.20383818943005064, -0.08250452169866922, 0.002780422388256365, -0.05177069707346319, -0.0322562429701408, 0.1446057280877187, 0.8
48, 2, 0, 0.8109467912270263, 0.05593929437544637, 0.13310828739751, 5.627000017362429e-06, 0.3091073504536991, -0.3083124115352438, 0.34600108098374516, 0.799985792639655, -0.10859527584992065, 0.11005161152085015, -0.12332536565144006, 0.08163067972256258, 0.07646488492972614, 0.32642452055968524, 0.11824149893900507, 0.06436200218367238, -0.12593977310338195, 0.011593016188381237, -0.043015415873029886, 0.010940159226220337, -0.11284349215473047, 0.0397403908873794, 0.8
49, 2, 0, 0.809992648153005, 0.056491867769857214, 0.13350575740759243, 9.726669545391965e-06, 0.3057005110782871, -0.30392026941123473, 0.338565543394069, 0.7997631626430298, -0.10963169850611461, 0.10954630061513412, -0.1236197058046284, -0.02235718777228668, -0.04583059651010779, 0.3824020863029488, 0.04269532593480412, 0.041323522630699175, 0.16744617021249722, -0.09342206324579272, -0.055061388695996596, -0.12831277599900873, -0.1513684180474975, -0.01413099448376666, 0.8
50, 2, 0, 0.8094092137640837, 0.05679117712482277, 0.13377557979484667, 2.4029316246996787e-05, 0.2971115332602446, -0.29660034845092864, 0.33345329467758267, 0.7995029490138498, -0.10934865389374533, 0.1094021701661434, -0.1241269734328356, 0.016067920850225414, -0.1278380073519541, 0.20020234792255356, 0.11659876342416756, -0.0368586026197403, -0.12405865575348363, -0.003776101482016425, 0.06303371622449047, 0.14813233022235262, -0.11699886668589736, 0.13765293653415017, 0.8
51, 2, 0, 0.8094221576111111, 0.05679633921863213, 0.1337788109403934, 2.6922298632898643e-06, 0.2903720406041561, -0.28952476552657436, 0.32831063960029716, 0.8002967563850033, -0.10964815278962034, 0.11126568313970919, -0.12392040707081149, 0.21195676657843343, -0.30802087250858184, 0.08308351401099852, -0.1672521984533096, -0.13425981104404563, 0.04050849566403292, 0.11532600076299411, -0.034781708313245556, 0.008137097122641164, 0.00011495710118620665, -0.0006658155238107396, 0.8
52, 2, 0, 0.8078133251112003, 0.0583037508691791, 0.13386993875938197, 1.2985260238777885e-05, 0.28585990563509556, -0.2862418072030034, 0.3187733168688474, 0.8002995174636046, -0.11034909425609123, 0.11134873344938616, -0.12658804713481184, 0.05405343386810656, -0.08608630403138526, 0.08307559185884134, 0.010441987807779062, -0.0662712868599316, -0.04394393716694431, -0.006009516802519279, -0.048839872295557904, -0.11666774443553933, -0.05404411926721027, 0.102072117934531, 0.8
53, 2, 0, 0.8074616014003649, 0.05858220510809686, 0.13393605418106772, 2.0139310470587866e-05, 0.27923047183344624, -0.2803295410935914, 0.3142964894623472, 0.800550719458972, -0.11166712267322262, 0.1117812483130299, -0.12312079353889083, 0.05163261834321977, -0.1472792718095176, 0.006307359933374679, 0.21796257041077008, -0.006065595951096418, -0.1360600955413953, -0.04614190670744486, -0.09958985110438208, -0.037775830726476736, -0.079175478656563, 0.044952796224489465, 0.8
54, 2, 0, 0.8073241038858524, 0.058699501774460934, 0.13395533217666955, 2.106216301711698e-05, 0.2752720768226151, -0.2768027911233368, 0.3086249668667306, 0.8005916828884514, -0.11103956399262409, 0.11082030412921495, -0.12444101875026939, 0.02946297537457354, -0.26522252504266985, 0.11502326429402125, -0.10733458969092209, 0.022086738876075335, -0.06835929998189208, 0.013620960752308054, 0.048703448685901714, 0.09962863568669743, -0.003876776465436735, 0.1160567594485721, 0.8
55, 2, 0, 0.8070726880791002, 0.05881311225115163, 0.1340876906288598, 2.6509040888434494e-05, 0.26900645581473986, -0.268578771191326, 0.302503056638962, 0.798944964412242, -0.11321481700822274, 0.1104362506829089, -0.12245300541812965, 0.12414849923042984, -0.11537235527321392, 0.2926752027820245, 0.1056786718904051, 0.13557578754702, 0.10214702022209739, 0.12136382692656367, 0.06161983146361623, -0.14896917438404958, 0.0660516367307363, 0.06232364734566244, 0.8
56, 2, 0, 0.8058756639403918, 0.05992439435915235, 0.13416724570933664, 3.269599111934813e-05, 0.2602466648006069, -0.2645581905383703, 0.2951315408185445, 0.8016353874404374, -0.11246370121692406, 0.11075460821335914, -0.12391494493163917, 0.17777873824569815, -0.15245656236367028, 0.11993767553879515, -0.11375905710671956, -0.0982175882160141, -0.09750301376639214, -0.03692604942804899, -0.04717267678125752, -0.046605875358888486, -0.1006024133109398, 0.09579377816574494, 0.8
57, 2, 0, 0.8058389129952245, 0.05992566624317458, 0.13420059982301275, 3.482093858830127e-05, 0.2590375438220184, -0.2551837370933024, 0.28965373914758097, 0.7999505214458941, -0.11092227292003887, 0.11103886462917975, -0.12456487317329645, 0.09986782760903457, -0.24620570447120632, 0.16010433877785762, 0.12359780795278952, -0.18527379168806418, 0.08907084025760784, 0.2513117087175497, 0.15450703019789497, 0.1759733489583881, -0.04629610607703965, 0.02695400136697628, 0.8
58, 2, 0, 0.805786363751407, 0.05997121429953366, 0.13421064860934875, 3.1773339710641435e-05, 0.2531877571249908, -0.2524026804142384, 0.28226267551693374, 0.8005161458393903, -0.1106309597661446, 0.11039626485145074, -0.12441441070693496, 0.11212815822676817, -0.11903081920763885, 0.32558208826224844, -0.045454670128309546, 0.15628118404196906, 0.09953593271881953, 0.014630694213712603, 0.1611347779163141, -0.06000602591753852, -0.04774952312421374, 0.20049937129753834, 0.8
59, 2, 0, 0.8051402585722576, 0.06050042946784369, 0.13430905457953285, 5.0257380365744364e-05, 0.24849444557795342, -0.24719486422666273, 0.2802952147446211, 0.800411092457978, -0.10983462874731464, 0.11283117624817796, -0.12403044047888852, 0.21969885180479243, -0.040326210544219455, 0.012209311789625454, 0.15901425117486864, 0.001672664647234541, -0.040586590063797126, 0.012380289328509835, -0.07847374909758822, -0.1551104831174825, -0.07757583153648813, 0.06347342698012455, 0.8
60, 2, 0, 0.8049868025862565, 0.06061259873329748, 0.13434882570140733, 5.177297903874247e-05, 0.24133350558831124, -0.24405751662902414, 0.27112171223591486, 0.8007681855541009, -0.11097535082799581, 0.11205346807094788, -0.12397986590172305, 0.34417594104395005, -0.052466523311401767, 0.09810758879162808, -0.18620828743101323, -0.2563234656203929, 0.049344214601788325, 0.012177374040860155, -0.012031915450315378, -0.12381362597374786, 0.08317895055617695, -0.08768415105854024, 0.8
61, 2, 0, 0.7949211556150273, 0.06877236305634667, 0.13616381520096282, 0.0001426661276632659, 0.2380739072163925, -0.23561252651320616, 0.26570404444568185, 0.7993811012078237, -0.11159436156354048, 0.1100639180060377, -0.12544991760335117, 0.20791711724142736, -0.281252486408047, 0.11933205339779326, 0.13000500159447362, -0.11194655381558956, 0.08870563161962489, -0.01709669548555484, 0.01591826894030241, -0.039805531101791546, -0.022645705105928334, 0.06678086391653763, 0.8
62, 2, 0, 0.7944815618018725, 0.0690220822942649, 0.13632462435039466, 0.0001717315534679206, 0.22857583827590644, -0.2314807263937456, 0.25648394010939696, 0.8001996946615526, -0.11173964368770721, 0.11015838014420423, -0.12482450562694034, -0.004452701755147226, -0.09100441895566756, 0.023684114871378024, 0.07636213866794908, -0.07544403585821394, 0.015489736959253833, 0.034348771045163415, -0.0678335176653917, -0.0034681183058894866, -0.08119435136653481, -0.13579505860475038, 0.8
63, 2, 0, 0.6540034449157387, 0.17156245164923345, 0.16866213383022804, 0.005771969604799789, 0.22506012057836894, -0.2266070479292875, 0.25262516269391644, 0.8000474960452229, -0.11011842947950819, 0.11025972452625159, -0.1227779388110564, 0.07004699274480677, -0.10149378025043332, 0.1390127528807654, -0.048894364597799826, 0.018832129362614768, -0.020455383913068077, -0.14019547871734722, -0.047403571379506376, -0.05304353046976762, 0.1486566042712709, -0.16676420691153523, 0.8
64, 2, 0, 0.651853696627914, 0.1732720903766454, 0.16905254880712137, 0.005821664188319145, 0.21893235767654068, -0.22048163169645293, 0.2484495271781691, 0.7985735746789152, -0.11295280532327896, 0.11192992895154603, -0.12507868700224112, 0.3081959096391985, -0.11344910163457336, 0.005652441487430692, -0.052810285672674664, 0.17994045052819313, 0.08530718187511482, -0.1793581518764406, 0.02865172791836118, 0.11310204301445889, -0.03707854959417726, -0.08149117411320242, 0.8
65, 2, 0, 0.6517119486342529, 0.17348632207065923, 0.16908127279279642, 0.005720456502291578, 0.21550957996280515, -0.21307438407276263, 0.23903652539718587, 0.7993306761642281, -0.11119209616054655, 0.11095678994661917, -0.12476718790382743, -8.968152604129642e-05, -0.09242075048311614, -0.01950603938124562, 0.21094447818302942, -0.11950025832565185, -0.09146376855182169, -0.03923498990733215, 0.1490354000618201, -0.18850132789547872, -0.07060418570369295, 0.049701900136810015, 0.8
66, 2, 0, 0.6418454589955092, 0.18243966543822815, 0.1698366638280615, 0.0058782117382013025, 0.20924346966518192, -0.21189551662225137, 0.23326205476427253, 0.7970842922728298, -0.1115620202278361, 0.11031405808494824, -0.1228997348759123, 0.13511307130895528, -0.0555177593916603, 0.07861943121538266, 0.08917539071481975, -0.06481880559627783, -0.0628706968313938, 0.009354742564318362, 0.18592772732505017, -0.08977015494473385, -0.06588472938736673, 0.0887268350900065, 0.8
67, 2, 0, 0.37805977195346174, 0.4174717968230941, 0.19497662757144052, 0.00949180365200352, 0.20324788489534829, -0.20230713717174026, 0.22730366213288322, 0.8011405946209615, -0.11159845519722536, 0.1104613548152376, -0.12430505785303878, 0.19893052590917953, -0.1237982245895122, 0.1308643947246896, 0.015326443661195904, 0.03300215722408752, -0.13918052505012285, -0.12426139549815887, 0.03099739474209809, -0.08873317418348192, 0.09007073211442941, -0.072235294693881, 0.8
68, 2, 0, 0.3780980199754586, 0.4174911280723583, 0.1949917670035439, 0.009419084948639144, 0.19727241310952795, -0.19523010821951958, 0.22090269285025835, 0.7986993103118929, -0.1138754523614471, 0.11107346245197132, -0.12394748050316047, 0.14768092833063748, -0.05784292165345138, 0.1991320170823853, -0.19901369653432516, -0.15575198074216637, 0.2625151076800125, 0.11114076683891405, 0.12575363308178902, -0.13082937202474543, 0.1876398850001418, -0.02821734815309552, 0.8
69, 2, 0, 0.37121815898412447, 0.4239614336003622, 0.19530160161824744, 0.00951880579726594, 0.19124347313292883, -0.1929293315878973, 0.2156075026266404, 0.8009676474560887, -0.10959259296212383, 0.10909505735794467, -0.12284347376813795, -0.05362554051315218, -0.029698059273212552, 0.09028301450315213, -0.09763436553663052, 0.1787825888435129, -0.048524208908756875, 0.04577380300934718, 0.044581025485258066, -0.05004548926984191, 0.0846810550072187, 0.07392191294480308, 0.8
70, 2, 0, 0.3447787014067012, 0.44725715458919457, 0.1977362394632283, 0.010227904540875746, 0.18671606935488888, -0.1863228315461281, 0.20896782914295836, 0.8025062041318336, -0.11289503942038667, 0.1131364479049661, -0.12391164160991537, 0.21150085594905166, -0.01370726305451837, 0.09089091337738792, 0.1298952122129061, 0.00611588744595442, -0.11934017961872183, -0.13494226796235953, 0.09491658455952208, -0.012360337691468092, 0.1404237176806853, 0.011314468002717192, 0.8
71, 2, 0, 0.3444385105663763, 0.44729053420262277, 0.1980287531633338, 0.010242202067667159, 0.18221292919790175, -0.1823152926332471, 0.20138096367548458, 0.8012893562942829, -0.11096813922269774, 0.11135158863577457, -0.12364683053201062, 0.20089846299550357, -0.011933444022212825, 0.20308989189434187, 0.11014533288850159, -0.12907821758940705, 0.05248075540901065, 0.1706182145444243, 0.07008868269583837, -0.12368527454772278, -0.13510775865913396, -0.14734214206787116, 0.8
72, 2, 0, 0.29569910785206094, 0.48545588304363646, 0.20569147086087392, 0.013153538243428674, 0.17544841020964344, -0.1746784967048507, 0.19552089235254755, 0.8000799361235256, -0.1113789677732235, 0.11132575260290759, -0.1244380753641362, 0.06942586284907823, -0.123794914707852, 0.0023478166944874367, -0.019627140894982305, 0.03043345320260732, -0.08373858857889463, 0.005654112803234921, 0.042062837679434306, 0.046185942031947334, 0.12439287491624604, -0.08865110696805853, 0.8
73, 2, 0, 0.2943819010297143, 0.48662743781695755, 0.2057966632913257, 0.013193997862002383, 0.17016770147319027, -0.17028049018376928, 0.1901115118863793, 0.7997498258817377, -0.10957542476253435, 0.11058523527116171, -0.12366824465378223, 0.012877475081231637, -0.09560172816135233, 0.050044690275521775, -0.027478069252628058, 0.08365392976071533, -0.13070899467497765, -0.010776643321632117, 0.012355299903692541, 0.1535476737610422, 0.030179079420842737, 0.14953546555644148, 0.8
74, 2, 0, 0.29384233190705666, 0.4869760975082697, 0.20595881183801085, 0.013222758746662743, 0.16333076927972434, -0.16554368882631493, 0.18469821968202982, 0.8010105534700251, -0.11215877126447704, 0.11210540402836755, -0.12470506044182039, 0.1239443736002231, -0.10074631787642323, 0.09840777853452953, -0.09297560372621941, -0.008117916016452075, -0.032824171474487754, 0.06786279822173513, 0.005536083671043893, -0.09741707139254292, -0.09163163990538371, -0.13118064451778572, 0.8
75, 2, 0, 0.2888562135570502, 0.4890889627962556, 0.20824794458247906, 0.013806879064215129, 0.15925922504011286, -0.15937783363606778, 0.1777287118475673, 0.8009184080836509, -0.1109322298196503, 0.11007650473277661, -0.12308434468706149, 0.08205401950359559, -0.02001611823942897, 0.12465542713642161, -0.12332759851136457, 0.09069929963153014, 0.09268769676250753, -0.15881677957082005, -0.013867877153173374, 0.0992757374337701, -0.018708258155986816, -0.23296098819395455, 0.8
76, 2, 0, 0.2835337494823934, 0.49416404568461536, 0.20843520974592614, 0.01386699508706511, 0.15474599523526197, -0.15412550704075328, 0.17328231502882013, 0.7991890207239815, -0.11373647133108118, 0.11063664574012803, -0.1246573235475847, 0.03654772108944894, -0.12636357257381006, 0.09587713244918687, -0.12359297428053864, 0.02595609938690573, 0.08192568720405642, -0.0064931818785944565, -0.1642347917051765, -0.16986187822632712, -0.00836103374228423, 0.05442756976456572, 0.8
77, 2, 0, 0.2832668660892317, 0.4943043095251821, 0.20851826144729585, 0.013910562938290362, 0.1480900635286542, -0.14514616287319332, 0.1651794640132283, 0.8019974367011817, -0.11097013454430382, 0.11189003294830102, -0.12364983464922323, 0.07976477858072437, 0.011158609969472221, -0.04119650948392782, 0.23868011390954572, -0.07472773285466651, 0.06135517583804816, -0.022213501562405088, 0.00797520176189992, -0.042780796515880216, -0.03614727709994139, -0.11163191948516724, 0.8
78, 2, 0, 0.26693988860702716, 0.5067315775451593, 0.2115313627334302, 0.014797171114383334, 0.14152769285520536, -0.14154692277493988, 0.16005951631560125, 0.8001120497573201, -0.11039956456933839, 0.1118422989507509, -0.12545566072969366, 0.04242387184830277, -0.23875515674647318, -0.07452875035139506, 0.07357341355399913, -0.044332475589549336, -0.09037851128752365, -0.14979430958781742, -0.09615051573302955, 0.0126531234115865, -0.024445173679768038, -0.17745965740199102, 0.8
79, 2, 0, 0.2634638113558052, 0.508143680875762, 0.2127521520987735, 0.01564035566965921, 0.13675450704861497, -0.13848545071256546, 0.15371400484117995, 0.8009116673929956, -0.11206039359765037, 0.11261911661011818, -0.1223631080853473, -0.003260170738513213, -0.14968080223898622, 0.16984707630315737, 0.11738427292924117, 0.1434866379262621, -0.05383899033476665, 0.08639581054288226, 0.06933959287121574, -0.14412644373886194, 0.28827601977908374, -0.001806778847227505, 0.8
80, 2, 0, 0.2619273213777921, 0.5093260941074832, 0.21301841013150347, 0.015728174383221223, 0.13039173687579203, -0.1334865911216479, 0.14783150430209085, 0.8003086083146231, -0.11141975513097516, 0.10930252136893388, -0.12539288688292266, 0.20120856720226227, -0.16913485643379705, 0.039365305657401616, 0.021290153087197648, 0.23049764349585145, 0.10876486958244314, 0.1371060686844975, -0.028863072236041724, -0.009621820937665313, 0.05367978908001818, 0.052081643566056435, 0.8
81, 2, 0, 0.2611874159958641, 0.5099516982553547, 0.213087772782686, 0.015773112966095282, 0.12397824095707917, -0.12757040029523775, 0.1416607646498984, 0.7985681956500256, -0.11063690621186603, 0.11132073471041506, -0.12584108055839507, 0.08592750358929871, 0.07182447703995504, 0.04906566671970933, -0.020001271240501547, 0.04073875402554358, 0.035015151910054346, -0.12117032692305614, -0.28455547339940845, 0.20451992361800486, -0.07050893429192603, 0.09816355487094021, 0.8
82, 2, 0, 0.25925114823962114, 0.5110568245020124, 0.2135791789947636, 0.016112848263602812, 0.12064206070929988, -0.1191671850646177, 0.13406843692534018, 0.8000312080899145, -0.11199350343902677, 0.11142548527778953, -0.12474060451801708, -4.698457349142648e-05, -0.0667497819074392, -0.03697582135585005, 0.008132057760583159, -0.10259727117806967, 0.07105693194078268, -0.020842741120274615, -0.041735863380952636, 0.15460025118816895, -0.14429806079454116, -0.08783548757379324, 0.8
83, 2, 0, 0.25907818671861815, 0.5111615293731274, 0.21362674927882658, 0.016133534629428032, 0.11269622765981106, -0.11367802013585467, 0.12934997294257922, 0.7999822746170484, -0.11042154998938367, 0.11090647671666787, -0.12446093891463561, 0.07208639830654122, -0.15062686825733845, 0.010654402318667799, -0.16424595967239414, -0.10558418351444843, -0.0444368817152309, 0.12114232710568965, -0.13744973004710853, 0.0836154460425084, -0.00817585917235523, -0.07084638925493834, 0.8
84, 2, 0, 0.2563465832485545, 0.5135449052413179, 0.2138436688757163, 0.01626484263441129, 0.10734430156244752, -0.10959883576120914, 0.12324194287176997, 0.8000617738564811, -0.11131665604992902, 0.11125738722426912, -0.12386703495382463, 0.0669584824858386, -0.16856642017648288, -0.12580032415478812, 0.01778978434715884, 0.08945123415110696, -0.1369918495429125, -0.03538592091160303, 0.006448084900243098, -0.0798336868809682, -0.04424080577545732, -0.12720882658549526, 0.8
85, 2, 0, 0.2501491698023078, 0.518465835371857, 0.21480678938963443, 0.016578205436200956, 0.10320561668686304, -0.10431457788992134, 0.11784500909903191, 0.8013808899100721, -0.11093425793275083, 0.10973559719506554, -0.12348313746462165, 0.18142749468048036, -0.04638918505406438, 0.14838808784789342, 0.004161661835378487, 0.07946340548166067, 0.023600491671778006, 0.09576472850824573, 0.020251409010324916, -0.09267324741108732, 0.009865755837015933, -0.020290535819617754, 0.8
86, 2, 0, 0.2499503927970009, 0.518623718353405, 0.21482833366077275, 0.01659755518882134, 0.09878182888701034, -0.09789934411172149, 0.10963076638478478, 0.8006013471085278, -0.11040334486505803, 0.11007767367599419, -0.12510926002197248, 0.09979110361582662, -0.12161140948958897, -0.10880893776418583, -0.09595658667584431, 0.14940864111779645, 0.18058282754844643, -0.08856722228320654, 0.13554662447659876, 0.01766732558757217, -0.20413431807374435, -0.0980353873467771, 0.8
87, 2, 0, 0.19129798312771523, 0.5606101477578257, 0.22755534150066928, 0.02053652761378997, 0.09170717852779263, -0.09166152368215318, 0.10243090908937154, 0.7990834221322957, -0.11219792689239508, 0.11120750075878771, -0.1218113764333643, 0.0907845700855667, 0.009294360248118999, 0.20213334492383428, 0.09863849932885878, 0.2081176826592705, 0.1206794315456395, -0.05499126770356262, 0.15019602927061423, -0.12773464376327698, -0.009739196484077879, -0.12731617325606231, 0.8
88, 2, 0, 0.19082583528847621, 0.5610544571462428, 0.22757448593489008, 0.02054522163039095, 0.08657719991653294, -0.08691888591593568, 0.09869111879231325, 0.8009874058223213, -0.1105605201419438, 0.11136788811920861, -0.12410192044011396, 0.10116191042361433, -0.13891881299887202, 0.08830285893201742, -0.14571369068518372, 0.20825856842223073, 0.1431845164174304, -0.04530546973458835, -0.10573307873032559, 0.09042830010886277, -0.0026083640794218334, 0.13122536218512892, 0.8
89, 2, 0, 0.1895957714854412, 0.561136824012525, 0.2283143599862408, 0.020953044515793114, 0.08217834073377951, -0.08228867311247938, 0.0899649821025941, 0.8002485806330878, -0.11165832650582112, 0.11130576032499215, -0.12313278410673996, -0.09790456427780755, -0.01588563732967933, 0.11964630223447656, 0.17590452835714412, -0.02771011979340171, 0.03231687877451379, -0.22426198593208926, 0.08942714340169615, 0.1542055977642972, 0.04851246600135088, -0.29182820216415234, 0.8
90, 2, 0, 0.18869332820443635, 0.5620015297077294, 0.22833106888159305, 0.020974073206241253, 0.07384268353707217, -0.07528595138124407, 0.0850855791349688, 0.7985939792156889, -0.11027750540795792, 0.11045380080791015, -0.12456677319370253, -0.20663813414823395, -0.11665143520498218, -0.036211966938734665, -0.03775091940994686, -0.04171467780032009, 0.0786455432005216, 0.030003559589759442, 0.008991155577375256, -0.1348531840453811, 0.13538464514395593, 0.10098604383865464, 0.8
91, 2, 0, 0.1502684423703663, 0.5952971738325956, 0.23087420776502812, 0.023560176032010105, 0.07077768346070286, -0.07032187436148662, 0.07786837328161492, 0.7996828778928211, -0.1120143604689604, 0.11209807481989961, -0.12441792190474876, -0.0015689618973811158, -0.08364539343562631, 0.013922494378901163, 0.04658803538748006, -0.21885868303412587, 0.044576890130145465, -0.020509607635322395, 0.23921533381331037, 0.0021769843949986647, 0.14611218885135954, -0.04363478091450154, 0.8
92, 2, 0, 0.14657002219380655, 0.5976735892100797, 0.23168632217645002, 0.024070066419663756, 0.06589568572137632, -0.06321672195419863, 0.07113415577561998, 0.8001586980176837, -0.11088217094862271, 0.11224910995022144, -0.12365897697718017, 0.030705618252410867, -0.1431836530334158, 0.014595161126834644, -0.04286559681521659, -0.07953765813614529, -0.035998173542912, 0.05162149262321597, -0.0987325043756992, 0.13980921840510632, -0.0024474553219500294, -0.08514294724115427, 0.8
93, 2, 0, 0.12313012478738936, 0.616952094374185, 0.23446850657958734, 0.02544927425883836, 0.05984764685883903, -0.059125869907300885, 0.06625886438185256, 0.8001145946537207, -0.11191632484937353, 0.11170783661820045, -0.12386235483901216, -0.1426531106311378, -0.04071419980781208, 0.17456140927981395, -0.023179153289032535, 0.02159044158172862, -0.12558957551169914, 0.030115438383799997, 0.1744790475377819, 0.06942562935211656, 0.11473324945411797, -0.02713463896146709, 0.8
94, 2, 0, 0.11316851713105067, 0.6262240379108764, 0.23486912698758267, 0.025738317970490126, 0.05285362820336394, -0.05339217914277654, 0.05873069222494607, 0.7986616316664585, -0.10949220324255496, 0.11039234871158694, -0.12517093517728678, -0.18923001981803278, -0.16307805944506443, 0.04586147440129886, -0.005337537990946691, 0.1732291355040967, -0.05885251150112103, -0.006599794914408094, 0.05605657039048725, 0.1073789107698336, 0.10991257495569547, 0.11293401496210789, 0.8
95, 2, 0, 0.11316106915384926, 0.6262309398666033, 0.23486942075037087, 0.025738570229176548, 0.04818663917757545, -0.04726015049134159, 0.05398594057118698, 0.8002093353933807, -0.10990424266573551, 0.11185245848308975, -0.12595745047424983, 0.27076140267351934, -0.08203378143170123, 0.05701861517603204, -0.07731952046522983, 0.24446851926277313, 0.04813257621012076, 0.06620180655886282, 0.02973249132937101, -0.013991024975825977, -0.08151964507635541, 0.07101299269150754, 0.8
96, 2, 0, 0.11316044322561614, 0.6262314339092169, 0.23486947356014684, 0.025738649305020164, 0.04242938102428033, -0.04224470709082155, 0.046961697912107685, 0.7988470182962726, -0.11129414139260516, 0.11127543658017891, -0.12505896033675515, 0.10390041493776829, -0.009988027154835693, -0.0008389330452745036, -0.28084041628603795, -0.011981001772484167, -0.09151965013979664, 0.09288852341336264, 0.23768614294056517, 0.09315967705797337, -0.024619556052420867, 0.09683095425462743, 0.8
97, 2, 0, 0.07658310221952926, 0.6476589252874889, 0.2419269037269729, 0.033831068766008915, 0.0353108499489003, -0.03552776863778438, 0.04246613681281448, 0.8005319203908542, -0.10954769768424666, 0.10946736070814445, -0.12593520377664982, 0.02323871152309088, 0.04890164601027014, 0.03726118374053552, -0.06572864436740568, 0.16559390918555483, 0.029398456421446367, -0.06858255627650654, 0.0667458617156984, 0.051335212131513465, 0.11756554284234699, -0.21099237702227097, 0.8
98, 2, 0, 0.07467286712746914, 0.6493543996283764, 0.24202816865616436, 0.03394456458799016, 0.03029867228774167, -0.03202191569997894, 0.034708804194906205, 0.7999159469334705, -0.11065814031551924, 0.11115236101070965, -0.12482241872547681, -0.01734974818638557, 0.07895339903704436, 0.015092743680362133, -0.13566081787881915, 0.008153075674132803, 0.05412375112086365, 0.058226082989893346, -0.024133047562183357, -0.035511335880621546, -0.05269865078673854, -0.037694086799919466, 0.8
99, 2, 0, 0.05964327876486988, 0.6629662203116327, 0.24263511697104548, 0.03475538395245196, 0.025290405380422754, -0.02500083673476704, 0.028535144907654197, 0.7994874311971114, -0.11348527116541891, 0.11010095998071409, -0.12487166292923288, 0.03380538886012395, 0.094420799815835, -0.037706525233161835, -0.06820055964740242, -0.014930452702172737, 0.11984435403897212, -0.0037493381066084756, 0.12507367782707857, 0.03427734097067005, -0.052787623350653755, -0.04184632449953253, 0.8
