t, Event, Policy, P(still), P(random), P(reach), P(transport), o(t), s_a 
0, 2, 1, 0.9949849247932434, 0.000406826933613047, 0.004418670665472746, 0.00018956857093144208, 0.4432334837423054, -0.49203676170266186, 0.71721587818108, 0.3716603867334486, -0.05487422876549184, 0.22604391105922658, -0.17710072455066964, 0.2708230747264931, -0.25973559780188943, 0.4328094948685794, 0.25868928894193133, -0.01249727335648882, -0.051771698427803846, 0.039973197227942556, -0.04225922039120982, -0.04574913486431711, -0.07238982767930477, 0.0015031374539767129, 0.4
1, 2, 1, 0.9938319196580151, 0.0009957982194837777, 0.00495240723729867, 0.0002198748852024215, 0.7039435274012241, -0.6388107442508093, 0.730147282407153, 0.36743253896986566, -0.11384848734296052, 0.0651053531583798, -0.010302150010955847, 0.32431737873789096, -0.2932695669857224, 0.3114301930290219, -0.0959748483137415, -7.941896343359404e-05, -0.00020183036344138816, 0.00010910825804575173, 0.029454156668388763, -0.0008436657438176452, -0.00048243428486214983, -0.00010962773026118064, 0.4
2, 2, 1, 0.9938486075541848, 0.0009962400056408095, 0.004952728735635048, 0.00020242370453933185, 0.5088177497845443, -0.6734361073568891, 0.560516973611287, 0.36931405337350237, -0.27200402708568916, 0.1493971100195868, -0.2403592795015339, 0.17963160972776315, -0.2771725019233126, 0.3031394957178556, -0.03186913662636182, -0.0005831392385540428, 0.0006721082514686838, -0.0004119927202622563, 0.028194901007574952, -0.0015221056587890144, 0.0022121553086223563, -0.00014909656272681207, 0.4
3, 2, 1, 0.9929078351553804, 0.0013553239876743478, 0.005503957313214211, 0.00023288354373114545, 0.6615620224564103, -0.6854158966183854, 0.5998591515149705, 0.4046575296080791, -0.038499526519465574, -0.05099756757021219, -0.12861544237722758, 0.4121073481697051, -0.44218696263322055, 0.241772147283908, -0.012483173935860608, -0.0016114931310211044, 0.00014191241002018185, -0.0007234246563715134, 0.02898867906091059, -0.0006373013116066121, 0.001484501950822141, -0.0010851656329187948, 0.4
4, 2, 1, 0.9928815886782245, 0.001393941158783519, 0.005518511819662486, 0.00020595834332953153, 0.46520814890921214, -0.6517500712931323, 0.5399656464211141, 0.505317199898414, -0.21305704282984522, 0.016820758419857397, -0.0394540504939224, 0.28554527293185383, -0.28948151467193095, 0.18469102106618876, -0.05565141469617013, -0.0014450158542948744, 0.0005163145330678027, -0.0008288134876231017, 0.030795018659699275, 0.0003335289494544169, 9.895950399809961e-05, -0.0006388856215442458, 0.4
5, 2, 1, 0.9928194207687572, 0.001424225876073999, 0.00554864149694814, 0.00020771185822062048, 0.6014332498435545, -0.5613301649879995, 0.442541024794503, 0.38025437230282205, -0.10714870204662211, -0.009920119035577834, -0.2518144590698096, 0.10037627902680837, -0.19811642523821318, 0.5119177883581967, 0.1220213155844784, 0.0008300269478793611, -0.0008494292803130913, -0.00211272173885397, 0.030099275377054507, 0.0007668601434152933, 0.000954468542777923, 0.0004402993362727477, 0.4
6, 2, 1, 0.9609626678382606, 0.021854489967888018, 0.016395006035948508, 0.0007878361579029879, 0.48997577992040925, -0.530577071996231, 0.7167788684503714, 0.5022376075574225, -0.10513916231045901, 0.0811707039257514, -0.05710764459438369, 0.2829428320619539, -0.27054458481704124, 0.26110857066160137, 0.04438859852878627, 0.0014501723309281191, 0.001378847335604591, -0.0007632831749199811, 0.029814189937071533, -0.00021664892706573118, -0.0005801403301362339, -0.0004307704097926859, 0.4
7, 2, 1, 0.9608739101908261, 0.0219270298535802, 0.01643111545109846, 0.0007679445044952272, 0.36503106697749244, -0.5900361990753464, 0.4058997991166985, 0.3241334619406705, -0.21293106911183912, 0.05767324284803912, -0.011139923459122136, 0.15352037562674342, -0.24228265751304529, 0.3681324285537645, 0.05309042423775514, -0.00046985037081973913, -6.244507420945521e-05, -0.0006126716406575501, 0.02999615066836876, -0.00032036793947491155, 0.0013555488663191185, -0.0007872933030232577, 0.4
8, 2, 1, 0.9608057022351627, 0.02197860809895978, 0.01644624674113674, 0.0007694429247408377, 0.5279105777586539, -0.6411207358436739, 0.6380536115582307, 0.4076955118207928, -0.29070375274895477, 0.21190741633783072, 0.0722405496400974, 0.24157613962465666, -0.29613897784379617, 0.25659686054454744, 0.02474633493000823, 7.705596518561069e-05, 0.0003124175078353656, 0.00021098137583694921, 0.02901455736350534, 1.5569542756839113e-05, -0.0006906248916145245, -0.00035215876210072664, 0.4
9, 2, 1, 0.9607614516587581, 0.021998103051406356, 0.01647121903501091, 0.0007692262548246125, 0.46982296880049457, -0.6104080069217335, 0.48754120863289396, 0.4377719226399773, -0.1265573885097347, -0.05151038668062515, -0.27203611900799995, 0.29196833285062307, -0.2731285435126231, 0.452876784544671, 0.007010665778871097, -5.928910946227553e-05, -0.00046152524407176015, -0.0006254457985724643, 0.03061909169849094, -2.5297243399622267e-05, 0.001878940418657208, -0.0003607113727464552, 0.4
10, 2, 1, 0.9384502636233573, 0.0358994071765683, 0.02409724186717056, 0.0015530873329039484, 0.6782250708105069, -0.5360003228935658, 0.5413450601008709, 0.457111026687553, -0.07977114315562417, 0.16353699775690766, -0.053763351987884775, 0.26644928453991634, -0.255450280277105, 0.3156315154912128, -0.0983974076864883, -0.0008760005886195318, 3.0502214166547965e-06, 0.0005272690551709049, 0.029354082084063267, -0.0005080373529911146, -0.00033234720506802195, -0.00019670493470004975, 0.4
11, 2, 1, 0.9283224842227398, 0.04194902140321071, 0.02791331607423422, 0.001815178299815377, 0.5358490179022058, -0.5329643987366387, 0.5983313141677118, 0.10100727415951338, 0.04937016964451557, 0.08645569937053263, -0.15792749592310243, 0.32197388766805596, -0.2816256899355318, 0.1938319933172275, -0.012438465568648254, 0.00020280964986126086, 0.0006182678894415121, -1.4947588359561227e-05, 0.029346771783548088, 0.0013205567121231457, -0.0005220218214785921, 0.0010735510985853086, 0.4
12, 2, 1, 0.9283231147443184, 0.04194900999831804, 0.027913337737476722, 0.001814537519886731, 0.3628483320298149, -0.607757778415552, 0.6301626360202881, 0.3780428621962506, -0.2521504999772577, 0.32888822463059725, -0.13620525986011595, 0.171328008895415, -0.5067166120838935, 0.14030258412004604, -0.11982638182344416, 0.00010137240968350844, 0.00015936497082918782, -0.0013402902912294013, 0.03159860651007733, -0.0018134955049921094, -0.00018894244231797654, 0.0013471548873776884, 0.4
13, 2, 1, 0.9273925384195882, 0.04263332456670809, 0.02814317023410878, 0.0018309667795947968, 0.4695859535709935, -0.42792433041216454, 0.6570560829158965, 0.3919103186202738, -0.07624586968100062, 0.015501915961407675, -0.07964276090416747, 0.2758642043822746, -0.12158721223814703, 0.25853105023175643, -0.011768092045879914, -0.00026238661377090284, -0.00038722976179431134, 0.0006770003976508873, 0.02891874352148796, 0.0019610802587238553, 0.00022047936318919567, -0.0004016645103401647, 0.4
14, 2, 1, 0.8950519190842899, 0.06472339371705166, 0.037173639691156085, 0.0030510475075023816, 0.4499560785565615, -0.3566118018023924, 0.4714898701884687, 0.6216883933230513, 0.023467485922978603, 0.13188068332780664, -0.09135433702294105, 0.18141722049481007, -0.2606663738658396, 0.3150999897839471, -0.16549593897489795, 0.0006882812752153714, 3.792992573486928e-05, -0.0003889357182324812, 0.02981737066680548, 0.0014262073053497332, -0.0003688998111001758, -0.00017011771817939512, 0.4
15, 2, 1, 0.8949986940736382, 0.0647540715835711, 0.037195648915010135, 0.0030515854277805205, 0.4720989377721187, -0.4604449162419577, 0.4802177805151529, 0.2940408199904345, -0.19807444779393488, 0.23734189805566822, -0.06726011169238066, 0.3627910112429197, -0.30454518329803604, 0.3865538899927684, -0.10929214314087751, 0.0006267954301509719, 0.0012113023249435374, 0.0006776860010455732, 0.030771473096075835, 0.0008607260173244084, -0.0009956470879684107, 0.0003116020466875821, 0.4
16, 2, 1, 0.861399278110174, 0.08758126937604015, 0.047218642293705954, 0.0038008102200798696, 0.47960660743942507, -0.47470092754319415, 0.5834978148363609, 0.32103965250604294, -0.0029732426468780603, 0.05433525428681808, -0.139571742488861, 0.11914991638814025, -0.3715896545102043, 0.23341169023312114, -0.026547624531552023, 0.0018879894305666694, -0.0008584216949288125, 0.000584682529970347, 0.028658490134887072, -0.0001991922175478296, -9.342700595781162e-05, 3.025625323170473e-05, 0.4
17, 2, 1, 0.8928727336058941, 0.055480787199286154, 0.04785803789581704, 0.003788441299002519, 0.4050488284286516, -0.7162939571912847, 0.5026296611125607, 0.48443314091007944, -0.009490542124352342, 0.11332397966386809, 0.030828791794648702, 0.13006652751940334, -0.25202246210216994, 0.22827045075346747, 0.005356502106115912, 0.0011290908156156962, 0.0005334996946899266, -0.0009246836801869596, 0.03123750293283963, -0.002511607912841943, -0.0015147757619337866, 0.0011931510390705495, 0.4
18, 2, 1, 0.8896240349429384, 0.05691260410038362, 0.0495533712946037, 0.0039099896620743676, 0.36933498563590533, -0.3760128125090899, 0.4395936394296898, 0.24912679286002684, -0.05205122823377285, 0.03453779807487941, -0.06223129544192556, 0.561579211240194, -0.34277961324334466, 0.34118428657436045, 0.08548673205514146, -5.17079597654644e-05, 0.0015218192443347042, 0.0011943694469541911, 0.02981601910041563, -0.001548557540212538, -0.0008751371344372757, -0.00030581106421298727, 0.4
19, 2, 1, 0.8826393930750548, 0.0612987845920344, 0.05191161597311132, 0.00415020635979935, 0.4493012964485431, -0.437799828694229, 0.5143219712297842, 0.5239171898701913, -0.08234838054262579, 0.18865589179700137, 0.07392554913997089, 0.377187860992677, -0.2642396033551679, 0.3693554398117702, 0.17477922994942086, -8.859764362820838e-05, -0.0002782928123036573, -0.0021093693549432153, 0.030867651459371852, 0.0006240704471994709, -0.0012548391997246873, -0.0003581925400298101, 0.4
20, 2, 1, 0.8298078898719865, 0.1011996462609008, 0.06391515034293385, 0.0050773135241788765, 0.49072622242590225, -0.3872389618770971, 0.6095704161956113, 0.41898643869318536, -0.10978227436994688, 0.10724712721670097, -0.003156217132348438, 0.13053590719379188, -0.20848721678722396, 0.38046095148543546, 0.07279957219873956, 0.0015073615505631632, 0.0019865998002473817, 0.0006430411637142234, 0.03089281089635072, -0.0005203050438756463, -0.0013095465907317471, -0.0015741359006932523, 0.4
21, 2, 1, 0.8294203189365552, 0.10151630009252192, 0.06398532567724066, 0.005078055293682182, 0.41563059557480325, -0.4447956241814806, 0.5195275552078911, 0.29658455911223375, -0.20490578695196332, 0.13222981213291995, -0.03089703292654632, 0.2282538160074934, -0.11481046709266389, 0.25818584056374244, -0.051224804973740025, -0.0010845198374131513, -0.0007285846381163395, -0.0011891352022431565, 0.03037162241535691, 0.00012573341712493843, -0.0010695304697241766, -0.0007117893923438365, 0.4
22, 2, 1, 0.8221869648313068, 0.10610843809132324, 0.06644567991096044, 0.005258917166409627, 0.5660400161480348, -0.5406284028536577, 0.46841482886532393, 0.4718358103578641, 0.03426375700399233, 0.2308765872766859, -0.1706092946575004, 0.3029791267837951, -0.2063315270052959, 0.2641049069981982, -0.0017792545317458941, -0.0002649121456894435, 0.00047733914176701904, 0.0007452539210733247, 0.029581308913121596, -0.00026548291010960003, 7.664473575703011e-05, 8.632243969305244e-05, 0.4
23, 2, 1, 0.8177635739464482, 0.10779597603180018, 0.06886253696819639, 0.005577913053555205, 0.42589983864266845, -0.40694426845107345, 0.5427778510320839, 0.40778877611807757, -0.01927902380322858, 0.19015201936176307, 0.03153300226261617, 0.3724416422253486, -0.1913385854163832, 0.26819626347641, -0.11894886319186608, 0.000794434194727082, 0.0011570478921213135, -0.0004661525698814134, 0.030413550386750615, -0.001606235006343742, 0.000818904717032036, 0.00040740455700354246, 0.4
24, 2, 1, 0.8171712529918512, 0.10823465816082939, 0.06900720085966729, 0.005586887987652062, 0.28141328304986357, -0.3769831381587011, 0.5007033767645935, 0.34289939017925286, -0.05320039529896211, 0.04841073505688651, -0.21424730285499954, 0.20630260454304775, -0.22975293918630674, 0.083758741631767, 0.08933226689333126, -0.0010819119199706952, 0.0012785530605980374, -0.0013458422607310386, 0.030875412199466018, -0.0003935709011020047, 0.00140122552883826, 0.00020073199734704919, 0.4
25, 2, 1, 0.8173818012572066, 0.10785941011751624, 0.06916199692481882, 0.005596791700458399, 0.611213961923901, -0.41631844449686906, 0.6572498676238423, 0.5733069240888701, -0.006639797345225374, 0.21720941008358752, 0.0850712949324353, 0.2558157573367481, -0.2659508254472126, 0.38831066895538296, 0.1663187801133304, -0.00023313613384829055, -0.0017162557806779336, -0.0016491734103843282, 0.029240326223787316, -0.001172006888443352, -0.00016102277773145753, -0.00021190228237931893, 0.4
26, 2, 1, 0.8164092144777058, 0.10850783497632904, 0.06946353352686895, 0.005619417019096153, 0.343953018762018, -0.36896850569227835, 0.5473756789465893, 0.3523600760538491, -0.05975543448162814, 0.14401234139944802, -0.13680994654300044, 0.3084098572939397, -0.25497203901105336, 0.2151576631946311, -0.044695643884780555, -1.1619686779116658e-05, -0.0006060924721498313, 0.0004651658949636984, 0.029562424278933287, 0.002580696650385314, -0.00040176587227164505, 0.0014364329829323979, 0.4
27, 2, 1, 0.8175071630433406, 0.10862778212278268, 0.06948923486040162, 0.00437581997347511, 0.4639370546078263, -0.5535446132984554, 0.3104472721164672, 0.539641234354301, -0.26867983942112666, 0.2859202102568378, -0.19810804093767653, 0.22921897836525457, -0.07815295808180833, 0.14358050267863298, 0.08694204907846584, -0.0005952075466666314, -0.0005782056556023786, -0.001472630641672314, 0.03075689821962075, -0.0005864386028953457, 0.0004951114320907766, 0.0012269701032899037, 0.4
28, 2, 1, 0.7401937195733034, 0.17546158409201515, 0.07824524548669153, 0.006099450847989897, 0.2683412169450537, -0.4592095349155395, 0.4245334180944603, 0.4060909418862181, -0.13621161614560806, 0.10985953481888695, -0.10916265794737581, 0.14925096594111076, -0.051192265016114555, 0.13668990115571034, 0.07662013514034775, 0.00033504353850636817, -0.0011308572615599684, -0.00023565421476302268, 0.028121230755911754, -0.0006754330426016387, 0.000904919473031207, -0.00046854776665500975, 0.4
29, 2, 1, 0.7402192003996039, 0.17547198749011947, 0.07824724468889196, 0.006061567421384729, 0.5064049200305929, -0.37961890280190447, 0.45453368619020196, 0.6212319301172307, -0.31742122480258655, 0.26867180345670405, -0.1979621528351267, 0.1804046684327736, -0.09459880123109503, 0.1558233358764506, -0.02896685085838363, -3.765654570510018e-05, 0.0018311944386684177, 0.000810982988853511, 0.02925131217117095, 0.0004381516250464072, -0.0006038050635587355, -0.0007793414970355716, 0.4
30, 2, 1, 0.7398686812352689, 0.17577009376687422, 0.07829228998128746, 0.0060689350165693675, 0.3872496045289374, -0.345171685500217, 0.5999101177499029, 0.24598712482000357, -0.11290663175202079, 0.13559440585286886, -0.09884212437477635, 0.1079891507954112, -0.22527526248291338, -0.09270172771155841, 0.025946275988913574, -7.20186916914947e-05, -4.84317361554571e-05, 0.00029829222486875136, 0.031037837722992782, -0.0011824489013355975, 0.0003088423720845252, -0.00041076300014838827, 0.4
31, 2, 1, 0.7392118962938298, 0.1761322211114761, 0.07857064678058526, 0.00608523581410893, 0.6443985682622578, -0.4864120293066054, 0.5573799459752712, 0.4250881997568296, -0.12001778079500533, 0.15483468312789078, -0.16661092172614728, 0.17099142597422023, -0.3300197450085103, 0.37061812019208196, -0.03326317575623339, -0.001001849373355877, 0.0009032236833199288, -0.0016027340862851298, 0.028481572708262088, -0.0010165374781095633, 0.0003253439723767267, -0.001790564374926538, 0.4
32, 2, 1, 0.7393868469636738, 0.17608591164603576, 0.07857527083890416, 0.005951970551386212, 0.4014975811621942, -0.3513143021981909, 0.3434955922554459, 0.6298563561423486, -0.14856304945954957, 0.212622802861591, -0.16910802555722637, 0.2572592447136583, -0.1950133077779126, 0.17628387430227482, -0.1606112212579519, -0.0003353197224049123, -0.0011010541734458854, -0.00048308453193091316, 0.02941626052567526, -0.0010065579405502234, 0.00010382046634951696, -0.000643709579001904, 0.4
33, 2, 1, 0.7381584115707367, 0.17725931355942498, 0.07868568903722258, 0.00589658583261578, 0.3781930126957045, -0.3714572666394852, 0.2914159227634475, 0.3687490138682557, -0.26280186797640204, 0.14121346793783154, -0.08228878713821823, 0.17248615988985588, -0.15320666244413716, 0.0835587235871769, 0.012376466382035316, 0.0006122045160680133, 0.0008291096913525916, -0.0009561636709377325, 0.028901910874055563, 0.0010477577250708105, -0.0004002880310853479, -8.302132909719981e-05, 0.4
34, 2, 1, 0.51517772612224, 0.36648588471962695, 0.10893327674305847, 0.009403112415074667, 0.34384674782294083, -0.4040739945227626, 0.5506221742531834, 0.2929324315545356, -0.05204982314047011, 0.009939009701013423, -0.0353525816806884, 0.08817356685819591, -0.06276094036503037, 0.2683528355373007, 0.08602876522860732, 0.0002449113145173572, 0.0009683548569783575, -0.0012261599211582327, 0.029211288831607302, -0.0008077265921350331, -0.001738077553760774, 0.00020910774490095585, 0.4
35, 2, 1, 0.5136836386368008, 0.36712123428294713, 0.10968509385630079, 0.009510033223951407, 0.2886502127145117, -0.41099116962178855, 0.376951721838669, 0.3120168290483235, -0.1378684505596311, 0.10737360221731762, -0.025657692000536247, 0.2847548134754511, -0.26217142008630784, 0.22267586522791386, 0.04268879203366678, 0.00016697339901792515, -0.00043886583815478194, -0.0009036436078146245, 0.029381342083934205, -1.555530742499502e-05, 0.0005779571557088855, -9.480082590526735e-05, 0.4
36, 2, 1, 0.5136849640141138, 0.3671223825101779, 0.10968562416346188, 0.009507029312246371, 0.2896336810876079, -0.31650096882333134, 0.4872997818142017, 0.5183371490614809, -0.26275521332132656, 0.20129381600030943, -0.2541593790137349, 0.36758191245615185, -0.03696265549296533, 0.14639489390096877, 0.13480119797126844, -0.0004801935687178011, -0.00018641838559928112, -0.0006986943673102578, 0.02980026242214735, -0.0016656077274365133, -0.0013309887888760604, 0.0005097352589624591, 0.4
37, 2, 1, 0.5078540267326498, 0.37170393769984755, 0.11080837984452839, 0.009633655722974366, 0.46945515872605925, -0.3299052687671424, 0.3558668074425351, 0.3801393677389017, -0.21685765539195395, 0.10707942139456372, -0.23079792723378012, 0.23865892087207893, -0.12375886971539866, 0.2018639939742656, 0.046898126153749706, -0.00020056531560133905, -0.0007974208974000682, 0.00022703344954927142, 0.03004001529197587, 0.0005073721518245437, -0.0009820734100175917, -0.000948263336317909, 0.4
38, 2, 1, 0.5052717477124782, 0.3738359356668447, 0.11119895548483653, 0.009693361135840597, 0.391496879252886, -0.3178607635220538, 0.43546072875724756, 0.5234336214491953, -0.2624899268044342, 0.026102751711074644, -0.16213577133359747, 0.28193933790492925, -0.1717237315259743, 0.102196363320234, 0.027114997197847556, 0.0002445480351917888, -0.0005281460977745402, 0.00013244477827398742, 0.031136715074196623, 0.00040802224753666154, 0.0002938269726522917, 0.0015907531828317524, 0.4
39, 2, 1, 0.49594792343494487, 0.38072247540799314, 0.11338716834222949, 0.009942432814832555, 0.2888382178156964, -0.35595471514106297, 0.3592133975179538, 0.39972547828307975, -0.0751763690027885, 0.11186043509213686, -0.2791355102234454, 0.2407873032994141, -0.153166866447183, 0.24114971706048166, -0.0022266677307490323, -0.001443985281840574, -0.0004369798888605177, 0.0013264644027945983, 0.029148130614862516, 0.0005741178669396242, -3.372141228458843e-05, 0.0008284717025993135, 0.4
40, 2, 1, 0.35258902818006943, 0.5044585071610526, 0.12994882353708484, 0.013003641121793252, 0.5073627583871092, -0.19780959775970014, 0.4240612423735491, 0.19134439906972064, -0.04980048441357924, 0.07052449729607399, -0.01956173347416108, 0.1279255324665896, -0.18535164431986934, 0.18709552701747176, 0.06030086429048624, 2.473921442796356e-05, 0.00032282463015512885, -0.0009334405343489084, 0.02770960609636657, -0.0016602676425114785, 0.0006259959049504317, -0.0004273679403148027, 0.4
41, 2, 1, 0.34236284903811826, 0.5121282371052986, 0.13232274161017468, 0.013186172246408523, 0.38205431620204344, -0.27338002360670716, 0.6181753982539344, 0.390911863288361, -0.10486525295516014, 0.027647066774638684, -0.15415464817214367, 0.11355285160471677, -0.22796370055759035, 0.19665081313174443, 0.014501195595665395, -0.0015857960654404022, 0.0009834369781506144, -0.00041571354283033836, 0.03019352308923511, 0.0016996744218308435, 0.0015072578891697024, -0.001739351884393963, 0.4
42, 2, 1, 0.3429096159671424, 0.5094659274715962, 0.13425037880899562, 0.0133740777522658, 0.29167287102494266, -0.30405647410986436, 0.5371420008759852, 0.29840114415235497, 0.028264750939652684, 0.2119141510287612, -0.1368818892518922, 0.14846287265181052, -0.21364080870121477, 0.22172717820596702, -0.018697834724555253, 0.0004271866808282102, 0.0005301986134138438, 0.0005267033772086481, 0.029447765984589223, -0.0019834742401836154, -0.0016645369304113793, 0.001005910845521173, 0.4
43, 2, 1, 0.3434854968935444, 0.5089661015013881, 0.13425974023226298, 0.01328866137280457, 0.18983344442843014, -0.3843174292300772, 0.36796675477894186, 0.30111092753397917, -0.1556875951421351, 0.048816342784800335, -0.20727583981317482, 0.1201508134380496, -0.10965185504086761, 0.06864010483050584, 0.01014895198053552, -0.0013584767819333377, -3.401312627675647e-05, -3.3537478816216664e-05, 0.030629267716383614, 0.0009558473535232478, 0.001429324863957025, 0.0005611409726738598, 0.4
44, 2, 1, 0.30543666629683547, 0.5355375049533414, 0.14491536545027833, 0.014110463299544886, 0.35170938025865, -0.4895093776034365, 0.6041167079260994, 0.5044664043792634, -0.010834289621370874, 0.010344306265357294, -0.13022174223233324, 0.28199194658846916, -0.07760556739423151, 0.3049145443303799, -0.059384104431303444, 0.0014193544450077796, 0.001016613758859608, 0.0007601432650552713, 0.029819683612947658, -0.00018761463947284245, -0.000583008418960611, -0.0006857923647161901, 0.4
45, 2, 1, 0.45508245463171254, 0.3853186046640856, 0.14601853513212312, 0.013580405572078635, 0.5624646880442349, -0.2609058758001629, 0.20106966191090772, 0.3989308634674264, -0.009134967407089101, 0.1352844984993953, -0.1384083272381893, 0.017814822941721143, -0.09354151468428809, 0.1318547775959819, -0.10082715233352504, -0.001308411920549898, 0.0015325018994474383, -0.0017550718988367502, 0.03102473615085073, -0.0004218895381041852, 0.00017654408364018538, -0.0018973143910087388, 0.4
46, 2, 1, 0.4533755881041972, 0.386453714606544, 0.14655256442687564, 0.013618132862383238, 0.44780362923961564, -0.22178370061211633, 0.5446285681294059, 0.4737556403338659, 0.005519420414989406, 0.24684421381653449, -0.19425775408599533, 0.10221379539031208, -0.3678147334869359, 0.19101004633147017, 0.15439281363146476, 0.0004901940668356141, 0.0015345823351687717, -0.0010046800243375667, 0.029562967052081494, 0.0012707054798330535, -0.00012732595949781588, -0.0004164284440655561, 0.4
47, 2, 1, 0.4541424330981077, 0.38575592871865527, 0.1465567816948309, 0.013544856488405987, -0.01254972384907731, -0.06432454011457964, 0.30878200335338757, 0.4631959450401125, -0.24026571338052846, 0.23815842371843204, -0.04506126946732601, 0.13354677438203205, -0.2006804396936334, 0.37612878377931264, 0.06925098956755697, -0.000924204101464743, 0.0005000109670340099, 0.0018035067305636975, 0.03184129033456705, 0.00024023712647702902, -0.0008842438952134119, -0.000936348385667679, 0.4
48, 2, 1, 0.4503476805355049, 0.3889608899265045, 0.14707104802217, 0.013620381515820608, -0.0036405683708728544, -0.41476112891700134, 0.330921846262688, 0.6399629955547823, 0.04611406214471399, 0.059619014803858936, -0.041850338490064275, 0.33510692684685184, 0.08078517519545658, 0.3078458575615877, 0.0032832086006533423, -0.0008150465891267906, -0.0015427170067035547, -0.0007328654744034302, 0.029581589042832007, 0.0002831479256277966, -0.0021527496274959105, -0.0005551454979425263, 0.4
49, 2, 1, 0.45153712533302554, 0.3877981429074782, 0.14709053791555196, 0.013574193843944315, 0.14110768254878128, -0.16130244243780179, 0.43871989292865293, 0.41498083769630345, -0.16493507858866358, 0.3130981413431598, -0.1447216942465891, 0.2100325287713789, -0.011006234201315501, 0.1919964847006503, 0.08582810578546622, 0.0021566218102424236, -0.0009562069302544298, -0.0010277852884352841, 0.03122497887626678, 0.000386435182801927, 0.0013060338969878315, 0.00030727958392692904, 0.4
50, 2, 1, 0.45150423416636887, 0.387824921222535, 0.1471000232453158, 0.01357082136578026, 0.3788885051334512, -0.33129938565646, 0.3976945983506687, 0.5149295491967663, -0.2891374711487111, 0.20038988915711461, -0.20593178799845888, 0.18321165771426748, -0.265392008265067, 0.2894443419922884, 0.14315038678942088, 0.0012163522318048075, 0.00011969799246669042, 0.0013415328700885662, 0.02941843503322416, 0.00041425386459761616, -0.0010037736429873562, 0.0018653343131989912, 0.4
51, 2, 1, 0.4512815241918777, 0.38799421320928024, 0.14714516880782247, 0.013579093791019655, 0.3833841902684158, -0.25993198934413075, 0.46471772511302145, 0.3547210452992641, -0.0330852136502429, 0.24733726988174914, -0.13989045100754754, 0.38942000267036647, -0.026248005189810984, 0.07766933255485832, -0.1665110613963211, -0.0011238220028601832, -0.0007194526704708485, 0.0008793752314477526, 0.028785769809271007, -0.0008043663172782947, 0.0011653242704466134, 0.0016823949485262346, 0.4
52, 2, 1, 0.4519499467391825, 0.3881657998640759, 0.1471695398639424, 0.012714713532799085, 0.2330006574627314, -0.4275918353356385, 0.2844419413731979, 0.28743396287892736, -0.21738988214681726, 0.0673876314388031, -0.20181034730836397, 0.2124865366790231, -0.1027329496782416, 0.06567282710587763, 0.07162638297611097, 0.0003622942893401049, -0.00013937722286380078, 0.0002590731235341221, 0.02871510935752538, -0.0015296708521503769, -0.001795844611930426, 0.0016041936859818896, 0.4
53, 2, 1, 0.42685118474364686, 0.40872458873538964, 0.15090314686372808, 0.013521079657235351, 0.3450375108622216, -0.16082521271083342, 0.2093562482920821, 0.3752187146537774, -0.0001434214362384223, 0.13613307388265983, -0.2110025469438867, 0.300375436702485, -0.04357632392318085, 0.1537806860255956, 0.11479052356735683, -0.0006365860370905589, 0.00030485934063675897, 0.0005716349130762685, 0.030199038618984642, -0.000938220660794867, 0.0003049306739972613, 0.00017544178499097706, 0.4
54, 2, 1, 0.24480762669118772, 0.5568829831888126, 0.1813129354750456, 0.0169964546449541, 0.24117541572351103, -0.1786873553264847, 0.46225200222724094, 0.4604399911525993, -0.07339133950207682, 0.2123627238614861, -0.11204444121713031, 0.18379345982878748, -0.23712360824384926, 0.2629488150447292, 0.07804514473415214, -0.0009779432569293838, 0.0006956482828178328, -0.0004267085154647383, 0.030504991870336153, -0.0008161548851267879, -0.0007327868680727043, -0.00038731609697625316, 0.4
55, 2, 1, 0.2447389555481172, 0.5569671923881822, 0.1813237073313696, 0.01697014473233107, 0.3207211193432704, -0.3474391829807284, 0.3975204278610017, 0.3576030545732165, -0.27934255790949114, 0.13622212735018013, -0.08698367236397649, 0.060893564301542545, -0.14922521125221655, 0.21170825311032004, 0.06712696170385894, 0.0008142822236053652, -0.0006330896187392778, -0.00013832427882991703, 0.030960164037010175, 0.0018834320374575195, -0.0001689726382785087, -9.69024325254571e-05, 0.4
56, 2, 1, 0.20693434559396956, 0.5880672110410886, 0.18693374078927388, 0.018064702575668033, 0.28968995945017073, -0.2141866453043429, 0.2560870124369835, 0.4751249275588771, 0.007903757781503696, 0.24291034351916116, -0.11960017253256694, 0.2532425670894101, -0.1861462987840467, 0.2469917035468066, 0.07448494568383152, -0.0007922796977407533, -0.0024514478418038903, -0.0025698379397410165, 0.03192831190304536, 0.0015406201378644418, 0.0010068852987968864, -0.0017059456560923254, 0.4
57, 2, 1, 0.2045254959200016, 0.5899425503197305, 0.18739467361218148, 0.018137280148086424, 0.30439973805547343, -0.31024350108442367, 0.4492353606500529, 0.37721764956929155, -0.08004672069721941, 0.2329958895622247, -0.14185714708246383, 0.21279569496693393, -0.035417140973545036, 0.1616238688882446, -0.08018127593899295, 0.0007612909603275382, 0.0009974062933127423, 0.0018422522241824044, 0.029775580668433593, 0.0013244543495161258, 0.0009771860881108141, 0.001189910017598415, 0.4
58, 2, 1, 0.20500563943178648, 0.5895052782211563, 0.18739841998556184, 0.018090662361495508, 0.25621910960000666, -0.23602200603995532, 0.22654373836898598, 0.31932416060870916, -0.2105077864266039, 0.11563655582522703, -0.10623239263213877, 0.02784819929548238, -0.2138002531813851, 0.02705234584751941, 0.12138253520604436, 0.0017021407870379374, -0.00020612207237663468, -0.0013697940552823667, 0.03082687293909283, 0.0006788426473944087, 6.844369962800718e-05, 0.00030032608062088563, 0.4
59, 2, 1, 0.1847487376824374, 0.6075854269284896, 0.18914113810710012, 0.01852469728197294, 0.32221610688415364, -0.28379977741171025, 0.4122944177725378, 0.3177797041584188, -0.15624117219301065, -0.00746700273307419, 0.035076823269093074, 0.23355287647495987, -0.09969477696409751, 0.22503423352419558, -0.05620119976824341, -0.001786294043534261, -0.0007743338076003959, -0.0010430628838752223, 0.031013343020117386, -0.00027384709766608954, -0.0008539729757291446, -0.0003992527106216512, 0.4
60, 2, 1, 0.18580313654245778, 0.6065998616752939, 0.18918439293562683, 0.01841260884662158, 0.3605799077882813, -0.15613570642130614, 0.1929081282673301, 0.3014960079779456, -0.12472023110278785, 0.05895915619423313, 0.021377267291720292, 0.1624220536088497, -0.21311718810923722, 0.05960754160131693, 0.026815640199667246, 0.0005815232325089724, -0.00015902849065404896, -0.0008847137344711748, 0.02786897123672783, -0.00021281710577312633, 0.0011487945627832112, 0.0005445881874058375, 0.4
61, 2, 1, 0.15564842392603628, 0.6311058730900115, 0.1938934771960986, 0.019352225787853554, 0.2338464580375647, -0.3672572020404646, 0.29833290468187873, 0.5803699082375491, -0.03793446898154712, 0.08709598880324419, -0.19709761578125878, 0.12853557985672126, -0.17581802722890882, 0.16289277929745177, 0.02260363403375491, -0.0005400520571304683, 0.00023967552483437592, 0.0010209583425675073, 0.028936487574668806, 0.0007779942909706182, 1.828674494758454e-05, 0.0009277779871698692, 0.4
62, 2, 1, 0.16163734230363222, 0.6250511987412332, 0.19395208903238628, 0.01935936992274834, 0.27780228799206, -0.12776300845379002, 0.1300293019084697, 0.4251335074666594, -0.10468118642229303, 0.1181469247097314, -0.17197933009941668, 0.22360559826130358, -0.06699468608707601, -0.09127539551302088, 0.0011258362988823018, -0.0005004366459161222, 0.0013136648830375734, 0.0015305036321305843, 0.02888364900038775, 0.0004382532640200513, 2.940436109386524e-05, 0.0016184539596878743, 0.4
63, 2, 1, 0.12520653665386025, 0.6583253662303713, 0.1962397581783085, 0.020228338937460122, 0.23096530341377472, -0.1788718150352661, 0.22669966778793885, 0.423533919539539, -0.08519376294328311, -0.026131721432312217, -0.13541970436343317, 0.08044093201450364, -0.041056876661347885, 0.032131036055138916, 0.1368535863184024, -0.0007876580851441415, 0.00012710095751412775, -0.0006422652627389918, 0.029284089126470663, -0.0009436137205167353, 0.0013097931940315346, -0.0015999285028894914, 0.4
64, 2, 1, 0.1240922429991587, 0.6589881760390042, 0.1966117758202148, 0.020307805141622358, 0.006292390795100999, -0.24884095062177164, 0.41599229847513175, 0.44535757281928107, -0.26073186470719983, 0.09403388783769466, -0.1307779560458865, -0.06306659335169688, -0.08354682878001259, 0.21984056531477475, 0.007890567296753012, -7.613592897183753e-05, -0.0010298158609023174, 0.001315546874611962, 0.02990065886626096, 0.0008869664510168598, -0.00033161059374196415, -0.0009569914268954466, 0.4
65, 2, 1, 0.12206970590747902, 0.6607704917497035, 0.19681496023566009, 0.020344842107157455, 0.2648753704797026, -0.10021469533318605, 0.1858751689258573, 0.4307081995498594, -0.1235606883683545, 0.021399712513879288, -0.2069774329036465, 0.018834738428755226, -0.13690862031744938, 0.28604218154503736, 0.008336738418468806, -0.00222869992969947, 0.000987363712740399, -0.00042301573383701763, 0.03160502489327685, 0.0016136027408394336, -0.00019257836733546258, -0.0001857989523525254, 0.4
66, 2, 1, 0.14702916207228384, 0.6353934700017495, 0.19709493408752546, 0.020482433838441227, 0.19818471247471772, -0.26365755938605134, 0.07216579832625365, 0.3497413074483557, 0.022845223957130668, 0.1850318853705847, -0.13724165507190295, -0.009277240216174775, -0.27895496873267656, 0.0384345042036074, -0.015920940480495163, -0.0008639628492687193, -0.00015108412118039182, -0.000264911364134535, 0.02985079003693226, -0.0010200164651480207, -0.0012063948055811124, -0.000661384440097598, 0.4
67, 2, 1, 0.14815828320231852, 0.6342392810720642, 0.1971109952358105, 0.02049144048980685, 0.2312094105173049, -0.3710643060948541, 0.3469884924167005, 0.5401446040641635, -0.19834489165831765, 0.1735614959076006, -0.12796382513663102, 0.027021390675841906, -0.06026252451837212, -0.20285575292647628, -0.04081810823309617, -0.0020312237085023895, -0.0016829360801958273, 0.0004652252581988488, 0.029042093091166888, -0.00024915768514611797, -0.0008105935376874358, -0.0002208972438562452, 0.4
68, 2, 1, 0.14038864515454377, 0.6393300019261428, 0.1990925165315822, 0.021188836387731235, 0.17865303408753003, -0.2046396497974805, 0.3407277210383205, 0.4547084277144527, -0.052694130093662916, 0.041953731150790284, 0.024866991795211613, 0.2709784075482704, -0.02022033770999463, 0.1794379573647319, -0.08182352450517476, -8.042421905081147e-05, 0.0007383391702119803, 0.0010739412481506846, 0.03251938573615658, -0.0002574597428022823, 4.6893967289217806e-05, 0.0010640212696323716, 0.4
69, 2, 1, 0.30811388920163646, 0.47093799224291627, 0.19957697655952678, 0.021371141995920537, -0.035388191190545995, -0.25075553546647517, 0.24348544223789995, 0.1759057269044392, -0.01084083355626565, 0.16226735003518952, 0.002880548254515425, 0.13161065728266294, -0.22015381218185687, 0.12951279016369405, 0.15938177023207886, -0.0011947680955794785, 0.001001493526569545, 0.00222309481620969, 0.029993232181050645, -0.0003512461230316836, -0.0006185260356667813, -0.0030310222959014795, 0.4
70, 2, 1, 0.30823459226867955, 0.470812413849746, 0.19958037121489647, 0.02137262266667795, 0.08119609024485723, -0.30294138669899373, 0.4465284887925668, 0.35989783022687677, -0.04320814676180172, 0.29618576065338253, -0.25453616608617047, 0.0033599699882490342, -0.05371847898102091, -0.18014470077121789, -0.13963941002629682, 0.002224959463660692, 0.0019834762026438137, 0.00022386417045844139, 0.02980236923672074, -0.002687239944287282, 0.0006967277419151442, 0.0012501044996653411, 0.4
71, 2, 1, 0.31504634989912234, 0.46414239064340135, 0.19950815322330498, 0.021303106234171438, 0.17544789615482143, -0.2173077773217087, 0.07445079002477842, 0.42386404953569273, -0.02915875341507196, 0.2911408049287977, -0.02204742263765682, 0.15029634524551255, -0.0825833536366202, 0.13583513023793642, -0.036852530113379064, 0.0008610538992523007, -0.001167084378538913, 0.001472070611970807, 0.030173673243470013, -0.0008912148303821466, 0.0018975769832769607, 0.001729568306035871, 0.4
72, 2, 1, 0.1467807165666478, 0.6180403894474746, 0.20928434769342832, 0.025894546292449208, 0.31689346329108325, -0.12339174161994829, 0.0974622632450221, 0.46863449320500844, 0.0549278737791141, -0.004054410996170943, -0.12053784422745914, 0.09626310696596337, -0.06959788935890335, 0.11952249415956787, -0.025682447799829162, 0.0022426019125930483, -0.0003330736249864611, -0.0008279372056564599, 0.032313163912553726, 0.0031680373614961016, -0.0024032002163364824, -0.0006637829808243299, 0.4
73, 2, 1, 0.1745959945911916, 0.5901423483050859, 0.20927172890344553, 0.025989928200276954, 0.16678607252959632, -0.2677794354707796, 0.26733230074598485, 0.410523675192404, -0.07560820873520724, 0.1632400243221645, -0.06883517898637435, 0.03557681136096096, -0.18433941930197745, -0.14442765081462153, 0.0303925176693972, 0.0005850316692323544, -0.00018247962123887595, -0.0005518634223164518, 0.028871274897130227, -0.0007385355622168484, 0.0010856284726217516, -0.0010512579772561973, 0.4
74, 2, 1, 0.26281398391539923, 0.501274554931029, 0.20960052229321388, 0.026310938860357926, 0.19281283251973041, -0.10377141406188928, 0.01052251631620984, 0.36095835819885935, -0.04035033453542695, 0.18593994139667785, -0.14910715878074174, -0.18638802679380304, -0.002375667026532258, 0.06762292197518802, 0.06701947806039588, -6.219762502051122e-05, 0.0020332145620636124, -0.001743106009103239, 0.0298306374318277, -0.0005948722301525405, -0.0009671209920760647, 0.00039791681096323727, 0.4
75, 2, 1, 0.26010195662209135, 0.5035940068438282, 0.2097390770067356, 0.0265649595273449, 0.21644056259657565, -0.11031620417199287, 0.18740314544233033, 0.3833595879343884, -0.0719079590569429, 0.11560941677410104, -0.11546533194275396, 0.10794997018268959, 0.1048973733394627, -0.006705076101537732, -0.14420850802386304, -0.002031737595778237, -0.00014163731846644913, 4.2847644085182614e-05, 0.03046455529197073, 0.00012183705987063053, -0.0019482701015589182, -0.0006818461342935609, 0.4
76, 2, 1, 0.2604177693897685, 0.503353353951023, 0.20969474208344613, 0.026534134575762425, 0.13186616663203382, -0.21263582545176654, 0.28072624932514706, 0.5069132693947337, -0.10001589137569618, 0.40287736642988375, -0.04149553815612241, 0.037868767715172405, -0.035794013844312925, 0.10424178572103297, 0.2273713215313366, 0.0007399469688774288, -0.00010976600875544818, -0.0004716736360158214, 0.029315883644388613, -0.00046442355956399144, -0.00028719250260439167, 0.0003793295019579051, 0.4
77, 2, 1, 0.2240240748594745, 0.5398736421985085, 0.20891924786219673, 0.02718303507982014, 0.023498457492619872, 0.015594648108147058, 0.08342839825554657, 0.5224526709799596, -0.0888232011038349, 0.051742377815008164, -0.11165777170822691, 0.12680069265541155, -0.08175862803993962, 0.04988976910169374, 0.011523331518440219, -0.0003640374182571554, -0.0005686504589547199, 0.00089384084644901, 0.030408336531487983, -0.0013469885608770817, -0.0011784884737870958, 0.00032377797194513036, 0.4
78, 2, 1, 0.1426176878321327, 0.612877066371325, 0.21499004287291945, 0.02951520292362288, 0.02599117631191259, -0.10797703048432705, 0.06059711365720395, 0.44317095874279266, 0.05710153364801671, 0.17810635291130933, -0.20586785192139523, 0.0028945208662544907, -0.07179971493585204, 0.17413136483996297, 0.012750053915735535, -0.0005649713515428527, 0.002582641435321523, 0.0008598437369586228, 0.029296855620465585, 0.0006103156296789526, 0.0012617578441021238, -0.001585137040878474, 0.4
79, 2, 1, 0.14302762489435852, 0.6125301364798542, 0.21494377583960594, 0.029498462786181436, 0.12903824571468708, 0.05176087449994149, 0.059503000242816184, 0.38449688479392047, -0.21658900989817678, 0.20524175454537003, -0.1128640056289724, 0.11167836020377131, -0.07108266391915993, -0.10182923272667506, 0.17000081544062223, -0.0009998961479075713, -0.00013780742109355357, 0.0008021396766944147, 0.02877518154229921, -0.0012312804362296851, -0.001071830888285759, -0.0004509315158133172, 0.4
80, 2, 1, 0.14926431216472577, 0.6066957084716179, 0.21440585136030843, 0.029634128003347835, 0.03343430666984384, -0.04246724723799093, -0.09390991580499279, 0.3530091658158723, -0.01826556090604047, 0.11208058241003682, -0.08009522551971918, -0.018602688537715295, 0.014698903810408781, -0.13532033123859202, -0.024332779821633135, 0.0008941522339787078, -0.0005612753909243035, 0.0024221499722695003, 0.02959374060182219, -0.00015334753225613873, -0.00019142542235302685, 0.0009887480984342241, 0.4
81, 2, 1, 0.10814488132974828, 0.646212692855436, 0.21482236646752945, 0.030820059347286217, 0.05612251050960547, -0.1141506472685266, 0.08861350319644715, 0.31100410624331276, -0.16005475259084306, 0.11818037271754771, -0.022149749050510592, 0.08247344234943466, -0.0293588514063728, 0.13123592642927343, 0.12216102308521057, 0.0012559740347717152, -0.0001510759718972673, -0.0021196951591802606, 0.028210621998283798, -0.0019950665526599545, 0.0006354094171222735, 0.00012662219565025406, 0.4
82, 2, 1, 0.10840409514317068, 0.6459831251632586, 0.21479432117524017, 0.030818458518330438, 0.2476077975520597, -0.3248262413827424, 0.17789284181686096, 0.5712555955534008, -0.07960020547002859, 0.2962094187676003, -0.05716452907612708, -0.10720505221980088, -0.06540618766435122, -0.004780310677036481, -0.23307557094748677, -0.00034177014251665156, -0.00021810727873352345, 0.0002478386660745693, 0.02945999915060017, 0.0003888776348769809, 0.00025333427392600544, -0.0004280351196275198, 0.4
83, 2, 1, 0.10567123571843472, 0.6491537934669119, 0.21414317675485495, 0.03103179405979845, 0.1506951823589895, -0.22429270522855357, 0.17203032894662404, 0.46719696801525884, -0.10425350234588222, 0.10748034302589331, -0.07135077850082852, -0.0008673302423184648, -0.1476380741061017, -0.023765924397376504, -0.04032951613161904, -0.0008514819591767699, -9.381444815986156e-05, 2.0677965257983557e-05, 0.027402117441890146, -0.00028343525240364525, -0.0012002103147089097, -0.0018039135646386096, 0.4
84, 2, 1, 0.0660370425817142, 0.683730940731976, 0.21792636600774457, 0.03230565067856532, 0.17144040258467014, -0.2773136387755976, 0.18990215842856648, 0.2587404604041429, -0.11124801215368221, 0.09804342344878929, -0.13821189831658595, -0.007427808935257252, -0.22340462224937693, 0.18129030735096213, -0.06770497237550195, 0.0004780863220046976, -0.0007592200316503702, 0.001253255651347309, 0.02757941474165725, 0.00030348116358541093, 0.0019776226761963806, 0.001270836831187624, 0.4
85, 2, 1, 0.10479818816069743, 0.6453445159781172, 0.2174665645552324, 0.032390731305953144, 0.14594609295564492, 0.10523510524619958, 0.16606733239293528, 0.4189705528511441, -0.06527950844416475, 0.19680494247499616, -0.13272279296605935, 0.08391791865969461, -0.05685383041350382, -0.0368646551563396, 0.036247374050085227, 0.00032880560119312273, 0.0008883696689157427, -0.0008139193936173969, 0.030290173536148733, -0.0006893805898019625, -0.0007043879133720795, -0.0006829691698833855, 0.4
86, 2, 1, 0.09915866273223417, 0.6510219017150821, 0.21728037093842842, 0.032539064614255285, -0.0347324685234476, -0.027633158650296495, 0.08110053643665785, 0.4304231098035022, -0.1237013876630098, 0.08547909912551055, -0.044857004160281086, 0.033880006586605074, 0.002737775520687291, 0.16286527002243026, 0.12723228528120467, -0.00026341260724939484, -0.0021352753994121443, 7.861444512982822e-05, 0.03043647575473185, -0.0007895398278372574, -0.0005780590318370198, 8.800026000498702e-05, 0.4
87, 2, 1, 0.09864507659821958, 0.6516885446494056, 0.2171214616381942, 0.03254491711418059, 0.11374957626965573, -0.0374660863247014, 0.1153894944438886, 0.19803356273612632, -0.09862025479241335, -0.0345278630633999, -0.2630107667344803, 0.05968242384762248, -0.04538503002609352, -0.018017696572760755, -0.020979502823862885, -0.0032133160729794024, 0.0007838535988153022, 0.0005681376786967783, 0.029199446099671927, -0.000867079887589383, -0.0003613301052164942, -0.0010649646098217056, 0.4
88, 2, 1, 0.10987249175393408, 0.6407492557277201, 0.216743128515861, 0.032635124002484805, 0.052270136956169014, -0.10199183777196734, 0.04221803712586667, 0.5225400845927404, -0.15492201626501015, 0.06581868599489105, -0.17466369211063945, -0.13828032741780558, 0.07576247456187055, 0.0395177488358109, 0.014325504846860232, -6.607593139896684e-05, -0.0006908184670443307, -0.0005753709905571006, 0.030640442847382023, 0.0014456713031451452, 0.00011993613902374397, 0.0015902994138213785, 0.4
89, 2, 1, 0.09375070522865235, 0.6556326444106773, 0.21749787825357916, 0.03311877210709129, 0.061020705446939646, 0.09445396738103726, 0.018357357525843044, 0.2627819745372241, -0.10598347800726204, 0.13932375639255024, -0.1937523458640451, 0.11063684856733857, -0.14477648257739778, 0.033982442084811444, 0.0010068723716464805, -8.31507757160174e-05, 7.95508115295635e-05, -0.0007915706434707739, 0.031507247738301616, -0.0013957147390337352, 0.0006188748838954027, -0.00046255420671099755, 0.4
90, 2, 1, 0.05903302791762618, 0.6864498530885702, 0.22018827398475854, 0.03432884500904512, 0.13674619872224913, 0.026950709640379534, 0.04886568848158571, 0.4632489800297062, -0.09566074293292479, 0.11357748364957967, -0.2353780680395551, -0.0015903610647147904, -0.18121661672524017, 0.13979279236455594, -0.09279926500910544, -0.0003183892040319634, 0.00013757352034016087, -0.0016495212240656694, 0.030287021421376997, -0.0002080158298132688, 0.0012938698194997133, -0.002361145102916609, 0.4
91, 2, 1, 0.05932808863760499, 0.6861967432006507, 0.22015498513823822, 0.0343201830235061, 0.07982387228145793, -0.14407656744826342, -0.022979923660565192, 0.2974391937744323, -0.01390335644133538, 0.3540341898151815, -0.17076080799415802, -0.00669990037490426, -0.06831288290800147, -0.11552050303179492, 0.03080202173061094, 0.0018298457413711642, -0.001089409683772946, -0.0011126159607242575, 0.03192050862683953, 0.0009558146172928214, 0.0002636839830825384, -0.0003490523425146138, 0.4
92, 2, 1, 0.05616134016404158, 0.689068179860876, 0.22032396615689617, 0.03444651381818634, 0.15667201686515572, -0.22257601226865248, 0.24152217786702898, 0.39778057937018285, -0.09281838324848979, 0.2133908832335913, -0.09791357451322369, 0.11108297987467308, 0.03912575790975932, 0.12595060740984904, -0.1495029825092943, -0.0012064605452649954, 0.0006418022167343027, 0.00027990900466612426, 0.032152253552183534, -0.00017710276060719813, -0.00011076092252649387, 0.002348758178808312, 0.4
93, 2, 1, 0.05538208075690287, 0.690315752568418, 0.21992229203092828, 0.03437987464375084, 0.19929820097969067, 0.05733440676096639, 0.10542804444844218, 0.45287265334136484, -0.17106445589276198, -0.1362805035289832, -0.11735926780637555, -0.012248579872509564, -0.08955860548461747, 0.1301996647034666, -0.0009322730149706096, -0.00039727135813271184, -0.0006902252383756446, 0.0008372002519996471, 0.031706637694937215, -0.00010969313967863062, -0.00019165359681014489, 0.0009258313418699463, 0.4
94, 2, 1, 0.06501419051962477, 0.6814417335345083, 0.21927570289360745, 0.03426837305225948, -0.16179076043306823, 0.09734553778329666, 0.15063447553121861, 0.5087848870676853, -0.20278078872767136, 0.16634148623581896, -0.1965401275787308, -0.08049286189159133, -0.03164738926923745, 0.12067721787261225, 0.027794388018999916, -0.00032047650873191633, -0.0005295689094615126, -0.0004714330228308578, 0.0300621464808024, 0.00018615948673268674, 0.0005189411973870743, -0.00014863267973299143, 0.4
95, 2, 1, 0.06527962599758866, 0.6814849094432898, 0.2190059373210198, 0.03422952723810185, 0.19568762494747974, -0.11267607311791401, 0.19751883566129258, 0.4355737273649578, -0.22819524574138123, 0.18259482878333602, 0.05544136264818358, 0.00402020602326929, -0.04636660076440631, -0.03462710588287645, 0.22026295149419278, -0.0006465560459388594, 0.000450203259314026, -0.00030146960569642537, 0.03028513482585332, 0.00020877754194882013, -0.0004614560963689872, 0.0008420670232850002, 0.4
96, 2, 1, 0.10916703862291849, 0.6372463733392238, 0.21910145473040205, 0.03448513330745568, -0.030526554530109783, -0.24988876499252202, -0.012005236104602695, 0.26578132701352547, 0.08688881172206653, 0.2192917522382424, -0.1539888349573634, -0.07505886888457877, 0.03682744875238956, 0.21438286982907545, -0.12967053922704228, -0.000847045143295037, -0.0008256432421483488, 0.00038244128748667354, 0.02932321453767612, -0.0014443425239192079, 0.0002529923253407894, 0.001031375202451269, 0.4
97, 2, 1, 0.25615171036087386, 0.4937884562423392, 0.2147839876494958, 0.03527584574729123, -0.10648167550827112, -0.01618711518783676, 0.12485985306549444, 0.3767277156655232, 0.006987533572858329, 0.02446517714843218, -0.06820911225003969, -0.03812327344789953, -0.07789198349688226, -0.08824032327276332, 0.07192916941549383, 0.001518022635259647, 0.0003215232273332779, -0.0003405382456106975, 0.028017640835389025, 0.0009132935439278266, -0.0027651387756922876, -0.00014940955477910908, 0.4
98, 2, 1, 0.27287463364854014, 0.4777622717754739, 0.21397478263010963, 0.035388311945876126, 0.04590736357968718, 0.128902729196027, 0.005573459154437704, 0.4666342414734309, -0.11750439567471571, 0.10598201576377946, -0.07447760269852069, 0.03143096320234552, 0.054512405369514225, 0.05001986137305372, -0.029254123516006907, 0.000196459821288934, 0.0008780020965098838, 0.0020558256103400036, 0.02972105595660048, 0.0003293350046304072, 0.0011996862101601427, -0.00043527191424326783, 0.4
99, 2, 1, 0.369640508716201, 0.3792806777208964, 0.21495697966525568, 0.03612183389764693, -0.03706792976133375, 0.1325592925708833, 0.171632464829771, 0.3747068737021553, 0.045569315187908674, 0.1399755491899835, -0.08862796524263827, -0.01482066017297698, 0.29807003064390625, 0.011420692438659948, -0.19990799021800273, -0.0002768714862855005, -0.00012664417059811225, 0.00017882078188894354, 0.029845558743124896, 0.0005699785259262686, 0.00042827253297759196, 0.00262899130446163, 0.4
