t, Event, Policy, P(still), P(random), P(reach), P(transport), o(t), s_a 
0, 2, 0, 0.9324268102645874, 0.00031241748365573585, 0.0672607570886612, 1.2993475628775286e-08, 0.5676012124161175, -0.4681414054177287, 0.5028061585284578, 0.7273907847477761, -0.13733815846100464, 0.197313644350201, -0.2775508862811976, 0.36419048242179114, -0.3687858965052097, 0.41718455336033616, -0.02821580674006215, -0.11052612387611101, -0.028788114641527935, -0.08940918442191177, 0.11885879843289233, -0.09462949177567072, -0.1138679686183353, -0.12679031141253863, 0.7
1, 2, 0, 0.9313297029998449, 0.00034593822132188753, 0.06832435877854255, 2.9070730565057647e-13, 0.5691909207470073, -0.5687596092105396, 0.6387061444292176, 0.6979942254163949, -0.110974591906675, 0.1114307065722682, -0.12147068524687162, 0.22157774737058916, -0.40277273228428784, 0.39243080129288915, -0.009223058395028261, -0.12322738788062079, -0.13125282196657842, 0.0514223704059204, 0.17775863171343048, 0.004981173564750347, -0.020242170973910897, 0.07155007488272215, 0.7
2, 2, 0, 0.9313295425240686, 0.0003459774283765044, 0.06832448004755448, 3.652076593121258e-16, 0.5631249453154883, -0.5637018942936389, 0.6311369938702074, 0.7005974731598095, -0.11144206132915657, 0.11118782043113176, -0.12360880352342658, 0.19848080820529573, -0.4937309163291874, 0.2665794706965293, 0.06831260384123357, -0.04555159981761385, 0.0702067492229325, 0.10391074728934688, 0.06546901368519573, 0.048293996975742076, 0.03136073317858499, -0.1535833311740738, 0.7
3, 2, 0, 0.9313158101766739, 0.00034791508115440906, 0.06833627474181782, 3.539482912004346e-13, 0.5572612492799295, -0.5552332161474154, 0.6245766970099345, 0.6996115856549193, -0.1111256097283985, 0.10995537173965994, -0.12426334085209209, 0.31790407860612124, -0.2883036650822509, 0.28696361973744433, 0.04864722106181306, 0.04251182646421402, 0.2137133313200287, -0.023764183600720655, -0.08878545218408045, 0.07002762950544865, -0.021090397797501395, -0.018437148950393077, 0.7
4, 2, 0, 0.9313102296920428, 0.00034893178863773647, 0.0683408385178426, 1.476947538938243e-12, 0.5522045380184626, -0.5526300831563711, 0.6183819650628907, 0.7006310101404278, -0.10914560310450265, 0.1103234810205774, -0.12514059666094723, 0.1648270787826353, -0.05498725247788272, 0.30991918157794995, -0.1820593260552694, 0.12631244362933153, -0.015104878989567286, 0.12814764700468778, 0.053006029124774125, 0.06946738587664524, 0.12016290933692993, -0.03257775070895701, 0.7
5, 2, 0, 0.9313102232304895, 0.0003489320385078003, 0.0683408447295278, 1.4749740518357816e-12, 0.5487146337064909, -0.5476794754337788, 0.6124119491969297, 0.701603863856983, -0.11162443371911794, 0.1115076951595922, -0.12366345740445361, 0.23718007939994531, -0.5654739247843162, 0.12311469821458416, 0.22411696068831932, -0.12336414753895016, -0.012863302722891046, 0.14984745390458096, -0.014473660930980192, -0.03706156542631774, 0.13777042162178604, 0.16331857247259368, 0.7
6, 2, 0, 0.931301862571972, 0.0003498259886855833, 0.06834831143915422, 1.8822865810938784e-13, 0.54054264360097, -0.5412983814270178, 0.6085195524568425, 0.7000366410094057, -0.11010138131086289, 0.10873571275798193, -0.12292389915560749, 0.27492685187355287, -0.3530506169835849, 0.24678648397359115, 0.06529031973648435, 0.11192320459431737, -0.09408755283571298, 0.10176763742984636, -0.051506119051145036, 0.09942495723764716, 0.08808629539761983, -0.015012088046496178, 0.7
7, 2, 0, 0.9313018302597755, 0.00034982791958476303, 0.06834834182063768, 2.061842138542429e-15, 0.536390753603526, -0.5345433371242297, 0.5997350768793214, 0.7004375087260792, -0.11130440005713475, 0.10957892420987196, -0.12362549429145653, 0.3464668538973718, -0.36637467045117394, 0.32876999215248676, 0.10340778651626104, -0.23705057307462335, -0.011704687259977167, 0.17894032612091385, 0.10324148272039375, -0.06866630600180901, 0.1648816445183389, 0.0362344033879931, 0.7
8, 2, 0, 0.9310053121418036, 0.00035780182949463166, 0.06863688602857136, 1.3050343084791082e-13, 0.5301618531942692, -0.5294544570841786, 0.5927884044584162, 0.7007674495467723, -0.11155256617953713, 0.10988627479315922, -0.12362074474302984, 0.2934050174310586, -0.30108515691287874, 0.4578398767259418, -0.1286406299217692, -0.09500584049969063, 0.21166542700205215, 0.13416234079757983, 0.1258324850829956, -0.08854821498465512, 0.07405485170807667, 0.12185997420157257, 0.7
9, 2, 0, 0.928613659870682, 0.0016289873522366265, 0.06975735276055635, 1.652505845847516e-11, 0.523863953750695, -0.5250218788721319, 0.5886162824826066, 0.6991082764423509, -0.11114777964783788, 0.11010525585431039, -0.12389995510575644, 0.32306140809894607, -0.40113835094472117, 0.33090743080866264, 0.026036499547873054, 0.1434057091168353, -0.16204409459845923, 0.0037707861877178278, -0.014103356911201648, -0.20146278775645135, 0.08221741671037883, -0.01088856187909824, 0.7
10, 2, 0, 0.9286112665679356, 0.0016289989850327782, 0.06975973444702979, 1.8721920742340904e-15, 0.5184732110604546, -0.5200489781547628, 0.5824083842375793, 0.7001716161127918, -0.11012259843097924, 0.1099059719455198, -0.12287348342490059, 0.3162788619025039, -0.15613080858181977, 0.4033441215764698, 0.14735400308381727, -0.03350259507256307, -0.0009496471673679707, 0.13464055407175912, 0.04449770826888184, -0.0004306910160886982, -0.0719479764870481, 0.05269819937272111, 0.7
11, 2, 0, 0.9031389875315611, 0.002424306252570023, 0.09443670497322593, 1.242642958515696e-09, 0.5144281956622526, -0.513634375062431, 0.5755275751323373, 0.700476091721258, -0.11293983783156696, 0.10935834154134641, -0.12407338557082488, 0.2534698231673226, -0.17446011533758338, 0.2937286030313503, 0.11669983581263606, -0.1174953652003238, -0.011973756483485334, 0.09311689347990267, 0.049253574547013776, 0.04393413873872505, -0.020393203137118576, 0.02867226517050759, 0.7
12, 2, 0, 0.8874843144653531, 0.002962699653347824, 0.10955298411782788, 1.7634711683906423e-09, 0.5081915056617031, -0.5074013885835695, 0.5703329935820651, 0.6997464651586767, -0.11178396343513389, 0.11104221257442282, -0.12300651753756178, 0.2982875994624132, -0.16778571515975654, 0.20820082280877217, 0.12548602970962763, -0.09851329384393227, -0.0421953730229333, 0.07250486638170134, 0.030979233137286427, -0.05830793247321088, -0.09082403236959277, 0.10997971159934276, 0.7
13, 2, 0, 0.8846838979346406, 0.0034857121112999083, 0.11183038907722931, 8.768301948428327e-10, 0.5031895579521326, -0.5022451460778199, 0.5620509876187145, 0.699001554574462, -0.11021137221324957, 0.10994762706334608, -0.12641876104992233, 0.2844300183307898, -0.26631506098643176, 0.2961576817739455, 0.12990515262709595, 0.15269248256461984, 0.19671237800945585, -0.08723335850778628, 0.13927048553421031, -0.06749266513006694, -0.10697815521502137, 0.02138328247251022, 0.7
14, 2, 0, 0.8846828830813672, 0.003486486528192337, 0.11183062951462275, 8.758175334443622e-10, 0.49756250000347474, -0.4984473748959908, 0.5554045235019283, 0.6996688800306498, -0.1123071646803941, 0.10953349303872861, -0.12511150321765652, 0.4945752039636071, -0.23682412542660938, 0.10063706739267235, 0.11142469335971114, 0.0032319391325777826, -0.02749732930252618, 0.02711405906364624, 0.07340509892514235, -0.03245791200052592, -0.0035063246905208205, -0.20331532458388044, 0.7
15, 2, 0, 0.8845668927602095, 0.003512676331293758, 0.11192043087242054, 3.607625597104333e-11, 0.49069083202261854, -0.49131477039421706, 0.5503949917888424, 0.6992178562249312, -0.11129417159071915, 0.11089405994557144, -0.12319537854745062, 0.18174659567346302, -0.31112328828683733, 0.36767159881383826, -0.028025421945580064, 0.04642430598836833, 0.04038333857138905, 0.0031536416248942644, 0.15383940694256154, -0.04293380967038806, -0.02064918567131945, -0.0054315983313842475, 0.7
16, 2, 0, 0.8845434943399134, 0.0035138027797837106, 0.11194270284462486, 3.5677868989411174e-11, 0.48568948696367703, -0.48491837100345975, 0.5459258817291504, 0.7001295424269387, -0.11113080988332999, 0.11022098448827715, -0.12366405949451982, 0.2778084450459245, -0.3792896471145301, 0.21574439602181963, -0.023066712672985164, -0.036171538158152716, 0.10267188501049487, 0.08832141267283454, -0.022042174223406808, -0.02860786758471102, -0.04200817683332187, 0.15653711317851718, 0.7
17, 2, 0, 0.8844364695780285, 0.0035736794991697786, 0.11198985060244665, 3.203550867918036e-10, 0.48167415050389095, -0.47962258630784527, 0.5390179052672894, 0.6992572423933294, -0.11141091742001308, 0.111566379914897, -0.12294155185799616, 0.19620909557212846, -0.1461155926607926, 0.1679441639773609, 0.12274048644509121, 0.0528111271433882, 0.05809204206837767, 0.11964522721384012, 0.011172929836504919, -0.13334423048612792, 0.006322989528126807, -0.11682481333000165, 0.7
18, 2, 0, 0.8842894682821993, 0.0035959869545552784, 0.11211454297599693, 1.7872483560866666e-09, 0.47648553581922126, -0.4748962086038183, 0.5315415174900872, 0.7002535946591892, -0.11048423210284113, 0.10854757306893983, -0.12407031455209235, 0.3371215032165443, -0.21110185406957335, 0.07797149126827159, 0.07406077282401421, -0.06263894884404787, 0.09437254394428111, -0.06821023750527408, 0.1312724731634165, -0.01429069204798592, -0.11179680354710608, 0.20267498318596977, 0.7
19, 2, 0, 0.8807747541216968, 0.004800116810814911, 0.11442512382414849, 5.243339769087434e-09, 0.46925273513553184, -0.46899835563592, 0.5253524877906466, 0.7000708022422656, -0.10874197731915636, 0.11043465463077848, -0.12402039377600398, 0.16421606508879208, -0.3633396559829702, 0.2068954714311802, 0.04245877521807902, 0.15241868087332086, -0.0015377705600222965, 0.08402466648956963, 0.1590056634849215, -0.01804057402492839, 0.060263237205613496, 0.006222270425148097, 0.7
20, 2, 0, 0.8807747542171035, 0.004800116807369245, 0.11442512876527638, 2.1025092474859676e-10, 0.46350304867863457, -0.464218550205213, 0.5201114170433894, 0.6998753346409197, -0.1111292010178214, 0.1105312806919176, -0.12360988568041102, 0.11132775643905568, -0.4078036480064505, 0.2655174288940367, 0.08026829931749246, 0.026241285911507727, 0.02659486060549366, 0.0038388572170438805, 0.07711599496941325, 0.10075535478224432, -0.16062990729433646, -0.14478310637049369, 0.7
21, 2, 0, 0.88077127462834, 0.004801019148192363, 0.1144277059701547, 2.533128886290917e-10, 0.4588813253517176, -0.4582032400558986, 0.5133677492463736, 0.699275322331191, -0.11223928067353887, 0.11145928598871464, -0.12311820783512024, 0.26434231274296505, -0.2463140804998618, 0.21269698429836006, -0.056175126980380095, -0.046696005936132184, 0.05180651674585931, 0.06320927972698599, -0.11448404921004038, 0.10064488769574016, -0.0007214614979169885, -0.04562483046147399, 0.7
22, 2, 0, 0.8806954595397156, 0.004876154107444022, 0.11442835648283264, 2.987000783513179e-08, 0.4538461231752041, -0.4521984694381952, 0.508191949642831, 0.6989658647201049, -0.11048332080070303, 0.11009930963817083, -0.12339670112603618, 0.21343834569611514, -0.11502744333011135, 0.1450459007427295, -0.0575716921533068, -0.054876212735948705, 0.09663548025549848, -0.2305055955128354, 0.058828461297772805, -0.05765486096611035, -0.031217417737133473, -0.15500429551638625, 0.7
23, 2, 0, 0.8801373359705585, 0.005041542892513983, 0.11482110164217729, 1.949475021222524e-08, 0.44708987109917436, -0.44698327511799124, 0.5004746172225301, 0.6998208268602587, -0.10966280251985408, 0.10912764925883085, -0.12297175791486034, 0.032839019717336604, -0.055708095155441194, 0.23655885991986922, -0.02986788241169569, 0.07578566704155425, 0.18066562299824357, 0.06440670587761999, 0.017027957621421886, 0.0022311058481381723, 0.012752486408571425, 0.016912486383082074, 0.7
24, 2, 0, 0.8800975886400557, 0.005062081599197435, 0.1148403240911466, 5.669600279487387e-09, 0.44074124991545977, -0.438790780490448, 0.4940412365172887, 0.6989974779269488, -0.11164658040478245, 0.11209143576092742, -0.12477865179632361, 0.18329705611646957, -0.19872758646913866, 0.28102139903529283, -0.07689738437479339, -0.10060527525051252, 0.15681324736696023, 0.04766836423038721, 0.13277767307370103, -0.1234127403906881, -0.07127981387690016, -0.08376887858592488, 0.7
25, 2, 0, 0.8724988585745961, 0.00534383625298216, 0.12215729906443054, 6.107991178690999e-09, 0.43590400727155576, -0.4386596955219161, 0.4885282239132692, 0.7011648755957992, -0.11105365942531815, 0.11179358831902957, -0.12342477198478083, 0.24053128005104987, -0.23320020001092043, 0.4036007200849566, 0.09943694278488069, 0.041401069221682345, -0.02041827941209853, 0.09318415945052283, 0.08816192034666089, -0.16413623484602585, 0.014579496941534245, 0.13597227227253508, 0.7
26, 2, 0, 0.8723728264469225, 0.005354811316170547, 0.12227235970378188, 2.5331250483967763e-09, 0.4293499259239836, -0.4296947788960985, 0.48220042926970297, 0.6996509164870306, -0.11141011414460175, 0.11056775134256727, -0.12452083910715725, 0.021235916328262716, -0.1364328668208709, 0.25430201328839647, -0.07704384486326914, 0.0035133277623989254, 0.04099950390013095, 0.19089832024864198, 0.05904401234666701, 0.009304567059244252, -0.030144974234971905, 0.016589458381195868, 0.7
27, 2, 0, 0.8722400156289071, 0.00547641716291747, 0.12228350722822261, 5.997995280266593e-08, 0.42442498968874637, -0.4245277181055675, 0.4750165544101216, 0.700840939868131, -0.11031533297144407, 0.1090193457856216, -0.12515695746131222, 0.26445392164397746, -0.22467868642198235, 0.09293843224802963, 0.03592878008153445, -0.07902113702133631, 0.05974418060766375, -0.058371579203098364, 0.09829599551770754, 0.034406836487484466, 0.061518046988664546, -0.08937008069141607, 0.7
28, 2, 0, 0.8720582069600319, 0.005542963932913383, 0.12239874823795012, 8.086910467275261e-08, 0.42067642131470695, -0.4195931093950688, 0.4718167177553654, 0.7003800564561024, -0.11012899886704204, 0.11333841499948807, -0.12489265830836653, 0.3115896718063722, -0.07419833893360972, 0.21329673409320776, 0.11877151806288593, 0.05048299011421018, 0.043251789032662705, -0.0681610660120647, 0.27318701179089677, 0.04957942368665476, -0.08776808230467008, -0.06711667093536201, 0.7
29, 2, 0, 0.8717676771384534, 0.0055805408407056155, 0.12265170022301124, 8.179782983525054e-08, 0.4148933356122309, -0.41406080501170256, 0.46351277969737525, 0.700180386771632, -0.10945027849832185, 0.11088068955416681, -0.12278672805197846, 0.5236932666043235, -0.23554575442386247, 0.22129309777003794, 0.02953921540230156, 0.03925155806826065, -0.18574431234187477, 0.012074723480386575, -0.08425074430344481, 0.02502719682763515, -0.06717012255629254, 0.007228983849776381, 0.7
30, 2, 0, 0.8717638293121676, 0.005584067917737187, 0.12265202925893666, 7.35111586859005e-08, 0.4084224295217894, -0.4059863583520819, 0.4576918984743904, 0.6998639306718173, -0.1111338621423484, 0.1107980038136942, -0.12489560439503052, 0.09800249260912927, -0.13456297270496081, 0.2643829285799424, -0.014403195677871624, 0.001331088156541904, -0.009101492068353936, -0.0600709000291903, -0.15704437630518514, 0.10428954223670703, 0.20274548317404267, -0.124586660424857, 0.7
31, 2, 0, 0.8717636169031576, 0.005584138457188452, 0.12265217092691175, 7.371274204878449e-08, 0.4038716918457754, -0.40274590640647406, 0.4503963858776423, 0.699585077989002, -0.11110128262264732, 0.11225759369203052, -0.12253094341022179, 0.19493826986283982, -0.2467161705507765, 0.3191702248555619, -0.20237363165100772, -0.1562606046759391, -0.13967048883671856, 0.07659599663417822, 0.07805589675712596, 0.13863091118862808, 0.10578688333711203, -0.07345695729522984, 0.7
32, 2, 0, 0.8717606557415963, 0.005584475053239306, 0.1226547946061515, 7.459901288495714e-08, 0.39748296949658696, -0.39862567166693885, 0.4455189234255192, 0.7001905902714021, -0.11094108240186695, 0.1117804455512355, -0.12280166878809276, 0.41210419013655714, -0.2619028649426645, 0.08892413914026062, 0.049397579509187356, 0.19219936667966428, 0.008265133730622234, 0.014731637654452387, 0.2864084728663416, 0.16081946676133677, -0.04634228544874599, 0.07069673970256536, 0.7
33, 2, 0, 0.8717528837677583, 0.005590816447354857, 0.12265622756186886, 7.222301809659215e-08, 0.3912955570141786, -0.3907283064520405, 0.4404097533215997, 0.6996399796730458, -0.11137747046923056, 0.11114555140804261, -0.12386796147179162, 0.21174425906930422, -0.2628764238820267, 0.2608025640258499, -0.08432549075831841, -0.13191810778610122, -0.07005221329391872, -0.08960177803407607, 0.08109819291651027, 0.05504203881244255, 0.08676579523221611, -0.03499740597844555, 0.7
34, 2, 0, 0.8717524632738464, 0.005591186024195618, 0.12265633698264712, 1.371931083703611e-08, 0.38733346470911767, -0.38707682993905446, 0.43286656402474843, 0.6995431747924395, -0.10888031888671024, 0.11000698553921359, -0.12393348546154839, 0.20602546671888264, -0.1841649687138826, 0.15325664782711784, 0.017278071838467114, 0.14049762424396103, -0.12731509153074644, 0.025198424491474504, 0.1401100949612687, -0.023855862919047503, -0.1513882214069406, -0.20760047613398652, 0.7
35, 2, 0, 0.8717520214236123, 0.005591429906866161, 0.12265654629188968, 2.3776318477621646e-09, 0.3809938450085203, -0.38249000821652424, 0.4268952790469701, 0.6999813832975421, -0.11060495525895227, 0.11194591266981786, -0.12494760099217836, -0.011079744174667349, -0.08939716775667139, 0.3096895805793566, -0.019718168086428654, -0.052884660759624155, 0.13276416618025777, -0.12483467322811545, 0.11584243601115332, 0.07803717616028606, -0.11680222020465421, -0.06720783119558266, 0.7
36, 2, 0, 0.8715396829941121, 0.005703551139806652, 0.1227567516344458, 1.4231635460135366e-08, 0.3743337526046132, -0.37458421730605757, 0.42028449940135654, 0.6993071097176341, -0.11000543289135152, 0.11007647864014096, -0.12381973782725289, 0.3036152055839006, -0.19158900753369684, 0.2781771113678498, 0.23134392087335512, -0.06970871036200917, -0.10553047801552415, -0.06853067020436433, 0.2541558401882743, -0.10478014009591845, -0.00288855338227472, -0.07558652244771992, 0.7
37, 2, 0, 0.8714978726335756, 0.005715275579646374, 0.12278677264509837, 7.914167972592732e-08, 0.36977198977806325, -0.36877771126677245, 0.41422298436347466, 0.6993604734193528, -0.11071100350397131, 0.10954099286264593, -0.12366073724860234, 0.12447664605798994, -0.2209584060020922, 0.30713175894303635, 0.11233291503800569, 0.034194805054476675, -0.23395090331718382, -0.0684437111689667, 0.07096258870127939, 0.056164770262502904, -0.14639967265687712, -0.08779277203112089, 0.7
38, 2, 0, 0.8714965303749037, 0.005716573044594381, 0.12278682426142493, 7.231907691599973e-08, 0.3660812683128756, -0.36227859282133507, 0.40666803098546234, 0.6998816690015699, -0.11155191060192256, 0.11040286290229347, -0.12479179661809832, 0.24765959065700005, -0.1584328009426182, 0.13496275705297225, 0.1158530423979445, 0.11650092356382809, 0.10486191802520317, 0.0067818289438023125, 0.17427827021157777, -0.1289476282715159, 0.0948437020665258, -0.1700119202774799, 0.7
39, 2, 0, 0.8713600319350336, 0.005841065918713782, 0.1227979690527358, 9.33093516569058e-07, 0.3594946138755616, -0.3579391054064394, 0.402927645704907, 0.6989549242324464, -0.11007265610389486, 0.1090361313590604, -0.12265614294985727, 0.20527397186131552, -0.1980427179579583, 0.0814095651970727, 0.015592452569053866, 0.12736613153948967, 0.12182517950647878, -0.008619315315050903, 0.07675975142757782, 0.015627879299212184, 0.020147484192341317, -0.10480745800364503, 0.7
40, 2, 0, 0.8712328669579614, 0.005865819059266976, 0.12290026980893674, 1.0441738348510573e-06, 0.35467419811931516, -0.3520111677129844, 0.39548875999598915, 0.6995240778817678, -0.11061902350941946, 0.11039885104707677, -0.1234645964121692, 0.23477955573368026, -0.30685094884151476, 0.10881346463295108, 0.047844166519537344, 0.10892539257247699, -0.11280444166286056, -0.024432449119754847, 0.19988432829423394, 0.029752235744987216, -0.050987450653393204, 0.20299121809636, 0.7
41, 2, 0, 0.8712293250945795, 0.005869208938178301, 0.12290052044460663, 9.455226355321175e-07, 0.34756257341962005, -0.3477857393901011, 0.3897257914395688, 0.6985055535537404, -0.11161401028874278, 0.10969421880777634, -0.12352524581219348, 0.26090029209643506, -0.21317205335680917, 0.1743851047177863, 0.13713927309328636, -0.06974568053384392, 0.18443885696006546, -0.115001475874844, 0.03510697748673286, -0.1680361829474743, 0.002389897467216618, -0.06146671932471045, 0.7
42, 2, 0, 0.8708749845339713, 0.00594690482370918, 0.12317709347117656, 1.0171711430440434e-06, 0.34082780739197477, -0.34328361966103044, 0.38226550476561744, 0.7010763816451822, -0.11106986549856182, 0.11038816228506618, -0.12330210299896938, 0.22701459372940014, -0.23342136771185565, 0.3612977595729913, 0.022579508428991434, -0.0582193523489599, -0.07195320280615417, 0.005890059413276197, 0.0442696565429903, -0.08301609468129775, -0.11310054603762731, -0.016930393131384464, 0.7
43, 2, 0, 0.8708548559501282, 0.005964561531368447, 0.12317780623708056, 2.7762814226158448e-06, 0.3348597072464845, -0.33625323243450633, 0.3775051174954952, 0.7011646128873987, -0.11197530632277468, 0.10935037925514195, -0.12276498798478419, 0.2415899614027474, -0.27510620814263065, 0.037912715282067654, -0.11490584587435848, 0.11991759191576024, 0.026503148963677493, -0.05397788398797308, 0.01818898292453075, 0.13696285462426933, 0.12489010528023761, -0.05930091979024493, 0.7
44, 2, 0, 0.8708554817000949, 0.005964567400119301, 0.12317785661426596, 2.0942855198821057e-06, 0.33287316403829775, -0.3306190009853252, 0.3712684264906015, 0.700997737185087, -0.10868851679091578, 0.11032743546069057, -0.12394730756167001, 0.11851826733204526, -0.20517502722454437, 0.07031907139062168, 0.09502088565119, -0.13689335547878723, 0.0383945386169884, 0.13325139804850417, -0.023454804043312037, 0.13177683049975414, -0.12345634138722505, -0.003555858677092688, 0.7
45, 2, 0, 0.8708521053495286, 0.0059670908561452385, 0.12317819557440411, 2.6082199220576464e-06, 0.32462111414165734, -0.3255752992686434, 0.3653209887507837, 0.699629512990834, -0.11112642076916686, 0.11124997298870795, -0.12542884094202827, 0.22404480340997734, -0.08789301298216434, 0.024601795577622855, 0.14193912072917048, -0.15078431265599707, 0.062384521643110015, -0.021574573498912793, 0.11030059524062293, 0.1435560124774111, -0.06053264274758067, -0.22708821789389408, 0.7
46, 2, 0, 0.8691867525616344, 0.00737586533447875, 0.12342874568613957, 8.636417747326326e-06, 0.3200548063494369, -0.3198021890090823, 0.35801196828015575, 0.7015420108570527, -0.11020531987990959, 0.11130433632984785, -0.1225507098204874, 0.13808045974380356, -0.06758468471852512, 0.1861771252082148, 0.004477628414420098, 0.195009358167377, -0.19112866529310907, 0.07101590089912244, 0.23085294904484238, -0.20954322031493638, 0.004110981842581589, -0.06256432998146805, 0.7
47, 2, 0, 0.8691867647102927, 0.007375867893245833, 0.12342875726695633, 8.610129505157007e-06, 0.3141573410286854, -0.314395683136543, 0.35371257232525216, 0.6999542898634049, -0.11041424759763145, 0.11075543940186734, -0.12481876659176654, 0.3662863888426335, -0.16807171972164162, 0.2326119057840504, -0.054059412495128266, -0.1396998049773958, -0.02734354775110439, -0.04390468889630329, 0.18196682152102467, 0.1068751351196362, -0.12532312233596204, 0.0059299517623243895, 0.7
48, 2, 0, 0.8674232564415444, 0.008188537774940718, 0.1242785039580308, 0.00010970182548413534, 0.308384067723121, -0.3067670193734388, 0.34671816922771936, 0.6995767153539609, -0.11073556456227691, 0.11192536919371221, -0.1225884799615726, 0.11237006441202171, -0.10786590468856125, 0.22726630668253525, -0.07127896497662839, -0.11736130745225284, -0.0030782868386524383, 0.05338669267568402, -0.023712574770028284, 0.1465371782434844, 0.10880456884167156, -0.017018367178345754, 0.7
49, 2, 0, 0.8674117337033856, 0.00819081156694848, 0.12428774063283506, 0.00010971409683085146, 0.30489957117961797, -0.30290019889133935, 0.33866888085872826, 0.6996448602114804, -0.1107697457507016, 0.11257298058884754, -0.12408623229226878, 0.36197523996136993, -0.25067337097950293, 0.2800441948397223, 0.14472161097241326, -0.04978143137590697, -0.004613548859015156, 0.010268929991412866, 0.13428457333314983, 0.16437136032205785, 0.15586493274645236, 0.007488561738373393, 0.7
50, 2, 0, 0.8671129086901631, 0.008208370184059236, 0.12456895790636117, 0.00010976321941639705, 0.2982532016164817, -0.2971947061999167, 0.3335268232945891, 0.6987276918796951, -0.10967275974969885, 0.11110753287964945, -0.12384775379527257, 0.19880652867064516, -0.2214633378730057, 0.23370154317059103, 0.06609634310505741, 0.11804627965370366, 0.04784136601832066, 0.20416034349305973, 0.3018893542500975, 0.04609144712789202, 0.05771388599926323, 0.0934434971888463, 0.7
51, 2, 0, 0.867111873251447, 0.008208928785462415, 0.1245694377185398, 0.00010976024455081163, 0.2906715081246549, -0.2921017595077563, 0.32738704166554533, 0.6973382480802855, -0.11292306746314529, 0.11042825451595513, -0.1234726451899644, 0.16713717436374415, -0.4056757215608694, 0.09081702245859447, 0.052255373829668016, -0.1578277095493763, -0.08113359622754497, -0.0052008403216127225, -0.07916667679690378, -0.13942396376922117, -0.18579584671228458, 0.05858599541238461, 0.7
52, 2, 0, 0.8669605497866758, 0.008243488525697182, 0.1246864325623138, 0.0001095291253132474, 0.286638757019511, -0.28565593315722304, 0.32226298144055876, 0.6999993823660902, -0.11099404817752609, 0.11096140221104722, -0.12307544857434778, 0.06895211717512226, -0.2865727675449668, 0.30886949853706536, 0.14617410332402764, -0.03320197569610465, -0.29661395625531173, 0.056888668140358346, 0.024446210911964895, -0.03464210482171256, 0.013651133776846788, 0.01056225154288392, 0.7
53, 2, 0, 0.8669605441436293, 0.008243507334949718, 0.12468647362574521, 0.00010947489567563873, 0.28038203231668085, -0.2794317547321568, 0.31461645285861256, 0.6999327804688454, -0.11088321061235018, 0.11140090360009607, -0.12367436276491708, 0.26153765709268206, -0.31624466460394807, 0.2389210931977644, 0.06804702124095816, -0.03667902735072909, -0.035384748957480935, 0.08996485969228181, 0.013291875404095044, -0.14755464806639754, -0.11632878011913524, -0.028042022866923262, 0.7
54, 2, 0, 0.8656269425914903, 0.009313662996010275, 0.12469004046053891, 0.0003693539519605472, 0.2745728366822086, -0.27439046338023404, 0.3061691290814979, 0.6999442915217934, -0.11065245643655938, 0.11044400026598153, -0.12398480228821826, 0.13145637585252412, -0.08707261162643046, -0.08599976245217769, -0.019389843958982068, -0.04958916508318555, -0.20518153521416882, -0.2111252964634724, -0.014257125497711442, -0.11119760346952172, -0.04508799150552401, 0.03991363369075152, 0.7
55, 2, 0, 0.8656276835006571, 0.009313680532973061, 0.12469006052254934, 0.00036857544382051354, 0.27163807558835423, -0.2708484276068193, 0.3036803736994436, 0.7001978573782619, -0.10972633511158984, 0.10915757470486834, -0.12447891063202898, 0.06701317207127924, -0.29268633079112305, 0.148740721818642, 0.042715574140761534, 0.1296502460384756, 0.0684857228926302, 0.14674567999263027, 0.012961114302905452, 0.15845904689004503, 0.04223769257011557, -0.10851628706751833, 0.7
56, 2, 0, 0.8656210105884895, 0.009314094137834857, 0.12469630147155959, 0.0003685938021158768, 0.2616436587434218, -0.26537742669402, 0.2952172396377727, 0.6995864984638653, -0.10984631595824916, 0.11088842836721509, -0.12470693278895968, 0.1510439768726479, -0.05863377634174436, 0.2995845955016117, -0.03287381976639923, 0.22567241457444723, 0.17655737669676602, 0.059773184181799235, -0.20028537873952468, 0.10018958677615264, 0.0851326727273087, 0.21400714717113445, 0.7
57, 2, 0, 0.8652308950592887, 0.009667342991496184, 0.12469673572823234, 0.0004050262209827326, 0.25922747405048086, -0.25864669749697444, 0.28963787552623854, 0.6989468748740556, -0.1129427198872317, 0.11194150808549733, -0.12383844285530346, 0.03455509631524635, -0.10655322693610791, 0.09312501898612127, -0.028181066956616475, -0.005476742029850514, -0.03501879017916228, -0.16506127990342997, 0.1265438348443397, -0.07959197272796216, 0.15421606093570234, -0.13751284295601424, 0.7
58, 2, 0, 0.86523618170607, 0.009670865960146094, 0.12469688277838982, 0.00039606955539404356, 0.25392929751636867, -0.2523531986760786, 0.283487683413117, 0.7000504226420488, -0.1109165898494153, 0.11222089655475162, -0.12427751131381179, -0.002562008818521666, -0.11700744106326759, 0.06991548855760765, -0.05185366202398054, -0.020584585324901802, 0.1282516623684434, -0.10642763402027795, -0.021607247588642808, 0.012821357763432396, -0.07853366136019722, -0.051780072809867184, 0.7
59, 2, 0, 0.8648408904706479, 0.009993832968205916, 0.12470182097541586, 0.000463455585730142, 0.24742965388393096, -0.24753550407875066, 0.277873762547728, 0.6976043991084822, -0.10958140077286913, 0.11209590775095883, -0.12283795057118416, 0.1998161910092204, 0.00017809265974040313, 0.061452294308843844, 0.01712445259043346, -0.014763139927550012, -0.05729053023395488, -0.08942493151247749, 0.2229000019736196, 0.03588011534090161, 0.07978620002076124, -0.11459973345960908, 0.7
60, 2, 0, 0.8648337016911695, 0.009996798285728987, 0.12470345250854976, 0.0004660475145518536, 0.24156141672906312, -0.24185231995105036, 0.2704877146141481, 0.6993096514721977, -0.11115307199485872, 0.11135313583449886, -0.12486574355752697, 0.1039059332411035, -0.14277379199914642, -0.05169532267012507, 0.06096582513623361, -0.013437423977086712, -0.026392455121446955, 0.12296323524385329, 0.08171612524355011, 0.07483071584420158, -0.11125536574793764, -0.03487310361559084, 0.7
61, 2, 0, 0.8639672104901814, 0.010768435835711352, 0.12472821208640243, 0.0005361415877046026, 0.23861057101918431, -0.23651080629143176, 0.2643412839561783, 0.7000850605962937, -0.11143354493508599, 0.10982263667448353, -0.12402229960948816, 0.17502836487633, -0.22985517734671407, -0.0006032465210548566, 0.017384270466118734, 0.03995724344883635, -0.05916176924900227, -0.001072842735748745, 0.17387420583982066, -0.08713799673963074, 0.006546127948005931, -0.027498783339987752, 0.7
62, 2, 0, 0.8639490096307789, 0.010772460715377127, 0.12474006664923687, 0.0005384630046071659, 0.23199555080755885, -0.22821990222430957, 0.2607373786590145, 0.6992992331022782, -0.10969958897954708, 0.11107798504694573, -0.12322447281755748, 0.10169209936912357, -0.040833310861350725, 0.20450047882498215, 0.12286479506882161, 0.09891276955816633, -0.006374618729404894, -0.1422510235701356, -0.012442429112261112, 0.12007404339048271, -0.02814735412492665, 0.18146915114168544, 0.7
63, 2, 0, 0.8639443039071644, 0.010776970778263069, 0.12474013158691584, 0.0005385937276565814, 0.22492629513319887, -0.22432782429992232, 0.25205295884244194, 0.6991992369698894, -0.11229009859922234, 0.11117148864947768, -0.12618660682637933, 0.19189300473519919, -0.008488453569418875, 0.12742029278199263, 0.04222675615155141, -0.10386788726070528, 0.09854021944544444, 0.03200675416972856, 0.02106889129408674, -0.25455719761722617, 0.07088876743806913, -0.15409920978138478, 0.7
64, 2, 0, 0.8636899664327599, 0.010832851049939158, 0.12475661724489759, 0.0007205652724034838, 0.21961771482514475, -0.21846639935780215, 0.24469183561628044, 0.700341679260231, -0.11255544100751888, 0.11076947635936958, -0.12242727298065377, 0.10496582813700747, -0.13926268070645995, 0.15986070166905586, -0.19827101150239584, -0.13222876390433405, 0.12310660441367915, 0.007067647532472956, 0.10306881100253933, 0.12088062813717748, 0.12330089909450648, 0.05053030713516452, 0.7
65, 2, 0, 0.8635130156201305, 0.01085902364415527, 0.12475767146364075, 0.0008702892720736426, 0.21531514109870162, -0.21434345334187074, 0.238430336111139, 0.7004411289603809, -0.10987177482440527, 0.11089403230460855, -0.12456678519523985, -0.025548093128955607, -0.11558660549545523, 0.0199210404016956, -0.21449523887494953, 0.33375346126002015, 0.09247898031617495, -0.036124049896281665, 0.14824092984366888, -0.011272930040124902, -0.10925959283957168, -0.05108878357038231, 0.7
66, 2, 0, 0.8635139628006259, 0.010859024395857482, 0.12475767221630835, 0.000869340587208272, 0.20867699196163064, -0.2084799720555362, 0.2340416273763745, 0.7001358502918043, -0.11175614036303874, 0.11118068685235946, -0.1240589573114044, 0.022206780724228214, -0.2403239534671251, 0.040628810505866184, -0.09063750574414894, -0.12455446759739168, -0.07844667488065228, -0.03345900424621238, 0.14527117088552607, 0.09973229554479053, -0.20364776986312702, 0.07381756200569321, 0.7
67, 2, 0, 0.8635118298087435, 0.010859470012142502, 0.12475770388566056, 0.00087099629345342, 0.20180974559307815, -0.20384891128478766, 0.2274287728514724, 0.6994056800239501, -0.11052756652526978, 0.10934805514503954, -0.12491058071491774, 0.08746546524803919, -0.04719626471167213, 0.17105219334336547, 0.039055956805400006, 0.04306529481196774, 0.012893705216553092, -0.10362219555026139, 0.20033781823168004, 0.15019185320594625, -0.028878849785326576, -0.19058166780701719, 0.7
68, 2, 0, 0.8633745698361867, 0.010942110824917764, 0.12479412503956694, 0.000889194299328459, 0.1973057427523568, -0.19670699787605075, 0.2229732318229666, 0.6984103087461792, -0.11038856293744533, 0.11065631292373883, -0.12389983813827743, -0.03353162943263231, -0.18341113515734497, 0.19962925540450419, -0.06971517454212643, -0.06657520212829461, 0.06091275007680239, -0.021707761223446777, 0.07731067417291618, -0.006641339494629944, 0.014022941454023649, 0.10104658083105618, 0.7
69, 2, 0, 0.8632978178605949, 0.01097863735855118, 0.12482250967288344, 0.0009010351079705016, 0.19235655388172254, -0.191916928192117, 0.21607300958951653, 0.6971278537774295, -0.11140416694433956, 0.11073676758388466, -0.12379839116263555, -0.0302963474303785, -0.11432081655635389, 0.20010225506996565, 0.06641345761089497, -0.030875039129801864, -0.03901196851892649, -0.12072096174501208, -0.04603328389490258, 0.0778189981677448, 0.20967975164172045, 0.30944111346554226, 0.7
70, 2, 0, 0.863294816221274, 0.01098114790206788, 0.12482278456356194, 0.0009012513130962722, 0.18664747353801334, -0.18771875127989093, 0.2092141700471426, 0.7003421077623907, -0.10957541969048057, 0.11039859701861962, -0.12338091512715828, 0.0534098272100237, -0.29354789902059203, 0.14418554748406315, 0.016593121788039993, 0.04172608189960393, 0.13030875625245794, -0.02423594185937638, -0.01229294452171018, -0.11149077171968846, -0.07140652326202511, -0.02050028224659712, 0.7
71, 2, 0, 0.8632880333310339, 0.010982226692950764, 0.12482768452945107, 0.0009020554465640771, 0.18229760219025196, -0.18099947505297417, 0.20334558966927846, 0.6999622651956225, -0.11103391574429369, 0.11074979486275231, -0.12420276664623744, 0.14607566112580964, -0.15545473852370723, 0.23413155619028014, 0.05383052569726708, 0.0012465394536171092, -0.08152971394657198, 0.0002714110596761416, 0.14388754034916257, 0.04231760663763932, -0.12568360603543008, 0.08494102762418844, 0.7
72, 2, 0, 0.8622649908194633, 0.011834089131340387, 0.12484674134842207, 0.001054178700774229, 0.17684564732308836, -0.17661628573582583, 0.19543487556993744, 0.7003927827137827, -0.11285221450331953, 0.11158107464418814, -0.12429683682471082, 0.0862907723719738, -0.1299574527391379, 0.03688681556196601, 0.031916497798342845, 0.11060871467599882, 0.13396968095502299, 0.009233447103324636, 0.11378622012446997, -0.1398954355863285, 0.05858696854095581, -0.010520575178643205, 0.7
73, 2, 0, 0.8617523147873194, 0.012025872654052722, 0.12489111047606655, 0.0013307020825612636, 0.17283736437221414, -0.170089206021149, 0.19142558886983965, 0.7011386531580271, -0.11116025862593817, 0.11159888868759335, -0.12286197127050058, 0.0571993353691473, 0.030612990263974627, 0.0241479782963271, 0.0686746852528202, 0.008536862427528836, 0.060374214229578296, -0.02643448678458745, 0.10328174339690999, 0.10047593076468583, 0.03180512085367101, 0.0718079239401175, 0.7
74, 2, 0, 0.8614624559429578, 0.012169863494261385, 0.1250254872571665, 0.001342193305614312, 0.16327398990303546, -0.16191442135238598, 0.1834032693556718, 0.6993257048776392, -0.10960912424725325, 0.10910154591505387, -0.12370713243032913, 0.1803181616878487, -0.2070630382367165, 0.21093342407678964, 0.12426066789755452, 0.14791964471194385, -0.02795644874666318, -0.030604303843201043, 0.023774096338846678, 0.014230450873134074, 0.1841030614160264, 0.2086666777501101, 0.7
75, 2, 0, 0.8614576629460001, 0.012169485497791453, 0.12502549422585474, 0.0013473573303537502, 0.15807993431457165, -0.15861929540627803, 0.17792241608721643, 0.6994608949598291, -0.11152536646816728, 0.11054388164168834, -0.12387604619133719, 0.0519581459864655, -0.1100361061324397, -0.004956391055031461, 0.0054643907404924455, 0.03234579043006332, -0.04236069040427002, -0.07798749051973462, 0.09384754137704487, 0.10072236743112868, -0.0601052347701996, -0.1525513781168094, 0.7
76, 2, 0, 0.8614569455651948, 0.012170136494553195, 0.12502549758354164, 0.0013474203567103848, 0.15500522667128652, -0.1536371783223191, 0.17323881603735397, 0.7006451533016251, -0.1098104902853285, 0.11022187869188307, -0.1246497784944038, -0.13077743832915756, -0.0929261233812203, 0.18458694759159416, -0.04932542754880329, -0.011659835376098911, -0.18414449349189504, -0.07830525905036975, -0.04475007672126345, -0.09528361780839487, 0.04256456765834314, -0.19461941774879218, 0.7
77, 2, 0, 0.8614580532333894, 0.012170247875264202, 0.12502551460451958, 0.0013461842868268108, 0.14766854358490772, -0.14783283477412829, 0.16387299990668713, 0.7007187675030082, -0.10994077091512681, 0.10949150089939423, -0.12526466388893667, 0.012790223556095503, -0.07638163348328081, 0.09739135003648933, -0.010802253625166498, -0.010212805828405148, -0.06073783914611467, 0.05807086201430976, 0.11705861758990624, -0.1065766730325762, -0.12574062201418512, -0.057380459198746556, 0.7
78, 2, 0, 0.8614541760860595, 0.01217340420850183, 0.12502566732062886, 0.00134675238480965, 0.1417116253357379, -0.13982800223831596, 0.15953051033326796, 0.7013914764429178, -0.11064512616722777, 0.10909857999134864, -0.12517015184643457, 0.024965238252749693, 0.010552881537237647, 0.1097832255849482, 0.22252632219725155, -0.32314284873364435, -0.024202972065519225, -0.1131861987375565, -0.004399310552200375, -0.14559914809558144, -0.041855612134175116, -0.06427443858820961, 0.7
79, 2, 0, 0.8614317322748463, 0.012177376323436233, 0.1250256707601633, 0.001365220641554288, 0.13592378080742717, -0.13715201306046326, 0.153207487881213, 0.6998544976614293, -0.11087898095184467, 0.11169471938163864, -0.12423172696857498, 0.14527086423911878, -0.17240257378422702, 0.05654963743888517, -0.07016243164152294, -0.031762733882679056, 0.03579555859467712, -0.24389899139538257, 0.17701203872749116, 0.01671224307408182, -0.027469452418674788, -0.1876330287663802, 0.7
80, 2, 0, 0.8614132777871204, 0.012179438302739506, 0.12502569526861324, 0.001381588641526914, 0.13091249566462607, -0.12906187197084606, 0.14603826465459518, 0.7006854584948135, -0.11113515740159885, 0.10938010366771482, -0.12448921474478014, 0.2176355142458753, -0.11178530757279218, -0.0033546532134393404, -0.14817796114566517, -0.051021868095978994, -0.06048893827222699, -0.12805883455457606, 0.1853294637807723, -0.07134191461970335, -0.10805857489552259, -0.005643214755500466, 0.7
81, 2, 0, 0.8614037079816502, 0.012183445919175247, 0.125027045165707, 0.0013858009334675066, 0.12586329234114899, -0.12611913189667603, 0.1414214470045, 0.6995040805753072, -0.11239873878918842, 0.10937066218621165, -0.12374290753840791, 0.14821070721549406, -0.2599121795069995, -0.056660423285510186, 0.00834933962426766, 0.13497355826851382, 0.0029096726383128755, 0.10063795846422782, 0.06236062649788558, 0.03130062158981918, -0.055050744205517275, 0.0960807358120358, 0.7
82, 2, 0, 0.8614030716507082, 0.012184038834399126, 0.12502704695018596, 0.0013858425647068043, 0.1203594182654858, -0.11980539902203327, 0.13498812058234533, 0.6986447732611972, -0.10926394770753325, 0.10983509153800568, -0.12430828274142643, -0.10898670131605481, 0.0003174440528393996, 0.15091651288987656, -0.06988324796424364, 0.12137487076902351, -0.03128471829478, 0.04178943590011041, 0.04451849168623183, -0.12006556113743258, 0.05187123074202028, -0.12533064102540342, 0.7
83, 2, 0, 0.8614013451292525, 0.012184929217673154, 0.12502770402889232, 0.0013860216241821065, 0.11374901620361946, -0.1147883438827447, 0.12907134874284354, 0.6987256243888238, -0.10973695289341472, 0.11086727958134324, -0.12387528802561254, 0.17721070829908198, 0.07003500012131259, 0.16675754005799254, 0.006309006536799217, 0.09683352708731487, 0.17362963946729276, 0.04135489755832776, 0.0644463293782183, 0.01709036712917728, 0.12453794531391713, 0.1370128565222924, 0.7
84, 2, 0, 0.8613028049230603, 0.012253687351809643, 0.12503634552167725, 0.0014071622034528806, 0.10736661072114213, -0.10844742453719565, 0.12246865623040074, 0.7026411856037436, -0.11202531576291912, 0.11094423609139659, -0.1250022181778971, -0.11603288226899462, 0.0347186509472184, 0.03442257196750835, 0.07294812959010136, 0.09261197661883855, 0.0010330208062301004, 0.1157924396762666, 0.24598934585283344, 0.012354355855535591, -0.04689428486482981, -0.11992125124698856, 0.7
85, 2, 0, 0.8613027397786169, 0.012253712467920822, 0.1250363456843053, 0.0014072020691568933, 0.10170677085375446, -0.10438406033855652, 0.11716017820109752, 0.6985125007118379, -0.11209975409534087, 0.11134982005529, -0.1234084105124097, 0.10149716130408963, -0.27523443718345914, 0.014576264956728873, -0.02329189106605862, 0.0936575851285965, 0.2134227374217294, -0.1026353445934903, 0.17891363901455098, -0.056729057175587586, -0.06171753453551797, -0.09812761955919512, 0.7
86, 2, 0, 0.8613051679578322, 0.01224893093621207, 0.12503647946356897, 0.001409421642386876, 0.0982425929795941, -0.09893828521334622, 0.10770598630796287, 0.6984503395771805, -0.10974959043971169, 0.1115185434682832, -0.12489700419282783, 0.10517577858396396, -0.08112292587874044, 0.047580467765601445, 0.22978052915534652, -0.11328568484312537, 0.06596951807118646, -0.10375177426571207, 0.08311270222602377, 0.06962381788931549, 0.007220501921497864, -0.009807676213850588, 0.7
87, 2, 0, 0.8606646370211957, 0.01272511080256001, 0.1250375648724821, 0.0015726873037623136, 0.09214606078917795, -0.09306746473152142, 0.10182981151862705, 0.6996213260708612, -0.10976273804578858, 0.11162476798720702, -0.12478956787048523, 0.13891118393906127, 0.13015745997307604, 0.08148699899910877, -0.12481029958648684, -0.12890000395564558, 0.10639704071473725, -0.14037850634252874, -0.015765683435271082, -0.15805725545410892, 0.17193398608736205, 0.022134332905710208, 0.7
88, 2, 0, 0.8604164123954638, 0.012910159136447183, 0.12505154617212824, 0.0016218822959605964, 0.08702727031629762, -0.08587560017500317, 0.09638222485383573, 0.7006121182934569, -0.10949179172308188, 0.11034340932342754, -0.12362828370056056, 0.19448123272312978, -0.1690430947652283, 0.07632639701395069, 0.028423198089426133, -0.008759321042390533, -0.05183095857735702, 0.09794131633931581, 0.0320227213301122, -0.04458970357525015, 0.08192986957101382, -0.02783407407567796, 0.7
89, 2, 0, 0.8604087532550292, 0.0129163232993234, 0.12505186913560157, 0.001623054310045928, 0.07977229197915509, -0.08105418652334612, 0.09377552010187071, 0.7005354472883668, -0.1102452568240379, 0.10989083281605014, -0.125987949119374, 0.10899798694188342, -0.02153066673994138, 0.07498790645066225, 0.11687124308106098, 0.026514729231643507, -0.16648716994690124, 0.100651072720881, -0.074491175116537, -0.08975375868453817, 0.025567331936768828, -0.12926538255786577, 0.7
90, 2, 0, 0.8604049795523426, 0.012916941044508698, 0.12505188610642648, 0.0016261932967222672, 0.07432030506709356, -0.07507735023258284, 0.08419746786135358, 0.7001768980587466, -0.11093984663579119, 0.10992800714714408, -0.12549031305576908, 0.138139121526592, -0.005485474989181472, 0.17480783552939888, -0.27092185528318175, 0.04428465629384069, -0.0861360650609397, -0.09195594284374727, 0.08602836095295582, -0.05446609481254955, 0.006608562034281118, -0.01468197327249821, 0.7
91, 2, 0, 0.8604021024480788, 0.01291824054218797, 0.12505192109819413, 0.001627735911539125, 0.07191380239313172, -0.06938878945260682, 0.07934648248936776, 0.7008075115646716, -0.11152008644161852, 0.11022325379715318, -0.12422608379520872, 0.09476291392134575, -0.09412366832356805, -0.17437739471509223, 0.15929885254944243, -0.042100147480700054, 0.0873585360384723, 0.0019023311239066154, 0.20867167844947607, -0.10439745255777728, -0.03342167876853425, 0.028482763817249623, 0.7
92, 2, 0, 0.8602112353001754, 0.012962126519089933, 0.1250544084401113, 0.001772229740623372, 0.06257198400840974, -0.06644712549015264, 0.07098881702037534, 0.6992997023684403, -0.11200264333361447, 0.109163354659329, -0.12307776046307514, 0.03081862597466975, 0.027134668502505056, -0.020348198877414105, 0.20857591979209938, 0.1369094842453512, -0.06387591526812411, -0.018550464261347748, -0.025563334832200135, 0.14285928658610314, 0.08910762079495956, -0.0728853722661349, 0.7
93, 2, 0, 0.8602100192766525, 0.012962695439829962, 0.12505473231045358, 0.0017725529730639787, 0.059187390738806536, -0.05896233024873786, 0.06748922038514218, 0.7021112436026725, -0.11110660333630051, 0.11037363541014929, -0.12449192915725378, -0.030524871534314147, 0.05339967088743867, 0.0568211243112294, -0.05914083826291548, -0.057357993280220565, 0.1734802340746874, 0.10741267990217325, -0.11221883185083839, -0.01043545785445291, 0.004497611191760139, 0.15043207590424326, 0.7
94, 2, 0, 0.8600378211919777, 0.013068532485797724, 0.12505571057855275, 0.0018379357436716414, 0.05290235246956597, -0.05339871902932767, 0.05881882485984352, 0.69928367700893, -0.11095870639959785, 0.11033533497987288, -0.1260783220638232, 0.039927695384587715, -0.14121588989310943, -0.054309712351316895, -0.02290737282562334, -0.03992722811826623, -0.09803290789644738, 0.10722166116117052, -0.050615139450105116, -0.188792167310316, -0.010908351384283747, -0.06357834740137253, 0.7
95, 2, 0, 0.8599911425615964, 0.013089329840502753, 0.12505584988696886, 0.0018636777109320665, 0.048041624948431345, -0.04798575717887827, 0.055488033850218874, 0.7010381567972679, -0.11116874808355122, 0.10992386726015377, -0.12445795892399973, 0.024578927255475395, 0.013262759719362947, 0.027863589746175338, 0.08903281298125228, -0.24844456987773494, -0.010283388311242392, -0.18759671538610517, 0.14138665360649777, 0.00763659383839819, 0.17284148770650093, 0.08945428504012037, 0.7
96, 2, 0, 0.8470839626910792, 0.013879763859392524, 0.12508869565743458, 0.013947577792093735, 0.03998454790829157, -0.04194930342429719, 0.047745934614543274, 0.7019286417227819, -0.10967668435299316, 0.10916864637352738, -0.1244503598751211, 0.0016101084868551496, -0.05575108689011728, 0.015591440777168623, 0.08443505200557909, 0.08118327295211683, -0.04515750049869813, -0.06377021977757065, 0.1611523703315691, 0.18781027427859767, 0.18222520236940487, 0.05759253275022732, 0.7
97, 2, 0, 0.8470851953377037, 0.01387983718434423, 0.12508801407378728, 0.013946953404164781, 0.03678875994212417, -0.03617285586113251, 0.041289576846253215, 0.7004702166477786, -0.10932488791060808, 0.11189529196762571, -0.12456978842693951, -0.015774258517581803, -0.023471318912909885, 0.17621969725056666, 0.08359306320358098, 0.03549124266787008, -0.09297962796007174, -0.0043359957757797265, 0.06921161730154028, -0.14084516619042742, -0.12634326003143248, -0.07739094889680082, 0.7
98, 2, 0, 0.8470840531916932, 0.013880260290377807, 0.12508804107057883, 0.013947645447350167, 0.031296489982749365, -0.0321438017428125, 0.037086457533164814, 0.7010152689936218, -0.11067251124018736, 0.11046037335634869, -0.12400469033554118, 0.08198072698837791, -0.17006555068354842, -0.11966094753702297, -0.06843786474391254, -0.055951610367243124, -0.07418044658471405, 0.10610648675605076, 0.24704668872529462, -0.14182343797868419, -0.08252971933487438, 0.14304178222584096, 0.7
99, 2, 0, 0.8470384306819569, 0.013916726445319844, 0.12508867283060446, 0.013956170042118842, 0.025916077665509372, -0.025146540819889568, 0.02772046401339865, 0.6992948096463765, -0.11081250752307639, 0.11130420564781743, -0.12464395626785116, -0.0021682375882873723, -0.16134289668469934, 0.1192849703220189, 0.09635867061799515, 0.12349115308040845, 0.05420904060475564, -0.047677758537029394, 0.3029818614284044, -0.07501304610710786, 0.11528127186742694, -9.142179734873964e-05, 0.7
