t, Event, Policy, P(still), P(random), P(reach), P(transport), o(t), s_a 
0, 2, 0, 0.9831668734550476, 0.016598213464021683, 0.00023460238298866898, 2.9645585186699464e-07, 0.6621002551061181, -0.5631645223220025, 0.7794415638270917, 0.44385062171481593, -0.04948100502299828, -0.06636663365208229, -0.10191647159007244, 0.3891848722543641, -0.4781044374379849, 0.3877413037381868, 0.07985698094599722, 0.0037652363405756015, -0.026774255704183618, -0.07891478132961753, -0.03902813502924384, 0.06462789933190374, 0.06975498025240032, 0.015120200096627031, 0.6
1, 2, 0, 0.9015588306723417, 0.09739414131329072, 0.00103119225333547, 1.5835761032185468e-05, 0.5680484364345919, -0.56678489344244, 0.6363715594789917, 0.5985028427623382, -0.11239249230734978, 0.11116404504813371, -0.12611915879543617, 0.1408528780709181, -0.20423101132939925, 0.4690684043626304, -0.00897347480491396, -0.012347464969641444, -0.017246360288150082, 0.06133046224407253, 0.06997949466218958, -0.03495986612685324, 0.1037911155059168, -0.15726426828539986, 0.6
2, 2, 0, 0.13688372237261892, 0.856849882268952, 0.0062029744342812386, 6.342092414800179e-05, 0.5646631169571907, -0.5652857641823663, 0.6315518001569903, 0.6014030893082511, -0.11049945970555737, 0.11131265322381703, -0.12410462950548493, 0.42454951208555, -0.2782040444021551, 0.33557600777187213, 0.0036722373329609037, 0.043895126855798064, 0.11692623294241819, 0.030085665740633476, 0.22019812887658285, -0.04350741140233273, 0.073483227604995, -0.03827244027712307, 0.6
3, 2, 0, 0.016432108599990752, 0.9763116062718609, 0.007233842001918164, 2.2443126230333093e-05, 0.5566680894756264, -0.5579533103524474, 0.6260492455624134, 0.6007117633767679, -0.10943691377623613, 0.11103687807676561, -0.1241664539304698, 0.24270808128656798, -0.08847576726065068, 0.2332362552820924, 0.02368954634743607, -0.019467774434744903, 0.05744717631751678, -0.02906261795024368, 0.10877790993449665, 0.00989648100570861, 0.0941378703465036, 0.011252695777762455, 0.6
4, 2, 0, 0.0013665373424083713, 0.9913399741865271, 0.0072925146973279245, 9.737737366905634e-07, 0.5514223517464564, -0.5501085060261441, 0.6190884692475151, 0.5992095277152131, -0.11152454402457548, 0.1113574722833173, -0.12338444497205507, 0.29530031142409185, -0.19987296263027682, 0.4636814799302894, 0.02404020416559338, -0.11312476249625683, 0.13962110735575836, 0.03517392712988348, -0.1370177742437028, -0.007641558078652684, -0.12893797927457573, 0.03771044273226426, 0.6
5, 2, 0, 0.0013650953931747573, 0.9913423672838892, 0.007292535968974629, 1.3539613022100462e-09, 0.5486001872353339, -0.5483167132788589, 0.6105058548822916, 0.6013153589472445, -0.10901118177111355, 0.10937029436026305, -0.12260585096721328, 0.27844662387992825, -0.21815523981396812, 0.0249060461254643, -0.05016797026145918, -0.17233460468183823, 0.10442127958501553, 0.039931248101936045, 0.04641535077662818, -0.0036803362873186933, 0.04355988749772304, -0.07469836312651383, 0.6
6, 2, 0, 0.0011257896144001318, 0.9915802143198899, 0.007293945687325577, 5.037838443199291e-08, 0.5401405243708696, -0.5416213272311138, 0.6072710479242022, 0.6007529586288552, -0.11068444377745798, 0.10997796313607755, -0.12414482391583978, 0.24669718992136863, -0.3121430018896925, 0.1155569749854678, 0.04437482487133758, 0.17847466240148868, -0.06999392842878664, 0.05484928473347041, -0.04669234735320994, -0.018365527632178177, 0.03846596664932632, -0.10888809429395516, 0.6
7, 2, 0, 0.0007997514598881251, 0.9918991114043213, 0.0073010127438133295, 1.2439197722438127e-07, 0.5348789816498394, -0.5360974402528504, 0.6001581601741435, 0.601331512880847, -0.11080171960888645, 0.11269731026743116, -0.12662831268365063, 0.18127181028510586, -0.342652437542346, 0.42120013004921947, -0.07667468229528618, -0.06551843521944081, -0.0941584310794427, 0.19213303741542176, 0.1920718039820748, -0.020575003277760677, 0.05048296812187745, 0.007616448720838535, 0.6
8, 2, 0, 3.581546925257496e-05, 0.9926603433429153, 0.007303778132981878, 6.305485022948672e-08, 0.5298488191108416, -0.530825893071999, 0.5935742636533619, 0.6006120576146439, -0.10937089671280179, 0.11098874921291799, -0.12270894171601152, 0.3371953578239704, -0.3558102625797804, 0.29352550090851026, 0.08161541026612681, -0.0292755648809038, 0.0519972764872878, -0.003929317792421762, 0.08285174816112591, -0.033312410674317075, 0.0481703186197857, -0.06672568294792003, 0.6
9, 2, 0, 2.013044235952646e-06, 0.9926939760932768, 0.007304004563862359, 6.298624838115176e-09, 0.523841644403028, -0.5233215538061191, 0.5879088377837297, 0.5991087704626258, -0.11314408938379632, 0.11004424615628014, -0.12390202933982872, 0.29008146104989696, -0.23179325195424524, 0.32190795760117263, 0.05075990240722331, -0.04209078105003097, -0.02129797896897088, 0.032966385896070996, 0.11878249371723526, -0.11872174383938845, 0.021054618739165965, 0.004439236634133787, 0.6
10, 2, 0, 6.106877238895296e-07, 0.9926953716969846, 0.00730401736057018, 2.547213759290676e-10, 0.5177655450270984, -0.5193812826731339, 0.5819758624616133, 0.6002508626348966, -0.11117884845543544, 0.11118983121754053, -0.12415240746548784, 0.23886247052056495, -0.3136775899803095, 0.3307313020942549, -0.06749534675765892, -0.06302706335084768, -0.09164315008621625, 0.02967959897929832, 0.01336339943699821, -0.01741747794965162, -0.016247597253901555, 0.10092458984267845, 0.6
11, 2, 0, 5.019633180664436e-07, 0.9926954757198742, 0.007304022251276335, 6.553142684584266e-11, 0.5142771565867612, -0.5137552221645709, 0.5766807012247265, 0.5987318192777422, -0.10901857216502689, 0.11006132664846233, -0.12569866966068707, 0.2539732805079415, -0.46075665419556505, 0.4084240301310307, 0.023248698861814087, 0.10123508291243163, 0.10651256631091817, -0.2504331990320404, 0.06980160057350901, -0.03681140179159849, 0.048223679597003036, 0.18029222573175824, 0.6
12, 2, 0, 4.1168480528637284e-07, 0.9926955636762076, 0.0073040245654214025, 7.356577022909686e-11, 0.5081018352507347, -0.5076741641941033, 0.5693248547074539, 0.6007177727347507, -0.11144367711565832, 0.1103431898166932, -0.12568589056248652, 0.36203407010201943, -0.30609897893239446, 0.2999666507901801, 0.0872764730438744, 0.04687635306314032, -0.10067468180157027, 0.15184422644747153, 0.1936420309226778, -0.09241441573212568, 0.09008566603901398, 0.046816503692882705, 0.6
13, 2, 0, 1.5419701450097847e-07, 0.9926958160209154, 0.007304029608507512, 1.7356264406473481e-10, 0.501922168156333, -0.5046875706174238, 0.5620192989230779, 0.5995698611997349, -0.11122251789071214, 0.11093628392696693, -0.12441041549574586, 0.3049627401947158, -0.24766605890323107, 0.26051166605070053, 0.03231307987090096, 0.04483421609901418, 0.12240356237196429, -0.20561791676505292, -0.03637484160441637, -0.02694232409725058, 0.1253967746698353, 0.061582127703353216, 0.6
14, 2, 0, 1.4788682882393363e-07, 0.9926958221810208, 0.007304029922493813, 9.656516015729273e-12, 0.49577706267357724, -0.49765944335856266, 0.5559580499443934, 0.6010101031737788, -0.1113301670742231, 0.11109684112553561, -0.1231979143250584, 0.4264660284052694, -0.2599822781935164, 0.3438541676537132, 0.0583218733320543, 0.07730459668471402, 0.07625401245525468, 0.017470981172512105, -0.019819905244521974, -0.05855895636768921, -0.052464069873870325, 0.25932245591858305, 0.6
15, 2, 0, 8.539703980382332e-08, 0.9926958842176885, 0.007304030365628698, 1.9643080210161087e-11, 0.48970259174359, -0.49214294982348533, 0.5503006822945442, 0.6013684262846042, -0.10938189929797226, 0.11198113262216616, -0.12321469207449257, 0.29713535803317725, -0.23395142343381833, 0.1758067934536061, 0.10879372543243226, 0.041715700451817946, -0.044093247950670475, -0.10602819920676188, -0.013114207174865083, -0.01271284930019565, -0.06208125773107933, 0.09852615137583028, 0.6
16, 2, 0, 4.428814908365806e-08, 0.9926959251594262, 0.00730403053730244, 1.5122322169703465e-11, 0.48493081575821967, -0.4857755076498106, 0.5429917069512566, 0.6009958105271602, -0.10990638827578736, 0.10934227187504275, -0.12469932264023711, 0.5040893471926642, -0.21425384400117764, 0.18670338666634448, 0.06595311682072034, -0.19460497587465925, -0.055873936325660935, -0.04409941474417463, 0.046118125728733673, -0.08505049944554034, -0.04162210968839238, -0.09269909643844856, 0.6
17, 2, 0, 4.602260869706818e-08, 0.9926959234078947, 0.007304030567365006, 2.1315079732994303e-12, 0.48012623089300793, -0.4805612393408706, 0.5381213871354504, 0.6010656315997938, -0.11227478706640948, 0.11194299201393862, -0.12222965169556617, 0.20826336945822055, -0.30393969833409296, 0.23471966764036684, -0.17108418692200167, -0.000521289574295872, -0.02218959960361345, -0.06060704824966355, -0.016092718658843562, -0.002414082362142635, -0.10743404565171119, 0.037337869611114, 0.6
18, 2, 0, 6.381346493465319e-09, 0.9926959628592665, 0.007304030751437428, 7.949672173127206e-12, 0.477492896227879, -0.4753032910945489, 0.5321914931716354, 0.5987630494510785, -0.10973199797586815, 0.11078328873161356, -0.12427398945062922, 0.016915951033389963, -0.25576385387141626, 0.41094542121049765, 0.20591558724638706, 0.11945498422875667, 0.07680291659237322, -0.0824714245415412, -0.11033408462849821, 0.060413962027182265, -0.06337862123273037, -0.014938772524870806, 0.6
19, 2, 0, 5.217392933716529e-09, 0.9926959640092655, 0.007304030771600684, 1.7407980207848997e-12, 0.467618691589196, -0.4697233800139136, 0.5257087540760955, 0.5997722417642534, -0.11135420067839193, 0.11039729592905619, -0.12377814490337997, 0.18553381261205842, -0.11779244345532729, 0.3172056408166403, 0.041561137858678224, 0.009404096900461586, 0.03342435702219178, 0.18360358109282454, 0.10167893933310626, -0.11019007045006413, -0.1270670424070724, -0.013022809306963659, 0.6
20, 2, 0, 4.730157825163866e-09, 0.9926959644460458, 0.007304030820883037, 2.9133034305403573e-12, 0.4630890121760852, -0.46431305987118077, 0.5200759764972162, 0.5993911278886024, -0.11139494333966052, 0.11301067246087204, -0.12315908856784055, 0.15232210874621038, -0.3742445362278649, 0.354347677068909, -0.015138941409089151, 0.10483178603705297, -0.06673929520262109, -0.019724255784356125, 0.07249982904851202, -0.0785512084047674, 0.02733012098925149, 0.09043640137099167, 0.6
21, 2, 0, 2.506637982455542e-08, 0.992695944003905, 0.007304030922875067, 6.840113053730495e-12, 0.4592814339704641, -0.4575279634855969, 0.5144412853400352, 0.6009145608453743, -0.10996399877055478, 0.11016829862749974, -0.12297106548209466, 0.029473901540308024, -0.16686469710528243, 0.24939101411155967, 0.15990545226595185, -0.14910751857804677, 0.08872217136097359, -0.024635653524467546, 0.04134979567307244, 0.10019002073081562, -0.016638309111201073, 0.08073217738188371, 0.6
22, 2, 0, 4.454711585317834e-08, 0.9926959244303241, 0.007304031013870806, 8.689167259547804e-12, 0.45248549702245244, -0.4531111801255956, 0.5090364099813216, 0.5997605452792358, -0.11149051701449095, 0.11018883351167266, -0.12520021970786424, 0.2728022336651982, -0.1722488648837826, 0.12573475531386438, 0.15646887601492288, 0.004843950414229939, 0.20273053672292543, 0.03541106673452218, 0.06664425866748838, 0.12020227686760751, -0.129988919916243, 0.04543453648357287, 0.6
23, 2, 0, 2.991405732021656e-08, 0.9926959389872296, 0.00730403108664684, 1.2066346726546117e-11, 0.4479896677643752, -0.4458591139669778, 0.5002359517758661, 0.5998371024370293, -0.11024624337365677, 0.11164562105285532, -0.12441560154147777, 0.25644211933738636, -0.19647475008695242, 0.09880141466636168, 0.04846896068114061, -0.02795500907405312, -0.014690943473412118, -0.06316637236874327, -0.11447055965409599, -0.008425604693941486, -0.08700691384287344, -0.09090044253644156, 0.6
24, 2, 0, 3.444832792437749e-09, 0.9926959653560878, 0.007304031189037876, 1.0041507140786275e-11, 0.4404529389514167, -0.44091720779108, 0.49568732533421694, 0.5997359665112519, -0.11135817543859532, 0.11080003649065331, -0.12304258414685292, 0.15377767961955968, -0.17259709538195894, 0.31687281436879233, -0.05401721525638585, -0.0006923650418822309, 0.08073459269602355, -0.00531076332145274, 0.13371702625035398, -0.01614628152646759, -0.19811283965610327, -0.0075908604315536475, 0.6
25, 2, 0, 4.762343973109843e-10, 0.992695968318491, 0.007304031204203706, 1.0707897545866983e-12, 0.4345698595251003, -0.4365080985743286, 0.48732255941187363, 0.6004035133079014, -0.1109446277712078, 0.11048971381309777, -0.12405554669334518, 0.1971626094031645, -0.15071161856591883, 0.3946656825222554, 0.03471712059620062, -0.1612906824544002, -0.23833120641406866, 0.021654987575625274, 0.05473857969479856, 0.035916994629206916, -0.046553823835678784, 0.05834670684906797, 0.6
26, 2, 0, 1.8206099456891288e-06, 0.9926941453653462, 0.007304033837916702, 1.867914957977428e-10, 0.4296758083725397, -0.42864814450651456, 0.48338418512510206, 0.6006823822263821, -0.1100525663435725, 0.11070712599304541, -0.1237236342257049, 0.06961330948418623, -0.2446351355641824, 0.19484381158443104, -0.07385247272654566, -0.16736814863322885, -0.08298390823008064, 0.029063915146089893, -0.021048382645646718, 0.023155769355115482, 0.04372996008355971, 0.1349540587975445, 0.6
27, 2, 0, 1.7495896630209048e-06, 0.9926942146821148, 0.0073040354770179915, 2.512042069856704e-10, 0.4256958298801677, -0.42477114992698645, 0.47504258977575375, 0.6005545183753863, -0.11113448333290699, 0.11158403690482355, -0.12393399500267235, 0.2639582870485518, -0.07645992822414718, 0.1442461076252555, 0.057956593973828505, 0.08231172695885365, -0.020782866583493098, 0.005997244515964829, 0.2754694323325573, -0.01757491849739288, -0.2565474325185731, 0.16616491277372025, 0.6
28, 2, 0, 3.820314931697782e-07, 0.9926955700197666, 0.00730404718214923, 7.665908578128789e-10, 0.41998115994863544, -0.41924307463991184, 0.4704768666060094, 0.6016019595279184, -0.1107551906595124, 0.1105199908443655, -0.12304943985847883, 0.38327486594908844, -0.35008040625247877, 0.32134797150854605, -0.01636256499668052, 0.002500721685607833, -0.1249554555715621, 0.04721769150185236, 0.20743693205211708, 0.028456614378080624, 0.02735599321476065, 0.08502742598426305, 0.6
29, 2, 0, 3.1662536586865586e-07, 0.9926956334442996, 0.007304049081875048, 8.484595179733331e-10, 0.4128414553287881, -0.4142671858842677, 0.4641685821476618, 0.5984988909625835, -0.112880093582339, 0.11075644018441462, -0.12278773538878725, 0.3620598425120661, -0.30819498843266596, 0.3205440826962959, -0.030770979782917263, 0.17878746643935833, 0.14667532420859414, -0.09399115172044405, 0.1558036274103675, -0.02740479607396291, 0.0029867481163761735, -0.17579562724917805, 0.6
30, 2, 0, 1.0244924588564596e-06, 0.992694923196084, 0.007304051491227042, 8.202301310875174e-10, 0.4081302423503158, -0.4073245332646569, 0.4569840907768694, 0.6002129323422108, -0.11159686845544543, 0.11008719460358285, -0.12489203269453217, -0.0025173405294132587, -0.46307481670548345, 0.3393980755728299, 0.03728268031496693, -0.0467662199269971, 0.017836075592990004, 0.03853149013417129, 0.04331695077105559, -0.028323171909504313, 0.036277496203427455, -0.03023586813098051, 0.6
31, 2, 0, 3.99390186743162e-07, 0.9926955161094349, 0.007304081857687666, 2.642690837524537e-09, 0.4031865643797225, -0.40159098171447916, 0.45090085947505676, 0.6011495438640756, -0.11014403302211144, 0.11093295260063932, -0.12455553804489636, 0.3138554899259575, -0.16403110494171916, 0.3211179356085661, -0.12396286181069471, -0.1487240931600055, -0.07874484376650084, -0.1861854117927164, 0.08890776645170433, -0.03409296232789917, 0.12092880459189811, 0.11285557555097378, 0.6
32, 2, 0, 1.5942942156053336e-05, 0.9926799465964096, 0.007304106284516617, 4.176917809711897e-09, 0.3975939349349327, -0.3981444058620047, 0.44505133469919267, 0.598886426907638, -0.10999321970520157, 0.11016453246240061, -0.12320906700519758, 0.11452611733453306, -0.14092944854167094, 0.1848340086310555, 0.07735371978392735, 0.013408505388000185, 0.04853263031500937, 0.029253438199791492, 0.07572394016603941, 0.05748390802470164, -0.07425668613111017, -0.03851419105270374, 0.6
33, 2, 0, 4.010172670928269e-06, 0.9926916976139554, 0.0073042677763809445, 2.4436992719236153e-08, 0.3915767779654372, -0.3904105366008178, 0.4397134487153288, 0.6012930073855667, -0.11147833307689056, 0.11051648040177728, -0.12490025889988028, 0.19849033027655713, -0.13816347913709154, 0.15599552926656773, -0.03758781728151342, 0.06736575482526638, 0.004514072922304817, -0.0732896976322284, -0.1023196523771438, 0.14991842930505925, 0.05376483439683073, 0.0520868081063689, 0.6
34, 2, 0, 9.677646366118118e-07, 0.9926947223372367, 0.007304305738696908, 4.159429874151839e-09, 0.38677149297324187, -0.3857349169318903, 0.4334616067148393, 0.5985938156250085, -0.11112018480337175, 0.11169688864274814, -0.1237851981098232, 0.15257331780267525, 0.036931596091385924, 0.27539580906589867, 0.01157521267690793, -0.04975123597273032, 0.09715939089439916, -0.08905043623158648, 0.06638975693466001, -0.004915633217120247, -0.1202202045834472, 0.1568735304439271, 0.6
35, 2, 0, 2.8402020359109947e-06, 0.9926928395789822, 0.007304314188459538, 6.030522309819945e-09, 0.3799594823223476, -0.38116670784796103, 0.4268181829020281, 0.6013334895011415, -0.11066601944746708, 0.11007390674278764, -0.12438122379591847, 0.151937327475198, -0.19777093637287055, 0.13512007896276748, -0.0009196745236230208, 0.12858918030626643, -0.05971638629180217, -0.0357050341082432, -0.001164718931427272, 0.18602566421817826, -0.0295555749280789, -0.11261546261339377, 0.6
36, 2, 0, 4.462032367100193e-07, 0.9926951899811091, 0.007304352727535497, 1.1088118861515286e-08, 0.37525405772493675, -0.37388613153511846, 0.4212521867942157, 0.5982323020229379, -0.11171533938706893, 0.11120316193645566, -0.12098951888815375, 0.2097707782099226, -0.14448152142352208, 0.22727165923545897, -0.03305258693505645, 0.09155285297656832, -0.012551165364768996, -0.16619656869163535, 0.08497958905937368, 0.04311450120868939, 0.10991707711294414, 0.039206230174633996, 0.6
37, 2, 0, 2.438517455148343e-07, 0.9926953905541115, 0.007304355845861305, 9.748281751217582e-09, 0.3707530501153883, -0.369180688018668, 0.4141164740555211, 0.6000959510668984, -0.1122854416309057, 0.11314178351174504, -0.1244384483550236, 0.1332129286430444, 0.01736402946151634, 0.27038530472674205, 0.20437211516898052, 0.1075639224214727, -0.025912142478133605, 0.04781631046938384, 0.06273679071425595, 0.032580843037375885, -0.04749800557658756, -0.06500990659526061, 0.6
38, 2, 0, 3.395411382798641e-07, 0.9926952942313693, 0.007304356525605749, 9.701886582762018e-09, 0.3636271790021255, -0.3633297256228418, 0.4081057854729888, 0.6004700831462355, -0.11038488785862337, 0.11071586183476016, -0.12479654879299493, 0.08849377663362913, -0.31865517637920127, 0.21253455336622668, -0.07217261420862535, 0.06939673617769096, 0.09480300478848767, -0.10505896680576288, 0.016396783909571114, -0.09946513608374523, 0.03101917308126042, 0.09692134134667946, 0.6
39, 2, 0, 3.288860971773251e-08, 0.9926955973919585, 0.007304359537361763, 1.0182070105841808e-08, 0.3588096515896176, -0.35775770367617127, 0.4018117710267141, 0.6028779492571381, -0.10954398706148294, 0.11054571087162315, -0.12521794626266552, 0.27016223217824936, -0.19899895328363576, 0.23942566722090391, 0.2015822844501533, -0.12824134811857796, 0.02578633279084039, -0.08863707428832185, -0.03183204656141056, 0.0008060724074850196, 0.13145464077619431, -0.06292281478040268, 0.6
40, 2, 0, 1.4362475331326786e-09, 0.9926956317559037, 0.007304359635605181, 7.172243556175765e-09, 0.3527354585103173, -0.3513393539011896, 0.39683718393136946, 0.5990294093679712, -0.1121321461625701, 0.11374163875120413, -0.12495866249039408, 0.21797848032966768, -0.23851849816021514, 0.5140554660109817, 0.004418421091362828, 0.03184751301894243, -0.07178851725621675, -0.15527821381746848, 0.016023576102448173, 0.0017369000366239504, -0.09205743820361283, -0.07224914080483544, 0.6
41, 2, 0, 0.0004004444526543306, 0.9922941705502228, 0.0073050958849637, 2.8911215916508367e-07, 0.3458092641574698, -0.34602118456013853, 0.3883467870083464, 0.6009987733695911, -0.11143355893307863, 0.11227715996637103, -0.12266169488452035, 0.10335116015964889, -0.14355218100487238, 0.1824580877913549, 0.0634524339245131, -0.016861855250486855, -0.16343237310786343, 0.046116931206092976, 0.11541401667277766, -0.004484562978664135, -0.0204096508046665, -0.19690073522417545, 0.6
42, 2, 0, 0.0003498518134076463, 0.9923419857071837, 0.007307483101596477, 6.793778122696284e-07, 0.341772118916564, -0.3416887833333037, 0.3824300819122001, 0.6018834690104049, -0.11093795482462146, 0.11173967111199515, -0.12433028238136457, 0.20449495013587696, -0.26421962511323216, 0.22195841308088005, -0.12216485375577775, 0.09679739848813582, -0.007300224519780939, 0.03926530770450927, -0.074322087246911, -0.10874463866842887, 0.16926340403243428, 0.00020438102708107524, 0.6
43, 2, 0, 0.00027014550286534085, 0.9924178405141465, 0.007310810387920497, 1.2035950677900446e-06, 0.33658100691948367, -0.3368689378750609, 0.37699859549783243, 0.5991670910459073, -0.11185789011281295, 0.1098274721481102, -0.12437330642248305, 0.2729512040941044, -0.15646988207994536, 0.16601430104351447, -0.04710149050838347, 0.08095373479110249, 0.057935314223274595, 0.0971842668140906, -0.017804051862702074, -0.02908149760491992, 0.06029654958885171, 0.16796159629988638, 0.6
44, 2, 0, 3.995696003868752e-06, 0.9926817893994148, 0.007312731544548566, 1.4833600327351745e-06, 0.3302402300528412, -0.3295460913696736, 0.36902586760039097, 0.5994915314150289, -0.11261405002176772, 0.1094237254744566, -0.12471139253354493, 0.3351762642929059, -0.1993201159215336, 0.33504575650037133, 0.028714060173307764, 0.22628081027968516, -0.09017379047861004, 0.001158631499980542, -0.08950518973385306, -0.11734231215778039, 0.0203233938257895, 0.016675315504807796, 0.6
45, 2, 0, 0.00022145988093292106, 0.9924638980412441, 0.007313046505884141, 1.595571938883349e-06, 0.32413190311624585, -0.3238197888672346, 0.36492294954106513, 0.6009604491390623, -0.11097613916195861, 0.11174242391834129, -0.12323880752246816, 0.10945967425078658, -0.379645512704201, 0.08800322474422109, 0.02807868744396025, -0.040488857892352806, 0.03436388679270734, 0.12561631469551954, 0.04646491731583228, -0.08971313806811072, -0.062091586675086886, -0.1260051757574595, 0.6
46, 2, 0, 6.842802241254475e-05, 0.9926138375941692, 0.007315789178635915, 1.945204782224249e-06, 0.31926650627972364, -0.3203529129557483, 0.3564585254457584, 0.5989702236421535, -0.110729367528329, 0.11120593301000951, -0.12575952287472753, 0.003368784996476859, -0.10971873368520602, 0.3257793310972462, -0.16259423599902192, 0.1275303919779313, 0.05850349940234293, 0.05095507306241931, -0.14606223836971538, 0.015865215404054063, 0.028678049607061967, 0.04412484621626929, 0.6
47, 2, 0, 5.158490901373826e-07, 0.9926812555452601, 0.007316211571605964, 2.0170340438220284e-06, 0.31324862342077936, -0.3124479612821018, 0.3519114377227679, 0.6018081695489879, -0.11193099189813205, 0.10992767875433773, -0.1231092723703207, 0.3452647875079774, -0.09223983074039631, 0.33265800623278474, 0.03395235893461762, 0.06980575348322457, -0.07532522114561406, -0.04937085632769965, 0.004710150271123642, -0.053071313557444696, 0.06797552165710694, -0.00816151643022254, 0.6
48, 2, 0, 7.325252503504805e-07, 0.9926811826339327, 0.007316217389645359, 1.8674511716083148e-06, 0.3095779034358162, -0.3080765878802333, 0.34589819629955953, 0.6007067075478334, -0.11163382233772132, 0.110719831005853, -0.12377588831509553, 0.1770472567826294, -0.21480216483107756, 0.4093531645670055, -0.02671561201381953, 0.04465812066903489, -0.019271135281082975, 0.0339195432494316, -0.012612086576375836, 0.14799706420391695, 0.01736400477579508, 0.16625324036019032, 0.6
49, 2, 0, 3.636822868951326e-05, 0.9926453890098905, 0.007316333664670407, 1.909096749611691e-06, 0.30249970286638833, -0.30218275278259565, 0.33973059354650287, 0.6008190413697906, -0.11318120629313189, 0.11219180607498007, -0.12335395331323055, 0.004134721575573863, -0.20566309973875935, 0.25657626806982553, 0.09828090006104143, -0.08000028664956885, -0.10197015027398448, 0.16023472850619355, -0.1316234844325079, 0.0049221695032119085, 0.19426730090740835, -0.02449089773628648, 0.6
50, 2, 0, 4.220912273295561e-06, 0.9926775111479831, 0.007316458928197688, 1.809011546081088e-06, 0.29710007458632764, -0.29816069089956765, 0.33363039419205526, 0.5999054963448459, -0.11163005665831874, 0.11090719931080642, -0.1241696856180777, 0.21924827240490113, -0.15681220356929587, 0.2928322252683859, 0.12931488094842608, 0.011412486188144711, -0.2560931599477521, -0.04386000811439471, -0.2048090848229704, 0.05125887529922681, -0.0032592883431870347, -0.04326155629189284, 0.6
51, 2, 0, 7.4781036633020366e-06, 0.9926742347098794, 0.007316474713076927, 1.8124733803235348e-06, 0.29141510906923906, -0.29167986625244996, 0.32655379126892936, 0.5989450731472079, -0.11022930045326582, 0.10825575010023802, -0.12341455315943664, 0.1071229676121416, -0.07964249834773525, 0.188408731556284, -0.11998752952443437, 0.06338721553379792, 0.16395271053936336, -0.09054171477394853, 0.07633681098494068, -0.13535744246803133, 0.14431828452019088, 0.055758810771474876, 0.6
52, 2, 0, 7.257077314812324e-06, 0.9926744437840016, 0.007316484013316377, 1.815125367118901e-06, 0.28753802491282765, -0.28694312429562574, 0.32149236808946285, 0.6000082329401671, -0.11132521812629562, 0.11144115053190724, -0.12325463246359133, 0.1698114903873699, -0.25761789334452717, 0.2917640762082424, -0.027437587835988576, 0.1407695478341233, 0.03267239669802795, 0.18217847757814568, 0.0707810297338768, -0.18515638537154785, -0.0787587849063111, 0.06197546681560763, 0.6
53, 2, 0, 9.460195204342508e-06, 0.9926720458244246, 0.007316632558949194, 1.8614214218424894e-06, 0.27936234794735115, -0.2822318341410123, 0.31450311157510963, 0.5990845614672005, -0.10977343875688597, 0.11014134197352883, -0.12515535454164645, 0.015214973404129185, -0.11762760352347901, 0.19776724769948517, 0.19819083433316506, 0.11782747227007107, -0.025323709125621617, 0.06902147900288577, 0.10121985358016619, -0.04073301398898024, 0.10207472067865589, 0.08549760490803138, 0.6
54, 2, 0, 3.4519463446329745e-06, 0.9926778339118548, 0.007316780171082563, 1.933970717896233e-06, 0.27491672827457947, -0.27474983714415757, 0.3093109689420039, 0.6013243817340258, -0.11128663134475496, 0.11023663150085763, -0.12596318099619686, 0.05034088206563035, -0.12601292380032939, 0.29302184167072054, 0.061849025183578134, 0.00589614987623561, 0.06856897940480657, -0.10874911414766811, 0.14679499338958418, -0.28554585792734816, -0.0041651730912645995, -0.06897042578998687, 0.6
55, 2, 0, 4.9339931531501634e-06, 0.9926763491107616, 0.007316786076813235, 1.930819272002321e-06, 0.2694163939195733, -0.26956023485911895, 0.30297270004833715, 0.5998579643704514, -0.10982068004895425, 0.11044424609472361, -0.1222272386316208, 0.14846215241095018, -0.0014829897788702696, 0.07503798357384336, -0.06374855820470916, 0.0394811452819198, -0.11943276141068282, 0.11856235454166689, -0.038632443594121685, 0.07942335270207085, -0.0663995170382726, 0.017251281291925734, 0.6
56, 2, 0, 2.7450023592120214e-05, 0.9926537741283155, 0.007316835763993436, 1.9400840988781745e-06, 0.26301555628295586, -0.265002469168687, 0.2955136233170746, 0.5995970492231879, -0.11084603421301946, 0.11051282197222338, -0.12374622419438261, 0.20125451950104897, -0.48743247650383204, 0.2001863803786294, 0.1274172669266064, -0.0607811165398065, 0.06492519480914813, 0.10348075890231508, 0.07859055312835161, -0.07001019506377537, -0.0527313958776089, 0.0262624432936778, 0.6
57, 2, 0, 2.0892168878421412e-05, 0.9926602675412215, 0.007316880901169612, 1.9593887303504576e-06, 0.2583594175879306, -0.2591090137450688, 0.2893019914159847, 0.6011679694719756, -0.11121245596005465, 0.11227388319199724, -0.12515564705635443, 0.2568322223476624, -0.17817887832461854, 0.06577281285414166, -0.11164653207023498, -0.023964491644387985, -0.0731749109389964, -0.02537578894805222, -0.1289818632000388, 0.027016071109830203, -0.13167141275360308, 0.0003922980157096977, 0.6
58, 2, 0, 0.00019819177572790936, 0.9924825184024264, 0.0073172018400403434, 2.08798180536416e-06, 0.2535018249717805, -0.2519284634176179, 0.2834614972052568, 0.5980955294539589, -0.10968987036444415, 0.10983081299654338, -0.1258844115884375, 0.06415793094114541, -0.2815634705041131, 0.12533949688730356, -0.0047151128738981505, -0.13534829420683914, -0.05572082691445106, 0.038750901772583064, 0.05883818891174347, -0.05716913058066693, 0.03441361029467502, 0.05803700256211641, 0.6
59, 2, 0, 0.00011877785267993693, 0.9925584979767557, 0.007319586844997647, 3.1373255667899033e-06, 0.24832846067544936, -0.24689691846665807, 0.27818366087253965, 0.6003981294761371, -0.11043674731337605, 0.11094119478039437, -0.1223545610317481, 0.08236558881484253, -0.1303229619348358, 0.10777807282424674, 0.048700786653725035, -0.09826239391337063, -0.1782781240824869, 0.04917601830894973, 0.10561278676624437, 0.026269117902549016, 0.01089913124470107, 0.19074951347597166, 0.6
60, 2, 0, 0.00020100460904869097, 0.9924757095075345, 0.007319947629627557, 3.338253789326715e-06, 0.24353460282899167, -0.2422972403538377, 0.27263221087161715, 0.6000210575821623, -0.1103318712242668, 0.11152344770161426, -0.12430786455483686, 0.1313212464834091, -0.3718204645920748, 0.06472732002514534, 0.02915620880279779, -0.026030084790988246, -0.027391458270123382, 0.044603888609256744, 0.05045060031889209, -0.05673637326820459, -0.10670470064066935, -0.04668960271338614, 0.6
61, 2, 0, 2.1123169825955447e-05, 0.9926481136366635, 0.007325489477326402, 5.2737161842247876e-06, 0.23592268142155787, -0.236851376072181, 0.2659771526933583, 0.5990562958460308, -0.11050260717734765, 0.11161715038792588, -0.12461729203037149, 0.10427559185729622, 0.012193362928244734, 0.28173173296793425, 0.05502488132997914, -0.03615659856156948, 0.06455787576746463, 0.06314082351326644, -0.01944185743596253, -0.019921884658758184, 0.14142598268307321, 0.11006490862125126, 0.6
62, 2, 0, 3.1092978691530724e-05, 0.9926380483402832, 0.007325549035726666, 5.309645298564419e-06, 0.2307788846462143, -0.23241443322497055, 0.26036052262179343, 0.6002562343737382, -0.11059468531408509, 0.10984412917786086, -0.12296415352607888, 0.1420114053782758, -0.12236411096166375, 0.021283528140003317, -0.06391624055467081, -0.007900867248503446, -0.11807865026372291, -0.043293207087364574, 0.1315861818400047, -0.0828916366905797, 0.15605463301229966, 0.10694851577646136, 0.6
63, 2, 0, 0.00014900497942920286, 0.9925192135584022, 0.007326033216629492, 5.748245539079557e-06, 0.2256590149388928, -0.22480368647046522, 0.2525038178721902, 0.6009526483541809, -0.11010594889504326, 0.10960925123837781, -0.12242638714348822, -0.001641905978210234, 0.0138054632094742, 0.03194153934152967, 0.15372866386110567, 0.02527312650318191, 0.03595655391712264, 0.01576370369255238, -0.14311242340049657, 0.11192491651692618, 0.04679898471418448, -0.12306026997622894, 0.6
64, 2, 0, 0.00011871241104493539, 0.9925462909176833, 0.007328310322452413, 6.68634881934596e-06, 0.22067029323069381, -0.22046898350135677, 0.24776557160889462, 0.5998984233856668, -0.11054186414943938, 0.10963442727207798, -0.12313311801779317, 0.15834091082869198, -0.13515735489688807, 0.13371132872974353, -0.12361759680407254, 0.09884010837262472, 0.044340744995163696, -0.07023922089519863, 0.24806458982636906, 0.08495176366796779, 0.14220297165207874, 0.09421221628471331, 0.6
65, 2, 0, 0.0001126103174942612, 0.9925503463990326, 0.007329841535001507, 7.201748471691373e-06, 0.21307067022135645, -0.2136316235274308, 0.2395574279811688, 0.5997338609483116, -0.11069900385653435, 0.11093855474641467, -0.1250263814237688, 0.041132821997903454, -0.2953569157181761, 0.2968801237853251, -0.10436219531228774, -0.03106607931004991, 0.05994901004839368, 0.13047798649519507, 0.002401488132266366, 0.02770714333242147, 0.15003634429578994, 0.061912157956813194, 0.6
66, 2, 0, 7.031995983910699e-06, 0.9926544331250154, 0.0073308274798466145, 7.707399153915823e-06, 0.20833054337307969, -0.20927703984556706, 0.2354693202927686, 0.6009465978871159, -0.11087114654973249, 0.11047273905180972, -0.12443364791675252, 0.1354162037938041, -0.11004346308830301, 0.16213986645561104, -0.07109988382266105, 0.07371052297110932, 0.03311937006320291, -0.12639046240545943, 0.10363638785951797, -0.034297179653037545, 0.05076701182311991, -0.0014441581787457574, 0.6
67, 2, 0, 7.082247825113307e-06, 0.9926543834696187, 0.007330826809588599, 7.707472967638513e-06, 0.2038348536956339, -0.2034298807734078, 0.22743051146703147, 0.6018229588076447, -0.11210913578449824, 0.11092120097361806, -0.1249024270592444, 0.0507790030893376, -0.05259809133969373, 0.1803021397626805, -0.015760564319995618, -0.06651319867661257, 0.10191523128302649, 0.22153371801845587, -0.054345178346352885, -0.12132414404750631, -0.19655494850411698, 0.09835079251551787, 0.6
68, 2, 0, 1.1911950223576981e-05, 0.9926495627396235, 0.007330804873819689, 7.72043633339896e-06, 0.19706821015489132, -0.19671338169925606, 0.22285102527771689, 0.599735253315113, -0.1117626484929977, 0.10959561887821948, -0.12375809684676967, 0.18839629925467466, -0.12807497031467505, -0.01957893199602372, 0.09685094009709588, -0.1474897932727644, 0.12015774442777627, 0.07356667547206329, 0.020021368035289266, -0.10760328179547193, 0.07548966367072815, 0.1679626753195104, 0.6
69, 2, 0, 7.83046041549415e-06, 0.9926534245791402, 0.007330930558232483, 7.814402211781588e-06, 0.19064243714906873, -0.19308554939419512, 0.21510540477054904, 0.5992598095930018, -0.11121351687098406, 0.10982190871645345, -0.12490259460683195, 0.08427632791856883, -0.02779962089869138, 0.15201457209484542, 0.013526042243923602, -0.07369477806160095, 0.13516716826953676, -0.03463303718507046, 0.0185852944927809, 0.10589418605548026, 0.1136872324728619, -0.041522501750010016, 0.6
70, 2, 0, 1.4452634775936816e-05, 0.9926462629043766, 0.007331227606109642, 8.056854737867256e-06, 0.18665001108279464, -0.1877077130721066, 0.20802099660084697, 0.5999291288744254, -0.10978794842170154, 0.10982101076245669, -0.12443504762361908, 0.13705880630409117, 0.033632792389440044, 0.14102754577926566, 0.1362972301630836, 0.00048058140361419664, 0.07887577771451906, -0.0462723838914687, 0.09642051184464384, 0.14621134921665338, 0.1661423233829022, 0.041306118578175746, 0.6
71, 2, 0, 1.5573843013017982e-05, 0.9926448463151388, 0.007331376712183506, 8.203129664716946e-06, 0.18093874307024246, -0.1812726034858392, 0.20402864659553885, 0.5991082174782749, -0.11068437401914308, 0.11040586407474232, -0.12443008145562953, 0.005798523930004074, -0.1498112152427968, 0.03855927321473176, 0.1759702709863184, 0.06289926738257193, 0.019039042852994032, -0.24612902443734205, 0.02290112452807542, 0.19321390098292365, -0.02533093384545416, 0.10201886913814248, 0.6
72, 2, 0, 2.166726844669324e-05, 0.9926404644052251, 0.007329515665881727, 8.352660446535234e-06, 0.17387597047876274, -0.1744272417979787, 0.1951627263904673, 0.5987187456000387, -0.1105725214362879, 0.1121364571944384, -0.12433913650033168, 0.1839442794950671, -0.019837063289228407, 0.18425606738645023, 0.038868475286448975, 0.05764525849990811, 0.12194557539303286, 0.15683589605397816, -0.12118274278712866, -0.01658764163703132, 0.21241630453961086, 0.08441160771626058, 0.6
73, 2, 0, 1.4223339834010552e-05, 0.9926478613101207, 0.007329541491192309, 8.373858852826378e-06, 0.169173127722771, -0.16993697225090598, 0.1888785454316163, 0.6003095747018566, -0.11151441454508351, 0.1120463927687351, -0.12547968539453605, 0.061212657918152794, 0.011682144400768535, 0.03179459108659932, 0.16509136079700606, 0.03386729200260802, 0.21210117316929122, -0.05480750826447106, 0.15597167386393085, 0.0877653051963355, -0.1431748774252475, -0.02831380151344342, 0.6
74, 2, 0, 1.771103212408485e-05, 0.9926442814027984, 0.0073295465500035125, 8.461015073974625e-06, 0.162901240882058, -0.16443191647976227, 0.18435876455597536, 0.5984393375314305, -0.11057870373155047, 0.11202701812219176, -0.1250972621851748, 0.026014088362705478, -0.08325599063377878, 0.07729223815867983, 0.05822299516330838, -0.06742951006785788, -0.1542285803716038, 0.017537568617369523, 0.1282452659906302, 0.159757358234562, -0.02965442703116889, 0.025942872245628572, 0.6
75, 2, 0, 3.015458857025172e-05, 0.9926320067737722, 0.007329319913246135, 8.518724411405833e-06, 0.16028052322916114, -0.15759306366067655, 0.17765989370693863, 0.5996572576342436, -0.11121652625671563, 0.112279749433609, -0.12481631645242161, 0.2745214365593411, -0.037601909810925024, -0.00830912393781914, 0.11973172502284044, -0.1656727975163692, -0.0623035343168182, 0.0528836149099008, -0.022580079465305464, -0.16029518996236292, 0.007286869473143935, -0.09559241368241435, 0.6
76, 2, 0, 0.00014194318532370197, 0.9925194071440127, 0.007329698478216953, 8.951192446662999e-06, 0.15158925105314755, -0.15224853601012556, 0.1733766712089864, 0.6004904833233444, -0.1115579185192205, 0.10916050420532383, -0.12409691439658839, 0.008770002973980218, 0.027234929862460976, 0.09034632895322668, 0.05973986312427322, -0.00967062235670535, 0.22045016350359528, 0.0295221482871743, -0.057553534078738575, 0.1710108529897942, -0.020018550135956707, -0.077930343046594, 0.6
77, 2, 0, 0.00014377082236148115, 0.9925175384822682, 0.0073297127596852335, 8.977935685145884e-06, 0.14629869652474153, -0.1483542787546676, 0.16454065313435495, 0.600860711035006, -0.10955705410475584, 0.11179528778891579, -0.12292460074867188, -0.10091277060341582, -0.18602073392286594, -0.07613721976819753, -0.09331630847741593, -0.03938577959496695, -0.004293983123310339, -0.03768820147819499, 0.005643096032702669, -0.16901257626864102, 0.26326454585353665, -0.04785290868589924, 0.6
78, 2, 0, 6.222857086962986e-05, 0.9925944207254558, 0.007331833558799853, 1.1517144874695548e-05, 0.14111057386795836, -0.14277778862294815, 0.15982225544759057, 0.5998906363171473, -0.11100295865299996, 0.11126116231788519, -0.12523048050823674, 0.00036306195784832076, -0.03629777401893183, 0.07335284933848818, 0.07024045725963292, -0.022769911354291784, 0.17314455813273477, -0.019310051021384708, -0.06428262762232381, -0.14493292424311618, 0.04501653475675853, 0.09633998699008721, 0.6
79, 2, 0, 3.536196504613673e-05, 0.9926179457943156, 0.007333214670943162, 1.3477569695104742e-05, 0.13632432246242915, -0.13654128528068468, 0.15206481963123009, 0.5994184515404629, -0.11099079766726291, 0.10984367684976559, -0.1245049443182672, 0.2041981991613603, 0.07292735427185713, -0.047402510173688836, 0.16209824680424656, -0.11037757564679726, 0.0950623578230686, -0.1508825306776304, 0.04232846721987342, 0.037215312157033116, 0.12795791562577336, 0.08689965674252399, 0.6
80, 2, 0, 5.405857267793922e-05, 0.9925986615401526, 0.007333345757752391, 1.3934129417135966e-05, 0.13118524938782894, -0.12891643221207974, 0.14465988307898336, 0.5995466073954445, -0.11068955446064602, 0.11136101571566066, -0.12324441187036358, 0.031676048973861684, 0.01476219705719648, -0.02717661411349457, 0.19828829939951256, 0.008372138337837459, -0.039742320945516996, -0.007338078136689541, -0.06515248952123753, 0.19785491513796322, -0.06378592323300666, -0.10152855579269844, 0.6
81, 2, 0, 0.000740596680491103, 0.991903232374647, 0.007336125253843108, 2.0045691018926256e-05, 0.12438584356274092, -0.1254437445988609, 0.142229233537776, 0.600885352509434, -0.10941350915012157, 0.11223855955877873, -0.12339440673465751, 0.0012632715326012511, -0.11048234627386873, -0.06129990399000068, 0.11617746263870635, 0.0007999171578624573, 0.11599197738159936, -0.06423409675019207, 0.1567951032792147, 0.15243070793981556, 0.031123457075154393, -0.08335248073159167, 0.6
82, 2, 0, 0.0006997913911384422, 0.9919432024539568, 0.007336422903786708, 2.058325111812633e-05, 0.12104431472053934, -0.11887795304340362, 0.13612019896746572, 0.5994513304460188, -0.11079154014571968, 0.11074473381263325, -0.12326359791188483, 0.1579761520551189, -0.049352590703600784, 0.07611814221789415, -0.1091919074538279, 0.09840741038495944, 0.011103032075098176, -0.023200692292724902, 0.05902674486021957, -0.06057730477663943, -0.1483121852422325, -0.15028292360761258, 0.6
83, 2, 0, 0.0006308045198759204, 0.9919961925228267, 0.007344713701690392, 2.8289255607005898e-05, 0.11539088761842882, -0.11532326503199186, 0.12776298498161376, 0.5991855539324846, -0.11204789407219247, 0.11097896867377613, -0.12478666924152229, 0.0038525457210343505, -0.01627735315258514, 0.20683286386800193, -0.005122517100531615, 0.11143520262163334, -0.1647511696783558, 0.02800392420379321, -0.03913513015633075, -0.005356362937471582, 0.093338520219103, 0.043206684204229975, 0.6
84, 2, 0, 0.000594740055434148, 0.9920315901802079, 0.0073430688030782475, 3.0600961279773946e-05, 0.10808736440462974, -0.1087751470279605, 0.12206504425241098, 0.6003249376860301, -0.10869050064702554, 0.11116093733320623, -0.12293619206886588, 0.11106035564954793, 0.08761674541557947, 0.14169916959733111, 0.12923113803921266, -0.1401800401048203, 0.010577176773659656, 0.10999227431920502, -0.0927888268604123, -0.06566476236400866, 0.025097480411609013, -0.071848190007644, 0.6
85, 2, 0, 0.00393543289842481, 0.9886692559921194, 0.007353829274012844, 4.1481835442862126e-05, 0.1028053911759218, -0.10469400405730114, 0.11609004049483118, 0.600908056227359, -0.11231049386668934, 0.11140127174758077, -0.12536669423763508, 0.12753015183320657, -0.19801228342421645, 0.15120120548710406, 0.01892287817863219, 0.03795729100580923, 0.034046825227588846, 0.0484098090426749, 0.17741584040937014, 0.08514454281209158, 0.020909354833851028, 0.10984428556350537, 0.6
86, 2, 0, 0.003470780426634392, 0.9890982554327833, 0.007377480498660129, 5.348364192216486e-05, 0.0971848491199129, -0.09799701399793086, 0.10968310196437844, 0.6003653228992764, -0.11174676831456457, 0.112713831509093, -0.12573002832302638, -0.022402810664468097, 0.13127323955837297, 0.31629604980880377, -0.06078953799583849, 0.1228248213327275, -0.07139573205083419, 0.1396011844554156, 0.014241637931127659, -0.1034155289046951, -0.007918683409372941, 0.08436862373664955, 0.6
87, 2, 0, 0.005440607905525231, 0.9871123603343392, 0.007382857105795769, 6.417465433968038e-05, 0.09164457785153843, -0.09341995074977014, 0.10335523548542466, 0.5981474025438914, -0.11046865520759083, 0.11169480990414, -0.12383961785200577, -0.08973085974589035, -0.08960096744127274, 0.030770320268732283, 0.03766048174095564, -0.06602377390563556, -0.08956903268522978, 0.23560662234285376, -0.037319029384183994, 0.012555701086209204, 0.08329760043740861, -0.08085538739205726, 0.6
88, 2, 0, 0.005459319188609546, 0.9870886500531835, 0.007385652069219236, 6.637868898771982e-05, 0.0870426487945151, -0.0882011063040639, 0.09816777262164801, 0.598601376950265, -0.11120056260594229, 0.11280870035537613, -0.12412506948993222, -0.02932073355869948, 0.06348218094507815, 0.1714252812268309, -0.2006228716662491, 0.04321550789724686, -0.0032651973964747507, 0.1540884559311198, 0.1264189326133628, 0.028346728089790656, 0.08081721364987997, -0.0485440407195102, 0.6
89, 2, 0, 0.005494927412948298, 0.9870531494037281, 0.007385249484180374, 6.667369914325616e-05, 0.08002556149863135, -0.08109391580405242, 0.09044604522190161, 0.6003064107496089, -0.11130885159034101, 0.10992467328910578, -0.12424905838840335, 0.04159071418731098, 0.0549867524314307, -0.1608828478819458, 0.050663677899599635, -0.06256569630197092, 0.03432545674401244, 0.10911068711857638, -0.05300076067920623, -0.044184373398947006, -0.013865529919428044, -0.1441473552691697, 0.6
90, 2, 0, 0.005488550454070808, 0.9870518059259443, 0.007389130063074874, 7.051355691006697e-05, 0.07586803036349272, -0.0755680336675874, 0.08703447192919847, 0.5992700134302995, -0.11009517456357454, 0.10875191442216695, -0.1235218229158774, 0.08774358546655377, 0.045197113631692064, 0.1811739019104047, -0.012788179221692947, -0.08001851540964967, 0.10483016568595449, 0.12675589465004516, -0.01846778008926237, -0.048667545544038945, 0.16032740327713627, 0.2514139289927535, 0.6
91, 2, 0, 0.0039056256131740825, 0.9885363534119289, 0.007435955882917202, 0.00012206509197983379, 0.070721401644352, -0.07188550145574045, 0.07855521456701595, 0.5997482322183317, -0.10967291938672971, 0.11096422745893257, -0.12504466247856966, -0.12030625298433587, 0.0959599538410549, -0.016299813417533345, 0.12769189202983575, 0.11403862417212556, -0.12910945374457042, -0.08684454652972826, 0.013758956880268302, 0.0187207515845917, -0.023187386044879577, 0.08351898873329333, 0.6
92, 2, 0, 0.00390488293410453, 0.9885368025231546, 0.007435969491155735, 0.00012234505158510215, 0.06467763302942993, -0.06359632188602096, 0.07305891260701407, 0.6014700051138392, -0.11073381557237863, 0.10969818286919455, -0.12491806222701254, -0.07651486129826032, 0.007351836149896662, -0.03848398269868057, 0.09549450947658464, -0.15605467409598964, -0.11681633160040013, 0.05606241574984305, 0.005408026633528134, -0.23353680927607745, -0.05885258777019524, -0.1385914563234883, 0.6
93, 2, 0, 0.0036186927283852308, 0.9888356268814573, 0.007405029797907531, 0.00014065059224987688, 0.060196465866766094, -0.05895000656728424, 0.06615184189530564, 0.6012701235972342, -0.11134567832399148, 0.11098757196124058, -0.12514011464016256, 0.2324320452987206, 0.05878333576387771, -0.0543954203046106, -0.0019653511235576196, -0.07195266511982708, -0.050865270517576985, -0.022171935542736696, 0.05843463691519113, -0.1437614816592882, 0.016812647947522366, 0.011203135283872701, 0.6
94, 2, 0, 0.001814448917063731, 0.9906215538177987, 0.007410608653832357, 0.00015338861130518146, 0.05354692271947252, -0.05470030295361912, 0.05967379477761956, 0.5995393988884599, -0.11243159033827557, 0.11081716915098516, -0.12287144154403193, 0.11869032057761472, -0.0954610775806514, 0.15940178981812053, 0.02444935610952979, -0.19947983265961272, 0.23442630202859874, -0.07727098266302018, -0.19096951616727142, 0.05357294120657813, -0.012296019522999553, -0.14884569999976108, 0.6
95, 2, 0, 0.0017535071366939661, 0.9906810826504592, 0.007410954225801412, 0.00015445598704539042, 0.049119942498231005, -0.045276611650943474, 0.05353455824902494, 0.5996927986161584, -0.11058589974447335, 0.11042395470456454, -0.12462018716395776, 0.10938385151321586, 0.049902432158955415, 0.04610683053316801, -0.010512925919915126, -0.006927492472895054, 0.0013981543700657775, -0.01757349699702999, 0.02628454686385384, 0.03049528668108309, -0.12636894602828125, -0.14011366492433672, 0.6
96, 2, 0, 0.0029464354587068506, 0.9894821374611373, 0.007409368479316183, 0.00016205860083964767, 0.04359981089224184, -0.04146592552606061, 0.04789140620789918, 0.6022623093141322, -0.11168101294544211, 0.11157198306583738, -0.12422702135322983, -0.05623855786151116, -0.026770327736028627, 0.0008733376570995738, 0.014970906747325891, 0.04419784725971675, -0.016108457116634087, 0.0214738259490729, 0.17434934757375475, -0.07653289736175274, -0.04588444007596502, 0.05110605634445747, 0.6
97, 2, 0, 0.0032326600264799468, 0.9892079474652695, 0.007395514084210427, 0.00016387842404012856, 0.03678112415433972, -0.03729398102302206, 0.04086902816810424, 0.5983881906116072, -0.1109746264103864, 0.11075842284120312, -0.12337929294508007, 0.08390280068782996, -0.1392825329121627, -0.085640769122168, -0.07271255255297189, 0.06597779679609314, -0.0818480716856214, 0.1720678152489089, 0.06120088046636381, 0.04481863326720743, -0.06418382674708509, 0.08407632074514172, 0.6
98, 2, 0, 0.0033580192951914198, 0.9890913514733886, 0.007385918069390384, 0.00016471116202971904, 0.03080950818411366, -0.030072915756995566, 0.03488628356589356, 0.5994863881112301, -0.11068310427903291, 0.1104930770247515, -0.12272786469841786, -0.03315724823776326, 0.040016419312900134, -0.09307125417909792, -0.038382278177308424, -0.032930784371115185, -0.021004301686920898, 0.1339318616332917, 0.15155274416682357, -0.00475544267261828, -0.013772847463768195, 0.002906656499756265, 0.6
99, 2, 0, 0.003458875538908524, 0.988957734984923, 0.0073915372349249815, 0.00019185224124335153, 0.027076374905704303, -0.02601312061782026, 0.02952019876155018, 0.5990731831318399, -0.1119951040070462, 0.10989731211913949, -0.12529660602194942, -0.014412158202925041, -0.16848466985744448, 0.09650547836566654, 0.019186360369164747, 0.03808058119522248, 0.01559367483927265, 0.05467526394631715, 0.02646843520583368, -0.033304193618361844, -0.03950751053825702, -0.01604336417141465, 0.6
