t, Event, Policy, P(still), P(random), P(reach), P(transport), o(t), s_a 
0, 2, 1, 0.37137293815612793, 0.04193536192178726, 0.586691677570343, 4.5943762683187117e-10, -0.5475365473563236, -0.6913366922501473, 0.6707633569899867, 0.4326640601257486, 0.10799257737603689, 0.20452383072287064, -0.06506913760599628, -0.26594035481768385, -0.27568969631995466, 0.25373057593950393, 0.03411629103748789, 0.023847714222719144, -0.12656652394039944, -0.08521544039101939, 0.022748818386733607, 0.020210943477224054, -0.01804584439948439, 0.028178292821323787, 0.3
1, 2, 1, 0.3713721386044781, 0.041935380999471916, 0.5866924799366124, 4.5943763915575863e-10, -0.7049053260020988, -0.5219299319786853, 0.7122663696131265, 0.3115543350656347, 0.11649940282279736, 0.1730609886631384, -0.27693135154919873, -0.3570388070874435, -0.3441116881436129, 0.31858688691436465, 0.011223159000912825, 0.001414224654757951, 0.0007033098070540018, 0.0004449140049938606, 0.021384276772712593, -0.0015623256959800306, -0.002036389065583778, 0.00037318462385753007, 0.3
2, 2, 1, 0.31844837995822733, 0.04576658585590173, 0.6357850337260338, 4.598372079599983e-10, -0.23757705254768086, -0.7034500908654968, 0.8456296383304782, 0.3522071192440829, 0.1248691572716576, 0.04549936135999651, -0.09731222910869546, -0.377975704306134, -0.22979706261553265, 0.24952715248669208, 0.0416638603908586, 0.002442831420437081, -0.0012982047632656185, -0.00036803881541542724, 0.02122099636061256, -0.0007101565604358709, 0.0020467517913335415, 0.0006905727747792498, 0.3
3, 2, 1, 0.31849580147418044, 0.04570779472070041, 0.6357964033451675, 4.599515316983874e-10, -0.6711719689559142, -0.5755515798960136, 0.6635637584660328, 0.26670338062900234, 0.032557540966646745, 0.16426529525245112, -0.05653871684054197, -0.2960308086124689, -0.20651669673455292, 0.2972652804624516, -0.046145282867489076, -4.1283837923497885e-05, -0.0004939234855541473, -0.00019775715525704578, 0.02054470982748983, 0.001741700360816615, -0.0008284275690513179, -0.0003138275267309468, 0.3
4, 2, 1, 0.2669668911961976, 0.051062432596023735, 0.6819706757193635, 4.884150762462953e-10, -0.47825773247067965, -0.6161744812183725, 0.6870666796752902, 0.28842167218747605, 0.18963934139011532, 0.10628034565778821, 0.10950257982196274, -0.38237802068975374, -0.31886345855107634, 0.31381932835432097, 0.014533065434633605, -0.0010132269481198837, 0.0005761902670653369, -0.00017433579823962185, 0.019675539205090953, -0.0012747339721192147, 0.0011081305663236958, -2.0810004021084713e-05, 0.3
5, 2, 1, 0.2669669768347452, 0.05106232371858814, 0.6819706989582516, 4.884150765026361e-10, -0.6676422470289956, -0.4795100272980162, 0.5691962922554067, 0.26109429665752476, -0.17011309934052538, 0.276961894580216, -0.24789144468225457, -0.45280246785839734, -0.3839638454961905, 0.3632749494947415, -0.03189978596751966, -0.0005114035856075117, 9.723673058795084e-05, 0.0005797137631623421, 0.019594969815540455, 0.0005443573235697166, 0.0020483861621934155, -1.681173697348241e-05, 0.3
6, 2, 1, 0.26349534850608247, 0.05131117225343979, 0.6851934786888094, 5.516684323237299e-10, -0.6379467037777686, -0.6664855915145338, 0.6136917886397257, 0.25038473458567323, -0.07123075057871846, 0.06176991575196471, -0.087657321850094, -0.003958651237431709, -0.2946771402409241, 0.38616161217212663, -0.018531333082934316, -0.001479743479578128, 0.0020118926462827477, 0.00018890543896216705, 0.02202526391207438, 0.0005528376920501751, -0.0010356272760088056, 0.000432858317925296, 0.3
7, 2, 1, 0.2634688372243942, 0.05131065900640935, 0.6852205032175046, 5.516918233468697e-10, -0.4554549521236879, -0.591604354982774, 0.5624132981141717, 0.3518274316244604, 0.3306833080022336, 0.12331678382750806, -0.13046259844890462, -0.24792461036036997, -0.46820284401445844, 0.24651641949668401, 0.04334145390241227, 0.0006081045502052247, 7.421190756569919e-05, -0.0014160673583353655, 0.018873191030070874, -0.0005540063321663785, -0.0004757171175034697, -0.0016612157702945156, 0.3
8, 2, 1, 0.2634602731418607, 0.05131100362602177, 0.6852287226803385, 5.517791163984982e-10, -0.5928598218103159, -0.674828141182149, 0.5398070273736981, 0.24130610830275162, 0.19504257539002146, 0.18423369144311502, -0.30601567753131464, -0.2228439157048583, -0.24306643724178212, 0.29426551627369496, 0.002268028768991992, 0.0012563108447436952, 0.00015146862329651564, -0.0007537696746165289, 0.01863884458037787, 0.00018607350152482997, 0.0012194466944166634, -0.0005840503052438645, 0.3
9, 2, 1, 0.26340446593362654, 0.05131440730571034, 0.6852811262087751, 5.51887983710634e-10, -0.663079874093841, -0.4113292486399606, 0.6912134621387517, 0.3276450500675331, 0.046263846098138925, 0.0989412398029367, -0.25620066693003674, -0.27433488852033394, -0.062204235895249746, 0.3674648781088057, 0.04414104703040369, -3.189372046973927e-05, 0.0002566705610578473, -0.00043746123171552404, 0.02163992924048242, 0.00032996395850621647, 0.0016150451885483669, -0.000886180855617475, 0.3
10, 2, 1, 0.26287933769693356, 0.05132710456225407, 0.6857935566447101, 1.0961023688833266e-09, -0.6213746421520048, -0.5628361210017213, 0.49347858411199674, 0.16959829827233347, 0.041312148967968344, 0.08790676482600474, -0.061470542422107165, -0.2737940475043793, -0.27478664880467274, 0.21427684218142123, 0.043970318336378225, 0.0016433531560852647, 4.5317120376698816e-05, -0.0013743569970275536, 0.020233269128501572, -0.001361666930348554, -0.0001570918551910836, -0.002888005743647754, 0.3
11, 2, 1, 0.13056845743763942, 0.05724973122548863, 0.8121818102390149, 1.0978568786178707e-09, -0.4554422967945996, -0.5446634200205527, 0.6793750469584637, 0.24373128488630322, 0.09330898185720002, 0.04398699741359058, 0.004943887889823384, -0.41534294951050893, -0.4353676139169008, 0.22283714660612328, -0.11382874205973559, -0.0013659473073081127, -7.245404024232784e-05, 0.001957275633268114, 0.020614316272263053, 1.687132914720436e-05, -0.0011489473958641938, 0.0013530019942216347, 0.3
12, 2, 1, 0.1306346460220081, 0.05716475807065076, 0.8122005947238162, 1.1835248302303122e-09, -0.5330026498785415, -0.6517290012894754, 0.4798204241362726, 0.29984166353151787, 0.09330869299031581, 0.14348779570332798, -0.06680111183207464, -0.4274422425270509, -0.06542599047915623, 0.09165725844638692, -0.0405607511641033, 0.0009851720862044586, 0.0003984526857396942, 0.0001532634498368517, 0.019713920206284534, -0.00019337808425111736, -0.0007173005133340318, 0.0017412596536507848, 0.3
13, 2, 1, 0.12239435708645029, 0.057573715788954025, 0.8200319259279789, 1.1966168403017325e-09, -0.5801177551911598, -0.4720639270592525, 0.5198729765014604, 0.24071171805556185, 0.17659885694033176, 0.07083046954627156, 0.013636325239349989, -0.4275980536104564, -0.3833761956466059, 0.3319654105510793, -0.07651513012015818, 0.00013260762654572277, 0.0007196891502170839, 9.540664600290102e-05, 0.020268576709696125, -0.0005020103744658004, -0.0003640559235980459, -0.00019196281348709282, 0.3
14, 2, 1, 0.11764818889189645, 0.057968569108419465, 0.8243832380628703, 3.936813842269125e-09, -0.6165394965216459, -0.547263272772412, 0.5762220555201979, 0.3500388533882429, 0.22069757173659948, -0.055697140700907234, -0.036172990585677876, -0.3716689695592092, -0.09890690466230964, 0.2831196955862253, 0.08069449775649092, 0.00024810935183720113, 0.00047755318691010396, -0.00042221651582797555, 0.022232887939365877, -0.0006640012494109282, 0.0009509699461390077, 9.285435762495052e-05, 0.3
15, 2, 1, 0.10363767497792652, 0.058750513583084696, 0.8376118073885692, 4.0504196175237556e-09, -0.6361697811739406, -0.5972595746918049, 0.6782797249357857, 0.3308550793530184, 0.15496184294312912, 0.014557916868645049, -0.2225038996035243, -0.14478524945438748, -0.18657227060434062, 0.273673131668879, 0.03429477552229748, 0.0004394550687871118, -0.0011604147408922113, -0.0013213457284684726, 0.022065247455009086, -0.0007971920212068384, 0.0008409349836042727, 0.0004521774032179591, 0.3
16, 2, 1, 0.09351683325290677, 0.059284527557153466, 0.8471986306681902, 8.521749568752718e-09, -0.37175201060064744, -0.49884059255941243, 0.48447315346491077, 0.20252302004430173, 0.10944332177585421, 0.0443589238812591, -0.20375073846319078, -0.0901724067138786, -0.2718219191666792, 0.3104647986410714, 0.07118873631211105, 0.0009621711560622991, -0.0003503204432492571, 8.103485214578228e-05, 0.01896898043410063, -0.001080565898887964, -0.00025385865163376223, 0.0005511786165912175, 0.3
17, 2, 1, 0.09072204576364802, 0.05960037450079877, 0.8496775618285891, 1.7906964086209205e-08, -0.33298897026278496, -0.5535107203325702, 0.6869981818385051, 0.3293217785116569, 0.19131035898558257, 0.1626250759149693, 0.048908540996583594, -0.13893911379406265, -0.061779908029395036, 0.05621477616766888, 0.07362714141408618, 0.0013906793017606125, -0.0002538467453823461, -0.0013250761738063028, 0.019885027574288464, 0.0003080843446746823, -0.0011912693348232475, -0.0007771236479467604, 0.3
18, 2, 1, 0.09072150052495447, 0.05960036261901348, 0.8496781189490669, 1.790696529473615e-08, -0.4592138786544172, -0.5580912752407075, 0.6361394194754681, 0.3214296551660441, 0.29204941910146853, 0.14423333807442767, -0.07475061094075383, -0.22093944144008706, -0.4106711592625695, 0.2886699537783902, 0.1662801193673376, 4.401236659749235e-05, -0.0004081330273090612, 0.0004395675859418447, 0.02148666339836856, -0.00036163022400178743, 0.00043896098719121794, 0.0004671781920161615, 0.3
19, 2, 1, 0.015502019146016193, 0.0629736750950124, 0.9215242878356791, 1.792329218811885e-08, -0.42038260690027285, -0.5000628319128616, 0.6281933363644236, 0.25231010410605065, 0.13822500027961193, -0.0353156622493183, -0.09340559840735528, -0.2943566306197208, -0.40391692892744857, 0.3082893705230884, -0.06157121202135576, 0.0009822662321345853, -7.299146097902652e-05, -9.795210221844435e-05, 0.018139778623217282, 0.0006494766962844773, 0.0005923436073204085, -0.0004403251894172979, 0.3
20, 2, 1, 0.015500415152848683, 0.0629737465582876, 0.9215258203655687, 1.7923294944787334e-08, -0.43392299991847, -0.529090120445012, 0.6340936818267189, 0.3706268504853587, 0.09932506068572204, 0.14829251303587918, -0.3086834025545958, -0.23278917600193844, -0.15334441908176877, 0.37607001295687603, 0.04413386206841713, -0.0007094218236694733, 0.0020946346170286913, -0.00017982519982339724, 0.02092496554528877, 0.0009297781490577521, 0.0002378531736399599, -0.0009730799796615985, 0.3
21, 2, 1, 0.01547493930159273, 0.062972715500013, 0.9215523272746844, 1.7923709849052e-08, -0.5966546072350452, -0.3590302091428824, 0.4491670626803973, 0.27988822837923577, 0.17470193960325778, -0.015369077710388512, -0.19117953057020814, -0.13487150233816242, -0.4509843261389291, 0.2523474761170649, 0.00885440177802925, -0.00015331615127106953, -0.00017143772885364772, 0.0005850767761737238, 0.01992117473341129, -0.0008158074829572638, -0.00023521226961293264, -0.0002352309586580012, 0.3
22, 2, 1, 0.015474938087124274, 0.06297271511872127, 0.9215523288704436, 1.7923710799463023e-08, -0.533570676901913, -0.6393350221998383, 0.4586989091128972, 0.489738929145448, 0.14484749389619833, 0.364265740381141, -0.25359312038575715, -0.22044225897574718, -0.21748600400340362, 0.20710330575804536, -0.00046573867818048843, -0.0013130305086656914, 0.000950773356537675, 0.001148369912551282, 0.019265520417425713, 0.0013406702465067954, -0.00021667024156704078, -0.0004622370714552764, 0.3
23, 2, 1, 0.005044785886631827, 0.06373211880766647, 0.9312230771808234, 1.812487825083533e-08, -0.36814508048817324, -0.5252830925718089, 0.5982245331249904, 0.3559188305545306, 0.12420698003700419, 0.07740451323873877, -0.09415694974650039, -0.12612095029505288, -0.29994726269463323, 0.4012483429347936, 0.051336036193972576, 1.4979203254161108e-05, 0.0009061334307386241, 0.00024167800816187506, 0.018972777735036517, 9.715529542165827e-05, 0.0014831756801753698, -0.0008738950014698778, 0.3
24, 2, 1, 0.00505072368850679, 0.06372501840710032, 0.9312242397459177, 1.815847514955058e-08, -0.387074011714288, -0.44218266467611195, 0.29014164054891617, 0.16409626860256993, 0.01244849640907154, 0.23684475426050494, -0.2312967820930944, -0.15443774791595674, -0.16136608738752128, 0.38502129536256763, 0.1178607059479542, -0.0009550573851236776, -0.0006365507390694354, -0.000708143914263188, 0.020090160018159144, -0.0016370222823429222, 0.001218279736424056, -0.0008636266519600665, 0.3
25, 2, 1, 0.004953327241259285, 0.06372955472056413, 0.9313170998737171, 1.8164459451512045e-08, -0.2685839424409207, -0.4583874866219479, 0.4243800067201997, 0.13937211380543876, 0.1297835849795525, 0.044922087455382106, -0.31363456573840187, -0.3387291402350705, -0.1592770967852235, 0.23534786715180248, -0.15677106230905183, -1.5154742239534028e-05, -0.00034339455611217634, -2.7881469838185467e-05, 0.020409659079259408, -0.0005002261276593148, -0.0015692122932867065, 0.0007465929463450216, 0.3
26, 2, 1, 0.007138792005050898, 0.05749834079743679, 0.9353615714290976, 1.2957684147772986e-06, -0.4205503861551006, -0.4659756802867908, 0.4166245964951238, 0.4719024784731875, -0.04704199296567859, 0.06173635931233269, 0.02576349878138151, 0.04027614520273111, -0.2042520567259362, 0.07646615990531849, -0.032963481282748286, 0.0003937264818716296, 0.00028675935734241405, 0.0010188622016767443, 0.020445486469763803, -0.0010671018743000893, 0.00024409910085992827, -0.0004617911823690149, 0.3
27, 2, 1, 0.00498138104987917, 0.05523780028003703, 0.9397795197269633, 1.2989431205811928e-06, -0.3592098855287267, -0.36199488747895947, 0.5661107961669857, 0.38323857177348275, 0.12370914658720775, 0.11471487766713244, -0.12526569592099673, -0.0660231038703929, -0.22807853798547556, 0.26089106272318363, 0.05281813296932283, -0.00016418674067900064, -0.000442101317082124, -0.00033239145162054784, 0.020349709562438572, -0.0005191356056882207, 0.0003179919356058645, 0.0001308180632639572, 0.3
28, 2, 1, 0.004988199580605273, 0.0552251412282858, 0.9397853602474927, 1.2989436163020096e-06, -0.2799776346197674, -0.5546082082371511, 0.6111395346050527, 0.2531476628601285, 0.2106200365969316, -0.0829909135488133, -0.09799818886960995, -0.2579153299568601, -0.15876951153590108, 0.4143113391444505, 0.12866582328470583, -0.0014673680603547337, -0.0007476566542679021, 5.4565747925562084e-05, 0.021383080081183385, -0.0006848352340903099, 0.0011929045042645462, -0.0015281113062971736, 0.3
29, 2, 1, 0.004981619403824307, 0.05522540338922386, 0.9397916782633349, 1.2989436168318266e-06, -0.3782897830629761, -0.5063719803559041, 0.5755637023395513, 0.3739865251021444, 0.19666237454183283, 0.10556158934247808, -0.32127580348989887, -0.26568789790833164, -0.31217559176632964, 0.37566389354440444, -0.13827430623715475, 0.000607979672778169, 4.814630205129859e-05, 0.0010177793934991778, 0.018368253099134976, -0.0010467414100901406, -0.0006931729775899276, 0.0010251313105675594, 0.3
30, 2, 1, 0.0048680586085935295, 0.05522335573592828, 0.9399072847487652, 1.3009067130198297e-06, -0.4822283637869088, -0.47719133497734456, 0.47482651110897817, 0.13764493463724045, 0.22055755602777313, 0.11359258041767269, -0.08342854512968986, -0.0776300881237059, -0.2648313581166688, 0.15259335408876853, 0.11142009373467414, 0.0020367915879618576, -0.0015636527118030696, 0.0006313815972956744, 0.02066504328567084, -0.0001037554433307748, 0.002179769826713052, -0.0008184566707932104, 0.3
31, 2, 1, 0.004868216366150524, 0.05522312776963381, 0.9399073549493715, 1.300914844181916e-06, -0.5819287575896958, -0.4738756565547836, 0.25618451301678, 0.29972077519486534, 0.2062803083940487, 0.1802537954105117, -0.15241482965373146, -0.2960892476011138, -0.17603890936113914, 0.2735108007387437, 0.13275076352960988, -0.0015187155857880885, 0.0010668036380342494, 0.0008388105313758677, 0.020449075948504043, -0.00010294078542207497, -0.0008547481382539512, 0.00029345460349422005, 0.3
32, 2, 1, 0.004246142057734123, 0.055259464803529154, 0.9404930899160853, 1.3032226514221764e-06, -0.4301311596122332, -0.49084405980078644, 0.42645251904492304, 0.3839441842668551, 0.20513650288240276, 0.07729434526947584, -0.056045533504907354, -0.30712347366750914, -0.17023686009159203, 0.36140909035465174, -0.0009841768049094173, -0.001982263878596551, 0.00039024746560243663, -0.0005744201679419427, 0.02032319439252245, 0.001148892531722483, -1.518508902770716e-06, 0.0011293620964535921, 0.3
33, 2, 1, 0.004613558819195286, 0.05464159258591878, 0.9407435427152613, 1.305879624658728e-06, -0.42573584921729335, -0.402638529401455, 0.4223893418873469, 0.2061344957360987, 0.047971025780571816, 0.075638541720032, -0.0631446068184676, -0.32466360155822516, -0.25731409856002097, -0.05584658818564723, 0.025848190635345263, -0.00045752153917441655, 0.0012309104080550435, -0.0004044507112401857, 0.02074870923229038, 0.0024371220078833944, -0.0007206359637691072, 0.0009546250965724465, 0.3
34, 2, 1, 0.004285416721842646, 0.054177029260793555, 0.941535668179103, 1.8858382609415221e-06, -0.3332787064617289, -0.3845566160269677, 0.24445841263195245, 0.204116667383541, 0.11136636027283944, 0.15187247702206447, -0.07654968490878178, -0.24892289087844052, -0.15170256074192162, 0.20548566766958473, 0.030112260811272374, 0.0002554818276766965, -0.0013257283512200266, -0.0009240336070470631, 0.020203301389940292, -0.0004141544209930472, -0.0008763905839276562, -0.0004927244470340045, 0.3
35, 2, 1, 0.0042769079608070675, 0.054173597390104654, 0.9415476088104986, 1.8858385895756319e-06, -0.46630570022960544, -0.23981576455298548, 0.3383084549420038, 0.4597884342401331, -0.0016301814921878544, 0.06389803425539059, -0.26124892746171113, -0.1311515464187238, -0.44651857335624723, 0.2639970977286561, -0.03017353285647294, 0.00033473922756826314, -5.771908834423173e-05, -0.0005034309190726192, 0.018590694065234684, -0.00028050891407584275, -0.0014354764851498146, -0.0006919414564576992, 0.3
36, 2, 1, 0.0005039639964942629, 0.054458031820401535, 0.9450360208340193, 1.983349084954982e-06, -0.2855043229942683, -0.4720144342048142, 0.4645986203236716, 0.3000125833694501, 0.05209413648881174, 0.058883081547596604, -0.1332586448941803, -0.15759281756788396, -0.03130940128134572, 0.1914439106816935, -0.15097791850240422, -0.00018245861850936708, -0.001548353122239891, -0.0007561900603522611, 0.02043953279160919, 0.0010026586131843785, 0.000912575464034699, 0.0010415023145923345, 0.3
37, 2, 1, 0.00025193171167419456, 0.054125875836005526, 0.9456201706989439, 2.021753376337184e-06, -0.24540817180164604, -0.42682112143302425, 0.2747055618587545, 0.005072606098475862, 0.1406242481270818, -0.034699657343563575, -0.15464096265338495, 0.020941682710154397, -0.25071806014270254, 0.20481733964013998, -0.09799930126570941, 0.00046590215802165606, 0.0009986511591752172, -6.21691356681144e-05, 0.019625429361383586, 0.0005814316794820237, 0.0016129474307633278, -0.0012337053053457986, 0.3
38, 2, 1, 0.00025193378721850265, 0.05412586129707995, 0.9456201831595721, 2.021756129494756e-06, -0.43781637644494104, -0.3709474224279436, 0.31787734708078447, 0.22745439459452754, 0.3307941227335552, 0.2779697684744973, -0.033616746472263384, -0.23728493252013033, -0.04299619191625257, 0.34994863525091646, -0.0880173962869262, -0.0004556115995970089, -0.00014691817171562323, 0.0012211648014961052, 0.01986781628753015, -0.00016926825826877746, 0.0016364653880244864, 0.0007880475600198696, 0.3
39, 2, 1, 6.584325913661727e-05, 0.054131385665163505, 0.9458007365992069, 2.034476493041331e-06, -0.3671312899763477, -0.29205831361541124, 0.3865101861209555, 0.40188861009543225, 0.2755556314948625, -0.048681602880430774, -0.11981913165966565, -0.1254986685241044, -0.19528981495368336, 0.03835135185144691, -0.12187218383266232, -0.001731908745649691, -0.0009212005555879778, -0.002754038401712052, 0.02077239696024022, 0.0005136953738933485, -0.00014895720573847754, -0.00016476721824924018, 0.3
40, 2, 1, 0.0007064131500641091, 0.05320534228058113, 0.9460861485123662, 2.0960569884626655e-06, -0.2893468409673865, -0.1542074541830707, 0.4533537554791006, 0.4113356611087955, 0.17026343419037585, -0.005198058576862019, -0.06612166945801162, -0.04055543994797992, -0.085107664517691, 0.2752478737154415, 0.10722630146688741, 0.0011725184711163504, 7.61922707155638e-05, -0.001472113141302123, 0.020636027726589255, -0.001472848748001243, 0.0014616322627682753, 5.508720767113654e-05, 0.3
41, 2, 1, 0.000722178685946485, 0.05318637915599443, 0.9460893461004204, 2.096057638634747e-06, -0.4115317252964708, -0.31092319078350517, 0.49581124840951957, 0.4083565638160353, 0.06368781696646762, 0.12527015566990524, -0.22484031449097114, -0.35291840030116745, -0.16176761150423555, 0.29042243031051174, 0.1001073865706726, -0.001062396478649779, -0.0004648874527595527, 0.0022099835521947183, 0.02096048264148, 0.0010832433435749539, 0.00011816049316624037, 0.0003680003343643164, 0.3
42, 2, 1, 0.000719687828368318, 0.05318449852449383, 0.9460937174459922, 2.096201145630142e-06, -0.39621683600504654, -0.29235746887273784, 0.31093982149942423, 0.2603670940635928, 0.10699051705393703, 0.16319047469140563, -0.21646290374008298, -0.18141674119320578, -0.23771160655363607, 0.03956076566591778, -0.03765873460272408, -0.0006077623770604382, 0.00112586094002916, 0.0011476334716834604, 0.02165788483111014, -0.0027889961969381357, 0.0007298182169383869, -0.0008027300164046641, 0.3
43, 2, 1, 0.0003337200877464915, 0.052980920312259316, 0.9466831257073676, 2.2338926266986116e-06, -0.3765478821283744, -0.31983253131930034, 0.272547189658337, 0.23976274294789715, 0.019090144643519314, 0.14752039551233667, 0.06844331189830014, -0.17224878783789271, -0.273259092750866, 0.18141249821341057, -0.07713590290291529, -5.122815202896113e-05, -0.0007224399831469897, -0.00012035011287451262, 0.019552614858550293, -0.0010630091398236285, 0.0001418921581226802, 0.0005464557825281917, 0.3
44, 2, 1, 0.00033349555002489315, 0.05298045022127704, 0.946683820334317, 2.2338943810692375e-06, -0.2980552260730317, -0.11595281588263102, 0.437550442835598, 0.31494468930213926, 0.15799302148885064, 0.28602942058655334, -0.2997998922229419, -0.060593953294482514, -0.17321812182253235, 0.2344806979888799, 0.06360210132728347, -0.001978041913036588, -0.0008490577586533999, 1.9512628530633565e-05, 0.019573315095423486, -0.0024360785593831474, 0.00023219919283269872, 0.002675396345557568, 0.3
45, 2, 1, 0.00033347461166640557, 0.05298045108167118, 0.9466838404120062, 2.2338946563379166e-06, -0.49110886918387686, -0.3540835809247988, 0.35126309513009746, 0.3435616432426717, 0.15327183931546634, 0.28585109512439005, -0.1774637714808835, -0.15712545021438767, -0.27838934582746705, 0.11076616503537232, 0.04770676665780238, 0.0006216785381941537, -0.0006201388917473772, -0.0011557436031982774, 0.017614815796582958, 0.000668568291875819, 0.0006112967504823144, -0.0009589013196387453, 0.3
46, 2, 1, 0.0069829196252646514, 0.04383062763213292, 0.9491812420641599, 5.210678442399821e-06, -0.35091569032042746, -0.20807173647084629, 0.3410529812380584, 0.33267291646592007, 0.14827504516930612, 0.05407287276442877, -0.04685718107903504, -0.14145611044292558, -0.063343520157211, 0.28078094832687805, 0.0518157895464339, -0.00024303686526490022, 0.00139243595272445, -3.6638174392095575e-06, 0.020122409973694567, -0.00022501878263556712, 0.0009691632451773726, -0.0013246088469829988, 0.3
47, 2, 1, 0.0013680942774708603, 0.04256953111299917, 0.9560547762973195, 7.598312210454897e-06, -0.3442277163935694, -0.19560506002594538, 0.3224418887827115, 0.11130798603947611, 0.048077390520865515, 0.03502994447473107, -0.07181232525447166, -0.02833250573371946, -0.14163038302727632, 0.22737438134461208, -0.1326409347502378, 0.0007236309403169877, 0.00032847551460421206, -0.001239161671019165, 0.020289838182599138, 5.921546516461987e-05, -0.000871612033644314, 0.0007362839618484115, 0.3
48, 2, 1, 0.0012332118314377111, 0.04257483243400551, 0.9561843552422796, 7.600492277043859e-06, -0.376170666584921, -0.18877201892970077, 0.32960750788894455, 0.1661078413412051, 0.1208115510159606, -0.029710017132390364, -0.3630743474357882, -0.1315701155499997, -0.012827107918090653, 0.11904079349567147, -0.10454096778696287, -0.0002367165000908737, -0.0007491001462055667, 0.0007658273553796341, 0.01789838195277472, -0.0008645161787100985, -0.0004221591857980382, 0.0015464050922877977, 0.3
49, 2, 1, 0.009042738556071817, 0.03316595013139697, 0.9577745932286783, 1.6718083852967638e-05, -0.24427227622061792, -0.38993721622304056, 0.33835981010173444, 0.3593348580433161, -0.02779566307967609, 0.138696496716831, 0.042734374780371565, -0.22122349388107937, -0.06951924705198484, 0.05178415800401424, 0.0642692067969354, -0.0008789562423388679, -0.00020765147157773947, 0.001321449698100067, 0.019297099593656646, -6.236542471761241e-05, 0.00021228763059058137, -0.0012375636017890267, 0.3
50, 2, 1, 0.00411430939816414, 0.03341136065782429, 0.9624569465249788, 1.7383419032868557e-05, -0.18794354364086135, -0.3316818605495361, 0.25838662893707465, 0.3322901243609518, 0.11148804801139933, 0.0717476398824026, -0.23626553751407636, -0.1896564815962625, -0.08816484203017891, 0.12172294455379137, -0.13666452724594605, 0.0021017067497027, 0.0012531650777317762, -0.00022879879839157453, 0.019284541035733554, -0.00042694498165199814, -0.00031111212367597343, 0.00018037956416747125, 0.3
51, 2, 1, 0.006404848610821574, 0.030274897366070856, 0.9633016827310255, 1.857129208219129e-05, -0.43368347059733836, -0.35486174058549025, 0.12364801977406818, 0.3446690099860056, 0.09923087047770596, 0.0035664899597016354, -0.0742862273203383, -0.32348831692913904, -0.09690433240594118, 0.26550530840246417, 0.03714735451350522, 0.0016283386909573161, -0.0024816883706957585, -0.0004608791197055838, 0.019332714852741913, 0.00015481061254107593, 0.0011743537362868808, 0.00029754769754354235, 0.3
52, 2, 1, 0.006411610256532362, 0.03022995347313784, 0.9633398602387218, 1.8576031607972458e-05, -0.10878998387365076, -0.4741384347577096, 0.2539330769743664, 0.1495458031112758, 0.3586684701348629, 0.05402532363084815, -0.11132492653284413, -0.23487761161400025, -0.2383935438731796, 0.19670753744644162, 0.01743735378450646, 0.0009367093926100839, 0.0010321376331548877, -0.0006273381015858471, 0.017541319304453615, 0.0002996254804727859, 0.00022318643336956381, 0.0018618105553087285, 0.3
53, 2, 1, 0.0004176198766133477, 0.03069160025894369, 0.9688718592918246, 1.8920572618369203e-05, -0.33216922655171893, -0.26362502980395536, 0.40212688099410265, 0.2396764067718639, 0.10759127468998544, -0.027329560997798198, -0.09073455190459796, -0.17432137185688948, -0.13705854695577885, 0.1868438373930764, -0.10806423112250545, -0.0019068067759320836, -9.970222864617644e-05, -0.0004912046114417107, 0.019921639743868798, 0.0017702522632943745, 0.001099779847931853, 0.00039727934797779957, 0.3
54, 2, 1, 0.00034472878022342757, 0.030567160897157178, 0.9690691586089806, 1.8951713638840068e-05, -0.4280844154031717, -0.2588664266273676, 0.4679127330410381, 0.33003617874849545, 0.17712022123341628, 0.02598308509518974, -0.15230786040264568, -0.18526130882165615, 0.03608315860340257, 0.036304630470109546, -0.015554331177048459, 0.0020965908790139187, -0.00039946848427138476, -0.0027125916824896103, 0.01868510022743947, -0.0019032565085301174, -0.00022701525500876105, 0.0010071412029061106, 0.3
55, 2, 1, 0.001100342969957933, 0.029334440869776938, 0.9695462583372392, 1.8957823025927953e-05, -0.2810453729384621, -0.27808671060863277, 0.37471727677096955, 0.30822378838982495, 0.00019298695590077574, 0.040064306485010734, -0.04626397432641732, -0.34208052495407376, -0.1887413946022428, 0.1480132499201314, -0.12991483323667552, 0.0015820833682085981, 0.0003319357335274351, -0.00028986733626341037, 0.020884457444123466, 0.0005539896037763535, 0.0008615315713415058, -4.997305274763085e-05, 0.3
56, 2, 1, 0.0011594682976423802, 0.02886434335905722, 0.9699568017534177, 1.938658988266613e-05, -0.3105963977970946, -0.41460417708586306, 0.2931183077663599, 0.23400607597216352, 0.1458704358242487, 0.005873834522851373, -0.19193207581637398, -0.1904812965569888, -0.02313541102419283, 0.1295535564373012, 0.02177796045133605, 0.0021364756332186026, -0.00035791023872326703, 0.001676990969049635, 0.019557291104651844, -0.0020581457748070063, -0.003131863800694331, -8.664609503390015e-05, 0.3
57, 2, 1, 0.00042271731455748723, 0.028907403997699647, 0.970650489264057, 1.938942368597817e-05, -0.39895527079956095, -0.24281231158888072, 0.3836827261624375, 0.1744807118868513, 0.1177407334137162, 0.1300980296932307, -0.2035436990155366, -0.17425829256881725, -0.16907573329855224, 0.2770979045714282, -0.15532972051129043, -0.0017806081496041098, -0.0009945823323801476, 0.00014737115788683534, 0.020741708616166067, -0.001716785699393408, 0.0005437683965294627, -0.0005294747265293522, 0.3
58, 2, 1, 0.0004223451611499555, 0.028889424141060025, 0.9706688398235233, 1.9390874266727432e-05, -0.11927389479613397, -0.4336292550786408, 0.3055884932627281, 0.35394717164029177, 0.3097976492733016, -0.030932810621801532, -0.1294275061491989, -0.03599383285534874, -0.2706669418423543, 0.2025746589615447, 0.007878573879938221, 0.001799326215608011, 0.0020606125831613914, -0.00041437857614300296, 0.019777310667327314, -0.001844727152141427, 0.0007504830101044325, -0.0003368710897713236, 0.3
59, 2, 1, 0.0004877481618913086, 0.028802821183435173, 0.9706895983505982, 1.9832304075288585e-05, -0.19245183104420302, -0.24850456534345527, 0.2233156069814653, 0.10126081475491384, 0.12219218385238946, 0.09663334900862616, -0.08393814270348302, -0.12966907110013282, 0.024333318010432613, 0.2334853867878329, 0.12765461122965438, 0.0015143805550690845, 0.0012582533654441788, 0.00048716798320959625, 0.018183583354075807, 0.0023735896148978177, 0.0003156870761620071, 0.001360158185093268, 0.3
60, 2, 1, 0.0004990382433483224, 0.028778695534838028, 0.9707024318908974, 1.9834330916246377e-05, -0.43740416440174323, -0.22909594146592788, 0.1153061372748079, 0.2843510923680967, 0.16510597472450383, 0.03556481808391956, -0.19950648604107468, -0.19324779345769447, -0.25277238545840824, 0.2080155099666415, 0.03036067297067918, -0.0012968126649870227, -0.0006074756087064545, 0.00020661632350471118, 0.02062913827849778, -4.784174393379839e-05, 0.00040949611977674546, -0.0005821724299263632, 0.3
61, 2, 1, 8.780306917849503e-05, 0.02879767650005102, 0.9710946733710814, 1.98470596891802e-05, -0.2740333340126345, -0.44158318281468034, 0.273544317587577, 0.27634981139876824, 0.027621803545208646, 0.05256160775259235, -0.2251045948282492, -0.020105950567916153, -0.2147822271188252, 0.16104279640803854, -0.17072502402063758, 0.0019708872614103267, -0.0005864636304863616, -0.0022810221916401063, 0.02045589855084119, -0.0009107613454982053, 0.0003209603682721973, 0.0009928082083731035, 0.3
62, 2, 1, 9.956568088598588e-05, 0.02869679808708082, 0.9711836537467049, 1.9982485328404546e-05, -0.29531940283381697, -0.361622087167792, 0.24621268018531137, 0.20661284698838195, 0.20689822418942327, 0.015731155558693356, -0.2112170687642642, -0.1662944234919832, 0.037176238487834, 0.12141315007619988, -0.07341382956585993, 0.0008737980723009707, -0.0012210341667555087, 0.00019464743498928783, 0.02150628257097347, -0.001142665126210648, 0.000987085475900416, 0.00026123606130683437, 0.3
63, 2, 1, 0.0027328324273958064, 0.025459419301027634, 0.9717741207115173, 3.362756005940174e-05, -0.1325591770559148, -0.2528726721966098, 0.14148818552363712, 0.1606699965286595, 0.09511573557854969, 0.1768060735059215, 0.004377766672758665, -0.09675085381009821, -0.1961880899024928, 0.11644059827785039, 0.1282750392540597, -0.0004981595878485411, -0.0004049041803636729, -0.0015125041258310225, 0.020188745046850476, 0.0005318122618989952, 0.002082280671931097, 0.0007192245082974379, 0.3
64, 2, 1, 0.002738323844579066, 0.025423891719676874, 0.9718036947022408, 3.40897335033582e-05, -0.23917055447903382, -0.1943019635747184, 0.25477106068052946, 0.38501485338637786, 0.2532861762767363, 0.16683327047648058, -0.013639974957787949, -0.19502750482105352, -0.08419582574818354, 0.10309713454970186, 0.11784274945094109, -0.001017780776176804, 0.0002444596620445803, -0.001028402205211235, 0.021028877111047152, -0.0021909098090387128, -0.00024783218613096635, 0.00045509239584582876, 0.3
65, 2, 1, 0.002689769417536464, 0.025405578018761286, 0.9718685117886525, 3.614077504981842e-05, -0.19658933348970475, -0.28807569038867215, 0.1312466708560807, 0.27934126586258134, 0.1311809133024785, 0.1798712263513235, 0.02486029755264758, -0.10244166325778567, -0.1348252119905696, 0.21601484090746167, 0.11016390080775644, 0.001307301909969383, 0.002287218916266303, -0.0010785852181425019, 0.018872292185143205, -7.884943234457773e-05, 0.0011434544022391193, -0.0004816528264573679, 0.3
66, 2, 1, 0.0029456750064237743, 0.024995167607148185, 0.9720227415069718, 3.641587945629927e-05, -0.10171664538283205, -0.18765987568358605, 0.171380618737576, 0.4630749515139449, -0.019220216602865724, 0.2086695072654284, -0.15758575248851683, -0.14317417022542922, -0.14449931814834632, 0.23890340877482866, 0.10254606437206407, -6.102823557166911e-05, 0.00022421573966198427, -0.0006344628967011425, 0.0192344424231013, -0.001394356132742362, 5.84280648957116e-05, -0.0006892247226092422, 0.3
67, 2, 1, 0.0029475672266435107, 0.02498601290553906, 0.9720299867274482, 3.643314036916976e-05, -0.3919251465101891, -0.1766406239021187, 0.12895200364448958, 0.2007580210956061, 0.15593352433106444, 0.044256836051586965, -0.2909227807605642, -0.16183871566857505, -0.07574819025721995, 0.039978810090604375, 0.14584740533335552, 0.00010607763646342109, -0.0003456857018293249, 0.001390328858220834, 0.019840439528487786, -0.00012631896407826955, -0.0006079087100849823, -0.0007588682787320474, 0.3
68, 2, 1, 0.0016311084813937272, 0.024616612929048418, 0.9736693724810089, 8.29061085488707e-05, -0.38678520326105637, -0.3913353535030276, 0.3076072489899378, 0.38196196816478123, 0.013421157110061943, 0.13954327996872568, -0.007445574927296495, -0.0860894815458445, -0.01813812318049517, 0.04981054472396866, 0.0646798857031798, 0.0012144648415369145, -0.0017720196676312837, 0.0008526599732124696, 0.019634615260066886, -0.0007900295575526863, 6.072451136005494e-05, 0.0010390527275025148, 0.3
69, 2, 1, 0.0008127911076961257, 0.02444603502332848, 0.9746581850471491, 8.29888218263384e-05, -0.3460442873367594, -0.13899795688667932, 0.20135639560121485, 0.24011040536083067, 0.01337215140076763, 0.10364970521960155, -0.10007489305891645, -0.15700702287551152, -0.31330032849397516, 0.0798440252045629, -0.12662590285783362, 0.0009605418866146343, -0.00016435821842347963, 7.735851656264464e-06, 0.018173984643969746, 0.00010359949310904636, -0.0008477667518361985, -0.00124242122874981, 0.3
70, 2, 1, 0.00031371026671734025, 0.024533441862403787, 0.9750609408421513, 9.190702872754e-05, -0.13299330616622368, -0.0831445459072224, 0.1688215001805533, 0.14498189447393348, 0.20286387041025308, 0.22418180652116573, -0.13405908357473537, -0.012049033885701454, -0.04656591641187296, 0.021595432967701965, -0.17048574644655598, -0.0005048562184730989, 0.0018791082505115245, 0.0002061257229721293, 0.02089742527375593, -5.3320641592162046e-05, 0.0005604095573326174, 0.0005685275955659823, 0.3
71, 2, 1, 0.0003431318147442013, 0.02443179421898285, 0.9751328502268887, 9.222373938436858e-05, -0.2002976933952958, -0.2006092767568019, 0.20731061509559262, 0.21998877751276752, 0.12373059570798592, -0.03235152325348656, -0.11414352804116279, -0.22802260429264667, -0.05792523529038542, 0.0667164795305886, -0.04107371853267618, -0.0002669657624677884, -0.001260513436351058, 0.000869010656305768, 0.01928802763241686, 0.0014736495135763638, -0.0017032730184864345, 0.0005663323298169974, 0.3
72, 2, 1, 0.00031895943535213553, 0.02433322781663712, 0.9752519683149258, 9.584443308502121e-05, -0.13914999514876916, -0.2674820021168996, 0.12010853111879989, 0.3608375565728357, 0.2456151644948076, 0.07196564365339979, -0.07467073340119348, -0.051605243213915505, -0.09713897713407191, 0.029411500493527486, -0.06549916550391319, 0.0009779680112215199, 0.00017258298909874882, -9.121930477593349e-05, 0.02064661290622176, 0.0012518464894290316, 0.0005705424823492565, 0.0003981709456002551, 0.3
73, 2, 1, 0.00031369054625034356, 0.024322721324595235, 0.9752677420283243, 9.584610083023383e-05, -0.020436752772161882, -0.2946308224459384, 0.32654224782371716, 0.336837477916492, 0.08180994522860856, 0.03398598968779668, -0.24596977951936655, -0.2649234354327429, 0.025294966660696895, 0.11761624453056334, -0.04761452494180553, -0.0015772194948033666, 0.0004220137481069865, 0.0008644164571565187, 0.02148043485062723, -0.0019269178592097806, 0.0007779037018450428, 0.0007496102552057456, 0.3
74, 2, 1, 0.0006984866943819159, 0.02535247211027126, 0.9738397404477789, 0.00010930074756800842, -0.11765289653799985, -0.056295631623006395, 0.2338944056826758, 0.3776568040986019, 0.37918336055931773, 0.2349810009735418, -0.11962711316008885, -0.1024727386319328, -0.23550728561572726, -0.03278783819701949, -0.037645487756252205, -0.00014046483884456754, -9.885951051937352e-05, 0.00010367971626941481, 0.01782955670939772, 0.0007173711441289072, 2.6565850094662094e-05, 0.0005982349675739766, 0.3
75, 2, 1, 0.0006230630241963522, 0.02526811523355516, 0.9739993202928959, 0.00010950144935248958, -0.22872725934089733, -0.054876980354830976, 0.18970673265217514, 0.23767632036972572, 0.08329579348504129, -0.05212809417486945, -0.13616136463545978, -0.11956313896521528, -0.08912444171006942, 0.253394312178458, -0.10080582405360057, -0.0022799307891635512, -0.0015619882728080806, 0.0015720838681030074, 0.020514354908314446, -0.00019837986171632413, -0.0014821344494770736, 0.0007126914921235874, 0.3
76, 2, 1, 0.0006231310043415201, 0.025267839862441816, 0.9739995313951466, 0.00010949773806995282, -0.08102193956563963, -0.29826819038924357, 0.1785643343198973, 0.3088844739900242, 0.1326079221331038, 0.2237286330042064, -0.29638210667616754, -0.12003693981767519, -0.19344564897977712, 0.03351430845751322, 0.14542547472922257, -0.0005808151604943964, -0.0006431529376705331, 0.0005841303942134516, 0.018471441437521084, 4.9416719370042e-05, -0.0007191365598727009, 0.00037942652766675185, 0.3
77, 2, 1, 0.0003312361102841509, 0.025288022247809894, 0.9742700580691693, 0.00011068357273660208, -0.2921264405474486, -0.28537913963879846, 0.13863579886408853, 0.5326933548630326, -0.01016615238091798, 0.296194141449996, -0.1260438633112761, -0.07798972933145655, -0.1275120120385459, -0.014748274608989165, -0.1757571551971751, 0.0001726605494809456, 0.0010612533958499332, 0.0001485743507787333, 0.01920021421440144, 0.0010328526158482343, 0.0007558625137129416, -0.0009935292825894997, 0.3
78, 2, 1, 0.0005443064639663087, 0.02535637776536992, 0.973962239276967, 0.0001370764936967679, -0.1561815778656705, -0.1719310660292721, 0.04299100702832766, 0.44772213848719716, 0.06800748794632545, 0.277292993910628, -0.13284553313688002, -0.18115176655369666, 0.030000141728036535, 0.05596231564265282, -0.04583451329313708, -0.0007499938026014287, -0.0008287232934272651, 0.0021313146604728965, 0.01999120276127634, -0.0003782605204750811, 0.0007984712384157565, -5.785325293348857e-05, 0.3
79, 2, 1, 0.0035895621543124948, 0.0300044380355095, 0.965552817162069, 0.0008531826481091182, -0.08253766737703146, -0.04579622988556431, 0.2072972408880828, 0.315011460713729, 0.3322586523278278, 0.024190437400949904, -0.12937285522162273, -0.05036214510444903, -0.06509717853402401, 0.046306732959080346, 0.0033436417410844634, -0.0006528495744590249, -0.00030757357216190716, 0.0004463452960606789, 0.020559424852589242, 0.0008493585666885314, -0.0015236614820124733, -0.0002279277446836535, 0.3
80, 2, 1, 0.015550911007620906, 0.028754397845299682, 0.9547734840238076, 0.0009212071232718744, -0.08785056422594528, -0.1265476688218587, 0.16077022726343168, 0.38658074746665305, -0.024260003976440302, 0.06569793001954571, 0.016543062532145946, -0.22200499826004555, -0.16460669529555752, 0.00601884202653058, 0.07361866152993582, 0.0007207520496384705, 3.0767014208529066e-05, 0.001396179608684274, 0.021475678723328225, 0.0005973463661366717, 0.0001309383165175099, 0.0016431890718673562, 0.3
81, 2, 1, 0.015295120325972602, 0.02876416608994972, 0.9550176657256082, 0.0009230478584695474, 0.08446105647984854, -0.14523419195605733, 0.23205554415667978, 0.3111149689201669, 0.04760288791476423, 0.22292552619255784, -0.21542340496823695, -0.06926330651710362, 0.021376941859207955, 0.14488305662830098, 0.14951347267070142, -7.766191853923159e-05, 0.0029498309592752197, 0.001287173584426149, 0.019840298014603026, -0.0029238746580081292, -8.865717839090985e-05, -0.002775332994859704, 0.3
82, 2, 1, 0.029730746850506858, 0.00646569519159094, 0.9628410664041922, 0.0009624915537100435, -0.19616969006805335, 0.0023561804375300975, 0.3255130570325041, 0.19486093710015107, -0.027769624073393805, 0.1299310038994948, -0.00025613372952282276, -0.09727745548521505, 0.0964881896820518, 0.3017436628110448, -0.01647014012571661, -0.0002463717493887983, 0.00037407187925533533, -0.0007940998049351281, 0.01879392665167829, 0.0020599673048632165, -0.00046895143642187173, -0.00034683034081748286, 0.3
83, 2, 1, 0.04028553345916276, 0.01305229302428255, 0.9417776188410213, 0.0048845546755333855, 0.04283760700793009, -0.03849815215846838, 0.11702113951356286, 0.4241023051709149, 0.06831079387596065, 0.027745045755344123, -0.05170319190939825, 0.06706814291897693, -0.0669694653764359, -0.26402407717980003, -0.07692347689093092, 0.0008336781980116283, 0.0001011837743961113, -0.00045692146339031055, 0.01877236589947511, 0.0006015488329692278, -0.0014433198922104164, 0.00043892335386545086, 0.3
84, 2, 1, 0.04106266378688466, 0.013173696374748429, 0.9408737874444183, 0.004889852393948522, -0.05414030698687926, -0.06907082139945787, 0.04948109514556485, 0.2812087849576335, 0.08632075676514242, 8.264028673030666e-05, -0.15349116956122044, -0.14114253600423343, -0.2056024676712302, -0.012421427864565382, -0.12459896269470108, -0.0010394924218280063, 0.0016356997893724767, -0.000275225653290345, 0.020264676245612238, 0.0005778924002708767, -0.001606344716353585, -0.0002486402588854099, 0.3
85, 2, 1, 0.002938037045961703, 0.015502200893180334, 0.9764997506042582, 0.00506001145659976, -0.09708758817320497, -0.15134127019105525, 0.1661264655826079, 0.4909801799291177, 0.06751734755107504, 0.15117508107780697, -0.12248867620376432, 0.009974548554872675, -0.1605225022549391, -0.1273116517729013, -0.10838917215311754, 0.0009365421771844859, -0.0002505211294926667, -6.36721656440052e-05, 0.018537507653094247, 0.0017707494807621877, -6.903964371583393e-05, 0.00208875295519458, 0.3
86, 2, 1, 0.003000522843935192, 0.01550761957699043, 0.9764181693555364, 0.005073688223537994, 0.009774617312321831, -0.11573145575333066, -0.0012488982422982574, 0.2621292136716634, 0.22051542259420626, -0.028169083096936866, -0.2308207430477817, -0.06875037924858822, -0.005909387843854913, 0.08218325370557548, 0.06713679318193794, 0.0004834658852854789, 0.0010499447664449508, 0.0007207001403212793, 0.01977128084285438, -0.0004483831324783509, 0.0010077417299305226, 0.0009361016817842792, 0.3
87, 2, 1, 0.2661776389508748, 0.06731588448357996, 0.5919525108324922, 0.07455396573305295, 0.0025613523050263985, -0.10611066383185766, 0.0790699009897264, 0.4980296502391736, 0.04510397713893396, -0.07389528432583067, 0.018079852012756435, -0.09278761734311904, -0.014414422947824735, 0.09394037633765073, 0.03883043150570259, 0.0006623692539778909, -0.0008424488383104795, 0.0003012301655818226, 0.02019528037950105, 0.00042018846426616734, -0.0008136587244958665, 0.0007985106153652951, 0.3
88, 2, 1, 0.2556064582946597, 0.12236567596944652, 0.5154666003495877, 0.10656126538630621, 0.046265986690115356, -0.026146956912694898, 0.12155103788631663, 0.3587808611065169, 0.23822508407572948, 0.12154055496707332, -0.03512286011927718, -0.012777028722308448, -0.037224764406314774, 0.040086864542750386, -0.06624720147911756, -0.0005303650369088273, 0.0010222424917283317, 0.00024304144568352564, 0.020528011716284576, -0.002023023790799551, 9.116328467680052e-05, 0.00040753586437884925, 0.3
89, 2, 1, 0.21983919487331607, 0.12444565731116251, 0.5488370142950474, 0.10687813352047414, 0.1438679098557472, -0.046980004589489956, 0.09133033240864777, 0.33039305900164334, 0.0649567323037962, 0.2296404329555334, -0.19247191408992684, 0.12782000254204456, -0.12221450313169954, -0.19323458881377595, 0.05252954141681358, -0.0007042647751201305, 0.000477838136961391, 4.09682376555575e-05, 0.019522571887052073, 0.0009216467354100034, 0.0007910523963741906, -0.0008691972853721733, 0.3
90, 2, 1, 0.20351255843719449, 0.12791516287964347, 0.5595195258723947, 0.10905275281076741, -0.09247664049852157, -0.1319032475400031, 0.0635696522343461, 0.34124026008745323, 0.22009739418916913, 0.10118246435525033, -0.05209857794313829, 0.1375526448128451, -0.10256705404705949, 0.04021734934925518, 0.03807280206708548, -0.0016059337380125546, -0.00018741953728880647, 0.0002525484593090978, 0.01940961916900561, 0.0007151992602680943, 0.00046972154829245895, 0.0007527617512032022, 0.3
91, 2, 1, 0.0028664214071554084, 0.1438242862534564, 0.7438517105650029, 0.10945758177438535, -0.08811619333106593, 0.0025949271646699803, 0.14879211356950134, 0.31170893243638126, 0.025202007617362233, 0.12028110956408003, -0.16813351644173813, 0.1437358115598522, -0.06997861843222318, 0.09352332972842317, -0.19419956632120877, 9.226841915191976e-05, 0.000197380777347659, -0.0001844175518772697, 0.01992334470432984, 0.0011298361032860377, -0.0001411795766680626, 0.0005524234826777446, 0.3
92, 2, 1, 0.02816328335407143, 0.1345694180722187, 0.7235473429643418, 0.11371995560936808, -0.03879814259648251, -0.037985570340536144, 0.06024856217409447, 0.3363716723402138, 0.1012986187101643, 0.024070119088909235, -0.118247292768659, 0.022094267673415702, -0.04141496634497061, 0.01971191647618176, 0.12162089907295408, 0.0003786123991489147, 0.0015773912591462978, 0.0009024557795955691, 0.021831995604497282, -0.0009143089156079438, -0.001055212908019231, -0.0014927505855939587, 0.3
93, 2, 1, 0.039170123483228896, 0.137404338630503, 0.7090905262544086, 0.11433501163185951, -0.0730450808485374, -0.012905440032279331, -0.1357559619259502, 0.32555023421630624, 0.07732104991461924, 0.05172038776221506, -0.16547776878584336, -0.06345443515989405, -0.10458105515681218, -0.013227136267439599, -0.058258328205915325, 0.0010483658701606635, 0.00038288482320544023, -0.0007981291263721718, 0.021273349052792094, -0.0007920940366851436, 0.00011139519004355991, 0.00039349533204879113, 0.3
94, 2, 1, 0.03522412038025511, 0.13775126733871587, 0.7126604431424746, 0.11436416913855446, 0.015839909455399016, -0.14037697936107385, 0.05824596265437212, 0.28462296413470667, 0.10036618659258971, 0.16337343842104196, -0.12265490215161168, 0.11229868491924677, -0.2124142732589327, -0.0020181329387458256, 0.010238070194044074, -0.00010493473275649835, -0.0009045801418051524, -0.0002601644568451003, 0.02012280713780972, 0.0004668468332532, 0.0004395156902313311, 0.00023566740836051273, 0.3
95, 2, 1, 0.03521224109041907, 0.13777970052545105, 0.7126510634915739, 0.11435699489255607, -0.11414558559480277, -0.12066041603533462, 0.1468140362080553, 0.20384475864019086, 0.3005050096219649, 0.29118801498677, -0.1244747132798947, 0.006150492995693954, -0.01848713526047548, 0.05675267846808354, 0.09341776493620171, -0.00026289782517131724, -0.00023291756579666773, 0.0002616441697036455, 0.020475127102678164, -0.0013920073577365522, -0.001135470390604782, -0.0013231917040388275, 0.3
96, 2, 1, 0.03545534524352564, 0.137876279498714, 0.7122447179577897, 0.1144236572999707, 0.08788661861183766, -0.07319557717719254, 0.06900165883672388, 0.4075355934550447, 0.2483477912383802, 0.1200751796474346, -0.0885942629944473, -0.0485444003597197, -0.13452112025253038, -0.010217735288217265, 0.14198180588200598, -0.00010712857867992227, -0.0002604152175711207, 0.0009410314091663402, 0.022282013915820457, -0.0011705225788626295, -0.00039717764079411365, 0.0003520791205478957, 0.3
97, 2, 1, 0.031790059404871715, 0.13842261958222823, 0.715353488725169, 0.11443383228773098, -0.06122134963475858, 0.1250962042642245, 0.11944933007820743, 0.20645905888658672, 0.21342934712024092, 0.0853896038539661, -0.14225259478972424, 0.21047939272637733, -0.22689767591489357, 0.07019147035909885, 0.002420195300292551, 0.0005581396561232497, -0.0006005063953129967, 0.00023520351974053006, 0.019829777622542524, -0.0026636615598750854, -0.00016267281880788146, 0.0008026582835181969, 0.3
98, 2, 1, 0.03179908101432866, 0.1384253932740576, 0.7153431609264975, 0.11443236478511627, 0.06644133225952283, -0.07692273457835655, -0.01987959587462141, 0.31704816982396844, 0.2637089973016423, 0.11597008179624071, -0.17971025047131078, -0.05050083875160651, -0.1813451093961384, -0.03257631976941781, 0.11185190879011675, 0.0005420093922270045, 0.0009563006304882845, -0.0012444722919795963, 0.020812133112029733, 0.0005918855350842277, 0.00017941640885742806, 0.00010791423385831036, 0.3
99, 2, 1, 0.02746095327477276, 0.1215110103905751, 0.7325499206577307, 0.11847811567692144, 0.003862229985416432, -0.16599444597196147, 0.08931240907424812, 0.211395237408406, 0.0741582346986471, 0.031865157073875716, -0.018918202792901285, 0.02011185079211734, -0.009287847648029385, 0.10208765197701355, -0.022763547232230664, 0.00018067215854517717, 0.0013743288460307626, -7.299911792566783e-05, 0.020823230575122934, 0.00023631208264056355, -0.0016066537705136563, -1.9568609538995608e-05, 0.3
