t, Event, Policy, P(still), P(random), P(reach), P(transport), o(t), s_a 
0, 2, 1, 0.07758542895317078, 0.14627864956855774, 0.7761358022689819, 7.19996720022209e-08, -0.4858762806449164, 0.6809195322868637, 0.41485967668852924, 0.5483323042243059, 0.1950973418795386, -0.24665570233204348, -0.2703455986959299, -0.27753075739674216, 0.4158729671042076, 0.5420936865466182, 0.024800540872706688, -0.0908563890460917, 0.178196591463196, 0.03870795140837156, 0.1136650865169381, 0.13602093358920925, -0.052640695321619226, 0.09515348918564051, 0.5729032869319384
1, 2, 1, 0.07758543423104756, 0.14627865660769387, 0.7761358389580261, 7.020323245612502e-08, -0.4969253230193855, 0.5683868585405055, 0.6671333121916299, 0.5732060089694315, 0.2937626872268607, -0.11612104060263544, -0.14077335581239941, -0.1656190334137601, 0.49362469875948, 0.3579150484328589, 0.019946212126330663, 0.00024756377654561586, 0.001275644994246252, 0.001189348650820224, 0.04960715261103722, -0.0010608650207444162, -0.0015203055062622045, 0.0014388879105922386, 0.5729032869319384
2, 2, 1, 0.07758543423301072, 0.1462786566051238, 0.7761358389586346, 7.020323092958406e-08, -0.5037117196899836, 0.5533706065660774, 0.7862929755112182, 0.48560495187940367, 0.2257525900716118, -0.18166518669272272, -0.052055347790745866, -0.3902356126577985, 0.43572841967243836, 0.31854318947068744, 0.027559758656655803, 0.0010457831715065312, 0.00030509072140450666, -0.0017059429247694609, 0.04912370582410789, 0.0005008576963219697, -0.0010630896723942689, -0.0011955577563440684, 0.5729032869319384
3, 2, 1, 0.07758543869116985, 0.14627865211811023, 0.7761358389880768, 7.02026432316904e-08, -0.5183848867689089, 0.7376847602217863, 0.6575202474928588, 0.642225412100444, 0.16774536119981737, -0.2683341618205384, -0.09666679099274111, -0.18329818482576835, 0.31981096387671676, 0.049903617322247615, 0.11898033063963145, -0.0004158678501054008, -0.001202896316204205, 4.6402028668441956e-05, 0.050459435756508, 0.00035322443756719555, 0.0006524593463355622, 0.0009016144283368136, 0.5729032869319384
4, 2, 1, 0.07758543869193352, 0.1462786521173266, 0.7761358389880967, 7.020264307038085e-08, -0.5756175094147077, 0.6113440417757345, 0.6104908407777506, 0.5684904444624148, 0.3241176867210668, -0.05698148256587606, -0.154370214669092, -0.3217648658351363, 0.27373719850138206, 0.37499662667548056, 0.11935100015226799, -0.0009198127260776458, -0.00023905623001253224, 7.869941799223586e-07, 0.048153797116602656, -0.001029989075436969, -0.0003632359460688699, -0.0001733148333180246, 0.5729032869319384
5, 2, 1, 0.07871189084686459, 0.1451492928215693, 0.77613874612791, 7.020365615704566e-08, -0.4068787288922476, 0.5297828917145988, 0.6308196400392123, 0.560500502055411, 0.07482715442002937, 0.0006865900552535997, -0.034507874837637856, -0.28493025999203886, 0.44349207032554305, 0.09250820027336877, -0.15698197834202274, -0.00030697435296727905, 0.00014223435697565876, -6.908008720061443e-05, 0.050048193298798324, -0.0006696059088223818, -0.0010789126140458175, 0.000769465767917164, 0.5729032869319384
6, 2, 1, 0.07871189089607539, 0.14514929277028965, 0.7761387461300412, 7.020359381479214e-08, -0.5422440347270288, 0.5635301354057052, 0.3385838929877664, 0.6385623636719705, 0.35629940741756505, -0.019021288114889835, -0.14770794651177974, -0.27566311298293655, 0.12381958696197096, 0.37771429217924046, 0.13789618021892977, 0.0007635246441420951, 0.0004030694607487461, 0.0018890571318174298, 0.050602294248223254, -0.0010755087956527492, -0.0002548817223739072, 1.9841779472436614e-05, 0.5729032869319384
7, 2, 1, 0.07871623062561707, 0.1451448711220192, 0.7761388280514097, 7.020095415180207e-08, -0.2636669222242972, 0.5206793608557794, 0.6001628271057012, 0.6106577291502163, -0.048712315797833215, -0.12721840974885656, -0.1860612148724349, -0.27261769528178637, 0.3639395336795828, 0.17730722699809773, 0.0086633530133465, -0.0009415979029049895, 0.0005815336148233942, 0.0007631789998846883, 0.05077454813752019, -0.002101100829227034, -0.00016929302912427392, 0.0018331286529839734, 0.5729032869319384
8, 2, 1, 0.07871658697918461, 0.14514451362257066, 0.7761388291976422, 7.020060238487058e-08, -0.6837119144388945, 0.5081046141494903, 0.5719122961523609, 0.5518176723340397, 0.10482979572872568, -0.14983176981835064, -0.2021752825202236, -0.400354751859018, 0.360640525342759, 0.151282527424274, 0.1521352545688801, -0.0011596542976656053, -0.00039386357248179715, -0.0007298297238206082, 0.0489381334898821, -0.0010401395122220792, -0.0008958780739018448, -0.00012712549917478293, 0.5729032869319384
9, 2, 1, 0.07916134206908185, 0.14469847873863712, 0.7761401089915355, 7.02007455020561e-08, -0.4598148952862215, 0.3352015278158068, 0.7444157195768077, 0.6642399096701117, 0.10936823856948671, 0.003924881780075662, -0.13176502384265054, -0.32760714470808866, 0.19516283483828287, 0.21518571440370532, 0.024387103718941316, -0.000546844540936157, -0.0009414490767423987, 0.00025431834189487863, 0.047724581089159786, 0.0006914448945005024, 0.0009777524937733524, -0.0007517920006696891, 0.5729032869319384
10, 2, 1, 0.07916419588389176, 0.1446956071056614, 0.7761401268081276, 7.020231933677977e-08, -0.43055721669121017, 0.5579161178500651, 0.525684024415991, 0.5684842091575242, 0.17278035274599757, -0.07799052204067512, -0.22776029335596376, -0.2932434002556731, 0.171615303137073, 0.20419730008866593, 0.1489342454022503, 0.0005404367369742266, -0.0009832319380803942, 0.0006137052501165316, 0.05136838469519123, 0.0005599732472670547, 0.00042829925764599887, -0.0001523684929751139, 0.5729032869319384
11, 2, 1, 0.07930701782688496, 0.14455187714587384, 0.7761410347586589, 7.02685823556178e-08, -0.33925330812143506, 0.4612211659068163, 0.5061989088465321, 0.4579470645914367, 0.12548596678502247, -0.17176869110381418, -0.15423787604035155, -0.32180134452781534, 0.1669909845955296, 0.27672844934254237, -0.08203742589296392, -0.0012077843364469655, -0.0010269574656401818, 0.002076831969147926, 0.04981347270448819, -0.0002903332660284416, -0.00025594578344744417, -0.0010133946461865439, 0.5729032869319384
12, 2, 1, 0.07930924973115244, 0.14454963440018512, 0.7761410456016583, 7.026700415481555e-08, -0.5841574708732502, 0.5661438573811421, 0.6102070859283611, 0.6848517671626955, 0.16425409708804642, -0.0846792711414595, -0.12168683693097682, -0.32993060951203645, 0.165376362116011, 0.31587348837005663, -0.08243963781516946, -0.00046133416928057847, -0.0003246427056095711, -7.581960554948634e-05, 0.04841523181609178, -0.0011021713538467044, 0.0006675389030463386, -0.0002953928883620822, 0.5729032869319384
13, 2, 1, 0.07944844791587048, 0.14440990777389426, 0.7761415740341697, 7.027606555364989e-08, -0.604473157417924, 0.6001625721469251, 0.5688449069312913, 0.669720392645657, 0.16671374659316188, -0.033591764135721236, -0.07571025666923886, -0.26266676720854654, 0.23818961971994085, 0.3210384230384136, -0.06575069470816401, 0.0010399922550776504, 0.0010832080271577546, 0.00023067517381245248, 0.05085871874874692, 0.00029419807808633397, -0.0008449206634401577, -0.00039194462740668284, 0.5729032869319384
14, 2, 1, 0.08145939620356826, 0.1423023001443907, 0.7762376860891043, 6.175629368289889e-07, -0.6606769479618533, 0.38045220628980597, 0.41989634197371933, 0.6024137825128492, 0.02821549653045393, -0.28805576159148616, 0.0807943053075261, -0.15941403479598265, 0.28382962920687715, 0.29016206927926713, -0.05212818640722787, -0.00015750052084109056, -0.0001908903896360165, 0.00062518556118932, 0.04950442674660563, -0.0004470117589565108, 0.00010518332201779471, -0.0006800909724971466, 0.5729032869319384
15, 2, 1, 0.08149091200874554, 0.14227073177204827, 0.7762378138495286, 5.423696775766599e-07, -0.1899483555260763, 0.46403412960484314, 0.5052132336048951, 0.5715715622150955, 0.2527251849116438, -0.06076496583821234, 0.13974783913719563, -0.2449120842644837, 0.20077164716866847, 0.35842233626057485, 0.06268694354247355, -0.0014470586409649322, -0.0004088182993237241, -0.0005779859030602974, 0.05081147684900565, 0.0006608729332588316, 0.0001446263722884551, 0.0012838882455385643, 0.5729032869319384
16, 2, 1, 0.08149086206232604, 0.14227082020681023, 0.7762378206454206, 4.970854431929158e-07, -0.7394728745584743, 0.4502948220106321, 0.442399063710566, 0.6716746303063006, 0.15793069862507939, -0.19487881852221395, 0.0029021384179792387, -0.1296723612074963, 0.22696849904527633, 0.2904492957469615, 0.12531142797476727, 0.0011388683003124003, -0.0015375121340360114, -0.0009707236580599014, 0.05152970668374106, 0.000570189558580028, 0.00035873288042806976, 0.000284192846299067, 0.5729032869319384
17, 2, 1, 0.08149193669637753, 0.14226971143334044, 0.7762378547848391, 4.970854429924204e-07, -0.33941584696184174, 0.3604530186591751, 0.7408373324928326, 0.5612280795879876, 0.12529702657376873, -0.17502925347217624, -0.29430170011334206, -0.22659347615934422, 0.4507344475317046, 0.20155415772650215, -0.09036987082433287, -0.00041283706707088486, 0.0008197212290149412, 5.0521989139628663e-05, 0.04977298434881243, 0.0005070766352006502, -0.00030914158486647976, 0.00010475122822399451, 0.5729032869319384
18, 2, 1, 0.08180353917630089, 0.14195679461574628, 0.776239166731843, 4.994761098836446e-07, -0.4771187664040066, 0.44611241692878184, 0.510548097912517, 0.6079565013239965, 0.026421972246568004, -0.12012622566437207, -0.17904928246582555, 0.027546717623544704, 0.18327809724869776, 0.11430271665130709, 0.12712657313237868, 0.001887352378292319, -0.0007621176989889006, -0.0008842890764361822, 0.049767555716436304, 0.0008836234236903058, 0.00010958460043051679, 0.0008491280987825162, 0.5729032869319384
19, 2, 1, 0.0820945621259507, 0.1416648019826578, 0.7762401353433466, 5.005480449362957e-07, -0.46380421866351523, 0.6695897546366791, 0.4993353844228629, 0.43668888212215035, 0.22724537561104713, -0.06940916021658503, 0.1222718093431669, -0.2880977979656417, 0.2973594525986686, 0.1492979266698985, -0.11995885659126901, -0.000428165304536955, 0.00029012444483793884, -0.0007278625105282689, 0.05031495978863265, 0.0004091604123119009, -0.0005614696109942378, 0.0003741660515157401, 0.5729032869319384
20, 2, 1, 0.08217144987594083, 0.14158780977227195, 0.7762402397921359, 5.005596513822078e-07, -0.3370757708856969, 0.5001232687517068, 0.4847647760892674, 0.6845480538392337, 0.0036441578260176357, -0.16527644435012506, -0.09042572249336936, -0.38150848430025797, 0.2258770751162113, 0.3179717294938846, 0.11478845850784973, -0.0012021015325751315, 0.0009093685053955614, 0.00016204623935403936, 0.05011048776439346, -0.0002418865353195949, 0.0016795424368299347, -0.0008479155440723737, 0.5729032869319384
21, 2, 1, 0.08217163656752344, 0.14158761878063023, 0.7762402440922193, 5.005596270492013e-07, -0.4612733564805862, 0.42594888185523183, 0.43127956044400023, 0.4357398083229825, 0.3144213561630208, -0.10771386782043572, -0.16197389010554109, -0.39993285761471375, 0.07859934163713674, 0.2529113459048917, 0.05136036736476159, -0.001652552167272074, 8.50336433606772e-05, -0.0008472736380048943, 0.048982105613280716, -9.499881635534712e-05, 0.0015719171016806085, -0.001332387362252285, 0.5729032869319384
22, 2, 1, 0.08217161491123524, 0.141587638188555, 0.7762402463409661, 5.005592436768812e-07, -0.5130940609419663, 0.44319266925333095, 0.5662657122101211, 0.5947645277093491, 0.07861873853139759, -0.05034616028679314, -0.1609816260619256, -0.31968639309042557, 0.3267513652914539, 0.22830283837663173, 0.10248213568408951, 7.825254698135087e-05, -0.001580838727831172, 0.002855369905808533, 0.05095413955639362, 0.0010135644095772688, 0.0005664474109505164, 0.0009537899666418938, 0.5729032869319384
23, 2, 1, 0.08220641079483293, 0.14155267605800825, 0.7762404125882819, 5.005588769462394e-07, -0.37786616718286214, 0.45665442597818373, 0.8201235678971223, 0.6724863356586976, 0.017443798535721877, -0.1674638103739577, -0.16872505836905236, -0.22312293258347166, 0.23642216587289555, 0.1874205517191912, 0.04300252242940492, 0.0008938832081681385, -0.0007394527906562596, -0.0008692834575378362, 0.05142136276668254, 0.0013446201736596617, 0.001640932362242301, -0.0006929752369390735, 0.5729032869319384
24, 2, 1, 0.21009474219041885, 0.013358242933878262, 0.7765292801205088, 1.7734755193921964e-05, -0.24774058038676533, 0.36056284569138775, 0.3788758873925069, 0.5814245248827519, 0.018776048821896218, -0.19416384625961217, -0.06360604536191664, -0.1482689578414642, 0.19518265732545254, 0.18676893378117826, 0.007577284587146136, -0.0006000920963554698, -0.0026659758943935142, 0.0015205611328510385, 0.04850861147458381, 0.0011694110794665065, 0.0009553358300888228, 0.00010300301522502132, 0.5729032869319384
25, 2, 1, 0.21214092267673465, 0.011289370465030759, 0.7765519686874368, 1.773817079789392e-05, -0.5375684529081126, 0.40004330257260723, 0.5120027187178939, 0.6301208737073258, -0.07380308558344387, -0.05397904482851283, -0.029298069250368885, -0.23467197938624085, 0.0259672211839177, 0.37551449926091346, -0.07467873079736764, -0.0005671196961152332, -0.0006183299517371206, 0.0005630073340718363, 0.05075794585661854, -0.00034016538353792377, -0.0008573175002762232, -0.00021980457831322127, 0.5729032869319384
26, 2, 1, 0.2121409231439868, 0.01128936978305812, 0.7765519689024598, 1.7738170495389466e-05, -0.3873627057278802, 0.226748189144031, 0.6013502682403328, 0.5350807821616993, 0.1342827798713588, -0.25648536281610357, -0.31064181080696535, -0.09971829455035826, 0.3872342155224664, 0.09683532085011462, 0.05932531216093075, -0.0007275920317781814, -0.00021234612015084373, 0.0016803760120193318, 0.05184996742479201, 0.0005229700467915538, 0.0007820875155222478, -0.0011490419765532787, 0.5729032869319384
27, 2, 1, 0.21214092374512017, 0.01128937052482472, 0.7765519689223085, 1.773680774648775e-05, -0.6137121298666042, 0.2986446613530188, 0.45883615155347657, 0.5892333438720065, 0.3211394158336202, 0.03983751118955379, -0.02615360395300942, -0.26062799840275386, 0.2722214103746604, 0.2497708138851488, 0.1499713617726166, 0.0004008290753483684, 0.0004815195323261, -9.641124971815326e-05, 0.05043341210711413, -0.00016747818085330633, 0.000376569539164, -0.001416184806635769, 0.5729032869319384
28, 2, 1, 0.21345231674129414, 0.009840098187064689, 0.7766912026576175, 1.6382414023646875e-05, -0.44459456391552205, 0.3088912436147912, 0.5888768591636836, 0.5832414421045737, 0.00020883484681921693, -0.23038219201543103, 0.10462830416783579, -0.24972784036387258, 0.17966482134493048, 0.37992314418853335, -0.1633578456283103, -0.0005923827620076396, 0.0005702314218422941, 0.0008402007263092922, 0.049980936856972455, -0.0015317763950391955, -0.0009342919060317154, -0.0003526834933776462, 0.5729032869319384
29, 2, 1, 0.2134523169257296, 0.00984009800175549, 0.7766912026630907, 1.638240942423731e-05, -0.35910230548638256, 0.612790946339814, 0.4313548304663263, 0.5299904833413264, 0.16362749560714834, 0.005440888396860366, -0.30070326498030453, -0.25467368703246257, 0.3985711599181616, 0.043985430849755855, -0.022207285037829448, 0.0011065354460903722, -0.00021010293076473258, -0.0017328061872566966, 0.050411183797007084, -2.187552379068387e-05, -0.00010262560238588115, -0.0008249126759971659, 0.5729032869319384
30, 2, 1, 0.22262275003238163, 0.0005981595805657266, 0.7767156387615713, 6.34516254812846e-05, -0.49136026109403524, 0.30933365946014274, 0.279636896504443, 0.6601572392264077, 0.12297357198934225, -0.11680913776197074, -0.05826435968363053, -0.09460377427181883, 0.0581019754551048, 0.14281593782968705, -0.06658749252564086, 0.0014571108381415915, -0.0023635033256038424, -9.587826221037736e-05, 0.05039658142003559, 0.0010946863063918775, 0.0018264890385514064, 0.0012829350604184947, 0.5729032869319384
31, 2, 1, 0.2226225459793983, 0.0005983539421103237, 0.7767156478441618, 6.345223432959363e-05, -0.43578186110478495, 0.26837730813149446, 0.40098074131498684, 0.4267367184954921, 0.16569870442317777, -0.2054796045304083, -0.059762673625282835, -0.2207180446477303, 0.07540104816315703, 0.27575757131668144, 0.1701544998611023, -0.0005369263090698451, 0.0011987534943840791, 0.000843451645736941, 0.04907840975575972, 0.00020609818652497737, -0.0005173055905986631, 0.0007851137968151966, 0.5729032869319384
32, 2, 1, 0.22262251379440626, 0.000598383563004295, 0.7767156539475873, 6.344869500209395e-05, -0.5067393130765924, 0.50218915009061, 0.431904364981152, 0.6183658186876116, 0.005274177774664146, -0.3397706333399457, -0.17588698993043567, -0.35049435068251167, 0.0638976523497055, 0.29029784225282923, -0.0011411777713260462, 0.00125495383195893, 0.0004120012245617297, 0.000914574989497487, 0.04999953969684929, 0.00047608504535139186, -0.0007602274554937087, -0.0009748467224748326, 0.5729032869319384
33, 2, 1, 0.22262251357050597, 0.0005983837775044075, 0.7767156539571093, 6.34486948804068e-05, -0.29169331114238306, 0.24930231547126117, 0.37164376407755373, 0.5105147194625556, 0.17391280630211592, -0.2664325690506352, -0.16199002658164588, -0.3538782860537403, 0.31367425650084313, 0.22724327203403175, 0.24713297764353928, -0.0015281544372907298, -0.0006608526846086065, -9.87486917023448e-05, 0.0493263467022099, -0.0007032036214282049, -0.0016045133763469156, 0.0005838937448509647, 0.5729032869319384
34, 2, 1, 0.22203366224701568, 0.0011771967378319229, 0.7767262291023526, 6.291191279991331e-05, -0.35949808113023596, 0.4181522762133822, 0.47472472169346486, 0.46310340353980006, 0.09006306495533714, -0.016858639500920435, 0.08231388258314434, -0.26737430678659446, 0.26924905173793234, 0.15354727822430805, 0.05610457775204797, -0.0009581172558003941, 0.001055506218183164, -0.00133482625880654, 0.04965443029460399, 0.0025553308716113653, -0.00043319576844734876, 0.0007677327280565295, 0.5729032869319384
35, 2, 1, 0.2221268371029702, 0.0010828633940260174, 0.7767270888728177, 6.321063018592537e-05, -0.4174250821528916, 0.3321508985906753, 0.3191026707008075, 0.5049574132595109, 0.1791467746680132, -0.1452567453978011, 0.00609883066731014, -0.19979980547206483, 0.12232809628073134, 0.11437997724368247, -0.25836056247768885, -0.00018648255310285168, 0.0007228667754612123, 0.00026728210542970065, 0.049269928351538476, -0.0007826463223814002, 0.0010486334238437836, 0.0019595702099583917, 0.5729032869319384
36, 2, 1, 0.22212683745751274, 0.0010828628980933048, 0.7767270890142413, 6.3210630152647e-05, -0.3584383917160273, 0.22451012044573454, 0.5508691997718149, 0.42445748523282756, 0.0460141546809917, -0.009576514069581954, -0.297224036289422, -0.3624447367986641, 0.31446637723445914, 0.3016497317257702, 0.058603445291077715, 0.001050793105334234, -0.0014976579794638912, -0.0003415745814012314, 0.049804147547651924, 5.507054871681101e-05, 0.00037136467232135284, -0.0006845381104083206, 0.5729032869319384
37, 2, 1, 0.2221094326239031, 0.001097102960087167, 0.7767302568113365, 6.320760467331858e-05, -0.382753366474532, 0.17524669030166806, 0.3892245831695788, 0.4691769312457749, 0.0517672733643532, -0.07577383084195503, -0.16156900687703496, -0.24358734875227755, 0.31026366597013116, 0.30640276146365275, 0.035175175240542256, 0.00021977748876649025, -0.0005961066089927465, -0.000905665435024327, 0.049976123312174964, 0.00030589463164424946, 0.0012804559136342657, -0.0013078525269773183, 0.5729032869319384
38, 2, 1, 0.222151718020144, 0.001037112617180302, 0.7767479909500172, 6.317841265851308e-05, -0.23808726591213708, 0.32020665228003825, 0.5069134384578947, 0.5452560913000833, 0.011445136521901999, -0.24815709725431567, -0.06428834236926648, -0.2273966366690992, 0.2012207888432181, 0.16672395674351193, -0.1006600538948185, -0.001214558000279363, -0.0003973272699596858, 0.001019132525186516, 0.05115324938410783, -0.002161540000600989, 0.00017639634252421296, 0.0007478257754843659, 0.5729032869319384
39, 2, 1, 0.22213867133299234, 0.0010497511142061925, 0.7767482613837273, 6.331616907395848e-05, -0.34530186453053724, 0.5534197363172344, 0.36350128030308027, 0.4929559118848193, 0.15488581731631496, -0.023259181004427885, 0.03121454717237193, -0.1939389966666157, 0.17855020030788654, 0.08928905420649261, 0.09441260353059962, -8.920944907636735e-05, -0.00043354851535231786, 0.0012898505609381283, 0.05021494553591247, -0.0008052195120306103, 0.0008383430517641994, 0.00032439160607530837, 0.5729032869319384
40, 2, 1, 0.22243704034007064, 0.0007502165172488663, 0.7767494252846375, 6.331785804304631e-05, -0.2659824788246815, 0.5319937740272078, 0.553102072256517, 0.6394532486346887, 0.05069351314250241, 0.05718119562314827, -0.1490659452997533, -0.10419764873086032, -0.004313068414979404, 0.14923985851623095, 0.020848780319100674, 0.0004012856285340741, 7.902275168829745e-05, 0.00028913629656948095, 0.04951793840351675, 0.00032331943706268257, -0.0013863467537956354, -0.00039897031581678414, 0.5729032869319384
41, 2, 1, 0.22255436819862923, 0.0006320851797077707, 0.77675018470782, 6.336191384287353e-05, -0.06530020277321272, 0.3448619191497899, 0.2974588090033568, 0.5866614553804298, 0.20080311441192172, 0.005779724951803655, -0.11318830895934913, -0.2040053877443086, 0.24124845081420734, 0.20539841923754323, -0.01178626959319735, 0.0011707791194900232, 0.00225332847989838, -0.0006792675760709001, 0.05107796090755982, -6.687431223503852e-05, -0.00023967467045305432, -0.0005185467175639055, 0.5729032869319384
42, 2, 1, 0.22255438676626202, 0.0006320882382634332, 0.7767501853299376, 6.333966553707184e-05, -0.26429786032658387, 0.4254678676561343, 0.45656759762816473, 0.5429817221822879, 0.07933946962448903, -0.40638048156776474, -0.00722355318142367, -0.47055336391468777, 0.2173546005114627, 0.27477852323851754, -0.055084814009448334, -0.0022487115334221875, 0.0010695364594467045, 0.0003841278129680363, 0.04950978161021351, -0.000861555162972167, -6.5094901277198945e-06, -0.0011643895286997186, 0.5729032869319384
43, 2, 1, 0.222554383371516, 0.0006320914624790767, 0.7767501854795987, 6.333968640608027e-05, -0.25172758529502404, 0.4719199173802021, 0.23593503184146164, 0.4002090268125351, 0.18836936432547474, -0.042830143859481674, -0.1893413965624681, -0.2656114068210035, 0.1668824377610782, 0.2263863231155178, 0.19939039256735852, 0.00013447969075436103, -0.0013817354873543056, 0.0010479805618247788, 0.05027438441630473, 0.001202633814000472, 0.0010720351973574943, -0.0005203856421698435, 0.5729032869319384
44, 2, 1, 0.22254252400828808, 0.0006420120529064296, 0.7767515485125385, 6.391542626702993e-05, -0.35576373014614787, 0.2213710995946024, 0.2087889368070705, 0.632948968229719, 0.05598770816196079, -0.031555525302878126, -0.2506592040520319, 0.011374612466382805, 0.1447805613761446, 0.029660225537106122, 0.013146468381214766, -0.0001388738415525405, -0.0015564060822217886, -0.0009569836079625158, 0.05001707154015371, -0.00147159130018063, 0.0012703701821011088, -0.0023306169723133177, 0.5729032869319384
45, 2, 1, 0.2225110840671825, 0.0006664030017977279, 0.7767579030804959, 6.46098505239421e-05, -0.23662171636328405, 0.33882013830656343, 0.3495493867457912, 0.5087656294546629, 0.028258128181453557, 0.06489242913058953, -0.1345971065777644, -0.11910840544709522, 0.08222841934822703, 0.19886447492251963, 0.008079750625053981, 0.002010590205834918, 0.0010794082127599798, -0.0011919930509738217, 0.05028658458906536, -0.0006824292587864165, 0.0012481861608399346, -0.0005867763412466447, 0.5729032869319384
46, 2, 1, 0.22251108725517377, 0.0006663992557095673, 0.7767579037199742, 6.460976914254329e-05, -0.4141334789162527, 0.18870605741970253, 0.4794898633035037, 0.5448401336001264, 0.14776381546247047, -0.19527156551080857, -0.2423277704921806, -0.22425109610452748, 0.20716772882299797, 0.40702459962463344, 0.07607662343852419, -0.000496337169993231, 0.0006071232660063276, 0.0005693042281493471, 0.05222441997820859, -0.0007323654248578472, -0.00042610110588407106, -0.00016677876837164167, 0.5729032869319384
47, 2, 1, 0.22285571171731902, 0.0003068056346836256, 0.7767690222336878, 6.846041430950418e-05, -0.26803763017375537, 0.35636328290803443, 0.21276047839917908, 0.62125802862662, 0.046591121957868555, -0.0864930844421817, -0.14691312840963733, -0.06609817128147925, 0.09074404977870465, 0.2551116687947431, -0.07383058954894635, -0.0008028307874062814, -0.0005803399479639887, 0.0003756655929717125, 0.050827905180587815, -0.001987317742222469, 0.00044936204749245574, 0.0011291232253832716, 0.5729032869319384
48, 2, 1, 0.22285562933114256, 0.0003067699739781135, 0.7767691402612306, 6.846043364872475e-05, -0.2971287927374972, 0.15028009120161903, 0.31817525328600627, 0.5682146049560851, 0.12025832905366858, -0.12069495388622861, -0.04368713558962053, -0.28591367399126044, 0.2651982257820191, 0.4648178497731673, -0.02717388306490299, -0.00026796878034801607, -0.001217799933078164, -0.0002286596736109162, 0.048805273349259645, -9.258361854631611e-05, -0.0018739588486278106, -0.00012272746682901494, 0.5729032869319384
49, 2, 1, 0.2228557728629367, 0.0003066387199382895, 0.7767691479010683, 6.844051605671485e-05, -0.4225729595287858, 0.4666490890791849, 0.2270221640682813, 0.6084262317099628, 0.06563648442054149, -0.18358435851779012, -0.3016672478871211, -0.1041889698453593, 0.022710070024361918, 0.18498455968937016, -0.1485616391538518, 0.0011520884940287683, -0.0014877319883977304, -0.0009372401031018633, 0.049881984427494426, 0.001126881687109824, 0.0005978106864869833, 0.00027314952802668264, 0.5729032869319384
50, 2, 1, 0.22240585905021748, 0.0007318063923827767, 0.7767934136921187, 6.892086528097172e-05, -0.2524771686106926, 0.3791213216625199, 0.363014539518602, 0.4629971932639176, -0.05214257138291116, -0.005812575942048892, -0.10671174465091167, -0.10873886628406586, 0.32304123338830293, 0.11850230794705752, 0.11009034233701986, -0.0009652160507297653, 0.00013804015969578174, 0.0005028786570176511, 0.04856962608648123, -0.0008709194265650045, 0.0005577875783580523, -0.0011335785501888445, 0.5729032869319384
51, 2, 1, 0.22241588771471194, 0.0007214733424681962, 0.776793680391236, 6.895855158379097e-05, -0.3357705273547177, 0.19343642425333468, 0.2571602646585373, 0.5701814693276167, 0.18485384884023828, -0.3034768861227035, -0.15613448843394548, -0.34081586122461827, -0.030654911474411996, 0.19370392970043454, -0.043891974595737494, -0.002191226307036403, -0.00024447112488938763, 7.501988521094827e-05, 0.05014688191442436, 0.001947903476176183, -0.0001765355279838153, 0.0005689716158080749, 0.5729032869319384
52, 2, 1, 0.21749133971265056, 0.005312563723814914, 0.7770842542021169, 0.00011184236141772179, -0.17710255680736142, 0.2524247390876861, 0.4397981353525283, 0.465055725280357, 0.0009627466264473305, -0.1774682080677119, 0.043517078382775076, -0.11397900515107243, -0.14694166503323972, 0.11180499316325021, -0.0840559836345649, 0.00038978203653354884, 0.0010967028428482929, -2.966455260907999e-05, 0.05110585284176319, 9.943570717014297e-05, 0.0008438559311086619, -0.002245436634771038, 0.5729032869319384
53, 2, 1, 0.21749157619216752, 0.005312325569122323, 0.777084257482636, 0.000111840756074031, -0.31746753466820127, 0.32453562312406403, 0.4197886774320466, 0.6806385727011671, 0.2373699432645126, -0.16269532307512094, -0.0065866599790648465, -0.1654688679942759, 0.004644785153664377, 0.2884871599596451, 0.20215931877868462, 0.0008555168757266053, 0.0008805669150556306, 0.0009955087686551684, 0.05038099018558225, 0.0011546184779417416, -0.0005154755036094075, -0.002388369339180814, 0.5729032869319384
54, 2, 1, 0.21746529443172818, 0.005332113371237085, 0.7770844648225564, 0.00011812737447823773, -0.19541891562060956, 0.19196272382060522, 0.247225877596868, 0.5393750727007931, 0.13430528889915858, -0.26149160140838573, 0.02533156984605538, -0.2086784822280149, -0.018187544610145646, 0.12443225966263168, 0.18732605754004833, -0.0017892155608678518, 0.0009039669082505778, 0.0017625264901303343, 0.050540162498745635, 0.0019864721056378487, -0.00023983433929276594, 0.0009046647437074966, 0.5729032869319384
55, 2, 1, 0.2174652938096413, 0.005332113958677001, 0.7770844648452022, 0.0001181273864794632, -0.34361538564844424, 0.25817409142023934, 0.22439218902872313, 0.41983772311384604, 0.26190037598908594, -0.18772812496961053, -0.20767206645641095, -0.08144230239252183, 0.2231360869225064, 0.1289057552769744, 0.20668311151731394, 0.00018742283540791268, -0.0010259862217486932, 0.0005647163232971738, 0.04991635623934016, -0.0008419738319307245, -0.001756326630018935, -0.00117463329582656, 0.5729032869319384
56, 2, 1, 0.21746529983600613, 0.005332122271764029, 0.7770844502747466, 0.00011812761748336208, -0.2639772162077821, 0.18406413910285696, 0.07792963709743636, 0.6333308641845713, 0.15919151237646814, -0.15358614032317355, -0.32603322144115376, -0.11590144073604769, 0.2114973380129836, 0.10338766210386649, 0.058260387036882355, 0.0003656129886631139, 0.0010441619718723775, 0.0009475483912692661, 0.04761839040195982, 0.0006002798507244852, 0.00046213964711656983, -0.0002654376748752258, 0.5729032869319384
57, 2, 1, 0.2174652999719603, 0.0053321223813092185, 0.777084450040131, 0.0001181276065995284, -0.21457537386798275, 0.23043970731545077, 0.42889204526994823, 0.48240034562028467, 0.2508364355428232, -0.015551074691564104, -0.3497053116999881, -0.07706985087133267, 0.09233467466605025, 0.16267900343700611, 0.03997520492915809, 8.267665911488185e-05, 9.695945974597264e-06, -0.0009167855455343525, 0.049787713459056256, 0.000633254850930034, -0.0017577254071333911, 0.00016228852284968132, 0.5729032869319384
58, 2, 1, 0.21724171522560304, 0.005531077016286212, 0.7771090887132674, 0.00011811904484330142, -0.3300001007517658, 0.1971403997533358, 0.5882941720463108, 0.7398990157006783, 0.07494609523064959, -0.19833628015094867, -0.06826860878785375, -0.14724423063811115, 0.110375439835191, 0.23541020490296166, -0.02249423369826773, -9.974794933469676e-05, 0.0016425460228658313, 0.001205865638299788, 0.04862130074897422, -0.000502631617736747, 5.4612150668364576e-05, -0.0007885093333906575, 0.5729032869319384
59, 2, 1, 0.21724170441613883, 0.005531086375444926, 0.7771090901642487, 0.00011811904416757361, -0.21791286046418676, 0.06973704806056162, 0.4067560942388715, 0.5215687468308401, 0.15018504842006258, -0.13656726697806884, -0.3463847255719826, -0.0022276527234455835, 0.3306066537082639, 0.11032675379721675, 0.08360448045899475, -0.0008715480642516321, 0.00197956553818145, 0.00023652998811182795, 0.050955049201819445, -0.0004854748400008566, 0.0011965585810143995, 0.0004596300672841867, 0.5729032869319384
60, 2, 1, 0.21723747749102212, 0.0055345952774553024, 0.7771098122689777, 0.00011811496254492068, -0.12860409935501282, 0.2431345115363725, 0.2639178082716761, 0.5411800096810022, 0.02059816988256602, 0.05680336290847099, -0.17305399586287668, -0.26192770348950184, 0.22545622920983063, 0.3348354793622773, 0.015255486569502208, 0.0009722980084008135, -0.0006472531079775111, 0.00019670611164148726, 0.04991628745261819, -0.0008799844293843056, -0.00012259125429305403, -0.001412854057600961, 0.5729032869319384
61, 2, 1, 0.2172375794333921, 0.005534551387017533, 0.7771098148599408, 0.00011805431964960539, -0.39517112296752643, 0.2917481182187215, 0.3173072007114447, 0.38077052758371305, 0.23885657270198174, -0.26979636127480633, -0.16025886465175654, -0.21469441283514917, 0.2528333237203383, 0.10478995267678423, 0.11687101077911559, 0.00027181726164415723, -0.001673549047246145, -0.0011294985769598673, 0.04871449112610109, 3.4314853681166214e-05, 0.0016636666865304198, -0.0006580906884659585, 0.5729032869319384
62, 2, 1, 0.21723571054437266, 0.0055363302330095785, 0.7771098998536493, 0.00011805936896857661, -0.2736832421575254, 0.15022933454828102, 0.3219003754467936, 0.6073213858822266, 0.18932751965379999, -0.09062719672911697, -0.12446294773058195, -0.15680240833004055, 0.30791187760960154, 0.08114685224212181, 0.07735164994813791, 0.0001883029883322258, 0.0005333411496523794, -0.001747598591205392, 0.051524105216182926, -0.0006753273505281542, 0.0021422374836843746, -0.00027455444273616326, 0.5729032869319384
63, 2, 1, 0.2129592379655834, 0.007453289187043452, 0.7772817735743889, 0.0023056992729840976, -0.25426542787182616, 0.22957235566047865, 0.22075431308367696, 0.5155961318349945, 0.031602455187859146, -0.19027726378768875, 0.0036122957295975588, -0.16109891981555008, 0.06434664653011879, 0.12595416549248034, 0.0034095413843225494, 0.0007632427908017079, -0.0011913841824083657, 0.0008395858443885249, 0.05005541425482133, 0.001198211559330243, 0.00037029487364517976, -0.000211056173248431, 0.5729032869319384
64, 2, 1, 0.21461904992895475, 0.005770371452094642, 0.7772770930652864, 0.0023334855536642067, -0.11792949537454522, 0.2594074442218809, 0.2852057024633701, 0.446259582276517, 0.15141328605936005, -0.09987545557209321, -0.05691863963675257, 0.02964347351192411, 0.07495928851779017, 0.16388823218766305, 0.0177279183807079, 0.000793079992719075, 0.0006506850409061761, 0.0006219168673866108, 0.048771622973567366, -0.00046643625679849553, -0.0009741917807547963, 0.0009089770850519684, 0.5729032869319384
65, 2, 1, 0.22693695524122717, 0.007805762517971666, 0.7622225736565571, 0.003034708584244006, -0.0850348715577488, 0.004997383770137276, 0.16219081159790388, 0.39868149842541245, 0.21839757105623397, -0.04246112486038119, -0.1249011672291295, -0.05202464809761618, 0.16707386803566765, 0.04460674409148578, -0.010834863085133772, 0.00021848694726165136, 0.0009178777555051921, 0.0011748847308477057, 0.04839301729228179, 0.0012202830478445163, -0.001060940671479819, 7.227919889714836e-05, 0.5729032869319384
66, 2, 1, 0.22691646380634622, 0.007834685380606898, 0.7622229979452384, 0.0030258528678084855, -0.23097118990809423, 0.19276561437901182, 0.2149257238235176, 0.5232555269130296, 0.10325067571174165, -0.2623122239631742, 0.02837342252685269, -0.25976048472556357, 0.06036422408404184, 0.10574202240297778, 0.1267671512317186, -0.0009904836632000972, -0.0005930424464170884, -0.0007353820480069821, 0.049703479630158705, -0.00010882481898827641, 0.001038028354253402, -0.0003141759218736339, 0.5729032869319384
67, 2, 1, 0.2297556813516251, 0.008074711907707678, 0.759063212547482, 0.003106394193185084, -0.08412462646647756, 0.06487156704923988, 0.1689166720696676, 0.6919703718176259, 0.20146926587192687, -0.046420837217604205, -0.0392507917219405, -0.012664470308051257, 0.10045684134748414, 0.2518015118939626, 0.1391790192554077, -0.00038461009041273374, 0.0005096446267442014, -0.0023416147655987477, 0.04963453654919777, -0.0008550576254583407, -0.001607055669730506, -0.0003371509315507373, 0.5729032869319384
68, 2, 1, 0.22982286159718418, 0.008074070065179304, 0.7589965331138611, 0.003106535223775455, -0.11801833331785982, 0.10970514148278583, 0.22087920126600732, 0.5296226877908554, 0.18899733216948503, -0.13462541353450672, -0.13269182565235454, -0.025231450264274792, 0.26453926233030295, 0.19838383833901074, 0.06997504472929339, 0.0002925805282366088, -0.0011981540697516128, 0.0006273676079247387, 0.05085870092988685, 0.0007681296698466213, -0.0005760246136597565, 6.103550182160413e-05, 0.5729032869319384
69, 2, 1, 0.2298231364395026, 0.008074275630340981, 0.7589964950042771, 0.0031060929258793085, -0.04273609880269773, 0.1842663587736753, 0.21572675606580152, 0.5037750453405165, 0.16029513051942862, -0.38212554862595094, -0.04453903749908787, -0.29443776319859527, 0.07482706077302223, 0.18923759814258906, -0.02205528665506607, 0.0008184227338445989, 0.0002325578689831947, 0.00046848038385544137, 0.04871931945227777, -0.0006098391770772337, -0.0014146221747866146, -0.0011082894243913976, 0.5729032869319384
70, 2, 1, 0.22981130250696868, 0.008083112229591806, 0.7589975503594608, 0.0031080349039787313, -0.28239911266051676, 0.13619979805630308, 0.1825058466302057, 0.41211811001880533, 0.1578099567723361, -0.2109147887419535, -0.21018440117509535, 0.05075659262724811, 0.02165781092044783, 0.08733857616067287, 0.016222053746246665, 0.0009703065987489953, 0.001927369937831249, 0.0006684913537237734, 0.05006458310782783, -3.845493077386201e-05, 0.0002524545111232719, -0.00036672742091106275, 0.5729032869319384
71, 2, 1, 0.229872787561241, 0.008096788480179855, 0.758921645829714, 0.0031087781288651516, -0.00635814460302131, 0.21541695472221334, 0.2014534763590771, 0.7553910817765039, 0.02490602902934046, -0.15436761604858418, -0.2660239738326706, -0.15541421368873948, 0.10406590778289138, -0.015055639454051884, 0.08848697665518197, 0.0001690598735669647, 0.0007666694844535106, 0.0007696836548670778, 0.050135148802691244, 0.0005291801977528546, -0.0014426084689606205, -0.0021037160821831186, 0.5729032869319384
72, 2, 1, 0.22987278245883558, 0.00809679398505086, 0.7589216461288957, 0.0031087774272179174, -0.1832183848625263, 0.23532938239124332, 0.19689105896669634, 0.4675672227446633, 0.15162404991506417, -0.12239359377066952, -0.32873168468266056, -0.06477978038142752, 0.1421283691332042, 0.14867935093880108, 0.19103806778033727, 0.00041733478519024247, -0.0019986552474748264, -0.0020297845140487586, 0.04896993450947289, -0.0011375510317028627, -0.0012061678938354407, 0.00025710506351452826, 0.5729032869319384
73, 2, 1, 0.24741746074779605, 0.0029008298412296148, 0.7454185701223027, 0.004263139288671627, -0.0507951858104301, 0.21571467931324778, 0.051937946115356584, 0.4997261943172141, 0.08957695978640605, 0.062292013304995605, -0.13322327124545333, -0.0753449083415884, -0.03976726773323157, 0.18784133278981288, -0.0649869599742339, 0.0005806746701334834, -0.0008035479207138078, -0.00011468607778718483, 0.050681727491856565, -0.0007149013245958698, -0.0014919468301797627, -0.0005591228864324622, 0.5729032869319384
74, 2, 1, 0.24741372218656668, 0.0029043042711497592, 0.745418537876258, 0.004263435666025606, -0.11612249271099939, 0.13372817796868372, 0.2541248102372943, 0.5180123619732939, -0.02025221287544854, 0.03736513109741222, -0.09223269476311564, -0.0755152808481547, 0.16113326991275273, 0.10285463073764434, 0.2879237468034256, 0.0012091888239784605, 0.0017136009750678767, 0.0010369028561853376, 0.0509663901526079, 0.0008442013399990904, -0.0008167606694410576, -0.00072718750281149, 0.5729032869319384
75, 2, 1, 0.24741351146850935, 0.0029035891208847742, 0.7454173784302037, 0.00426552098040218, -0.14679782108378236, 0.1954539746173546, 0.16246920585346886, 0.6535949924759473, 0.2204493470913152, -0.0013781540072079989, -0.05796964890620006, -0.05133266566770663, 0.21999755207645838, 0.03589711918617382, 0.129384945062344, 0.0003989290533251105, -0.00018419561275986277, 0.0016842976368030501, 0.05117389828185086, 0.0009718873757559225, -0.00010473809827662578, 0.0009904183793651253, 0.5729032869319384
76, 2, 1, 0.24754899849506362, 0.002766291421975759, 0.7454191901501643, 0.004265519932796359, 0.013542261532040367, 0.4182112626350237, 0.29669435914163617, 0.6483243409336115, 0.14325202341809898, -0.14587445700837293, -0.1979546919972953, -0.034950830728661966, 0.3349564008137302, 0.09081872406191485, -0.11231667505177452, 4.627140466825212e-05, 0.0009555098696082183, -1.0779303832873557e-05, 0.04931394716234108, 0.0010565430554774207, -0.0017302574412912924, 0.00022528871223343258, 0.5729032869319384
77, 2, 1, 0.248067983817943, 0.0022245897367995328, 0.7454236673324794, 0.004283759112778056, -0.09627332054522345, 0.23887574295897007, 0.2757906440244442, 0.3179327645867182, 0.14717876850593054, 0.13311024472231775, -0.11073624975366485, 0.04268996910799307, 0.01662765509201054, 0.049091788736023885, -0.001223962248503907, -0.00022174787629873424, -0.0006256627094685429, 9.473284858272209e-05, 0.04879922640630918, 0.0005064175418121537, -0.001490650910548418, -0.0008796011960426267, 0.5729032869319384
78, 2, 1, 0.2481260625229297, 0.002166111362518146, 0.7454241036172128, 0.004283722497339405, -0.11964410387780747, 0.17617842065672878, 0.35309045325432287, 0.6645744853130493, 0.18437422709553036, -0.17411207894355463, -0.1332093114552531, -0.1761509482881085, 0.11044318255098298, 0.3443245687647588, -0.04245672072928166, -0.0009383664586581767, 4.850069527563855e-05, -0.0002739329138983902, 0.04968359200536786, -0.00045912312603842343, -0.003667147936169686, -0.0006436918991081667, 0.5729032869319384
79, 2, 1, 0.23636775662261783, 0.012982421097989355, 0.7456853302765163, 0.0049644920028765185, 0.03283867103414253, 0.20228835385626334, 0.36523895016332114, 0.6347975211178709, 0.11820200373655627, -0.24434588737961094, 0.10961219200885677, -0.03267613916995089, 0.008079741583223188, 0.10987691284400411, 0.0008370181170353694, 0.0026325615017841917, 0.002183683592751409, -0.00013720103948107194, 0.049674665180609257, -0.0007381482047911951, 0.0007318594333191782, -0.0017145753327849661, 0.5729032869319384
80, 2, 1, 0.23658269371499172, 0.012994985093782956, 0.7454572257252825, 0.00496509546594297, -0.028856398752000145, 0.11829789973477314, 0.2687561485573749, 0.7347133329649956, 0.08430301254016451, 0.0019573778202009564, -0.20960783903459332, -0.23092544934196693, 0.0341167816830442, 0.0928543012205429, 0.05829535710084094, -0.0006145958612706928, -0.000507176324521683, 0.001049390540432011, 0.05086461568250524, 0.00014958343131160843, 0.0003784425749110877, -0.0018283022849500113, 0.5729032869319384
81, 2, 1, 0.237205201351469, 0.012223443046364883, 0.7454853943305205, 0.005085961271645594, -0.15552736397740477, 0.025391408938040615, 0.20878068310106185, 0.5875813520903125, 0.102443484718628, 0.06368430292097575, 0.008842377184810579, -0.14694475753722744, 0.2587414401851631, -0.05099311161359269, -0.0762056550887091, 0.00018066141824976556, -0.0001491688838637046, -0.002088815860871903, 0.05014883782106707, -0.001588945408327138, -0.00038650371563848034, 4.325978417654718e-06, 0.5729032869319384
82, 2, 1, 0.25027650193293327, 0.0029966665284169975, 0.736695966757334, 0.01003086478131576, -0.01668477558566326, 0.12525460696587945, 0.028796119386357556, 0.45756832626872584, 0.11451295329856104, -0.11434196039636771, -0.058569858849962395, -0.1405659720729008, -0.015479536504731028, 0.06755932336435075, -0.03503284718384114, -0.00037805712813596424, 0.002783475878955212, -0.0009277201896430939, 0.05085179364653554, -0.00043630236880766937, 0.0006211433406765927, -0.00014773179689174908, 0.5729032869319384
83, 2, 1, 0.25029544170439294, 0.002973766398746426, 0.7366960269542787, 0.010034764942581946, -0.12344919351365927, 0.44137080442601473, 0.0697475726966458, 0.43192496990997614, 0.1683224265482169, 0.10596896128169524, -0.02448727483990053, -0.07732104044479486, 0.15019282792600247, 0.11368995331248655, 0.02988583442795103, -0.00010190134756062534, 0.0007868205141683489, -0.0011695461960069158, 0.049919165455100487, -0.0005214887392096879, -0.00018794636461390104, -0.0014525450408973575, 0.5729032869319384
84, 2, 1, 0.25046151884902956, 0.0030358582262690944, 0.7362938170554819, 0.010208805869219505, -0.15578212924878665, 0.013186192480517278, -0.0004840267982440194, 0.511883631277528, 0.21038065473989515, -0.07964017775985592, -0.14697835678894938, -0.040732981986799574, -0.13661058085348227, -0.12181069732664658, 0.04513518899283396, 0.002449992058002121, 2.3066361888593534e-05, -0.0007186015600612038, 0.050420571780471976, -0.00018766257523195585, 0.0009167722798293807, 0.0007605313701185502, 0.5729032869319384
85, 2, 1, 0.2745667714065813, 0.0051052565717869865, 0.7090097146617654, 0.011318257359866298, -0.06288739676792503, 0.1398584177944429, 0.15773403221549556, 0.3727457916355112, 0.0806499205174827, -0.16590441691504831, -0.14595206816153142, -0.08919128005696406, 0.11708768602876458, -0.034333234420281036, 0.0047364209711403355, -0.0009574277974262599, 0.0006313902262354433, 0.0007998486395757694, 0.04834570236486322, 0.0004035146503633724, 0.0009658822664505217, -0.0014488097593111935, 0.5729032869319384
86, 2, 1, 0.2721523497712353, 0.00594901214217927, 0.7089377105898189, 0.012960927496766587, -0.10010005134920856, 0.11448031253023257, 0.08162681514561745, 0.6949782950630367, 0.11868077284134082, -0.047233648859512235, -0.01910052573216501, -0.15201569414752505, 0.1515344547311273, 0.08133043083496266, 0.06018313877663234, -0.0014156080178354803, -3.678012620660802e-05, 0.0009456812346243336, 0.050566720870464744, 0.001551122191920024, 0.0017330273288621145, -1.4131873760587235e-05, 0.5729032869319384
87, 2, 1, 0.2717554168888492, 0.006037953582842894, 0.7089385150790778, 0.013268114449230192, -0.2690001399694969, 0.13467220453791912, 0.11400877391371325, 0.5699710492291356, 0.13184264143654367, 0.06862655246787078, -0.03362891105120959, -0.04848787086000768, -0.04549263048682643, -0.03173020340631429, 0.16386682763173102, 0.0017913149241644034, -0.0013115926224160082, -0.0002429687120340461, 0.04965983101867534, -0.00018414718438695548, -0.0004757975611977531, 0.00043006219992750857, 0.5729032869319384
88, 2, 1, 0.2752037899953617, 0.005667707296832637, 0.7058483576150401, 0.013280145092765568, -0.14178409228617944, 0.01783631334896375, 0.2388104744748921, 0.3940309763012991, 0.1250364425894045, -0.22379459343201105, -0.17498266328147283, -0.11069266628558357, 0.034537666479659244, 0.26687383282882643, 0.05517658143244193, 0.0018486186407640974, -0.0012854401922902585, -0.0009360932390767421, 0.04980036346959524, -0.0004272492616264614, 0.002264212474392713, 0.001146791252324613, 0.5729032869319384
89, 2, 1, 0.32058375956614954, 0.007436562627343995, 0.6584275509409437, 0.013552126865562637, 0.08667509043122991, 0.17178922137864505, 0.22002898310659944, 0.5234145062248837, -0.06922790733424009, -0.006094631302518194, -0.17111737046593994, 0.016003458161422117, 0.04359973638661692, 0.1128855867696132, 0.09496403534305056, -0.00016087495366093658, -0.0017375325331547326, -0.0011772686999127235, 0.052130032408953975, 0.00040577942999398453, 0.0011509776740305326, 0.00020596266736839808, 0.5729032869319384
90, 2, 1, 0.32091216251633237, 0.007040938731760127, 0.6584358266600879, 0.013611072091819582, -0.2362200448819594, 0.08218638212423218, 0.21527801431499477, 0.6377612877527895, 0.23374085207256007, -0.1484670611723553, -0.10014253930881753, 0.1339708920793432, 0.052042375793461014, -0.07903710485217622, -0.03601738007748287, 0.0002818262063175298, -0.0003374430976594605, 0.001095477509363656, 0.04917821733139277, 0.0010651476479966063, -0.0008979374200226936, -0.0009819856889400488, 0.5729032869319384
91, 2, 1, 0.32108180631645, 0.007099092203112027, 0.6581974401849211, 0.013621661295516964, 0.06491076562366507, 0.08713404049489375, 0.06391042803626754, 0.6477924588747207, 0.17857940436103753, -0.034041118991968364, -0.2674120705138533, -0.1718816668794623, -0.16906718606247997, -0.17075012300737671, -0.10743594493853355, -0.00042483967124758496, 0.0024023179114675284, -0.0001290740475349259, 0.04992005911028771, -0.001551726973002772, -0.0009123994249503194, -0.00028559107608028126, 0.5729032869319384
92, 2, 1, 0.3216502353256172, 0.006045372767777794, 0.6577094418216842, 0.014594950084920831, -0.14609198506262017, -0.02299022632709653, 0.08005709101446447, 0.6479455538769673, 0.1526683669600964, -0.17867429352434602, -0.10370084701058449, 0.10907207686448102, -0.06061974606465721, 0.02972530702339901, 0.012319553240188602, 0.0008460267944648584, -0.0007333310370430657, 0.00022299814607456078, 0.04847176471953388, -0.0019203842187863521, -0.0014851207310717515, -0.0006648323045899413, 0.5729032869319384
93, 2, 1, 0.3241550522067831, 0.006634582639094496, 0.6536338631523512, 0.015576502001771344, -0.029481776467447346, 0.06679773661118818, 0.10785811875505238, 0.45408097397670205, 0.14700236127618543, -0.04032283614590545, -0.08944937073765324, -0.19056730005758368, -0.0165756113703207, -0.05538911658446701, 0.05240210058084486, 0.000457344233794074, -0.0007597376045072461, -0.0005783446232791378, 0.05065602040675484, -0.001078481568180528, 0.0008921744417771943, -0.001000593913559863, 0.5729032869319384
94, 2, 1, 0.3245256746604716, 0.0065586369667949345, 0.653338359756703, 0.015577328616030641, -0.16922079390899883, -0.07577230398345956, 0.14391249833487987, 0.5387717987066225, 0.13639945843804618, -0.08879235853513393, -0.15368032310040125, 0.13990851759973097, 0.2554750077667411, 0.17934937003850102, 0.02710772310995131, -0.0002727159388746971, -0.00099636708061688, -0.00107752055985614, 0.048349395303438396, 0.00048100014481115404, 0.0019944739699704435, -0.00014550443754356743, 0.5729032869319384
95, 2, 1, 0.17529431759279468, 0.04210956977385766, 0.6533563941454684, 0.1292397184878793, -0.13922458757045295, -0.03646637205591301, 0.04110089493074109, 0.6412404023441374, 0.021877895754912703, -0.03016186530598286, -0.06713081295014728, 0.11939247027400382, 0.024531115946451902, -0.04523606824509159, 0.11916360604609615, 0.0005231785795597132, 0.0013775740449170925, 0.0005763021902458617, 0.04937067632359362, -0.0012274033585767752, -0.0016025467978682147, -0.0011010574398729975, 0.5729032869319384
96, 2, 1, 0.09044650564358239, 0.06407837234303043, 0.6535164500475854, 0.19195867196580188, 0.045605129077302076, 0.0100271669938779, 0.07630141193895205, 0.6795536296365586, 0.11478833256516777, -0.16156964872398447, 0.03952039214950205, 0.13772820341440745, -0.09439601917904428, -0.14728248400550467, 0.11404508081723856, 0.0011196338749563247, 0.00046744689380473275, -0.0011842525043080877, 0.051964191266187086, -0.0005489741764735758, 1.1485831301596515e-05, -0.0003318237201038044, 0.5729032869319384
97, 2, 1, 0.09055417704486866, 0.06405670326505117, 0.6534224227397581, 0.19196669695032215, -0.10638167541590064, 0.04701602868845195, 0.0841510628203077, 0.3428490110399661, -0.01388589716145372, -0.06727909098607716, -0.20194061149715478, -0.22844165455593918, -0.06660238038850841, -0.055882848945965014, 0.0838763139217611, -0.0009105672673407185, -0.001008805590158006, -0.0013695212176047648, 0.049337722584728114, -0.0007909194599937351, 9.80711179341761e-05, -3.799456783992418e-05, 0.5729032869319384
98, 2, 1, 0.2351501747210115, 0.1161863455371521, 0.3769167899045269, 0.27174668983730954, 0.2163163125051979, 0.09381007092844218, 0.005873329818112116, 0.6584604293848837, 0.14554917573842624, -0.24344024876604045, -0.14447610694503138, 0.03097085766604487, 0.15276755040683637, -0.06273653273804339, 0.07620704792948021, -0.0007606723013806719, 0.00024321081311553687, -0.0007473351026638878, 0.05115405189592329, 0.0005001077472032018, -0.00024264081929794442, -0.0008965496123495986, 0.5729032869319384
99, 2, 1, 0.23597481575600376, 0.11529250965824608, 0.3768859128507262, 0.271846761735024, 0.03672594375900321, 0.038174696496057064, 0.24093533901519243, 0.5757817490714734, 0.1655308259883846, -0.2885201134532217, -0.0516558987335662, -0.10137411506646747, -0.041858766370477016, 0.08483106396561178, 0.027744489133767487, 0.000602031679094432, -0.001313237745448584, -0.0007680844370441999, 0.050484803304892675, 0.0006909882717634201, 0.00024089567369104132, 0.0013482584741354871, 0.5650561994690746
