t, Event, Policy, P(still), P(random), P(reach), P(transport), o(t), s_a 
0, 2, 1, 0.9901221394538879, 0.009855160489678383, 2.2403150069294497e-05, 2.897957358527492e-07, -0.6004294601314779, 0.5616234251495691, 0.7774540710548916, 1.0339392334018378, 0.30697714022224487, 0.01032833209324251, -0.10116867848598991, -0.402354853527667, 0.2864061383622886, 0.3900722228202007, 0.1585502829455831, 0.01963312046934607, 0.02657139196030813, -0.10917369116349054, 0.046930836078707024, 0.1749374266289609, 0.0883493633475633, -0.11239016299215128, 0.9124120990397699
1, 2, 1, 3.3516950359468084e-10, 0.9350426671984383, 0.06416013749520684, 0.0007971949711853457, -0.48710818593764493, 0.42600342104072597, 0.5951473182452245, 0.8662717857538953, 0.26113226772084014, -0.12117818622151355, -0.2628235395812542, -0.3062249813708563, 0.30219137140947305, 0.3344294929472883, -0.20823672135279853, 0.0011381664007451098, 0.0003664064272974661, 0.0002975422669901578, 0.039496600898406856, 0.0013747282799940325, -0.0004253892145335898, -0.0001281966290512234, 0.9124120990397699
2, 2, 1, 0.0007958813845181088, 0.9342465855609918, 0.06416041045141614, 0.0007971226030739371, -0.504139909464809, 0.49678555054474255, 0.550271147337986, 0.8951100334792432, 0.047900466865837855, 0.024546050534674513, 0.01968816060049101, -0.3040908519341122, 0.28299973230806175, 0.3115683797408203, -0.043044539369177875, -0.000312813515534066, 0.001418812203170874, -0.0006293944760808252, 0.040587738408911916, 0.001840954063079356, -0.00036301103780271213, -0.0007305515873481088, 0.9124120990397699
3, 2, 0, 0.000595125818466844, 0.9344466298296334, 0.0641611315668781, 0.0007971127850216438, -0.7367530271138547, 0.7377909057653873, 0.6076389638089701, 0.8102772428682062, 0.14439396138933552, -0.004377951265494983, 0.028856690106252626, -0.47736933943969556, 0.2861699727376611, 0.29568917823149315, 0.2782653505436544, -0.0005872468868677446, 0.0007111744120373313, 0.0008590159422553001, 0.040382504408126046, -0.0005528598673657268, 0.00041948856850165356, 0.0008005962402891196, 0.9124120990397699
4, 2, 1, 0.8282538152903194, 0.10063409008489317, 0.06685905087921049, 0.004253043745577047, -0.5523056320071679, 0.5508202877781644, 0.6195643429630008, 0.9133676567201914, 0.10941498164335699, -0.11048262834417, -0.12475286583546671, -0.27348223607767524, 0.2501647632239952, 0.36051700641675816, -0.12490064573007857, -0.030021327882356265, 0.1111473648785734, 0.12370699030536822, 0.018580900385418667, -0.13030747867277673, -0.03542158872731102, 0.06908598050074653, 0.9124120990397699
5, 2, 1, 0.002503207366289612, 0.9202671237876991, 0.07179493936282202, 0.0054347294831892596, -0.5475401975669694, 0.5833255092990122, 0.5627969653092675, 0.8468693285600407, -0.15679067385747011, -0.180868722510426, -0.12612076490508306, -0.43963375860208165, 0.2781805668023392, 0.1286730819028019, 0.018901273013221042, 0.0017128703130402279, 0.0014332170320744283, 0.0012332007759597737, 0.04137702210745535, 0.000351716683806137, 0.001346975016976882, 0.0006982336791263402, 0.9124120990397699
6, 2, 1, 0.5537875715643106, 0.36865899062616597, 0.07196451607123082, 0.00558892173829279, -0.6986841220860717, 0.4340744035907269, 0.5360612049466694, 0.8023754463589533, 0.12015618235605093, -0.006285493252736862, -0.049361409815536585, -0.16110097955238942, 0.22105268885503931, 0.18822071003770618, -0.1450449660268022, -0.0010899052494050677, 0.0008420669047912953, -0.00045046624598146193, 0.04062478908025867, 0.0005232077346480697, -9.968413224114669e-05, 0.0009796487870737853, 0.9124120990397699
7, 2, 1, 1.4073687975793961e-05, 0.9101376746682949, 0.08424317802937158, 0.005605073614357851, -0.43671056581091, 0.5214536716772158, 0.6353240276440182, 1.0032264699558204, 0.07639265254177233, -0.16282503439157087, -0.1540660250994371, -0.32026132726398576, 0.22342931999119728, 0.5276664158971605, -0.12967720336704935, 0.00015977047821532563, -0.0001136084601168141, 0.0007630969232439876, 0.04116878008803023, 0.0015400426696850606, 1.365830834442884e-05, 0.001284799897451495, 0.9124120990397699
8, 2, 1, 8.906043795395739e-09, 0.9101516072451545, 0.08424330615965388, 0.0056050776891477215, -0.4316839159256098, 0.6824556752768048, 0.4307602786244879, 0.8843352777240246, 0.08837798473244643, -0.14139543840641644, -0.2580440131136402, -0.3119118656387716, 0.3976691941526493, 0.31710989727456484, -0.09203246114616703, 0.002086246435030993, 0.0015737100137211296, -0.0001473078780392997, 0.039840610077217564, 0.0007684309658187209, -0.002766357864192636, -0.0012875277195361302, 0.9124120990397699
9, 2, 1, 1.6025019074679532e-05, 0.9101358126590848, 0.08424331659425205, 0.005604845727588496, -0.48860859173277243, 0.5355522700304733, 0.5988704959705371, 0.8175950836817997, 0.14277282937930622, -0.21524091642101456, -0.05985042574224839, -0.4662479534258819, 0.1662002832039819, 0.20950034975351794, -0.007603419114918586, -0.0020218215920307877, 0.0007401822944122702, 0.0005474515461639724, 0.039236676343077696, -0.00031773156625474993, 0.0001944021402115812, 0.0010483724377121258, 0.9124120990397699
10, 2, 1, 4.4651519868244704e-07, 0.9101519554257451, 0.08424342738842644, 0.005604170670629633, -0.5584202293758025, 0.6718160395840085, 0.5880302589824249, 0.9149157019708223, -0.12903848685572292, -0.22178385487091043, -0.33158680458290946, -0.2664455025153093, 0.2318835324317885, 0.45212286292134074, -0.06648957023565506, 0.0020364105251381806, -0.00021258980423439943, -0.001941503481034434, 0.03963619237042175, 0.0011065850012299718, 0.0006207425779824114, -0.0019468221878888553, 0.9124120990397699
11, 2, 1, 0.0015804426774410267, 0.9085714076855005, 0.08424396242254756, 0.005604187214510926, -0.641938473443819, 0.4974000584014918, 0.5545144099478717, 0.8064498557769403, 0.1580023782853211, -0.18495015249762753, 0.005687387657502896, -0.2103000805703965, 0.4274725734359205, 0.24152209808333663, -0.08036194057625183, -0.0004726880298885004, 0.00043583563815115364, 0.000257520015764829, 0.040075343977430636, -0.0002843377270604806, -0.00021920585771780155, -0.00039534368499341007, 0.9124120990397699
12, 2, 1, 0.0001424517856957573, 0.9099995185972611, 0.08425098694170345, 0.005607042675339777, -0.4799593512024315, 0.47515669040650754, 0.5282050593779946, 0.9979539805474223, 0.07630884991726164, -0.22358177529418785, -0.12072458498248802, -0.31179784854797665, 0.17683016816514688, 0.2310443048291634, -0.01961342994193414, 0.0008776150921000573, -0.0007977663502288894, 0.0017903856151224589, 0.03918111830197681, -0.001916593710949917, -4.012480488679869e-05, -0.00013022069996049504, 0.9124120990397699
13, 2, 1, 1.4277014754786658e-09, 0.9101416124954903, 0.08425127256564924, 0.005607113511158991, -0.546598912631395, 0.4049555951438307, 0.4856906871740909, 0.9925376004507459, 0.1971383125776466, -0.12606505054618272, -0.21571722102922228, -0.34509936673844815, 0.23510290449427101, 0.215081913857385, 0.20247619638244596, -0.0019517490871727276, 0.0014000442777693885, 0.001992814612432693, 0.03995861685887411, 0.00039568382554381427, 0.00018100315835395782, -0.0017659593913382239, 0.9124120990397699
14, 2, 1, 2.033208023783876e-06, 0.910144525207425, 0.08425129633151637, 0.005602145253034859, -0.5457732990168748, 0.598762997088794, 0.6221456320875254, 0.7295349180480358, 0.12514827573708293, -0.06109486414132528, -0.28061707349176024, -0.21901291354590596, 0.11658047885355913, 0.31281211958598115, -0.04194072148899554, 0.00017950641411057495, 0.00020349348030290244, -0.0012340723851527336, 0.04089570327564564, -0.0007577559963248326, -0.00036208479864811274, 0.00016871555780250706, 0.9124120990397699
15, 2, 1, 2.4591899526229894e-06, 0.9101440016813978, 0.08425134254172925, 0.005602196586920367, -0.49658853135358755, 0.34749128645085336, 0.4056724566820014, 1.1993500414667166, 0.18477895789253912, 0.017460420670223152, -0.17372169855191855, -0.35217310486732856, 0.2015292294963337, 0.184562996488574, 0.18398611379847396, -6.16476891092322e-06, -0.0011687056589973638, -0.0003560821616961214, 0.041239621812636754, -1.4864047978916506e-05, -9.213279642692967e-05, -0.0022142195908231746, 0.9124120990397699
16, 2, 1, 3.3414003040499254e-08, 0.910146424871395, 0.08425134589892531, 0.005602195815676645, -0.4166098548541767, 0.46237811561891223, 0.7306090622406609, 0.9648638169423045, 0.13536021293894754, -0.1948330835771155, -0.16239932990240752, -0.1716640913819422, 0.3207438909250066, 0.3849513563408335, 0.0896110748920484, -0.0004820332840695065, 0.0006945807709509936, 0.00033734278702889504, 0.04027858995640866, 0.0011086850088484854, 0.0009151609401022269, 0.0020454347884927386, 0.9124120990397699
17, 2, 1, 1.6871515718990345e-05, 0.9101315726380097, 0.08425134880585713, 0.0056002070404142104, -0.42668927644170795, 0.5455383509667282, 0.527746884781995, 0.9639474493198893, 0.051964367105186336, -0.2801272674972446, 0.04527155691714548, -0.4069861482218743, 0.22861502444802703, 0.25157404052632076, 0.025513747839427524, -0.0009772099054910061, 0.0005984605136496198, 0.0032864735704089647, 0.039976010456392055, -0.0007790639498209155, 0.0010199951875826297, 0.0013296916789625984, 0.9124120990397699
18, 2, 1, 1.922966582219697e-09, 0.9101484028923397, 0.08425138725331575, 0.005600207931377881, -0.34165664867253465, 0.4635328194897962, 0.5714564098278248, 0.95947598924684, 0.15350843621487378, -0.16001948476876, -0.2872846474886012, -0.11120840458368571, 0.3249155318170174, 0.3098732269815462, -0.009963872287001985, 8.940636022930616e-05, -0.0002954703037368139, -0.0008452565224430962, 0.03998594839019387, 6.293977606662112e-05, -1.3993398094008496e-05, -0.0004035785021096921, 0.9124120990397699
19, 2, 1, 9.401513976696338e-05, 0.9100574680818646, 0.08425142051582955, 0.005597096262538935, -0.3602781804884179, 0.34992670860353003, 0.487944316052752, 0.9577940930164557, 0.12744172511474794, -0.23476741289606923, -0.001241421286713207, -0.3079870636960682, 0.13425177425421078, 0.2371397532429594, -0.02952621551105452, 0.0013568522159588298, -0.0012002482436875375, -0.0012128312483346137, 0.03978054678439143, -0.0003800220149991528, -0.001398934960681064, -0.0007504383255759428, 0.9124120990397699
20, 2, 1, 6.75223521374457e-06, 0.91014613090777, 0.08425184402725278, 0.005595272829763534, -0.5393384865934665, 0.3941385106321445, 0.38778311055501796, 1.0120697239564183, 0.045404263938987964, -0.25345342134293236, -0.11286347808091465, -0.22651108539181702, 0.0981880075423727, 0.2892651735821111, -0.09517595841228751, -0.001787453543765613, -0.0008493877340354269, -0.0006834947154888326, 0.03844898388397369, 6.716708248821793e-07, 0.0005150518249877115, -0.0004826553084949604, 0.9124120990397699
21, 2, 1, 3.692384730739663e-05, 0.9101155142886571, 0.08425224625916165, 0.0055953156048739235, -0.436154703931581, 0.4571711691009927, 0.611276685466301, 1.0151403584010896, 0.17032569609611267, 0.1227743371593637, -0.07365122415683137, -0.32261437903854684, 0.27520129096899043, 0.15875254693314544, 0.06429264702863384, -0.0015459967054312366, 0.00044585771687109257, -0.0004504512730053963, 0.03979407740056061, 0.0004525879114952307, -0.0012173778102289794, -0.0015656719488410975, 0.9124120990397699
22, 2, 1, 1.693843283928804e-07, 0.9101521542708338, 0.08425236058277924, 0.00559531576205842, -0.4529861786625685, 0.5765745334617696, 0.7268477479899471, 0.9118192569839596, 0.2490264642823302, -0.04884400927213537, -0.17866059977986376, -0.1795730215684862, 0.42491668324353016, 0.24228212998146467, 0.0010145920023899968, 0.00033857640440141334, 0.0011906713593430982, -0.00011968359813283405, 0.03992787494263971, 3.776353586223961e-05, 0.00020760393932905898, -0.0009995796394863944, 0.9124120990397699
23, 2, 1, 0.0003169359791810228, 0.9102457460924666, 0.08425254269500747, 0.005184775233344932, -0.6653296718511278, 0.513598806264984, 0.5453465281662178, 0.7504550473680088, 0.16610306365163247, -0.22815235619281546, -0.1314193567643629, -0.156955503359076, 0.12572325671453827, 0.022064478553747248, -0.001988732395475806, -0.0006241063260182163, 0.0008322921453431491, -0.0005145681513754772, 0.0389566656468553, -0.0004043097197638537, -0.0004649904928310184, -0.00020084008928073497, 0.9124120990397699
24, 2, 1, 1.135182512692923e-06, 0.9105608595605957, 0.08425320515959803, 0.005184800097293588, -0.5130222855285971, 0.3295800208495601, 0.6420718423140709, 0.9790035107567479, 0.10510552862641298, -0.2742239929794429, -0.15993826953583404, -0.21325524876549262, 0.3842715356959994, 0.16641141143104107, 0.011724174203543634, -0.0017093622232753109, -0.0005323463391758916, -0.0018768226641007277, 0.03832759950313711, -0.0015547712651602992, 0.0005118894396888951, -0.001508764606450169, 0.9124120990397699
25, 2, 1, 2.682667583409162e-07, 0.9105617474457478, 0.08425320642478815, 0.005184777862705605, -0.30861463897259267, 0.42741287629953006, 0.5998635139508558, 1.0281777184954861, 0.043775695425471925, -0.1894550620051117, -0.1154403541579017, -0.04548819205831496, 0.3133032693583267, 0.45363032079585375, 0.008879096707269019, 0.0005304665450393762, 0.0009732738919603032, -0.0005062178918651328, 0.038630478238173574, -0.0004252630963641758, -0.0009890125553995445, 0.00020162918680422223, 0.9124120990397699
26, 2, 1, 1.9518383789495967e-10, 0.9105620158103582, 0.08425320746658525, 0.005184776527872646, -0.4392746923787235, 0.42505918414007776, 0.4505599652542573, 1.0317439803700068, 0.11669446547124632, -0.20508475058118467, -0.34516100024083424, -0.3305122013130529, 0.21862894737332575, 0.29016061198442467, 0.08463492419205486, -0.00026800387766164654, -0.0006421228617716524, 0.00068415814355558, 0.040970114956727324, -0.0007711167749872134, -0.00017610193908251473, -0.0004797389029182051, 0.9124120990397699
27, 2, 1, 3.369212650946488e-05, 0.9105282323393735, 0.084253255287942, 0.005184820246174844, -0.38449342521578145, 0.5056720305818884, 0.42093822190159746, 0.8196230172445602, 0.13658030095448648, -0.01423652524962309, -0.025476124834116785, -0.20476445703338714, 0.2340441192138599, 0.2512974413610808, 0.10079293855582269, -0.00019327996362555064, -2.7380565194326598e-05, 0.0006152875690986382, 0.04096106251488175, -0.000477541332458913, 0.0003999165407412309, 0.001173153114618569, 0.9124120990397699
28, 2, 1, 8.959829304022223e-06, 0.9105528403599868, 0.08425333589261809, 0.005184863918091027, -0.48249444392216245, 0.5247844115034307, 0.38187942026136523, 1.009174370586679, 0.07614203260295797, -0.033302017537791606, -0.20791668986370473, -0.19039152908262497, 0.20583568465460061, 0.32688461360134113, 0.037850174865675115, 6.63136041973232e-05, 0.001105413460142406, -9.378303066820812e-05, 0.0393276709433015, 0.00021908658513750313, 0.0016848551573561156, 0.0007493392409913381, 0.9124120990397699
29, 2, 1, 0.06694693148800113, 0.8435308690320598, 0.0842716700493446, 0.005250529430594415, -0.3984350851772866, 0.41361631051383807, 0.3083178843735479, 0.9709199732005827, 0.11887958674378887, -0.059140713151575416, -0.022270275008575192, -0.3084543242010035, 0.30083732101927735, 0.134001964442861, 0.0801720687318026, 0.0003692186253909524, 0.0015842648933455258, 0.00011240155524290204, 0.039469441686357215, 0.0021719648309064463, 0.00018423248374619956, -2.8817808777935248e-05, 0.9124120990397699
30, 2, 1, 3.971051852598233e-06, 0.9103419645312423, 0.08431836937815662, 0.005335695038748572, -0.26896113396519733, 0.5368908670161068, 0.5379390568738384, 0.9530871426064307, 0.27558518340620886, 0.06244982833959241, -0.16711103797115429, -0.03441281002426373, 0.22483077845040303, 0.041363935725126776, 0.09800644420367503, -0.00029168390970414377, 0.0007571075644479042, -0.0003772150132445093, 0.039320985614305595, 0.0003169207029315609, 0.00044096632744353246, -0.0007487109946170162, 0.9124120990397699
31, 2, 1, 2.9863728059603806e-06, 0.9103466575883853, 0.08431838488731473, 0.005331971151494075, -0.3183195273844003, 0.4748480286773512, 0.5219785098068671, 0.8215219069665789, -0.0006891444043095385, -0.14884824608606548, -0.168833413782794, -0.34573901224951326, 0.14604925070600347, 0.35963681851769674, 0.08829643940489482, -0.0013869455233366, 0.0012575169840220622, -6.269440543837042e-05, 0.03965159835271369, -0.0005358635197605035, 0.00022672932383932762, -0.0008118566479922874, 0.9124120990397699
32, 2, 1, 0.20094532246427016, 0.7090469820143647, 0.08440594770102351, 0.005601747820341627, -0.3762026305792764, 0.41280362091659406, 0.278741295300705, 0.907218038122459, 0.08398097873684354, -0.007529177375839691, 0.039896269488315, -0.07484077507186045, 0.29783728197930887, 0.21061262001074943, 0.1632940174286191, -0.0016197480334059042, 0.0001227758307310133, 0.0005919313170787354, 0.04200148891336786, 0.0002924870479290191, 0.00042991902728493, -0.0026291273321208033, 0.9124120990397699
33, 2, 1, 0.3183569783741359, 0.5887044311729807, 0.08542302625254658, 0.007515564200336971, -0.2412935840888654, 0.47356449275812923, 0.40412517058549735, 0.7656068146481735, 0.059203949132329146, -0.07411108670774189, -0.10052913483457868, -0.35922607719655875, 0.24046010036947654, 0.166142509751428, -0.012619344222375522, -0.00012992566932727012, -7.242162750764757e-05, -0.0015455865547327966, 0.04110762380169143, -0.0011374080471859129, -0.0011412809982843213, -0.0008631274717779077, 0.9124120990397699
34, 2, 1, 0.014535059289731447, 0.8896037900123958, 0.08772591152845574, 0.00813523916941712, -0.3544793466980366, 0.31974725121812997, 0.5859100815467702, 0.918705843494901, 0.11172450221397105, 0.07700101402420445, -0.07114394643521156, -0.10432580833871223, 0.13633792016574992, 0.29251894468481165, -0.12785174975848862, -0.0003445580046689457, 0.00015042177062804177, 0.0016553109173981795, 0.038789356656143574, -0.0005162472074424762, 0.0010506860491123313, 0.00020263559368535297, 0.9124120990397699
35, 2, 1, 1.627348492874433e-06, 0.9040270166523398, 0.08778581176196183, 0.008185544237205527, -0.28189947737985094, 0.5826904903710945, 0.43578707709548653, 1.0103411471751798, 0.2202069585242917, -0.135243602026677, -0.16545128107215462, -0.3460779682299106, 0.1779068041945266, 0.24039438156464726, 0.028109864071341046, -0.0014377183581448997, 0.001019241324659278, -0.0010037306200427279, 0.03887320372800651, 0.001929416412457136, 0.0005913670451706153, 0.00033375975777528825, 0.9124120990397699
36, 2, 1, 2.6550502888635385e-05, 0.9040021452927316, 0.08778585833789111, 0.00818544586648863, -0.27410425727512794, 0.22991638700637593, 0.468861308487693, 1.0560186319451499, 0.15649808932682524, -0.20773412033081384, -0.1432813453057572, -0.24942470298293004, 0.10417910309453708, 0.20289507652176395, -0.0006937348715014668, -3.606984022504359e-05, -6.445067982877435e-05, 0.00020417781588923673, 0.040492897484579765, -0.0006513683306230048, 0.00045834215883886327, -0.0007522420430395249, 0.9124120990397699
37, 2, 1, 0.0046781269777356384, 0.8993491889724974, 0.08778657161572404, 0.008186112434043021, -0.47927220992512937, 0.3305251032456155, 0.4130487763214412, 1.077015455720857, 0.1082288809591142, -0.008013904467375732, 0.07372323223670016, -0.3257200825441286, 0.3057998242309007, 0.17387438914761386, -0.14936233159301876, -0.000722431356051361, 0.0017252364738060723, 0.0005249551553821351, 0.03940113827874868, -0.002212070114488789, 0.00041984710472523976, 0.0015591649868013993, 0.9124120990397699
38, 2, 1, 5.211676157355509e-05, 0.9038888193937322, 0.08779375549540067, 0.008265308349293593, -0.31711035513357616, 0.2670267152074848, 0.3501086708832687, 0.9407772591962263, 0.022778987233039328, -0.26839691966072843, -0.2485852531589173, -0.0908791722931764, 0.15854803818687777, 0.16630481283467305, -0.02296672608576262, 0.0008602476996366999, -0.0014579867337811683, -0.0003569469408907965, 0.04038069544908029, 0.001405318651354627, 2.0711150960330003e-05, 0.0006674352083102456, 0.9124120990397699
39, 2, 1, 2.340968749170276e-10, 0.9039363466214706, 0.08779436844541944, 0.00826928469901302, -0.23685490396046704, 0.3140131590455241, 0.41841580161031555, 0.8696982085698857, 0.3333021160494818, 0.08293476240919329, -0.3041856472829768, -0.15908697858389473, 0.14821276513805656, 0.06837092385185617, -0.11137931188277386, -0.0018803116849195653, -0.00045070920002340104, -0.002041871892184829, 0.040593962429650146, -0.00013334525075394538, -0.00040195987249340035, -0.00159641426137286, 0.9124120990397699
40, 2, 1, 1.1103618455658456e-08, 0.9039363395741216, 0.08779436461086694, 0.008269284711393153, -0.19881470645314578, 0.22994647450959477, 0.3198689702222589, 1.0139761696198075, 0.12269657762395228, -0.2279970696645945, -0.18132764489805062, -0.3108928183190695, 0.3039603658778202, 0.2265602554619155, 0.05475223860652343, -0.0004206822065294143, 0.0007478256648570751, 0.0018878447365561293, 0.04106439523963231, 0.0010089815563369656, -0.0014063968974547044, 0.001589592142722411, 0.9124120990397699
41, 2, 1, 6.44743355473485e-08, 0.9039362894759385, 0.08779436468026144, 0.008269281369464544, -0.4051606183569777, 0.3497560158993066, 0.5058053595579206, 0.8290397838801983, 0.06625469676548049, -0.2117849171934778, -0.1959077428843857, -0.11926012510467492, 0.22392618236304238, 0.2523197926153569, -0.0697015718046872, 0.0011239331717242376, -0.0030420655864218907, 5.446254846021367e-05, 0.03979461826677657, 0.0006810028430655957, -0.0011547607977105772, -0.0001871215759061327, 0.9124120990397699
42, 2, 1, 8.172859335997076e-11, 0.9039363536900882, 0.0877943648349142, 0.008269281393268985, -0.38605218133633895, 0.4837505446459612, 0.2790325844848288, 0.8573988343142667, 0.2800234331733571, -0.03277760014107768, -0.16975730253739457, -0.43369630690572014, 0.3722113561763498, 0.25520483295688556, 0.17916384022241277, 0.0011878378640415846, 0.0002888320708755682, -0.0004673121130196016, 0.039187515248247644, -0.0014448935846163473, -0.0007453210851662091, -0.0005558006444753848, 0.9124120990397699
43, 2, 1, 0.0006887156094515298, 0.9032463413306098, 0.08779318842936183, 0.008271754630576982, -0.20400856026552755, 0.2067422010768749, 0.2818205260205586, 0.9689713627129984, -0.0006412033017152874, -0.18512524523395563, -0.2500906620634035, -0.07809450014247196, 0.1364823090426281, 0.23648053472308259, -0.07081751879010853, 9.027975878528139e-05, 0.0008200806093782877, -0.0017947778725809307, 0.039646488136471696, -0.0009801408476052176, 0.0006352879119963159, 0.0010360349952479944, 0.9124120990397699
44, 2, 1, 0.0019195054688135572, 0.9019844080229104, 0.08779562597013825, 0.008300460538137804, -0.41394967980284714, 0.33225078858570883, 0.37064973926235395, 0.8680257658600604, 0.08887635986172895, 0.12324278317518056, -0.011669805316140414, -0.1712275368646307, 0.15974638655935644, 0.13319664659440952, 0.0007406590163553994, 0.00016674072619581414, 3.1684973992685655e-05, -0.0007659574103889308, 0.040410656418467875, 0.0008115201340288664, -0.0006637598889102603, 0.0006810389859380451, 0.9124120990397699
45, 2, 1, 7.909071108939667e-05, 0.9038118189222889, 0.0878019019276751, 0.008307188438946662, -0.30920981076952186, 0.3603263436920731, 0.299559864561198, 0.7925264993466947, 0.20156822836151428, -0.06992111959264478, -0.1519720428948526, -0.20633628390002862, 0.2229112302304726, 0.34524198796962235, -0.0398297698179909, 0.0008750721182285788, 0.0012166505136596655, 1.451125505816239e-06, 0.04006846501756804, -0.0006149298620679092, 0.0006580071588068953, 0.0011371266623521842, 0.9124120990397699
46, 2, 1, 2.526724012249668e-05, 0.9038641297178959, 0.08780231183716168, 0.008308291204819853, -0.3710991167054217, 0.35374088793444713, 0.4363079418596888, 0.9518566822615313, -0.13561002805315017, -0.1273799186824159, -0.248575987659311, -0.2554824381042894, 0.20198584615062973, 0.15949701436447497, -0.04957117688166912, -0.0014004653744025724, -0.0007743996129141477, -0.0012447451501677172, 0.03902195986723489, -0.0006847513387561899, 0.0009419505127774185, 8.033388722863686e-05, 0.9124120990397699
47, 2, 1, 0.45676550162393575, 0.4464757009514881, 0.08784184661577371, 0.00891695080880254, -0.4426430730147158, 0.2205250384976694, 0.43939252546132535, 0.8194951247875343, 0.08678280123545248, -0.08891414607341305, -0.11554906162739893, -0.1554634310526281, 0.1671408294730429, 0.04695124349612014, -0.11773110579786779, -0.00146144858992261, -0.001960479893145501, -0.001462242526817738, 0.04096851636117279, -0.0010535819859745904, 0.0005542875760908589, 0.00029969219634188633, 0.9124120990397699
48, 2, 1, 0.4387047120697084, 0.22081074532358214, 0.08865306543102776, 0.2518314771756818, -0.30150410866405275, 0.35758780064145995, 0.25670082583035836, 0.8902231367255732, -0.030550796464222384, -0.06847570781381282, -0.07288539601107205, -0.15400020808186124, 0.05987297648681865, -0.03761396838648419, -0.1051821900669716, -0.0003449383857639333, -0.00029025202669663157, 0.0005192028304181458, 0.03851369453501537, 8.498579159694122e-05, 6.785298487732818e-05, -0.0007663368631951862, 0.9124120990397699
49, 2, 1, 1.1865720132326748e-05, 0.6558738693929117, 0.08957843528534333, 0.2545358296016126, -0.29383090636595377, 0.3889156741854081, 0.454513767410438, 0.8780128732054543, 0.1933010800676535, -0.16101380095626955, -0.1900839430639008, -0.09932864946843818, 0.040964858779507576, 0.24151736954621375, -0.005565840117626295, 0.0006940471081252396, 0.0007306919042280736, -0.0007402752642472984, 0.041432544257015855, -0.00026252206552171935, 0.0005048552562924452, 0.0009420821468826372, 0.9124120990397699
50, 2, 1, 1.2783669919759696e-07, 0.6558855270661498, 0.0895785081302602, 0.25453583696689075, -0.22873056715597975, 0.45091740077788656, 0.31813267346222884, 1.0640661710356898, 0.12883184719683483, -0.1915027593535324, -0.12848313444427378, -0.27280253810108884, 0.19223855367555745, 0.386133603049218, -0.10502196008064683, -0.00031112593522155156, -0.0002638769842157879, 0.000685673289314639, 0.0390028954373919, -0.00034517029576589333, 0.0002297192520839656, 0.00010198895248043872, 0.9124120990397699
51, 2, 1, 0.0009115673267799382, 0.6549634789633584, 0.08957901335069719, 0.2545459403591646, -0.2908949921758191, 0.14795213372335397, 0.3674606960248361, 0.9823480783499164, 0.123224993465051, -0.10765439963383731, -0.19115591842978155, -0.15664309976488394, 0.11469239292999374, 0.11255449943814075, -0.040430484698179725, 0.0012087662695742887, -0.00038516149222844796, -0.00017017228609618603, 0.03954974633460842, 0.00046806624505330637, 0.001405428025194976, 0.0006696471612396587, 0.9124120990397699
52, 2, 1, 9.5967391963227e-07, 0.6558687409585943, 0.08957939135657111, 0.25455090801091507, -0.2811307146335418, 0.2650032422607289, 0.3418114586308045, 0.8175373518235988, 0.03097155014104408, -0.1545716342178031, -0.2952575662548959, -0.03683613114637352, 0.213903319283469, 0.018995613063531036, 0.17086540640676645, 0.0019086299061515388, -0.0011726200739223612, 0.00030537745937794824, 0.0387151641900449, -0.0011270021165587481, -0.000876180201648547, 0.0030054492255628977, 0.9124120990397699
53, 2, 1, 0.006778660729987969, 0.6492743964949264, 0.08958072506063848, 0.25436621771444723, -0.39571245211779116, 0.4512104018130912, 0.271784305777756, 0.7643155050692826, 0.12824818810309008, -0.06913824577504059, 0.13027733191184412, -0.11301761407209368, 0.09099134964187197, 0.2487828439654539, -0.06840847067031744, 0.0008487295315699154, -2.760634386035516e-05, -0.0010645892258960548, 0.04013098466816307, 0.0002069198436395177, -0.00010208319129345771, 0.00047962019246134324, 0.9124120990397699
54, 2, 1, 2.3528779832488873e-08, 0.6553667360492413, 0.089619156011301, 0.25501408441067797, -0.28505552296131015, 0.29074578862883105, 0.4091878807634898, 0.7290224521007671, 0.21373405102066512, -0.23744153545891641, -0.3437266351173437, -0.19313880367999467, 0.0459639348467286, 0.011192441447702506, -0.028013707425982914, -0.0010110768510017767, 0.0004853451676221747, 0.0020897201170026985, 0.04020555188113667, 0.0012299098663905975, 0.000864331979789394, -0.0012489853811766965, 0.9124120990397699
55, 2, 1, 0.00010068931278655054, 0.6553318056828972, 0.08955230308302346, 0.255015201921293, -0.1774063619566849, 0.04148820926460295, 0.1841552342495428, 0.9642428345602427, 0.06882347882308172, -0.12253803943902267, -0.21908138624875484, -0.10824037809980906, 0.2148782414778335, 0.13663951095754978, 0.015027633737469981, -0.00142322995311637, -0.0008903046197453333, -0.00032005917900477696, 0.03850745529359546, -0.0017129038072909396, -0.0007207992256428794, 0.0017403174553028515, 0.9124120990397699
56, 2, 1, 7.160130040356584e-05, 0.6553026512934839, 0.08955076755944186, 0.2550749798466707, -0.07290014853354398, 0.2749426779246653, 0.2556475790651632, 0.83593996046496, 0.2385563001360272, 0.06101012958173071, -0.04947066241406743, -0.17582687720985044, 0.05811062094527688, 0.009689875994018516, 0.015976552247159506, 0.0005506806534154857, -0.0011872320353675707, -0.0017889762942029687, 0.04067722376352639, -0.0005081067070912286, 0.00012989812136489817, -0.0009167706376123711, 0.9124120990397699
57, 2, 1, 2.922159723237864e-07, 0.6553730902694246, 0.08955081185761768, 0.2550758056569854, -0.1977077572883808, 0.2571217095186768, 0.40720405544352517, 0.958982821724838, 0.1992698911235088, -0.400939688773245, -0.2624924222494779, -0.17812081760210702, 0.10881401499106125, 0.07998609191298214, 0.059912401748423535, -7.897799466420298e-05, -0.0013713787912991216, 0.0007178728059892617, 0.041723382042031264, -0.0009689434106148675, -0.0022387924097288323, -0.00042886709098851705, 0.9124120990397699
58, 2, 1, 3.6128187299743564e-06, 0.6553696259002433, 0.08955081036866668, 0.2550759509123601, -0.3519116452939318, 0.2651380275929852, 0.2824341845538946, 0.8575710442989619, 0.1994885472316919, -0.11261073238549783, -0.07126098631921422, -0.11584740181489021, 0.1929427092326509, -0.021757451881646996, -0.1098928104359758, -0.0008743408835177319, 0.0015987189504337103, 8.694000700173673e-05, 0.04053103207561211, 0.00012921508027111394, -0.0015403383572213404, -0.0007798657259041753, 0.9124120990397699
59, 2, 1, 0.00044373736057557676, 0.6549591652910496, 0.08939369043695214, 0.2552034069114227, -0.0903428881857731, 0.1927075877956115, 0.17522178674625183, 0.9168134488203579, 0.21001670727997976, -0.19815311389603715, -0.07368716661649972, 0.013176967911614912, -0.05022069658449102, 0.13422154785233176, 0.12955031051783622, 0.0006651821164472777, -1.948230230872383e-05, 0.0008839781997685712, 0.042684858964305225, 0.0018158081771819303, 0.0002134107609369794, -0.0003159177136767321, 0.9124120990397699
60, 2, 1, 0.00022023538857109673, 0.6550927406678555, 0.08934982940900506, 0.2553371945345683, 0.01925335984622536, 0.12662514603664843, 0.2093763835674029, 0.978115757675106, 0.12067280241193937, -0.13916034598009622, -0.15186480198287716, -0.24984188374676136, 0.007670087525962388, 0.030228527496055778, 0.05791963399491462, 0.0002294486406916838, -0.000563741686211458, -0.0005538280938809567, 0.03997104194521618, 0.0018316654121852277, 0.0004476618291707599, -0.0004063113899354904, 0.9124120990397699
61, 2, 1, 0.0068481623288270425, 0.6484512534112431, 0.0893495553226903, 0.2553510289372396, -0.2725434701168349, 0.16322173996405068, 0.2118342774457423, 1.003319710421922, 0.0047524670674163215, -0.0694514604359568, -0.06451471155134904, -0.02312702478249836, 0.15536847873853415, 0.24483727748352396, -0.013885107162668359, -0.0014000863635740435, 0.0009536777089455472, 0.0010655072030222841, 0.03844375516855328, 5.674360418121833e-05, 0.0015306946565198892, 0.0008851996621339701, 0.9124120990397699
62, 2, 1, 0.37853720677640135, 0.2703680721019211, 0.08938871486948845, 0.26170600625218904, -0.20201683618949634, 0.23095095628828663, 0.18313644740490348, 0.8838956866707124, 0.16902901590257963, -0.06536417850909755, 0.08135450395729422, -0.2507131346198591, 0.1635710944778168, -0.017785660786810764, -0.07073117856568177, -0.0006037026013042603, -0.0009414353728041825, -0.000950983628380532, 0.04213025542414459, -0.0012789833031905237, -0.0002697772289463866, 0.0019022862358350667, 0.9124120990397699
63, 2, 1, 0.002878385885060383, 0.637211303957141, 0.08975028702596934, 0.2701600231318293, -0.15510774638172167, 0.2264484974271813, 0.2912843990505211, 0.8204506218337381, 0.07435582709274194, -0.227861816075653, -0.10963092416047271, -0.162144387394007, 0.20250106147552013, 0.12913724024579207, 0.017420016067513776, 0.00012803273083046297, 0.000492354551449855, 0.0006161556510752692, 0.03975285401131444, 3.700050944256466e-05, 0.0001910531157764248, 0.0008080889061242977, 0.9124120990397699
64, 2, 1, 2.3312771986259372e-05, 0.6398952157027996, 0.08975377906512576, 0.2703276924600883, -0.1961750525848615, 0.37888122257786044, 0.21366372897326907, 0.9529925233660629, 0.1463345304370502, -0.0729126949806412, -0.16879130127369604, -0.022587756083990117, 0.1053660729876865, 0.16063412733652246, -0.03960433254556743, -0.0009779256831393469, 0.0006750265949296383, 0.0007234283965034822, 0.039602008960229154, -0.0007910673715768651, 0.00028029049423606894, -0.000896271164453381, 0.9124120990397699
65, 2, 1, 5.461627988574623e-06, 0.6399633442527554, 0.08970120444138957, 0.27032998967786653, -0.19467630587107979, 0.06775841646472965, 0.21721046235163746, 0.8507426754908891, 0.17903233121188103, -0.20095565056750536, -0.19448912591316053, -0.06568318494981518, 0.10863112548417304, 0.048294486643658784, 0.1952579921303362, 0.0011929561408125081, 0.0015943845670022925, -0.0009766714767946276, 0.0403635971872219, -0.0012907628631957735, 9.164827159297795e-05, 0.001096810169092212, 0.9124120990397699
66, 2, 1, 5.967395426950471e-10, 0.6399687976995824, 0.08970119787051381, 0.2703300038331643, -0.2655948670851506, 0.2253882584525806, 0.14250797075040467, 0.8301780338609935, 0.37583542544566895, -0.10384697286129281, -0.11625560231024445, 0.15689610385021485, 0.05960467889671485, 0.2520513780247581, -0.028175623435591768, 8.44571139569051e-05, -0.001675163605659408, 0.00038926719692160906, 0.03985393945121102, 0.0013000936323262174, -0.0006520311100401355, -0.00138288539284331, 0.9124120990397699
67, 2, 1, 0.0056396204651706135, 0.6392475694130835, 0.08469159117317171, 0.2704212189485742, -0.14255145803205604, 0.1449884830825888, 0.22846722455743973, 0.9593114280921367, 0.11155990728455596, -0.006016740598760695, -0.05715480858333214, -0.26310860153553056, 0.11150410172966288, 0.03431730967077027, -0.039735298758135626, -0.0012368789285646111, 0.0007460111328627562, 0.0012464391705611453, 0.04032145307250067, -0.001084447532031457, -0.0007463478616250775, 2.0872083115972447e-05, 0.9124120990397699
68, 2, 1, 0.49776717338280396, 0.14098750596005305, 0.08434673448570565, 0.27689858617143737, -0.1256370314111879, 0.1905554573000271, 0.08532457144942848, 1.050370406049911, -0.07056569009865046, -0.1972356008418161, -0.00012013567022421956, -0.035902079845417455, 0.013154482885878994, -0.09315474684190957, 0.08943071281167707, -0.00079548967233686, -0.00035101315436637717, -0.0004937440054262118, 0.04129480552128875, 0.0016410703232786574, -0.00023059935288775396, 0.0008223033097094596, 0.9124120990397699
69, 2, 1, 0.011253928723300053, 0.5885808140837624, 0.08561320987080324, 0.3145520473221344, -0.22146366204566698, 0.29687946230634166, 0.36306766994497197, 0.9729401031832825, 0.033019020442723035, -0.08723555260233126, -0.32608406530116124, -0.027411814758717467, 0.11718998075327716, -0.01648203025231749, -0.039773760075670614, 0.000917763103579378, 0.0009894117705703935, -0.000900437988803312, 0.03999216206850598, 9.329957707866367e-06, -0.0013716429146800112, 0.0005177544692390659, 0.9124120990397699
70, 2, 1, 0.0009985094630301655, 0.5987022210930881, 0.08562418794565614, 0.31467508149822565, -0.2964682645221865, 0.30451708757114454, 0.20753972228044443, 0.7213688985890506, 0.17618593046605832, -0.07392274774996936, -0.021799097680596357, -0.0882314910451802, 0.2645920462391293, 0.20966434098298486, -0.05917873665490976, -0.0013280146897664189, 0.0012698943100564566, 0.0006918806286193187, 0.03796019881195782, -0.0010441900546147788, 0.0012330093458218939, -0.00235632140898039, 0.9124120990397699
71, 2, 1, 0.0010947898305975737, 0.598918758109287, 0.0846058039498832, 0.3153806481102323, -0.04915373750408034, 0.06813985351782488, 0.269192427112104, 1.013578242658597, 0.27366381226742653, 0.13086072337750596, 0.01274647929154662, -0.2438509092375063, 0.1288533927805638, 0.1351229121384848, -0.06769571726264849, -0.0009096289940357923, -0.0006907501793152824, 0.0006056853052454352, 0.041331647615366146, -0.0010392983405395383, -0.0016191545151362867, 0.0009028271016383619, 0.9124120990397699
72, 2, 1, 0.0009083047926456263, 0.5990297848250314, 0.08460679763976076, 0.3154551127425622, -0.25504843528888654, 0.2216349263514427, 0.3079915703012205, 0.9149841039266233, 0.04829423334687686, -0.24362219990033857, -0.1420461063519131, 0.010968906887855446, 0.03578284353470003, 0.11776197771054206, -0.08454486785928401, 0.0010956202288468213, -0.0004819839918550549, 0.0011677314110895554, 0.0385712705089071, 0.000989229746104645, 0.0002626380916298862, -0.0006852174330765882, 0.9124120990397699
73, 2, 1, 8.540860036326716e-05, 0.5996750678855457, 0.08460678460187554, 0.3156327389122156, -0.29795032880498573, 0.15291945561081471, 0.09505978752909267, 0.9100146372129159, 0.01282709239289559, -0.11585365480800407, -0.2532879011032622, -0.1415217736900344, -0.057279740910562614, 0.1246031298913645, 0.04309973053516399, -0.0009590459456482731, 0.00038127424918219893, -0.0007979500375139149, 0.04179663566018159, 0.0014447561642470842, 4.2866339643272694e-05, 0.0013451101680270604, 0.9124120990397699
74, 2, 1, 8.495290260839271e-05, 0.599828325119261, 0.08444932998973574, 0.31563739198839497, -0.16676415546494547, 0.15000048021694065, 0.2527028092713616, 0.871558869660433, 0.1606729267031437, 0.0546984389560321, -0.07594703331076295, -0.14257055749849698, 0.13875006281784213, 0.23242075224005992, 0.002120780065507093, 0.0012872437564815467, -0.0013643847596874381, -0.0010308138338166652, 0.0400172335491725, 0.00011601127196600618, 0.0009669103746546776, -0.0015209768189193903, 0.9124120990397699
75, 2, 1, 3.166016997880634e-08, 0.5999048314762173, 0.08444943968066569, 0.31564569718294716, -0.10034678175551046, 0.3001249197543901, 0.13301201621322528, 0.9712005335987971, 0.27553416055330515, -0.07422264984119764, -0.24186125919858076, 0.021905139733481092, 0.02535363106904781, 0.16421868439951467, -0.04403158150843528, 0.0009094360713822639, -0.002100985344301893, -3.3896837120665886e-05, 0.04064633902718304, -0.0014300376161937055, -0.0006475419438215855, 0.00010320038942338255, 0.9124120990397699
76, 2, 1, 2.343757988852702e-06, 0.5999044514577573, 0.08444616452575959, 0.3156470402584943, -0.025206959614940173, 0.2803858073464001, 0.09504387587366744, 0.9129405597691246, 0.16397585621500205, -0.10989501302496915, -0.17708750518834387, -0.18376911641104696, -0.07027337055245374, -0.0768080636270458, 0.13592149582458835, 0.0006873411182544426, -0.0007965162815847523, -0.0019399907502721907, 0.03948884921552744, 0.00032145817507190483, 8.632360860373915e-05, 0.0009828445378392615, 0.9124120990397699
77, 2, 1, 5.3359630158585796e-05, 0.5998636541345868, 0.08443349384374255, 0.31564949239151213, -0.04065339261751595, 0.01701758828442381, 0.2295487746086649, 0.9224088672073452, 0.12721670039078767, -0.1312559642546514, -0.23466529593104912, -0.09367947143784058, 0.2214144171863058, -0.12367302890641359, -0.0669187868180571, 0.001037392497089977, -0.0013341944546957992, 0.0010733578412437232, 0.03855383965461305, 0.0007647022593031856, 0.0010227916232931785, -0.0029224460597736756, 0.9124120990397699
78, 2, 1, 0.00037052077832194286, 0.5995365090414284, 0.08442869526845899, 0.3156642749117908, -0.08555850937635137, 0.2732267116612099, 0.027043832864218985, 0.905159811297309, -0.08286340715760146, -0.14477780970857893, -0.19846393200034523, -0.05183699415342689, 0.04560069622769798, 0.13895444342526053, -0.039778311631311444, 0.0011186198772668346, -0.0025233639886782346, -0.0008344909358822424, 0.03824223902829125, -0.0005257069472981676, -0.0020027157089831243, 0.0012206642704266602, 0.9124120990397699
79, 2, 1, 0.0004354253364990266, 0.5995238077558229, 0.08437332739522234, 0.31566743951245574, -0.0070622818852072115, 0.2025378331356975, 0.047113802236142165, 0.8622254174224911, 0.0620345748828238, -0.2512503665124425, -0.05452954959114983, 0.003504993897324371, 0.2755608477632056, 0.27700464469955427, -0.08200459470653645, 0.00019187775401481873, -0.001799825638686106, 0.0006874633435077413, 0.041071760482269584, -0.0016907149365073873, 0.0006336761421116046, -0.0009745993681346286, 0.9124120990397699
80, 2, 1, 2.4948541752427697e-05, 0.5999405654722254, 0.08434327256370448, 0.3156912134223177, -0.1632252865676921, 0.14949740986123322, 0.09421523413288203, 0.913951232219637, 0.19916334277496092, -0.16622312076741758, -0.07016953395096073, -0.19674588389185294, 0.1108649613133779, 0.14875162607072587, 0.10013913157933248, 0.00042511636373645785, -0.0003073218555184096, -0.0017185549022478528, 0.0404271026530214, 0.00011052019883303201, -0.00042705545802305625, -0.0016690302358003458, 0.9124120990397699
81, 2, 1, 0.5763607127589858, 0.019929317298226005, 0.08107822861264474, 0.3226317413301435, 0.030992730027146066, 0.045721340320974836, 0.03125235596651059, 0.8808553432097481, 0.011365627624429286, -0.03381186114455718, 0.11141043637819426, -0.2688486514925491, 0.03835219832254909, -0.06593106649431836, 0.09261205498688155, -0.0005454160484007522, -0.0027241504167584752, -0.00013922478364122954, 0.039609041019339396, -0.0005816841120341859, 0.0003160331044166273, 0.001561098280836855, 0.9124120990397699
82, 2, 1, 0.5471108217648777, 0.037205786108569006, 0.08129137910193728, 0.334392013024616, -0.1336326604457791, 0.15478008431534707, 0.18940750468753037, 0.8511981861444055, -0.027688147392749208, -0.18675732458211775, -0.3677763374999278, -0.049713741960835306, 0.026369483455401188, 0.12552531287942142, -0.19091992395545093, -0.00014767797043542665, 0.0004435763206972877, 0.00042823392953412977, 0.039094837973883426, -0.0013558644952995692, 0.00022115862584317546, 1.7488995558999e-05, 0.9124120990397699
83, 2, 1, 0.001514395015501254, 0.45888350237113246, 0.08009330038311954, 0.4595088022302467, -0.07297190824384929, -0.014718850440765574, 0.24646473162287585, 0.9344917822385707, 0.10683487857287419, -0.0765336446968022, -0.17477603466597585, -0.13900239822803215, 0.013631715625793156, -0.010933823182952518, 0.07224946964768487, 0.0006498394335137096, 0.001091990461783664, -0.000802874007344824, 0.04003604091756164, 0.0005606364514272948, -0.0007004119894345677, -0.0006757269949721557, 0.9124120990397699
84, 2, 1, 0.0014228869170631719, 0.4587541035380068, 0.08009066721697596, 0.45973234232795407, -0.01920044350577076, 0.22170114735931926, 0.18911325123589726, 0.8375420329141458, 0.1270321995026274, -0.10818566232247465, -0.11928843616581153, -0.017786887677750836, 0.13344519405345326, -0.06621237824317497, 0.10518623217051289, 0.001793274087482961, -0.0007512288830314966, -0.0006674442500791775, 0.03865769496877795, 1.6799331951600853e-07, 0.0015073364214385702, 0.0004333567943256461, 0.9124120990397699
85, 2, 1, 0.13916033494872213, 0.3203058857317226, 0.07881406578242288, 0.4617197135371323, 0.03803515558770691, 0.06630622240490322, 0.15988372188412278, 0.764413716725395, 0.06993798474263417, -0.15627957646870974, -0.01880591851694824, -0.12990057351975987, 0.13057690328042745, 0.03477777163306085, 0.09606524985993026, 0.0019427601847608166, -4.694863702731176e-05, -6.718695644436783e-05, 0.04043806239751181, 7.704220454594047e-05, -0.0009710647767664527, 0.000728348508601541, 0.9124120990397699
86, 2, 1, 0.0009551279089729717, 0.4500967830529479, 0.07891549909677095, 0.4700325899413082, 0.12292949031251088, 0.11492434671607768, 0.24568717304173954, 0.9697044832330688, 0.06613268949915116, -0.15166180162706366, -0.19048244578159648, 0.044580267183944956, 0.12643680921695175, 0.0511977054408427, 0.014365092279995995, 0.0010209058691654583, 0.0006097586650177971, 0.0005525964604668841, 0.03979335038001184, 0.00046586554924847275, 0.0016988249445999734, 0.00013905224223286167, 0.9124120990397699
87, 2, 1, 0.00013858865728084939, 0.45046426295604947, 0.07891052457150427, 0.47048662381516554, -0.08783360693186304, 0.0953285406191166, 0.15593499703115446, 0.761971035472014, 0.12040451839956709, -0.08006756630936289, -0.2255027853024707, 0.023690774137803478, 0.09359878114236408, 0.05251849152465733, -0.15458903176499242, 0.0010255049088158453, 0.0007080432196007139, 0.000356039656764333, 0.0414657830488718, -6.748350692608441e-06, 0.0017911915448685493, -0.00022276953369673738, 0.9124120990397699
88, 2, 1, 1.2103160432346067e-06, 0.4505998360308359, 0.07889717331914674, 0.4705017803339743, -0.045000178419766126, -0.010545821279352463, -0.020580657858422967, 0.7944091312472328, 0.20754970225409575, 0.018549106923011392, -0.22254864745872877, -0.09543446254820001, 0.15317264885981363, 0.07906547174714702, 0.0739147263047911, -0.001293067154906753, -0.003754451967305643, 0.00037797817313058496, 0.03939614149762428, 0.0005376280767966817, -0.0002010578389440723, 0.0014730635316047788, 0.9124120990397699
89, 2, 1, 7.670801195212241e-05, 0.4505311902702213, 0.07887776014086893, 0.47051434157695765, 0.05042791095264404, 0.06003389021349905, -0.0187398146461474, 0.9688980192885378, 0.06029959896767123, -0.2538184572298746, -0.2037743562996921, 0.08308047095456195, -0.014431492180047373, -0.01484393850612784, 0.10053184609724972, 0.001369552734729045, 0.00010325414348043626, -0.0012202284825299566, 0.04097171646072365, 0.0010304654419094393, -0.001250433786684891, 0.000824375990454612, 0.9124120990397699
90, 2, 1, 2.6630708045495608e-05, 0.4506050464599801, 0.07884716336835362, 0.47052115946362083, 0.03923340458865989, 0.033988444162493685, 0.04282075736076124, 1.0111380451886558, -0.029664483350611226, 0.023766650090171447, -0.23391265187512134, -0.07214240116680433, 0.17956552526606737, 0.12291335812900069, 0.00755411899600837, -7.538932828357092e-05, 0.0004465230049461668, 0.0007137138137625501, 0.04104599958408085, 0.0006652837639363747, -0.0009038987735892473, -0.0002290395179084504, 0.9124120990397699
91, 2, 1, 0.010486927383796715, 0.4424756991684859, 0.07604704501449588, 0.4709903284332216, -0.07508748516935476, -0.19228123799973457, 0.010489725413924322, 0.9695450115627195, 0.07894541298876608, -0.21706307532796815, -0.1384731386352776, 0.010447850636731603, -3.648435843287001e-05, 0.10566139612962647, -0.032496153231951666, -0.0009911248364374774, -0.0009655765885149886, -2.998035871842582e-05, 0.040755197268826274, 0.0004610581794678993, -0.00025051214729228247, -0.0005558674004866421, 0.9124120990397699
92, 2, 1, 0.003812555705922468, 0.4490499124045998, 0.07605499235589337, 0.4710825395335845, 0.05741717002880731, 0.30900844172838454, 0.1348390769612124, 0.9234921685567242, 0.08927837724242378, -0.17332691146580426, -0.10695054676974416, 0.36057305424899155, -0.16108089761480376, 0.11754521288237559, -0.05275627488145597, -0.0013529521729526057, 0.0012598876420230813, -0.0010779221565893364, 0.04069678434237025, 0.00041570584404959686, -0.00027211378965096505, -0.0003036751428860981, 0.9124120990397699
93, 2, 1, 0.44580426255740163, 0.004590739643910836, 0.07458800577932072, 0.47501699201936687, -0.014969207938003581, -0.26657836055074363, 0.02853204010910173, 0.9998819940078845, -0.09315479071627211, -0.16386456729422688, -0.04699313053351993, 0.016158248370623497, 0.11442613761048545, -0.0767740958297235, 0.0965873419180336, 0.00021588414101214663, 0.0018918185940171462, 0.0012178328471481124, 0.03861605699962312, -0.0005996332789285065, 0.0006898975842151905, 0.0008505716177293855, 0.9124120990397699
94, 2, 1, 0.0031917387293892924, 0.3387966843216575, 0.07430529772482944, 0.5837062792241238, -0.08807198982890001, 0.11400846281796784, -0.0009514501519461205, 0.8846661651957044, 0.19786942969473179, -0.40689722076969365, -0.08510289331304235, -0.0879649227196776, 0.1727336337147895, 0.02111499290994016, -0.05804254109239236, 0.00010570523424014363, -0.0011824069654551386, 0.0006052202972619285, 0.03935934872881219, 5.349277583477671e-05, -2.0584421662865592e-05, 0.000434243638228512, 0.9124120990397699
95, 2, 1, 0.0008517397444202092, 0.3415046525358456, 0.07366945243593613, 0.5839741552837981, -0.17203681003667304, 0.020685838071744667, 0.06108094263509421, 0.8761842497911209, -0.059392366405633015, -0.2113247170156088, -0.13614092358271648, 0.053485242991163175, 0.021098512126888652, 0.20461453894808596, -0.039635172497957644, -0.000201078990676813, -0.00057848438892207, -0.00032558369918296776, 0.03922822818595177, -0.002009823638317354, 0.0004400241504878387, -0.0006074188236163472, 0.9124120990397699
96, 2, 1, 0.028334274650210926, 0.3166855613301928, 0.06980711539368863, 0.5851730486259077, -0.018237547589797617, 0.02475971060581236, 0.11559752333555891, 1.026440302639798, -0.028907737905551324, -0.16725005578990654, -0.18116334626192848, -0.08033022785069863, -0.021151277174221335, -0.04732139104641012, -0.16621677535574944, -0.00146476621211477, -0.0022457166634419954, 0.001268617025075857, 0.03982863960078531, -0.002647058595398885, 0.0015538835542761925, 0.0006227755932709102, 0.9124120990397699
97, 2, 1, 2.717226679393442e-05, 0.3434523794901822, 0.06980595978738081, 0.5867144884556431, -0.02936958112517273, 0.17249300507035542, -0.05565235947796195, 0.8691789002592877, 0.122781107790127, -0.028923763684060043, -0.1639482090666044, 0.0321245807304805, 0.038060881607537025, 0.15853864005658885, 0.07241417021798455, -0.0005585556126652929, -0.00017637067815300068, -0.00014884197168042447, 0.03998008325032538, -0.000931300436467898, -0.0020532420313158876, 0.00011367577459846542, 0.9124120990397699
98, 2, 1, 0.0031582528425650037, 0.34044001937966295, 0.06957896685277619, 0.586822760924996, 0.11398686448064695, 0.0027445908366589, 0.019203120689643575, 1.0123951489144907, 0.04642714940712589, -0.02984179253096515, -0.13087294543971717, -0.05946673522715851, 0.1238966531998364, 0.13578634955812155, 0.07033584127487194, 0.001426425343585748, -0.0018182395261679585, 0.0014469249326758322, 0.04010070806271138, 0.0008514875611275437, 0.001351084235241343, -0.0012494531680004683, 0.9124120990397699
99, 2, 1, 0.0002535485734953636, 0.34288690716772985, 0.06955233449743231, 0.5873072097613425, -0.20946767744406597, -0.019413177130084853, 0.01966784091499403, 0.7482620604362298, 0.17369142058128237, -0.12368444802258238, -0.1380142890731313, -0.05787751263308207, 0.14914662614317736, 0.07390647152929722, 0.013742065855890486, 0.0006908895115099039, -0.0009462416022510614, 0.0008383718675774827, 0.041448887362610404, 0.0017144015183324604, 0.0011387241990563277, 0.0007666887150218985, 0.8788217729818397
