t, Event, Policy, P(still), P(random), P(reach), P(transport), o(t), s_a 
0, 2, 1, 0.022158674895763397, 0.0721537172794342, 0.9056786298751831, 8.989710295281839e-06, 0.5155263366502079, -0.5045130697727725, 0.5926797188880506, 0.2751127339107129, -0.022457848708240535, 0.09222813784817943, -0.12374366063112334, 0.06680991114901022, -0.5051528705519436, 0.3127318981275118, 0.10726920216502349, -0.104276026626885, 0.18244392349940436, 0.10166489438681955, -0.1288670638786526, -0.04518116245984364, 0.0562904475296074, -0.06451866914965124, 0.2182022135430704
1, 2, 1, 0.02215864901347162, 0.07215372070882138, 0.905678659343652, 8.970934055053142e-06, 0.5997761639684783, -0.42578844421582146, 0.7875402909445284, 0.12764238980860004, -0.15056700124053593, 0.2221600816452586, -0.1560949156812322, 0.15910509792452537, -0.28736610158224896, 0.4879721184748644, 0.08774974503238993, -0.00021889024420732308, -0.0005160514951030719, 0.0005289583347386029, 0.0701062488033376, -0.0004310764469422611, 0.0013058782570739115, 0.00043921835503142126, 0.2182022135430704
2, 2, 1, 0.022160050544069807, 0.07214474384877763, 0.9056862617619676, 8.943845185011281e-06, 0.5216026535996259, -0.37341889797110883, 0.6095211197428576, 0.3309402331822258, -0.16073941256274898, 0.0764200392503575, -0.24479196129512362, 0.25669802494474026, -0.1726181371093463, 0.3444565778932113, -0.01161679730550128, 0.0009395289447855882, 0.00030070091146180283, 0.0003352315482647444, 0.07173892770490733, 0.0005234745528277458, 1.5002463094480243e-05, -0.0006686152285735882, 0.2182022135430704
3, 2, 1, 0.022160465840096767, 0.07213902665767653, 0.9056916390963815, 8.86840584509805e-06, 0.629135471392537, -0.5782404604301594, 0.7265608956558987, 0.13193857822105168, -0.20340324009528715, 0.23739776041290722, 0.09286736056795628, 0.21157615450895745, -0.11821302779500165, 0.30699440357700714, -0.005732756129670807, -0.0014302510838922436, 0.00134281974823304, -0.0014874540927486764, 0.06995059667612913, -0.00014174226564754843, -0.0006641916268299977, -0.0003217402898791369, 0.2182022135430704
4, 2, 1, 0.020603787811702887, 0.07261942831751882, 0.9067674757554611, 9.308115317241046e-06, 0.6209167698273693, -0.6212188925918449, 0.5241237624988203, 0.06018277376990442, -0.11387511927358689, 0.0667863179505153, -0.018687819562184793, 0.4526709712906135, -0.3096602153092197, 0.3146131724173397, 0.08234511292928959, 0.0020650522869961547, 0.00022101272403160028, -0.0009294410875078431, 0.07082358306834224, 0.0008169122242653768, -0.0001453215029582938, 0.0011016388546122107, 0.2182022135430704
5, 2, 1, 0.020610736541595228, 0.07195421236505684, 0.9074257385605555, 9.312532792480851e-06, 0.5694740902694785, -0.572065301069837, 0.580674774178634, 0.21150748117596874, 0.06782146252886882, 0.10229228611571958, -0.1427613486039347, 0.3410823721865137, -0.32657114068612964, 0.5696898231583516, 0.016687907645204822, -0.0007894633666025027, 0.0004266491957343771, 0.0011880402443996039, 0.0686271256886346, 0.0009126158206370487, 0.0007462144228663496, -0.0002101797537914268, 0.2182022135430704
6, 2, 1, 0.021784214614279488, 0.06820553605108111, 0.9099951249702672, 1.5124364372073664e-05, 0.5227240317799824, -0.6168142118182012, 0.45038604622306505, 0.12022972026810208, -0.10208752931864178, 0.08549706147531916, -0.04884455709726813, 0.3026068745654894, -0.1271219883252603, 0.4084768515825964, 0.08798652181984286, 2.101554131106047e-05, -0.00035689000452441535, 0.0003958845643665678, 0.07044543776619161, 0.0005881228884829714, 0.002280345886551958, -0.0020629791047618385, 0.2182022135430704
7, 2, 1, 0.02830775209959905, 0.036292312562044356, 0.9353804052755508, 1.9530062805855376e-05, 0.32020657054068025, -0.4297923335506665, 0.6521430108161073, 0.3097167637295801, -0.05699259076275539, 0.07324163151875106, 0.002820243374708853, 0.20518817707857745, -0.24184536543320587, 0.4106057727140168, 0.12369043629713414, 0.0020701834010027126, 0.002241944686656194, 0.00036511772304888615, 0.07040427425883261, -0.00031227901909924367, -0.00016286228833233113, -0.0013026224634564106, 0.2182022135430704
8, 2, 1, 0.02830714254037728, 0.03627553235578473, 0.9353980772496846, 1.9247854153417762e-05, 0.5553953051414025, -0.6518902556207189, 0.5902108735099751, -0.058337808949280534, -0.11180803784032815, 0.010118854841285451, -0.2694325199276751, 0.20612626672073828, -0.353137768126914, 0.29540321995707897, -0.052640117605251266, -0.0001944271699137548, 0.0016113869517941977, 0.001222738242592015, 0.06867529687440957, 0.0014518536795989528, -9.041169627792403e-05, -0.0010711388415942738, 0.2182022135430704
9, 2, 1, 0.02830714588107303, 0.03627556739210919, 0.9353982316696013, 1.905505721652294e-05, 0.670081508980298, -0.6234420704926923, 0.4625934840437962, 0.2231054343237026, -0.23763167706630953, 0.1761478189670918, -0.26821682999916857, 0.04000600758524366, -0.2934930146073396, 0.21509994463436674, 0.14820160869551458, -0.00036674063690700354, 0.00125605324449393, 0.0013401043131573151, 0.0686493316940002, 0.001682465940364922, -0.00022111423215105398, 0.0005822165031080076, 0.2182022135430704
10, 2, 1, 0.029048388746835702, 0.035182953339317785, 0.9357407521282507, 2.790578559582217e-05, 0.5849259463910512, -0.6330440148345258, 0.3881042273387518, 0.32201418555971373, -0.06574409875155367, 0.13195445342416612, 0.08306404394158733, 0.34180486867050414, -0.22044385786249818, 0.21910852088150987, -0.05834763922806815, 0.001434326871227509, -0.0012075363688306617, -0.0001859441595506534, 0.07077577889613988, -0.00025948465678952114, 8.533150921206397e-05, 0.000948188910491684, 0.2182022135430704
11, 2, 1, 0.029046685507653346, 0.03513051613557715, 0.9357948902659217, 2.7908090847823074e-05, 0.5099417366300143, -0.6069661082278235, 0.43990792592004413, 0.43722569738848327, -0.1695588238219792, 0.12863367003678602, 0.02444011068010159, 0.253873747709424, -0.3979805074002768, 0.3247076031839162, 0.17294991553336664, 0.0017410588100392956, -0.0006690315315702022, 0.0002678186146790257, 0.07047489600148919, 0.0011525708170641161, 0.0015760278326998431, -0.0006289357890800785, 0.2182022135430704
12, 2, 1, 0.03330187705890102, 0.028034744691012862, 0.9385892036689056, 7.417458118047705e-05, 0.48449286447008333, -0.5453024040039719, 0.46558468630140404, 0.2907208134056957, -0.02398738063903415, -0.03261774389301264, -0.209045445648951, 0.2289290325442372, -0.21297313469332796, 0.24508735973419332, -0.08958843834501315, 1.9512427308105545e-05, 0.0019460366950930657, -0.00017715112619650592, 0.07157215841864334, -0.0003402746841680088, -0.001714839147097549, 0.0009899258583302357, 0.2182022135430704
13, 2, 1, 0.013004123373806022, 0.03240936437733999, 0.9545115272572702, 7.498499158380401e-05, 0.5717721438610904, -0.3839349195040874, 0.7892040919539054, 0.11224882085102314, 0.040019594064260346, 0.12093335336194917, 0.0016061093286475093, 0.2311089101707052, -0.3820164747666929, 0.2284822225049242, 0.1159615624789038, -8.99267466526566e-05, -0.00034780794197974773, -0.0006722816229407711, 0.06885793026248985, 0.0016549916011369104, -0.001433398129060156, 0.0004460610222772948, 0.2182022135430704
14, 2, 1, 0.013039386751684182, 0.032325091791654784, 0.9545624566280274, 7.306482863364552e-05, 0.44412161623956203, -0.4854608362889355, 0.46484717943401155, 0.15725560331764374, -0.1321913659596897, 0.03319948646485023, -0.19266517785644832, 0.29850306441908125, -0.39778074157557886, 0.3431641140974816, -0.051474554503207995, -8.86088764199028e-05, -0.0006031028549654324, -5.335455147669812e-05, 0.06930797098511553, -0.002172409687384323, -0.001609191380839418, 0.0005958118781568045, 0.2182022135430704
15, 2, 1, 0.01303938878411678, 0.03232528641542985, 0.9545627625974547, 7.256220299874329e-05, 0.5671166616610228, -0.5856423352068124, 0.581020586279712, 0.22110349073012076, -0.26399138258504545, 0.3456157681299166, -0.09062944931763177, 0.1602838966325109, -0.08220268384627771, 0.2643455092314765, 0.06530879193413182, -0.000573066198228673, 0.0005636540689030423, 0.0015455921683038513, 0.06918532992461798, 2.9925857688033486e-05, 0.0021334524416603906, -0.00043253934812868345, 0.2182022135430704
16, 2, 1, 0.013104316541344686, 0.03197168343788343, 0.9548508421769408, 7.31578438311478e-05, 0.505047041005688, -0.3556002534313569, 0.439686557301882, 0.20346851014230488, -0.10353636231880456, 0.12826515738933256, -0.1223302562368038, 0.25198320818102254, -0.1686185479973611, 0.3967880012388476, 0.05130554567973337, 0.0015054804473232334, 0.0017491167048997946, 0.0002637045002984601, 0.06857583170762253, 0.0005338769897290824, -0.0001873210676449624, -0.0014806933946576854, 0.2182022135430704
17, 2, 1, 0.00548828174549953, 0.03381354693967198, 0.9605394326822323, 0.0001587386325962767, 0.5235608645511806, -0.42214621008128306, 0.47163623524436493, 0.1588677264479555, 0.03759326050571741, 0.15116025137615563, -0.13682897858955417, 0.3556587185822362, -0.241078945534584, 0.1549177894513822, 0.056111912548351614, -0.0015444686641532502, 0.00024195699824791002, 0.0018641803440743762, 0.07068664198565752, 0.0002958538685601195, 0.00046323481290459333, -0.00018469587876098715, 0.2182022135430704
18, 2, 1, 0.03817866244800477, 0.0005835356622637733, 0.96106953008847, 0.00016827180126134176, 0.47063154333079205, -0.41371413028726095, 0.45849087614310935, 0.14780557396457022, -0.17832818721658805, -0.09461587246265805, 0.02841479565879399, 0.42841225134778993, -0.036272351989500295, 0.21396546513515768, -0.1416847588477104, -0.0016081785753125455, -1.4849071260107495e-05, -0.0027055434855606224, 0.07129485372176354, 0.0006658179006043303, -0.00023616354146476702, 0.0015702770014541442, 0.2182022135430704
19, 2, 1, 0.03689683138064593, 0.000621286987664674, 0.9623125749642106, 0.00016930666747874134, 0.4724027529992966, -0.4620940213753145, 0.6489951635661899, 0.28006888772416266, -0.0831216337151089, 0.08211300050928179, -0.14620124463457074, 0.37741566527913145, -0.13846640572940122, 0.26684853316704915, -0.07781790391191021, -0.00011138795368990206, 0.00037817806901919597, -0.00011171039326985668, 0.07001412759713292, 0.001500427818332633, -3.6999514981880595e-05, 0.0008760841126590339, 0.2182022135430704
20, 2, 1, 0.03585826256496865, 0.0009573045215102383, 0.9629339418075038, 0.0002504911060172382, 0.5458672957265789, -0.5216825095054967, 0.4253999512213215, 0.2752417757066766, -0.10815436925050811, 0.1540378915561198, 0.054305818857120824, 0.21276473874564794, -0.23770480620994766, 0.08305974350513534, 0.05134336115842177, -0.0008647080032975065, 0.0002468229621504666, 0.0012704793702459566, 0.0701541299464595, -0.0021938103076516984, 0.00026955325371761713, 0.0008582935359823954, 0.2182022135430704
21, 2, 1, 0.035858498376373615, 0.0009576372677019455, 0.9629354087000763, 0.0002484556558481437, 0.6046294436931942, -0.6532328382785592, 0.4838626488133272, 0.16469542522203504, -0.23242935806991424, 0.21454255487471457, -0.035982788126469524, 0.1917219350082528, -0.3501584180386508, 0.2508038169880146, 0.026315778371516402, -0.0020221129056918184, -0.0010092959675000505, 0.0009252013748760522, 0.07125200075220865, 0.0004837106971700627, -0.0014267677533534012, -0.0002937493164849946, 0.2182022135430704
22, 2, 1, 0.0006159213955738062, 0.019893043790072833, 0.979251701135503, 0.00023933367885040443, 0.442112272629687, -0.38360664263196226, 0.5909788520732057, 0.1328253127444785, 0.1804428010232614, 0.004651680181294604, 0.08321715393248744, 0.11781911535853311, -0.23711588692103375, 0.17586373305492892, 0.1597268238203521, 0.0011511489232632218, -0.0020541185391806842, -6.677317178287129e-05, 0.06762318915062202, -0.0007694863000118437, 8.420408609165987e-05, 0.0016342772819742698, 0.2182022135430704
23, 2, 1, 0.0006359719967455637, 0.01986272790664839, 0.9792975621434332, 0.00020373795317281008, 0.4953830177864763, -0.4312999901312404, 0.533012584377044, 0.293077894617474, -0.23355593292661264, 0.1650673973166453, -0.16607118819721228, -0.018068864295945185, -0.007564537035005259, 0.19712384586632498, -0.023542731223844447, 0.0019795879902662177, 0.0009008962493322183, -0.0007221403439110296, 0.07009462242633221, 5.54811054802894e-05, 0.0006431408019316489, 0.0007260216161744516, 0.2182022135430704
24, 2, 1, 0.0011349430248308633, 0.019164941616990786, 0.9794933598925936, 0.0002067554655848177, 0.43308863604442294, -0.4076123903094707, 0.44062889206363903, 0.41001206951449964, -0.18241602069203555, 0.07082591368802071, -0.07031584007337888, 0.15028603402696797, -0.1443759595521694, 0.3614983283903582, -0.1008759275565402, 0.001646029120962983, -0.0001895326412843812, -0.0025560952450319223, 0.06921548144338172, 0.001903232580879868, 0.0022685528768077176, -0.0005013162917241981, 0.2182022135430704
25, 2, 1, 0.0011254754873286138, 0.019148442127756717, 0.9795185696529627, 0.00020751273195195527, 0.4536075281630415, -0.4228497341583525, 0.4702923939158682, 0.28804789898791094, -0.1193891221869247, -0.07604040019226173, -0.23907852066858393, 0.15903500968291145, -0.17787504465801246, 0.1788703072006576, 0.10797129399560908, -0.0023369135208891525, -0.0004332587554144511, 0.0005881760369792389, 0.07099588399982742, -0.0007731039292026004, -0.0008966441754499911, 0.0014973603391935614, 0.2182022135430704
26, 2, 1, 0.0011172254224369649, 0.019132695583439604, 0.9795419216554591, 0.00020815733866441882, 0.5064615032612674, -0.4777926767995691, 0.5183991984334445, 0.1361769113336862, -0.1378959519725254, 0.1975958877501241, -0.04392329451209789, 0.18992960609812828, -0.0005726001308746564, 0.15740397783981994, 0.07131163892506458, -0.0007972153058982631, -0.0024421045725239996, -2.4180509247485644e-05, 0.07020501573135049, 0.0008944426537307113, -0.0017176318195440804, 0.0013796554098724624, 0.2182022135430704
27, 2, 1, 0.0011172258949743575, 0.01913275477896519, 0.9795421313591445, 0.00020788796691587552, 0.5343874713762587, -0.24923523614563262, 0.4583972473269692, 0.25131370907020634, -0.25899075461467114, 0.3041896861088361, -0.1292605875359516, 0.19615572292630595, -0.29729832878246526, 0.5639574964489731, 0.034259150410218035, -0.0001301996477569273, 0.00015704315333990866, 0.0012577655447777222, 0.06928027849316953, 9.368381968759131e-05, 7.929376383217321e-05, -0.0005735079243814154, 0.2182022135430704
28, 2, 1, 0.001117177514398739, 0.019132984454826203, 0.979542696267099, 0.00020714176367610747, 0.39476862924799255, -0.4748154499176521, 0.4728964065878686, 0.10762415867056688, -0.19152480583201986, 0.15148789344664793, -0.15544982203035235, 0.21173607356030272, -0.09774027676185251, 0.27523472949204186, 0.07102404093763051, 0.00013363903543779515, 4.616820186423106e-05, 0.00023842479664735685, 0.06971643723044937, 0.0010938885281172334, -0.0005033553967708582, -0.0018317381664301681, 0.2182022135430704
29, 2, 1, 0.0013413630233500581, 0.018814572125678167, 0.9796340557969584, 0.0002100090540134206, 0.4633728228036804, -0.35663117239586617, 0.5253749516349729, 0.09798186468949252, -0.11852611376089187, 0.013439000893301046, -0.1747933437193828, 0.22970441729656849, -0.18312343275623771, 0.13486860423908867, 0.010528519979634946, -0.0008551374697894834, -0.0012418759860216273, -0.0004740655631915211, 0.070683928019144, -0.0005552809229572036, -0.0010445354118008491, -0.000802586812428634, 0.2182022135430704
30, 2, 1, 0.004489280184935839, 0.014989404462565421, 0.9802383339304657, 0.00028298142203307095, 0.4536832680914097, -0.34585221888083556, 0.46785418028913844, 0.1574603423638425, -0.12721320627934746, 0.011391663813049235, -0.09675495536140596, 0.12068215667474327, -0.21427133445972757, 0.12508226606369055, 0.04342820671883504, -0.0016722130668557857, 0.0012760124342364328, -0.0010729022391162918, 0.07083169378818514, 0.0006289028173630724, -0.0005373659386172558, -0.001466068381009599, 0.2182022135430704
31, 2, 1, 0.005250361057640304, 0.013687953084566322, 0.980748935362538, 0.00031275049525544623, 0.2899040167266508, -0.31027042338076216, 0.4044078518731338, 0.04558839365900271, -0.1143242739772699, 0.14077625060003962, -0.10106288346754644, 0.2119889199439804, -0.34202338705670177, 0.12262236876993673, 0.009059298790104853, -0.0021711242585436994, 0.0015899387564049506, 0.0013745969297206133, 0.06943322191943507, 0.0016966781000648998, -0.002186404942712891, 0.0003996200136724072, 0.2182022135430704
32, 2, 1, 0.005250400239980765, 0.01368801580222971, 0.9807492816104245, 0.00031230234736492413, 0.5133515933758264, -0.503736450278913, 0.4679500569078575, 0.058081727539077074, -0.2266222856197646, 0.26576401510097514, -0.1210628816941246, 0.34987771839447157, -0.3478558221954303, 0.1114032289031576, 0.014452711019785283, -0.0014420149851439577, 0.0005940757444969893, -0.0010270328127430011, 0.06908812210480844, 0.0013234496267219582, -2.986803125833597e-05, 0.0006912382021336773, 0.2182022135430704
33, 2, 1, 0.005258657727577648, 0.013668531444438888, 0.9807601691539122, 0.00031264167407134025, 0.2934606335166368, -0.2784210394786289, 0.3400091587725669, 0.14447336195537477, -0.0958714481425641, 0.15882875114885414, -0.2137808000673699, 0.40896579696621443, -0.30542750311143607, 0.1199331314824322, -0.06935801337354855, 0.001131722142437564, -5.9940111951370095e-05, -0.0001972578028385667, 0.07129039903961945, -0.0014994200097223718, 0.0007067851247073324, -0.0006046491847083022, 0.2182022135430704
34, 2, 1, 0.005258696540950202, 0.013668806518367802, 0.9807602719008118, 0.0003122250398700801, 0.33159490024344984, -0.5567880944751586, 0.3006256768349875, 0.1494676688321424, -0.3254274327849861, 0.13896478633412618, -0.09035307149117125, 0.2710368059315057, -0.2509395759018336, 0.034765776845329596, 0.2670045088929976, 0.0013810993002622738, 0.000229371403486411, 0.0010397231379835916, 0.0681242965122568, -0.0021733695121097856, 0.0015535934244935519, -0.0007624613565245018, 0.2182022135430704
35, 2, 1, 0.006015615626140206, 0.012578276857091562, 0.9810404354635682, 0.00036567205320007357, 0.39168408546957834, -0.3757832266554021, 0.28032551724331156, 0.1050860227020179, -0.0922170367457368, 0.14526549402555786, 0.04624731319656865, 0.1769442086100139, -0.18813345012738952, 0.24244172345983417, -0.04563150248481831, -0.0009316703260740429, 0.0007403754391049216, 0.0008868696735854079, 0.06927892683899525, 6.165016119482033e-05, -0.0012037563970692619, 0.0024400306231809146, 0.2182022135430704
36, 2, 1, 0.0055898207400373575, 0.012638609660413132, 0.9814014070960436, 0.00037016250350593486, 0.4414981148954101, -0.40410219369936184, 0.4144261650758958, 0.1907136251694888, 0.0298315691606059, 0.1740771726034352, -0.13862877715392302, 0.20162276759941786, -0.45505365143507, 0.09686152539808497, 0.11266404355636332, -0.0009662015468603558, -0.0009488713234701908, 0.0005472005761965268, 0.06922328652265738, 0.0017204890840258728, -0.0004015420089586377, 0.0018637963323171161, 0.2182022135430704
37, 2, 1, 0.006965322535559451, 0.010888505197828713, 0.9817222104954448, 0.00042396177116697694, 0.3254614221341788, -0.1652554427399388, 0.41998983428189157, 0.19619552549420988, -0.1250543905305172, 0.04262092483015952, -0.13552988928680565, 0.24351576575446443, -0.16870388379047913, 0.0929901256826624, 0.07652108930600723, -2.62864956675046e-05, 0.0008225226462296124, 0.0002959342053905254, 0.07034593965171392, -0.0008749714247220819, 0.0003607330197032458, -0.0010972280638701323, 0.2182022135430704
38, 2, 1, 0.006956703748201378, 0.010893815960592105, 0.9817336729376827, 0.00041580735352394446, 0.5812338684837246, -0.5214754426892514, 0.5918468182500979, 0.330305958924024, -0.1491448149440123, -0.005968724715249651, -0.1525126809754047, 0.3319746058730614, -0.3157351174762516, 0.24752258586374687, 0.2030538694046439, 0.0015765577236424356, 0.00027256313795607633, -3.4067655879978954e-05, 0.06973210243892554, 0.00047135184381626595, -0.000871643935621536, -0.0008389843206148184, 0.2182022135430704
39, 2, 1, 0.007386800454098516, 0.010413970823843315, 0.9817873739364256, 0.00041185478563260863, 0.48185107774762637, -0.3870507388598094, 0.32252569507101675, 0.023974072938270474, -0.2443139807178881, -0.018181785965728524, -0.0586338701780321, 0.22521642876939962, -0.18588367381625653, 0.19779004193159794, 0.047395028060339725, 0.002270610554636613, 0.0009563704850474286, 0.0008994379958650364, 0.07097629936996147, -0.0006091971776570185, 0.00032936794331407605, -0.0014867447286153084, 0.2182022135430704
40, 2, 1, 0.009003555510397129, 0.005475279421545895, 0.9850407697239459, 0.0004803953441110787, 0.3913612500553375, -0.2475784856080892, 0.49996235613439505, 0.12879017308840066, 0.01774501049301367, 0.024606959056230206, -0.14456450389384684, 0.1470009167608674, -0.2366615070542427, 0.22972677499511232, -0.026327020282589854, 0.001350974726156728, 0.0004026218614140844, -0.00035043009803411337, 0.07104369219129394, -0.0015840920942198368, -0.0006858721925542424, -0.00039288764756443254, 0.2182022135430704
41, 2, 1, 0.010342212843984315, 0.00369949050610305, 0.9854728272262564, 0.0004854694236562474, 0.42430501141732624, -0.3326832663654426, 0.6070733363718721, 0.1845238542362605, -0.1561269290609922, 0.0248097660647675, -0.1037629401011632, 0.2440219510811963, -0.021300024576434717, 0.17625700386390572, -0.043910031556089545, -5.505164446328952e-05, -0.0013267432695017014, 0.001242995681312393, 0.0696995841773427, 0.00022978530351269264, -0.000545626092194269, -0.0015455244984735074, 0.2182022135430704
42, 2, 1, 0.010342365240966189, 0.003699555830004679, 0.9854736481737729, 0.00048443075525623434, 0.39019805345261893, -0.5260925425660229, 0.5153491007926727, 0.10718412401584072, -0.25061122093410604, 0.13191104072292487, -0.28563003848846924, 0.12747678092598497, -0.0648144433828339, 0.11850399052322298, 0.005650704376953875, -0.0015196599123177073, -0.0014535454388130635, -0.0002203563159949283, 0.06969601912014384, -0.0016949282897886872, -0.0008966088969477998, -0.001924378632166293, 0.2182022135430704
43, 2, 1, 0.010342552254567365, 0.003699467030669344, 0.9854729544719286, 0.0004850262428347278, 0.22286022667279895, -0.2868499146389988, 0.3086384594191366, 0.4178602099306511, -0.26055880713958557, 0.30035270070152986, -0.16732723780550957, 0.053352619927082554, -0.17360530316811038, 0.18142545262662668, -0.1619025120300999, -0.0007735753231962009, 0.00027822841086547797, -0.0023967915876593115, 0.07010221449356538, 0.0002516095785426053, 0.00036611755539233597, 0.0003804539813871921, 0.2182022135430704
44, 2, 1, 0.010341126652020546, 0.0037001100189977413, 0.9854738491987353, 0.0004849141302464605, 0.24173518658564422, -0.2740520447707143, 0.4784961541423284, 0.2043239966726397, -0.16179272580108603, 0.19130119133505258, -0.23359610518397575, 0.13833191756809124, -0.19862398036839682, 0.11785383927043643, 0.17009038929100495, -0.0004530615255477484, 5.786826525740543e-06, 0.0009279510454926919, 0.07163921303850829, 0.0004328146886860772, 0.0027479351551193422, 0.0016912595062446658, 0.2182022135430704
45, 2, 1, 0.0006820850738682948, 0.006855861481926957, 0.9916632374621497, 0.0007988159820551623, 0.4577061138098332, -0.5241653330665103, 0.44757792235888305, 0.07117874649234446, 0.01278906679866485, 0.05267439692279903, -0.08313299370454749, 0.14969808693948033, -0.08329303362461622, 0.23150529879527365, 0.04209399817481095, 0.0007883130969558087, -0.00014483674344299474, -0.0017744449807672983, 0.07019983533775838, 0.0020487158320367928, -0.001011861976381292, -0.0016397320816090907, 0.2182022135430704
46, 2, 1, 0.003786627087003668, 0.0032416733657093942, 0.9920142403195691, 0.0009574592277178031, 0.39425550447091934, -0.354400820326363, 0.33902198688710167, 0.17457971200081712, -0.16936964405195826, 0.0949500016282723, 0.0007693129559690704, 0.1837906560284476, -0.22502771534489927, 0.0698856117700702, 0.03282946437331006, -0.00041845701498189665, -0.0008918072208739213, -0.0008157436624479424, 0.07001894187459584, 0.0020913811775568423, 2.6737118496862606e-05, 0.0017651223804969174, 0.2182022135430704
47, 2, 1, 0.004999790142880576, 0.0019322146498570423, 0.992081307563273, 0.0009866876439894709, 0.2864594981523642, -0.32917235690885016, 0.3062523479305655, 0.2610189864510154, -0.14189830914968948, -0.07063537722490867, -0.11749215750850084, 0.22370315345456407, -0.28228741394859524, 0.05043054513831206, 0.010576613717027502, -0.0010601022326405605, -0.00044982389274098543, 0.0009509104945257379, 0.07221895164718359, 0.0004799514655523645, -0.0014385907695300703, -0.0011565306382903743, 0.2182022135430704
48, 2, 1, 0.005170371408651054, 0.0017268614470134166, 0.9921160625812999, 0.0009867045630355662, 0.20953902465436683, -0.36991232891732456, 0.32333179912529764, 0.3006477733610373, -0.17580096437828377, 0.08553892001948886, -0.0752334160246159, 0.3092846631622098, -0.31857575491262086, 0.1499663386898184, -0.01686541616169604, 0.0009543953215553888, 8.801937244275906e-05, -0.00044703897974621344, 0.07106013855408508, 0.00043648321802213977, 0.0005503417910073139, -0.00021234244069605413, 0.2182022135430704
49, 2, 1, 0.005170408893730869, 0.0017267312909036842, 0.9921165071603764, 0.0009863526549891313, 0.39455478478319594, -0.36257545337773706, 0.37200551573603374, 0.3665910492086612, -0.1664523642519879, 0.15715023169860806, -0.11228816697054597, 0.1430262978580346, -0.3700578552464381, 0.4763717220984322, 0.015642387605352713, 0.0004368522380648253, -0.0004808883165332217, 0.0005870584024180751, 0.06907410446764929, 0.0009053809856968463, -0.0013018978145520757, -0.00018756568330458796, 0.2182022135430704
50, 2, 1, 0.0051542393134995385, 0.0017298981540181412, 0.9921277858364194, 0.0009880766960630356, 0.38227218489067327, -0.27401066895077475, 0.287735654200906, 0.26499037311532686, -0.15015430749685116, 0.1602161913518207, -0.10010833733343685, 0.14740562215164563, -0.08245896743527222, 0.24165309421008488, 0.10270772903797507, -0.000817882853359906, -0.0006874333136756298, -0.0006104465150895954, 0.07059910010172168, 0.0008522386218621102, -0.0004041296001960225, 0.0008736146749021227, 0.2182022135430704
51, 2, 1, 0.005069404925366309, 0.001734124005848199, 0.9921588364847962, 0.001037634583989312, 0.25518450918741536, -0.4180299458325867, 0.29441116047654814, 0.27583345510713225, 0.004587426810360595, 0.22323932083575312, -0.19784392492132694, 0.11689572679080193, -0.1663502782019628, -0.022171960739467922, -0.022219595179398446, -0.00021340225289891057, -0.0013179360866490861, -0.0014349716570602696, 0.07062174922696764, 8.202358683649166e-05, -0.0011622043992865006, -0.0006717565478139636, 0.2182022135430704
52, 2, 1, 0.005189375549025032, 0.00158564941197645, 0.9921794244251669, 0.0010455506138316198, 0.30695492219790516, -0.4142294207191526, 0.29767562594065156, 0.2524021238647297, -0.0857774522560514, 0.03859790238607987, -0.1167296885328279, -0.09244544192445359, -0.24089233998468718, 0.11292055403554228, -0.11746777604726125, -2.341319079559602e-05, -0.0008330349477283936, -0.00010380416719838891, 0.06969807173091716, -0.0005018646321013888, 0.001192193847620007, 0.0020258532625926995, 0.2182022135430704
53, 2, 1, 0.004747171580451021, 0.001367163202882986, 0.9927248014602662, 0.001160863756399755, 0.3459579270804417, -0.43770781622766963, 0.49524331412347833, 0.07801808199822151, -0.00028764870082502724, 0.1225217824282526, -0.12265374406556748, 0.053700865644888386, -0.18163487824768235, 0.044520536775227784, -0.10020243167684992, 0.0010429742369469886, 0.0014013155119308254, 0.00030948724629993634, 0.06945567055410527, 0.00031980730346634745, -0.0009212219271488257, 0.0018063564126341598, 0.2182022135430704
54, 2, 1, 0.004743056178456251, 0.0013564941799875797, 0.9927717885912016, 0.001128661050354584, 0.013022667772074259, -0.24561252374834686, 0.49201321914644824, 0.1666516759851861, 0.02545178000951003, 0.25479843249697487, -0.14085672757375625, 0.050339629326567735, -0.0970771487194346, 0.16364360310166515, 0.009131353784921576, -0.00012121848336218042, -0.0005109839704856024, -0.0004473574956756097, 0.06969338255360738, -0.0029474209790671573, 0.0009198775944771252, 0.00036957102244592334, 0.2182022135430704
55, 2, 1, 0.004725132931135318, 0.001366263439809439, 0.9927844480121321, 0.0011241556169231872, 0.26612006405422167, -0.3880101523868128, 0.37618712816960864, 0.34297460964153215, -0.17688792724889568, 0.2936056055508346, -0.04000948679283685, 0.23765434771011001, -0.2286668883092033, 0.011742782020616137, 0.06714818588821471, -0.0008621220272689246, 0.00010756827989226884, 0.0007608051685429986, 0.06991826179443567, -0.0010797919906216724, 0.0006297393239585726, -5.5346246146699745e-05, 0.2182022135430704
56, 2, 1, 0.004709380729259676, 0.0013595309621530433, 0.9927945538647992, 0.0011365344437879517, 0.3625681181925167, -0.1723804604138449, 0.35430234295342716, 0.08077835002184341, -0.1169384119329681, 0.05989580371609079, -0.12413858304977587, 0.13349476567072513, -0.07506470124724487, -0.012750758367105108, 0.2232162788544033, 0.0005699214141738164, 0.0003922028399025709, -0.0007049589714916653, 0.0713051976756084, -0.0019430306726931554, 0.00089901428631239, -0.0011646616350160185, 0.2182022135430704
57, 2, 1, 0.0027753630845399895, 0.0010732033580596802, 0.9931231668867486, 0.0030282666706516613, 0.28238887486294806, -0.3206097265076789, 0.15759427354865801, 0.23016232150975308, -0.056782572895243764, 0.22951292357068115, 0.0018423906289697588, 0.1857117415788275, -0.05746598714919203, 0.003028080465413696, -0.029638992173994527, -0.0006541206353757128, 0.0006000815586839846, -0.00034666250698129134, 0.0700735504268642, 7.94586714110138e-05, -4.529848755035316e-05, 0.0007040249693053164, 0.2182022135430704
58, 2, 1, 0.002741422477494022, 0.0010859156167887431, 0.9931396517514706, 0.003033010154246666, 0.2637825959214485, -0.310922615215663, 0.3414311427527351, 0.24605125863489255, -0.16744537390980743, 0.13207029785586957, -0.10834487025324457, 0.2895219934582429, -0.10190697867173207, 0.09799030558552473, 0.11320631463595421, -0.0008658151119995374, -0.00024209281957189916, -0.0014802998634951446, 0.06994393237214365, 0.00021364807348975287, 0.0006731695244945842, -0.0017810772300166102, 0.2182022135430704
59, 2, 1, 0.0027417231637886317, 0.0010873779839659589, 0.993137294412896, 0.0030336044393494254, 0.20635569271386575, -0.14501168802550937, 0.30495612742374023, 0.15161634634555096, -0.15933010346447704, 0.1641357208055363, -0.33460351511663616, 0.12287787007929803, -0.07040406707468636, 0.03231884134498717, 0.0710760914543338, 0.00029593524870360924, 0.0021255689686550698, -0.001920970688351615, 0.06962388677526807, -0.0010172575693344343, -0.0020308161600341105, 0.0013782803138051992, 0.2182022135430704
60, 2, 1, 0.001112879968146395, 0.001415970196174172, 0.9939215437228721, 0.0035496061128073263, 0.23637886413470915, -0.39472273686172166, 0.19770846745728032, 0.21598918867075664, -0.017353181202404665, -0.029806985329634505, -0.20536969373172154, 0.2954189258024501, -0.029168066495963773, 0.12676113957371202, -0.048567553572043065, -0.0017765829775748636, -0.00027213751899791137, 0.0014406578001249068, 0.07063360776471989, -0.0006151976808348763, -0.00039742587137929725, -0.0006823439050319286, 0.2182022135430704
61, 2, 1, 0.0001964036153039529, 0.001627724433968219, 0.9942934685476323, 0.0038824034030955847, 0.42351650357233234, -0.20433200417203246, 0.2582074715792311, 0.09104826713105937, 0.007715774862653402, 0.2051393631357467, -0.05943532535724892, 0.1839415442213736, -0.06235099294122883, 0.13802448686784105, 0.0018585271393541255, -0.0006806944008119136, -0.0016895355950837076, -0.0015092954361466608, 0.0706063116320304, -0.0005528533647006216, -0.00011091083404090259, -0.0016976228281776686, 0.2182022135430704
62, 2, 1, 0.00019860260902693366, 0.0016254130089165633, 0.9942957841275089, 0.0038802002545476927, 0.45128094623971454, -0.2926734272663595, 0.37803250185308757, 0.35282575618866907, -0.14154887919458264, 0.08993163291819425, -0.2484743545412269, 0.15569269966472601, -0.12274692503217537, 0.1946390874493253, -0.0902672236301814, 0.00113553898932805, -0.00071127288043729, 0.00033774846336519324, 0.07000500704795562, 0.00019955497145418365, 0.0019601222579305267, -0.0007195195577894907, 0.2182022135430704
63, 2, 1, 0.00023827047029948, 0.0015859584639792456, 0.9942995939599594, 0.003876177105761926, 0.3151596136036361, -0.09307530963656829, 0.3290619195843458, 0.16397094840335855, -0.1734868126922165, 0.06986533823766734, -0.21193029310286646, 0.0949542494239464, -0.1308205861416687, 0.14063237207799956, -0.08826328633440776, -0.00027837242065980873, -0.0008953859030794315, -9.006436853741221e-05, 0.06946322712602271, -0.0004605145116690345, -0.0013944489937102538, -0.0008829585229222006, 0.2182022135430704
64, 2, 1, 0.0002388623391899572, 0.0015863258497181268, 0.9942986431857592, 0.0038761686253327267, 0.2399202122648655, -0.2744020037685623, 0.1539556900756102, 0.19125449324289953, -0.11592739606897098, 0.2404542719517356, -0.20680927450208894, 0.20313538937477352, -0.26262102463103376, 0.127428842630859, -0.02928172948468022, 0.0021115958515523247, 0.0005416570531640686, 8.928165322183841e-05, 0.06958775230317074, -0.0016304035072931713, 0.0013300269469319619, 0.0007423753342898697, 0.2182022135430704
65, 2, 1, 0.00021912892949080823, 0.0015858609998582005, 0.994292367958525, 0.0039026421121259873, 0.22526827769168567, -0.3561941460195053, 0.17309217691617904, 0.43112285898185315, -0.03007599043426079, 0.25200370244042236, -0.10245416333154558, 0.11696584855893637, -0.026692657698707833, 0.06490098417703132, -0.07229183667979447, -0.0006801595334351202, -0.0008167068717358568, 0.0014312633757865075, 0.06913065204445808, 0.0002076081925477087, 0.000521067692159957, 0.0003587586509306196, 0.2182022135430704
66, 2, 1, 0.03210774187737836, 0.000324382826951851, 0.9625497611123075, 0.005018114183362378, 0.20226118151409378, -0.22110680290876306, 0.26454109320375147, -0.021031527836540543, -0.09104217785491057, -0.1199133589647415, -0.13827231931925316, -0.04737099491745071, -0.21612431297396933, 0.14629366586877118, -0.11667538052928476, -0.0011108202253615345, -0.0010305643559726683, -8.748145475529105e-05, 0.06949873032413645, 0.000267279322326574, -1.3045010716212924e-05, 0.001663470737340214, 0.2182022135430704
67, 2, 1, 0.034007976007932865, 0.0003121868203238426, 0.9602295316852335, 0.005450305486509808, 0.06734109994500063, -0.23238058466700778, 0.3995664394707029, 0.23727495226758943, -0.18714266198851798, 0.07470634421107591, -0.07310143872301292, 0.16950287497247646, -0.05945777128369874, 0.05796000363254389, -0.09052110308295813, 0.0005452649695813017, -0.0019644951845411906, -0.0006561536763237432, 0.0699806566447957, 0.0011313850210824398, -0.0015149478384006208, -0.0034133107328183413, 0.2182022135430704
68, 2, 1, 0.011521419792511655, 0.0011041760557713898, 0.9653515909985965, 0.022022813153120484, 0.31433670067737085, -0.17857799844631397, 0.1735452992292247, 0.276603410107933, -0.049593600260374494, 0.11825311595867419, -0.07494921600946096, 0.052063029635670374, -0.21486070778174757, 0.09974744734322419, -0.10683533225148796, -0.0007041556386517078, -0.0004457565302073514, 0.0006143755231397085, 0.07005667818787004, 0.0008295264538186407, 0.0006428300502453216, -0.0017965316702218345, 0.2182022135430704
69, 2, 1, 0.011431780592361442, 0.0012802059420275215, 0.9652150156111405, 0.022072997854470526, 0.1297437573667406, -0.23050416136880333, 0.20346608136248978, 0.21291538394503515, -0.0009279706364055506, 0.07342999440646367, -0.19363007452909314, 0.009352282857854199, -0.17674390365940043, 0.2798520907082599, 0.08630893822419647, 0.0005379817321791879, -0.0017895981229717824, 0.0018545192790444306, 0.07043106762871756, -4.1292183518575476e-05, -0.0002882275826989579, 0.000660031172775291, 0.2182022135430704
70, 2, 1, 0.012485088878363406, 3.6455735127732954e-05, 0.9652302577483344, 0.02224819763817463, 0.49934360018555035, -0.12965461409724582, 0.21443185272435278, 0.1212694791655609, -0.1900163587811463, -0.018633078538985503, -0.057936997375622676, 0.06857251626455436, 0.05064951788281654, 0.05267537955047611, -0.12038239108125082, 0.0006560223139981471, -0.00011986588815031816, -0.00018974808426247596, 0.07126271678602014, -0.002149081285871994, -0.0002754478101765013, -0.001166003595197734, 0.2182022135430704
71, 2, 1, 0.012516177965954407, 4.198898940829583e-05, 0.9651088609800386, 0.022332972064598743, 0.3046071680759968, -0.10440610696039379, 0.19996560022631432, 0.22071426442734113, -0.10830573141399309, 0.19407294774498268, -0.2947468714727057, 0.038858163155515914, -0.22489736251697554, 0.17132275331177874, -0.17874567088187734, -0.00024153840871485966, -0.0006349001234828166, -0.0002515847097243107, 0.07083427264841795, -0.0019986537415425986, -0.00039173645311088074, -0.0005663460741178342, 0.2182022135430704
72, 2, 1, 0.009370029511479602, 0.0022774842964335897, 0.9645734817005202, 0.023779004491566676, 0.15567930121713053, -0.2381501638506151, 0.09715171870906038, 0.36620785195472394, -0.08192298932132296, 0.11792699051660857, -0.15985767787804847, 0.20623900161563022, 0.11224754427576866, 0.10004144794079708, 0.0777577383856279, -6.39706922147352e-05, -0.00026551508268811175, -0.0001644209631325938, 0.06902665288962481, 0.00029777473626636, 0.0003582123380602797, -0.0010265581301651273, 0.2182022135430704
73, 2, 1, 0.009031371208937601, 0.0025264270931122314, 0.9646828860781246, 0.02375931561982567, 0.2668637516663416, -0.22912332562615978, 0.29932077196871154, 0.19142316555272132, -0.14285642706409726, 0.05145068398414473, -0.07108572023387029, 0.06233852907619013, -0.13420895546665323, 0.31100686607902417, 0.1725212455720191, 5.50585710152054e-05, -0.0023141387929651674, -0.0010249466364678126, 0.06920503396467641, -0.0006147446999665695, -0.00029236480204078663, -0.0009152606901370765, 0.2182022135430704
74, 2, 1, 0.009031158785464082, 0.002557533173626617, 0.964647489815608, 0.02376381822530134, 0.21847167985369578, -0.13983401956106595, 0.26126932315694223, 0.18983004075144, -0.14084584161386932, 0.26159466774986706, -0.2358355709313157, 0.0480282039473855, -0.10355300874903879, 0.1477203021108338, 0.04170691322147561, -0.00025333714661396805, -0.001286874095529342, -0.0007467112189495629, 0.07069320310861768, 0.0004993060067374966, 0.0010095157359049556, 0.0009951228166642121, 0.2182022135430704
75, 2, 1, 0.19948602262161172, 0.07172499623349622, 0.5558757181619406, 0.1729132629829515, 0.10378043254580108, -0.18689053452559667, 0.02518703912074438, 0.2955268000129808, -0.32721992326791616, 0.034033841115684804, 0.049462231302684415, 0.08785362045307206, 0.015450597352235907, -0.039481166827237145, 0.1193730424008623, -0.000900178596564752, 5.7073605061302555e-05, -0.0007991082668215452, 0.0689131556194564, -0.0005175183099106592, -4.20133163607058e-05, 0.0011915385748395085, 0.2182022135430704
76, 2, 1, 0.20936100325029555, 0.0738078566451562, 0.5335975394067715, 0.18323360069777694, 0.1537959437221829, -0.08640810306385464, 0.24827609863526115, 0.13284782861154146, -0.20260339990056703, 0.12131264689921843, -0.11325594541279238, 0.15469505501703068, -0.059077988193076705, -0.009404705702607829, 0.03614412973360244, 0.0015015046275812841, 0.0002721057993067924, 2.0859596449538486e-05, 0.06998625088335095, -0.001330811267441611, 0.0002954723172483692, 0.001348747618503752, 0.2182022135430704
77, 2, 1, 0.1977610721258835, 0.08040142486460301, 0.5387304028056416, 0.18310710020387205, 0.06781615854614795, -0.22881291287507413, 0.28531139979179815, -0.038743905988034524, -0.17329953795711187, -0.05671737916360562, -0.10422988384055878, 0.09137011024470673, -0.19946072162741263, 0.17204554200336153, 0.15993196549685545, -0.0010761841680338921, -0.0028244025174086512, 0.0007305977647773836, 0.07118234548302925, 0.0016768782471968246, -0.0009327517540349065, -0.0009570950802184659, 0.2182022135430704
78, 2, 1, 0.01294729033502367, 0.1072908424858697, 0.5883377262597219, 0.2914241409193847, 0.3091368333077676, -0.146579679322955, 0.19086604541997923, 0.09315778576911868, -0.009501867341029402, 0.12149674050519432, -0.06957812303229818, 0.08941257085852738, -0.20061853297895169, 0.07388531082598218, 0.09312104793812563, 2.6066171697199722e-05, 0.0006713145149209751, -0.00013595288684433546, 0.07037505394177676, 0.000914804566848303, 0.0011114283857809042, -0.00018219055261879273, 0.2182022135430704
79, 2, 1, 0.011040477469780288, 0.10607601172334996, 0.5883157857289251, 0.29456772507794476, 0.18625529039701477, -0.17818586856057128, 0.11545961537926952, 0.25678665150586566, -0.1424913767663601, 0.08127915744289194, -0.08400430844525378, 0.1547532675908097, -0.04110718487528174, 0.033969645221959825, 0.19159316538588203, -0.0010838484193356605, -0.0004339214602324889, -0.0010521537496140268, 0.07122331620283354, -2.5383228416452027e-05, -0.00022475807680895067, -2.5095258078925292e-05, 0.2182022135430704
80, 2, 1, 0.01125287558041789, 0.10585740284339025, 0.5876762205096849, 0.295213501066507, 0.2497877280053483, -0.09814943056005102, 0.07412607007086139, 0.27584376376752295, -0.24122365614523938, 0.16865023680189917, -0.09799245227159856, 0.19105286333388743, -0.06341859926303617, 0.03425233023378048, 0.07713652484332172, 0.00044522014978175186, 0.0006874870659981725, 0.0008837957072446232, 0.06975222138660182, 0.0023828514313237893, 0.0005414942060964795, 0.0005517964754191615, 0.2182022135430704
81, 2, 1, 0.35428109610789804, 0.003257409627913949, 0.34200421699614686, 0.30045727726804117, 0.09650014966848816, -0.0873360784369577, 0.39543193287898004, 0.3303572652246568, -0.1828742905567045, -0.025984350696101565, 0.0024817353057157822, -0.0342160767875271, 0.08596250707071237, 0.01204024314998674, -0.051421564948954536, -0.0013675178863189982, -0.00024865763110697766, -0.0003374480298107096, 0.07059548792833796, -0.0006818714281311949, 0.0007102290529642127, -7.184985290161488e-05, 0.2182022135430704
82, 2, 1, 0.057037120475939104, 0.08362571552991634, 0.08591586651429428, 0.7734212974798502, -0.0302450194229257, -0.12408727066953232, 0.055004173832814564, 0.2713977690606272, 0.044545688344860765, 0.08885654409765542, -0.0637038263881502, 0.010635473342039875, -0.012065584291397086, -0.027094334566633883, 0.1366033365243769, 0.0011509527595849039, -0.002075868493948105, 0.00010652456989772147, 0.0680750510006524, 0.0006489243806665206, 0.001347760779450915, -0.0015962339823748218, 0.2182022135430704
83, 2, 1, 0.011936602881198459, 0.05232330198450987, 0.09891402778117159, 0.83682606735312, 0.21006659940101763, -0.07544684911815323, 0.08327988533958171, 0.21860190760947998, -0.038278323576894514, 0.27502925046379556, 0.06802866814440414, 0.13111367303207394, -0.06028480713414168, 0.10984777162228224, 0.003701898178640966, -0.000940095821631857, -0.0017656140145339376, -0.0007324908395635479, 0.07012382035863995, -0.0006144970958417376, -0.0005843633694939073, -0.0012372244229210826, 0.2182022135430704
84, 2, 1, 0.05201694277069331, 0.021175876334230688, 0.08899909536411797, 0.837808085530958, -0.025610769341745554, -0.24236182930732228, 0.23541495037530172, 0.23186830774532705, -0.13393751194565326, 0.04749192893717691, 0.002883319840702181, 0.14778560073250593, -0.032296904188704144, 0.03190787327142193, 0.04916603669484123, 0.0010973208344613014, -0.000864154085744821, 0.00027083194672815477, 0.06924356079359487, 0.0012864088911702495, 0.0010275472310416341, 0.00011096023944108386, 0.2182022135430704
85, 2, 1, 0.048218836849872194, 0.019712571808588653, 0.0885969454891357, 0.8434716458524034, 0.06893350057458232, -0.16381349579903196, 0.1574156324059404, 0.23102294085372116, -0.11184140891212871, 0.06815567464539386, -0.2254101059407838, 0.012663890440463937, -0.1769084357978508, 0.0334296414173636, -0.0025204183662289265, -0.0011052704392896634, 0.0018699682322725834, -0.0006077924589914752, 0.07091811138566426, -0.0006327806388044617, 0.000809075369604406, 0.0004376613571931083, 0.2182022135430704
86, 2, 1, 0.06832122192012391, 0.004611916639701163, 0.03796706994453189, 0.889099791495643, -0.04111789359428242, -0.1659922832405351, -0.10054978561765368, 0.2446738030395646, -0.10141743349669854, -0.02515203024093211, -0.15526390002436036, -0.038675819054606896, 0.11010277711859504, -0.037638435679121784, -0.026531199621063088, -0.00010821135779004901, 0.00020575218581122818, -2.7879846576628727e-05, 0.06993215951275397, 0.001872021143774816, -0.0032412363911920074, -0.00105102891084303, 0.2182022135430704
87, 2, 1, 0.05933995485803457, 0.009030291320575137, 0.023683903828272845, 0.9079458499931174, -0.021644910546400532, -0.09922230024139936, 0.2512979023093945, 0.11889626679442353, -0.04457517404346223, 0.34213994758162186, -0.022105846939104556, -0.0038554425716632755, -0.15261953357870045, -0.010239612380890929, 0.05914264620209111, -0.0010136894198490595, -0.0007479158617782306, 0.0003821676467013285, 0.06998805233944676, -0.0010224307032468704, 0.001200811823946414, 0.0004563678516566235, 0.2182022135430704
88, 2, 1, 0.01893471949989539, 0.011433130722417651, 0.0184145885843861, 0.9512175611933009, 0.051855699461626284, -0.2623592531555826, 0.09599360630349216, 0.3092614940907602, -0.14742556226072256, -0.0444234811420442, -0.04929568578632495, -0.11224081794165923, -0.06150358146242241, -0.06522211881472047, 0.1269671914439184, -0.0011183425992716445, -0.000375160128314657, -0.00024948284087962513, 0.06826097106216754, 0.00020675345910070564, -0.00014620693178741016, -0.0014196033817052895, 0.2182022135430704
89, 2, 1, 0.008198884012550856, 0.0034135004121045166, 0.018246130162683352, 0.9701414854126613, 0.16281921748500044, -0.1702255008752122, 0.15136356159062303, 0.36130253239220184, -0.030546313200792242, 0.1062667922798336, -0.03313888248611069, 0.14903099157955363, -0.029723519124531757, -0.03726960647190556, -0.026583317871843613, -0.00167821324396834, -0.00027080069740583254, -0.0012904864864403706, 0.07035305471748385, -0.00011085763870014153, -0.0001820069400581713, -0.000331267636646016, 0.2182022135430704
90, 2, 1, 0.008254768721992, 0.0037113938099940648, 0.014971180202747396, 0.9730626572652665, 0.06743221428539395, -0.09190755962007406, 0.020903787297900423, 0.1843225323287512, -0.1974401449129309, 0.36399539579634665, -0.11161385159774635, 0.13769515887215947, 0.04589826180336737, 0.07363938362613667, -0.09655840279238481, -0.0009980470722785067, 0.0005478774569983005, -0.0012623806127528597, 0.070898971014102, 0.0022822026167780935, 0.0009311157486111908, 0.0003048612396824034, 0.2182022135430704
91, 2, 1, 0.00949226979440499, 0.004660725396641019, 0.012509234196386004, 0.973337770612568, -0.05749135946425281, -0.10234118527260305, 0.1343328814962232, 0.14589898116155475, -0.1281667597541221, -0.037796561234043936, -0.22667705314436057, 0.24907450945136328, -0.02817082045288617, -0.009307382611998493, 0.15356194714334256, 9.92055086406879e-05, -0.00012406007051035054, -0.0013452393862775126, 0.0694321041689611, 0.001738713264648473, -0.0009690238702444382, -0.0001872251992452074, 0.2182022135430704
92, 2, 1, 0.008964976821135695, 0.018865951281598056, 0.01063872047878049, 0.9615303514184859, -0.06902337772593703, 0.035079769698373356, 0.0782708149810222, 0.08978863601861845, -0.07538816407428235, 0.329437755842522, 0.008209012356609669, 0.18229316489340033, -0.10621489373397452, 0.24765504965939705, 0.12467499121427202, 0.0026381323659832923, 0.0005686865900426997, 9.815107143966258e-05, 0.06902729441377409, -5.053635726140196e-05, 0.0016411416642246129, -0.001927498387278881, 0.2182022135430704
93, 2, 1, 0.011876066748840796, 0.017552828177888648, 0.006673508666382038, 0.9638975964068884, 0.11064516443150137, -0.15054938584191807, 0.21920143624768076, 0.26899079987397273, 0.04930840690424563, -0.06654329596203183, -0.10502268484053945, 0.02959539254231521, -0.0017561048739230367, -0.0266099916775192, 0.10201520526057054, 0.0006440555101502516, -0.000726699516944683, -0.0005803703592916684, 0.07030940572229638, -0.0008616316478723088, 0.0009287193655106623, -0.002291076386224558, 0.2182022135430704
94, 2, 1, 0.014380693664954255, 0.016565795983392625, 0.007016257610214553, 0.9620372527414386, -0.02189483713818524, -0.16276479825838736, 0.17008247745785834, 0.1795303921519476, -0.1825639716195077, 0.05195379195979029, -0.19469867433355986, 0.12262483758741256, -0.10007717193007355, 0.06037563924493482, 0.04464483177525491, 0.00023649789442109097, 0.0002817074641894461, 0.0009458964888928681, 0.07178057335057712, 0.0003250454095049154, 0.0010255772134739809, 0.0010868470770573732, 0.2182022135430704
95, 2, 1, 0.0049231655630664175, 0.009090678760096072, 0.004890978062176254, 0.9810951776146614, 0.049370497169094155, -0.006069782490782749, 0.09219022129701034, -0.015588462356525579, -0.02632683853389587, 0.12570559363357936, -0.10861448417048081, 0.1297309650674339, 0.05493540638093829, -0.13919533438581616, 0.04939478507172582, 0.0006641390595027742, 0.0030437172829279333, 0.00033350248656184003, 0.07171065138282137, 9.590309943903523e-05, -0.000984350767013733, -0.0005420184373261075, 0.2182022135430704
96, 2, 1, 0.005157436502702808, 0.009254769010499458, 0.004420348104745422, 0.9811674463820523, -0.16475426477033114, -0.2026599715826139, 0.04512002016765369, 0.3820101977903157, -0.3218988522651801, 0.19998810034701014, -0.20401994790500985, 0.01984285539183199, -0.17177322984279625, -0.03956163243281354, 0.004168204875220738, 0.00012253186559555736, 0.0024172722860018253, 0.0005541710275749511, 0.070003332028188, -0.0007502773200102904, 0.0006480154174207046, 0.0005945718703355715, 0.2182022135430704
97, 2, 1, 0.008599601555655801, 0.008860678033504345, 0.0011815466069064807, 0.9813581738039334, 0.0020252471012922823, -0.052315284098440926, -0.08778460881210451, 0.05224583618829093, -0.16848691376378624, 0.08967304852929399, -0.04553911269846243, 0.025499010972876525, -0.04741177674898818, 0.2677172362570793, -0.12038732939091668, -0.0020081152651794916, 0.0001603949682231123, -0.0006448574857490718, 0.06885909563959348, -0.00010132735895862789, -0.0009585455023323905, 0.0002559696334127997, 0.2182022135430704
98, 2, 1, 0.0015648582043834998, 0.0076972495886308764, 0.0014406774644116905, 0.989297214742574, 0.12562297922203802, 0.06399205660229705, -0.113036132134864, 0.1919828290120924, -0.09676030909976192, 0.05635472052571734, -0.1358952849356994, -0.08843509089626991, -0.07642543327628898, 0.035109774240898416, 0.06414221566976906, 0.0007471668010566196, 0.0014211527601900305, -0.0011426499261910522, 0.07041070263304969, -0.0012400842412385006, -0.00029558581841644373, -0.00041739879104505685, 0.2182022135430704
99, 2, 1, 0.001544621309069729, 0.008190724646237083, 0.0006980692002572981, 0.9895665848444358, -0.09966173304481583, 0.008924690033912386, 0.0562495461115491, 0.11838449145343347, -0.15941912510687942, 0.4088584178162373, 0.008230294599411492, 0.04219421365998645, 0.13282436391822763, 0.07554886033956434, 0.026222026077547256, -5.683740635960414e-05, -0.0009361878986447588, -0.00035382362005904314, 0.06977235310421052, -0.001206724844142564, -0.0004912711850850643, 0.0011472593027450995, 0.2369081265086041
