t, Event, Policy, P(still), P(random), P(reach), P(transport), o(t), s_a 
0, 2, 0, 0.8223617076873779, 0.0039242906495928764, 0.17371399700641632, 2.177420882487624e-10, 0.6841065700098085, -0.591819518251578, 0.7763196923205476, 0.629988619991749, 0.007329066973881293, -0.005032947811663968, -0.1532259581842432, 0.40816750015109193, -0.27560697244342014, 0.41232450803467013, 0.1341651658535138, -0.13704637741107578, -0.03367096666195553, -0.09015382008267112, 0.06575546091096991, 0.07775910830175997, 0.030676809840722685, -0.09420402406552893, 0.6476769174890755
1, 2, 1, 0.005081204382008351, 0.31793548354014517, 0.6769833100628956, 2.0149509463501626e-09, 0.5701542294361622, -0.5683565446948993, 0.6380459132449741, 0.6460670090608375, -0.11147273236064643, 0.11113329519870832, -0.12407316259516707, 0.09603760979093341, -0.3467812575531185, 0.49755774846907086, -0.04997145564517884, -0.014330061950788262, -0.06868629298836355, 0.06528202681871585, 0.001128032084489139, 0.08474914876252085, -0.09576038988093577, -0.009189407208189313, 0.6476769174890755
2, 2, 1, 0.013967085521557853, 0.3090415424980304, 0.676991370005072, 1.9753396849332197e-09, 0.7806314946418118, -0.5380192488512614, 0.7073170781507041, 0.6114981210852106, -0.03526614347565432, 0.17914174836002053, -0.05401566300723979, 0.23641046600647067, -0.2902801530143876, 0.4784001075821035, -0.12955507761318805, 0.0002081547976511396, 2.8753427074609388e-05, -0.0009158314212459227, 0.02730863791245946, -0.0008286163607303849, -0.00031054530823718433, -0.0006388276674476488, 0.6476769174890755
3, 2, 1, 0.10872335983796752, 0.21418837638119834, 0.6770882623794897, 1.4013444384223471e-09, 0.5812971444827876, -0.4251179598562829, 0.61716258342599, 0.5398317626534749, -0.13674833521246849, 0.06352605496576354, -0.046840191493545826, 0.4466609536993789, -0.2370211666096822, 0.46737035474850447, -0.048759225569891554, -0.000419376266612913, 0.0007744464083915646, 0.0006247252466668323, 0.03016844858605012, -0.0006136358124379724, -0.0005335836146772288, -0.0007980429190351298, 0.6476769174890755
4, 2, 1, 0.0950369664340695, 0.22374119376798837, 0.681221831359832, 8.43811008454352e-09, 0.6240656084471062, -0.5990565777231642, 0.5612629760705549, 0.5603659769372772, 0.024725327323392877, 0.11821202131253505, -0.1440922502630001, 0.38869368134449456, -0.27033225372576575, 0.16475320897406323, 0.049513511896077333, -0.0016939186866228324, 0.001213699362435506, -0.000892591169382453, 0.028680976020140553, -0.0014184577784736477, -0.0013685593037440391, -0.0015821255794019838, 0.6476769174890755
5, 2, 1, 0.09529336937241735, 0.2234798331556673, 0.6812267890249168, 8.446998465326331e-09, 0.4925832710242468, -0.3075134159782462, 0.599717040422249, 0.5026133854328295, -0.20424875536737722, 0.3051485431495825, -0.23807133959603552, 0.20757387395900087, -0.432769746995621, 0.27913469050326745, 0.06932711746703664, 0.0007486056652511915, 0.000843717216212646, 0.000531578116735767, 0.029857852202765472, -0.00013059084693688963, -0.002221305193799673, -0.0020194016670776185, 0.6476769174890755
6, 2, 1, 0.09557408588124446, 0.22317551773938776, 0.681250391905636, 4.473731894936594e-09, 0.6151079515096574, -0.42348083236219825, 0.6576489867999117, 0.7946220539836674, 0.012747861970719221, -0.03317309629535905, -0.09411144070154834, 0.1237024447327533, -0.19120379055992548, 0.3293023737563511, 0.07853222489360212, 0.0009241013753325221, -0.00028447587408535473, 0.0006816520263613254, 0.029726679908377913, -9.313477595797844e-06, -0.0009948542650171479, 0.0009721166739179714, 0.6476769174890755
7, 2, 1, 0.308244661974998, 0.01027447195945974, 0.6814808351338061, 3.09317361374722e-08, 0.5532352128066631, -0.4489267250164989, 0.47003051187745604, 0.5683854228843682, -0.06659935371859338, -0.0027920315834508045, -0.1486276607790792, 0.12485777502948388, -0.2967829095218057, 0.3689501475121516, -0.06242258885326975, -0.0010951096690779553, 0.000654781331530886, 0.0001933671967679229, 0.03053919178385477, 0.0015875351927245496, 0.00047207209673104324, -0.00019939835556631965, 0.6476769174890755
8, 2, 1, 0.31300344424513893, 0.005354212518225553, 0.6816422942025647, 4.9034070801428975e-08, 0.477774243723106, -0.29140566080467656, 0.5369499862638799, 0.6993975344542269, -0.03251632490595263, 0.08048853255539605, 0.008616433602385287, 0.21579702427925337, -0.28748051367558636, 0.17055010031420265, -0.02005798490193649, -6.17064315366677e-05, 0.00026022376772751857, 0.0011493839767415857, 0.02897437093470213, 0.0001643713248932002, -0.000298825242393331, 0.0011765777799116867, 0.6476769174890755
9, 2, 1, 0.3128191580523843, 0.005416193049941819, 0.6817645995351799, 4.9362494070108514e-08, 0.4537938966933567, -0.6010880169390014, 0.5001550199380005, 0.67299563506159, -0.06886295336658177, 0.16973693536091608, -0.40499348683241976, 0.22712695498433386, -0.23087223042309693, 0.3063763260823134, -0.022020581730406035, -0.0002310036875469211, 0.0011176274558278828, -0.0009665312036171066, 0.02970543412001405, 0.00026178003749207924, 0.0002374016555888195, -3.308106861246125e-05, 0.6476769174890755
10, 2, 1, 0.312536784985382, 0.005662432179660379, 0.6818007334764674, 4.9358490262185266e-08, 0.5743798687663919, -0.47318965224246873, 0.6283231803546068, 0.5442518851214253, -0.14349128787454035, -0.10914938411287656, -0.0770269578250961, 0.4914220004103379, -0.26772482132230124, 0.4140740783408271, -0.08189513039911225, -0.000774491475356965, -0.00102066345022373, 0.0006297551000092954, 0.03157466629431081, -0.0006452207182364746, 0.00106755573585445, -0.0019784359932326027, 0.6476769174890755
11, 2, 1, 0.30267318059648834, 0.012551994627213707, 0.6847747743878101, 5.038848778143525e-08, 0.6188061250161254, -0.48035768792792116, 0.6387649056355454, 0.7216172638004296, -0.1500363864358069, -0.013264469030777049, -0.20583378254521714, 0.3471470619585958, -0.26193641264072864, 0.21941649120684992, 0.058294106141642585, 0.0003689323251170426, 0.001650476013635567, 0.0012612435021680864, 0.02950296969416317, 0.0009142525069509271, -0.000806214408750899, 0.0004066211304959138, 0.6476769174890755
12, 2, 1, 0.2844784136392925, 0.02991080353108477, 0.6856107145377149, 6.82919078095704e-08, 0.637668355530597, -0.49287643761987054, 0.6530273983239272, 0.6352562632338941, -0.051119941120128055, 0.07979704428688514, 0.022020550155654385, 0.28988537203476655, -0.21344754809230237, 0.2877049560613635, 0.3581519600215294, 0.0007777570180528301, 0.0001456754235285476, 0.0008621192586084484, 0.03072610312306285, 0.0004361360272758199, 0.0009003290307529659, -0.0007388760440269158, 0.6476769174890755
13, 2, 1, 0.2995155156675889, 0.014846153343494676, 0.6856382529631653, 7.802575132854454e-08, 0.4893564214657619, -0.6261951088301382, 0.3381545419029973, 0.6683271400214864, -0.0437918670392641, 0.05204946015784427, -0.18538881922253586, 0.240157129366036, -0.32497362757464215, 0.283698872800732, -0.021138290749996864, -0.00015425566997687235, -0.00021361931962950555, 0.00016614739587394507, 0.03004611191026601, -0.0011146224757602814, 0.000324750973139304, -6.543534087818451e-05, 0.6476769174890755
14, 2, 1, 0.2996394709471073, 0.01468775042810466, 0.6856727004762218, 7.814856628033084e-08, 0.4109664014182268, -0.4677140228832476, 0.5798928694164766, 0.672012209335739, -0.1984729499747661, 0.14350842844047035, -0.3287793083580126, 0.2021002279827456, -0.26207706901321604, 0.26580997451806315, -0.003851197852848037, 0.0004948146741807941, -0.0005366920947063092, -0.0012416832902325315, 0.03095007936309301, -0.00032899095036155495, -0.00017056266472099252, 0.0012283121080773345, 0.6476769174890755
15, 2, 1, 0.28909851766854194, 0.024944488281177065, 0.6859568299534078, 1.6409687328911414e-07, 0.40782256251135374, -0.39942223607624594, 0.5812979627022059, 0.6098727367812411, -0.009493365426482847, 0.22869643761674086, 0.03981472820635432, 0.13343643603286603, -0.171170584428901, 0.30457880313394714, 0.12345002648350008, 0.0013116392426980156, 0.0020163519132912174, -0.00024079879435608614, 0.03030472462491885, -0.0007438559382789876, -0.00033888821099715516, 0.000244086564441893, 0.6476769174890755
16, 2, 1, 0.28840637449713813, 0.025379683483661947, 0.6862137778810207, 1.6413817923789637e-07, 0.37226317281474797, -0.5817489942364933, 0.5892345342976297, 0.7300573398062984, -0.03357436149419846, 0.23386079001510227, -0.21532231583601438, 0.2904779586754248, -0.39157062038175383, 0.3392102917083192, 0.006135702712948504, -0.0007331262040055548, -0.0003717621507668478, 0.0007858927807072637, 0.031020714353550312, 0.0005714277979139073, 0.0012571456904340956, 0.000551844952940559, 0.6476769174890755
17, 2, 1, 0.31206704373719474, 0.001341416675612246, 0.6865913712464342, 1.6834075883174539e-07, 0.3121779491160758, -0.39794074326095175, 0.49189475265759064, 0.5750149452880469, 0.0212448647827721, 0.0691118988559202, -0.189975712464461, 0.26212826877770196, 0.016276816035163087, 0.25394568715843885, -0.07717456986411439, 0.000801989131375138, -0.0005937179744038951, -0.0011796486329189357, 0.030349913044169136, 0.002152679504878113, 0.00026565462379819413, -0.0010089893688482842, 0.6476769174890755
18, 2, 1, 0.3117523151811787, 0.001603883853062317, 0.6866436036456643, 1.9732009465860895e-07, 0.5550891500046371, -0.42100578552258805, 0.5249243708610174, 0.62552263120254, 0.14828839359821222, 0.20106863126280877, -0.11392327809361946, 0.09300307614954037, -0.07289685622043016, 0.29269328038840525, 0.028431640187805973, -0.0007974478428517838, 0.0009932680899816027, -0.0007064004466838493, 0.031159704893800176, 0.001850148384447648, 0.0008422789583861464, 0.001523572796234379, 0.6476769174890755
19, 2, 1, 0.3116381348778594, 0.0016751246894958906, 0.686686543113186, 1.973194587239463e-07, 0.4518675597776635, -0.4297641654480408, 0.6272709514985049, 0.6160873014676624, -0.030692361266810752, 0.2971906687500046, -0.2554948310801379, 0.3666869445129845, -0.3197437048882761, 0.45925390057674403, -0.02647671284404287, 0.00047309200067072887, 0.0014601253320932755, -5.732306850613206e-05, 0.027839934219233718, 0.0017629150397350292, 0.00019147873818232595, 0.0015537547805492575, 0.6476769174890755
20, 2, 1, 0.29688219135902716, 0.010317318658627318, 0.6928002745497542, 2.1543259131175788e-07, 0.5634078159262241, -0.3845484027633464, 0.43196860247463886, 0.6466757303992255, -0.08386426616460803, 0.048086607289646886, -0.29270135438203104, 0.40103590449368787, -0.2544781822012946, 0.22276298761418106, 0.02311014615998774, 0.0012233861488158593, 0.00039769668114537123, -0.0008894854667763393, 0.028083527098143175, 0.0015527068537442184, -0.0001028679809194391, -0.0007977104639284735, 0.6476769174890755
21, 2, 1, 0.29984950951460165, 0.007205616909779371, 0.6929432702151619, 1.6033604571338145e-06, 0.7789987464314443, -0.251224564678702, 0.3287399292619612, 0.8152582593470161, -0.10669881291947711, 0.12657794846444523, -0.17859005120059174, 0.21967916893148182, -0.17505064197559062, 0.1228247569740439, -0.002104456645491326, -0.0003881594044564158, -0.000459622195169998, -0.0006926495646538403, 0.030086972625130708, 0.000334413343539505, 0.0002631634859611833, -0.0010555720410042734, 0.6476769174890755
22, 2, 1, 0.2995165073638979, 0.007481321645252419, 0.6930006393096905, 1.5316811592680525e-06, 0.5257409949387286, -0.5782439019663299, 0.6209752340173885, 0.8337204269588812, -0.23683201961244388, 0.14091223555107807, -0.1549088481449493, 0.24201129470108187, 0.03132070886497287, 0.22632977022597714, -0.012554049382240334, -0.0010987688697986567, -0.00017989876740575846, 0.0008903668211542043, 0.030035876219048463, -0.00013963949398630905, -0.00021934129517605722, -0.000573601150260237, 0.6476769174890755
23, 2, 1, 0.2257855063820388, 0.07551680027421635, 0.69869478425935, 2.9090843948203867e-06, 0.48756186229050336, -0.42600453121370024, 0.5112264711101239, 0.5015029414853027, -0.28191200342229605, 0.08037299411608252, -0.09801385351769146, 0.33295356957050226, -0.15320247123002811, 0.14836953352207347, 0.18318574865670412, 0.00023217626189237167, -0.003109367365373443, 1.2298542678677012e-05, 0.030444736737983168, -0.0003413782103538007, 0.0011309885496953442, 0.0005536294212504054, 0.6476769174890755
24, 2, 1, 0.29965138214095516, 0.0014835137711171756, 0.6988618410818301, 3.2630060974658833e-06, 0.1596650721779081, -0.3996439424508825, 0.3896698631325254, 0.500887943163548, -0.04255210877917065, 0.1536439707009038, -0.14290122510767703, 0.21796899732945135, -0.1928329485385985, 0.16644111878827383, -0.006401048398709058, 0.0008013409422219285, -0.0007810191388845305, 0.0005371232298918516, 0.02982393559001334, 0.001505349510571233, -0.0014559614645308057, 0.0006978598383761152, 0.6476769174890755
25, 2, 1, 0.29015534194740916, 0.00905829262613636, 0.7007741843209891, 1.2181105465352391e-05, 0.40720825956942647, -0.41599428623873236, 0.4558312748854575, 0.6691962439036169, -0.09889017877708103, 0.10680376712862534, -0.1558915134956709, 0.10586347654300159, -0.3398414134552298, 0.09745393406451326, 0.02049361549449561, -0.003640257607824906, -8.363750529608586e-05, 0.001237024711854797, 0.0315065656433591, -0.0006311865802920274, 0.0005626129032094993, 0.0002038016537752051, 0.6476769174890755
26, 2, 1, 0.23187524508010457, 0.06172382615147409, 0.7063489022133369, 5.20265550845056e-05, 0.33254195429340977, -0.47303321196834097, 0.3945369308852791, 0.5327621026958177, -0.09660547394945451, 0.2075502147953995, -0.08990362958522377, 0.22862038373736127, -0.23673398944525492, 0.21330686814648825, 0.16055600071031156, 0.0004866066105090795, 0.0009364037233992606, -3.657610359507165e-05, 0.02951651437672916, -0.0006043647552535257, -0.0006168827579052279, -7.265920398165384e-05, 0.6476769174890755
27, 2, 1, 0.23207868200384973, 0.06148633050354813, 0.7063829628681869, 5.2024624415296435e-05, 0.36977930614095195, -0.44960228123835283, 0.3107221154257086, 0.6105755105530389, -0.12868464648380545, 0.1547846364351086, -0.1607639277159902, 0.27682963847883885, -0.19084873538047387, 0.4460112055353047, -0.2202905242539634, -0.0009802812549548102, -2.6816461973530196e-05, -0.0005838218918303633, 0.029687941043921955, -0.0009252635748773668, -0.0003578113238974159, -0.0003247524770810661, 0.6476769174890755
28, 2, 1, 0.2555592786375286, 0.03755527339745116, 0.7068334124433466, 5.203552167357033e-05, 0.3118170429695968, -0.46871401100416676, 0.5348983568126945, 0.600634222224066, -0.024769750135030067, 0.10386521661566683, -0.24786301851650555, 0.14936796194540636, -0.24794711671017167, 0.36900625486686156, 0.07202642543946894, -0.0016583096729697727, -0.00013905684194549464, 0.00020453619414694717, 0.029622345136088985, -0.0001584381060019761, 0.0008180227863438859, -0.0005161470260850751, 0.6476769174890755
29, 2, 1, 0.26178398865528135, 0.02997200942069563, 0.7081918736996987, 5.212822432432871e-05, 0.43932829647588445, -0.2936622716848465, 0.4789867556587667, 0.72749277296047, -0.14060149443532047, 0.11415323883917497, -0.027342136233585102, 0.24943652647488954, -0.15661468088932015, 0.16016698049183725, -0.18523826677977082, -0.00010039781920486863, 0.0012005051598420857, -0.0005061509206834865, 0.02963355733690438, 0.00246607610803072, 0.001127831344940934, 0.0016187402797480579, 0.6476769174890755
30, 2, 1, 0.2843536387794794, 0.006391500056062526, 0.7092024306972727, 5.243046718534107e-05, 0.370188755533355, -0.3126242736877803, 0.3964322737426293, 0.8176365274526814, 0.16466815059915335, 0.011454301298112101, -0.2794980869657398, 0.12911576355531384, -0.2744068831387012, 0.2828336370509488, -0.07107334709310884, 0.0011067413529313632, -0.0010879202884699882, 0.00020932454587442923, 0.029224164847982924, 0.00022058150543212288, 0.0016092866156197053, -3.573894384007028e-05, 0.6476769174890755
31, 2, 1, 0.2831562158440003, 0.007110512233621537, 0.7096806093561644, 5.2662566213799525e-05, 0.3006249149857467, -0.5611434146862669, 0.4008335178314536, 0.7041353983362292, 0.08683394818927619, 0.28898275988374744, -0.3401229981143422, 0.22831177400903374, -0.056815088766106484, 0.1897037883008659, 0.11078060174587567, -0.0008813597215692733, 0.0009294193924864564, 0.0009779264447486234, 0.029849999086683586, -0.0005759805292267491, 0.0003504138318975968, 0.0006714350753598988, 0.6476769174890755
32, 2, 1, 0.2830243739783898, 0.007201771184406717, 0.7097210087783852, 5.2846058818305995e-05, 0.6612606251651739, -0.3575499715183685, 0.47886872094257404, 0.5245053451774225, -0.3297477854596704, 0.09405897302343944, -0.23337846113833183, 0.1218921299076761, -0.24624044256544977, 0.0037813704611711074, -0.016468047734975767, 6.19251136594533e-05, -0.00043519420926156264, 0.0014487134754498751, 0.029973112627971775, -0.0008662498853931539, 0.0008144504716331241, 0.0003511561271397383, 0.6476769174890755
33, 2, 1, 0.2901685977148281, 9.816437758910909e-05, 0.70972570765099, 7.530256592827888e-06, 0.38518824027642906, -0.22921915851504418, 0.4283397470712124, 0.5468514957619759, -0.009604684792865248, 0.10540057890852257, -0.07450099351562789, 0.023754376700104295, -0.15472540258526268, 0.39878799550711214, -0.014937738423270125, 8.247058464854826e-05, 0.0003413855009094586, -0.0014171055746857375, 0.030266595314708582, 0.00011228125106811646, -0.0012720473641832804, -0.0011971047778355707, 0.6476769174890755
34, 2, 1, 0.28978735272958145, 0.0003172270192933093, 0.7098871773448081, 8.242906317088447e-06, 0.5151674062582778, -0.32744364679145643, 0.3445261700999465, 0.683912770191734, -0.08479559337114141, 0.08976225868997312, -0.31288553525345586, 0.1230203043973697, -0.28974525771664017, 0.181871403445849, 0.018654215729011846, -0.0004656910681701726, -0.000634485622695288, 0.0014706261105950434, 0.030040965038902783, -0.0004515752878317907, 9.283385215688975e-05, 0.002323615435188263, 0.6476769174890755
35, 2, 1, 0.2635395684986373, 0.025015405623723928, 0.7114365442912295, 8.481586409172264e-06, 0.4028298351443267, -0.31179348805366414, 0.5404542147389586, 0.44263140055668415, -0.05662418460361437, 0.11513670652297611, -0.031052425686623853, 0.26882005100146816, -0.2094187483019286, 0.2564085983188094, 0.18211454517484568, -0.00011422530839479189, -0.0014297886819895234, 0.0002983977415575788, 0.028965663020468067, 0.000768288724581243, -0.0005782222595743516, 0.0012687063427813193, 0.6476769174890755
36, 2, 1, 0.2621814718023141, 0.026067100301461935, 0.7116683540481034, 8.307384812051092e-05, 0.2964824083254897, -0.1994360156571433, 0.3625827864433943, 0.539513905362766, 0.0449332528097955, 0.19940162597198213, -0.1466287825910538, 0.09724961049952469, -0.2173107794681403, 0.2722626889563476, 0.37969096670933666, 0.0011050758225885215, 0.00042548356132313624, 0.0005201533831500525, 0.02947758648124111, -0.0001660336861300581, 0.0008115549532008928, -0.0003044157185869504, 0.6476769174890755
37, 2, 1, 0.20824641784024928, 0.07533191213728391, 0.7163358816299008, 8.57883925660024e-05, 0.1769840677788078, -0.36042282511853496, 0.42653852706696177, 0.55936784269514, -0.13013436705555148, 0.15347066633573414, -0.0946024363068468, 0.27028711419503715, -0.038002703417119935, 0.09209910908273829, -0.04464004098404921, 0.00037655604013174364, 0.0005497848663112946, -0.0005793398074080184, 0.031954464948010936, -0.00021396632427645926, -0.00039786348035309317, -0.0001488327169327256, 0.6476769174890755
38, 2, 1, 0.15622691373348602, 0.12592988306579747, 0.7175063259080717, 0.0003368772926447756, 0.455388113815793, -0.39479436769876575, 0.3973025115176172, 0.4192100891883651, -0.08034470388418917, 0.17854610385088973, 0.04216198425357098, 0.1189737836933789, -0.21038385070988014, 0.08841800855105786, 0.15822293515837565, -0.0020481087156592162, -0.0013982804049012284, -0.00039232961781284257, 0.029768282885396714, 0.0011887821874138839, -0.0006915744422569107, 0.00044122449111681984, 0.6476769174890755
39, 2, 1, 0.10359654398616444, 0.17431876394036416, 0.7216637142176706, 0.0004209778558007031, 0.33320508806381044, -0.5097910503375285, 0.3764665473346215, 0.7251340798484058, -0.14625187013743499, 0.1503779475379292, -0.09213706042503007, 0.2734520375683748, -0.18094195071931146, 0.06214358630051422, 0.17864696777566563, 0.0014695769439719455, 0.0007783153230992158, -0.00011013385219109246, 0.029934040853313977, -0.00013652394808225056, -0.0008565686214283927, -0.0006578819976792445, 0.6476769174890755
40, 2, 1, 0.09962521811434637, 0.1782302887841827, 0.7217239101687536, 0.00042058293271724086, 0.38660760713971254, -0.5367720068375877, 0.5695435030700547, 0.8233630869241694, -0.18334222273285666, 0.1845453538278991, 0.07757395706179429, 0.16057043797092102, -0.08018144097190164, 0.18863311576493694, 0.08982887133671785, 0.0017283544591054592, 0.00010660114327818771, -0.0006817043736425519, 0.03147511509886889, -0.002037346233784771, 0.0016140295980514349, 0.0008396259351943836, 0.6476769174890755
41, 2, 1, 0.12079018736224356, 0.15704296258451994, 0.7217481598774119, 0.0004186901758245966, 0.3158617602849043, -0.2769889990235963, 0.4973844520783005, 0.4833515866641582, -0.04367691108955698, 0.15819778107202723, 0.06875279029862594, 0.11768789584249037, -0.333314291019854, 0.15707184080959227, 0.04194373772733369, 0.0012586118421350526, 0.0003754157745060829, 0.00020645456102605015, 0.030438680191990263, -0.00045325426120362486, 0.0018544799162873934, 0.0002522020564425021, 0.6476769174890755
42, 2, 1, 0.1296156319458824, 0.1468754551517082, 0.7230889555047861, 0.0004199573976233138, 0.3661682057052108, -0.40763101565160104, 0.4204532754864136, 0.6768560757207626, -0.07956900836649139, 0.11293914818615625, -0.1770871705209966, 0.14331409721199365, -0.10533958355124318, 0.14262106719527654, -0.1785527563304166, 0.0002829932024786626, -0.002204652084556451, 0.0007711753050459792, 0.031654398371286356, -0.001302380474956124, -0.0009957867923026775, 0.0008545805570330711, 0.6476769174890755
43, 2, 1, 0.2433220458910134, 0.03272894137870238, 0.7235287031969727, 0.0004203095333115948, 0.285813048090193, -0.2238804606382856, 0.43290844771969006, 0.7885212833174494, 0.04146549620233366, 0.07161112921579289, 0.018590612651652426, 0.2881666236945894, -0.22198677331737732, 0.10557502588066939, 0.033475692476176815, 0.00010489092454750737, 0.0005568631551300099, -0.0007844607027234869, 0.0293890153627493, 0.0007501548498911754, 0.001175933494934936, 0.0013664076421925034, 0.6476769174890755
44, 2, 1, 0.18326961603626285, 0.09033167453777953, 0.7259757096568824, 0.0004229997690751365, 0.2135827242669146, -0.36607881748326954, 0.4657515285949258, 0.3903790532113574, 0.0003828412077882648, 0.07550797904339321, 0.03770835793633422, 0.2359511071926809, -0.33333979287291393, 0.18240545465275051, 0.15350263094869915, -0.000726394189711737, 0.0007964719755973985, 0.0009522078798522715, 0.029461461907579405, -0.0007061017733131675, -0.0008058565512428222, -0.00032381205420587984, 0.6476769174890755
45, 2, 1, 0.200369142864909, 0.0730718866849181, 0.7261352670574941, 0.00042370339267882375, 0.2680065436381491, -0.25967075093898445, 0.5278737491335593, 0.7863723523941588, -0.2965874729232166, 0.06826237797555998, -0.2618992436848009, 0.024523761230037633, -0.07590371500293222, 0.21295620605376805, 0.13039917188978273, -0.0005599419278245119, 0.0005027811091754634, -0.00018030849804208718, 0.02927436679963768, -0.00048772571296231044, -0.0002762516323817423, -0.0010251735501559758, 0.6476769174890755
46, 2, 1, 0.20108577952336384, 0.07223389701979478, 0.7262561754361678, 0.0004241480206734815, 0.35855082124335114, -0.4105575735652819, 0.2512851481859033, 0.5787237866627803, -0.04366371719350377, 0.05319399642643964, -0.26056004989005055, 0.2698320519243812, -0.23581501529973128, 0.1617811997882969, 0.04517168593725489, 0.00046833442939221313, -7.94576345554648e-05, -0.0011202631301636921, 0.029850751092986245, -0.0013216059071724697, -0.0016709988986887715, 0.0004688730099262054, 0.6476769174890755
47, 2, 1, 0.20738937934512958, 0.06547644267389505, 0.7263869785885108, 0.0007471993924646986, 0.47087885357765735, -0.41186788923534656, 0.2599817280089242, 0.5899624926699584, 0.11372492896307596, 0.003991998476281844, -0.26129733978658637, -0.005806135461356577, -0.10318070237534097, -0.013757331890588897, 0.11171988792380141, 0.0008154332356647747, 0.0002883771517215904, -0.002265294222370635, 0.02864156177753068, -0.001809984831208512, 4.908690997742705e-05, -0.0014561172343452175, 0.6476769174890755
48, 2, 1, 0.20739219156353927, 0.06547414517739426, 0.7263864676568055, 0.0007471956022610321, 0.286600643255961, -0.24558925031046522, 0.43985548241269123, 0.7078114847113071, -0.23411942164705496, 0.2860129026825814, -0.24384496102164008, 0.1445922993932502, -0.11369024996724994, 0.1946967867400401, -0.07049927955726026, -0.00046125611508411656, -0.0006410549305992967, 0.0009527909947261474, 0.0324023639951443, 0.001187396951668475, 0.0007443407336804609, 0.0012197855690703637, 0.6476769174890755
49, 2, 1, 0.18726451051899454, 0.08335599926838363, 0.7278944813290524, 0.0014850088835693756, 0.27050132422818246, -0.26326385049011486, 0.251277278738258, 0.9183684780297684, -0.11378566028075357, 0.33123201789394846, -0.12347724266605183, 0.14747882706764362, -0.07998145753904498, 0.10863945149239562, 0.12784864598281967, -0.0018124216232464243, -0.0009868666554524014, 0.0017511057640921697, 0.02887620519693762, 0.0007477133004142738, -0.00013301988008142335, -0.0009354741213960386, 0.6476769174890755
50, 2, 1, 0.19929482584780497, 0.07110899151613063, 0.7280781219878212, 0.0015180606482433075, 0.1490925869989123, -0.27692099448042196, 0.33132328490355534, 0.6806349191089125, -0.05767512861527827, 0.18401992344464355, -0.043601933447935545, 0.04498999933758021, -0.021934648820031356, 0.20926959883234778, 0.06908701949436329, -0.0002498623363022946, -0.0014905861069523755, 0.00018298083119365588, 0.029315779344527514, -0.0014906389446983832, -0.0011203147790745794, -0.0005882796945294108, 0.6476769174890755
51, 2, 1, 0.24877223978718216, 0.018389325764656024, 0.7283893891305446, 0.004449045317617157, 0.43368574537635657, -0.14180720839574734, 0.15412145634477473, 0.5866626043770253, -0.10060045592926063, -0.08378684883141696, -0.270805209678939, -0.0854915547954113, -0.24943727582258973, 0.022417183108429373, 0.09465594583719375, 0.00010400012629305023, -0.00012113611013614364, -0.0014842826863051893, 0.029862686166445263, -3.529456333943126e-05, -0.0012427270349296296, 0.0003037522266449468, 0.6476769174890755
52, 2, 1, 0.24880279547182182, 0.01835863029175216, 0.7283894753605152, 0.0044490988759108415, 0.22129811276027844, -0.2760433896935134, 0.15675905180859043, 0.6652855940495007, -0.13885318817300818, 0.14065692520419065, -0.29399602236836914, 0.11544661097172162, -0.03395819032900238, 0.3221276564661814, -0.008496585573839335, 0.0021091642247685603, -0.0009397293851602321, 0.00024813685491803836, 0.029627171201203, 0.00015465404233724696, -0.00010152915457475975, -0.0014056532616429124, 0.6476769174890755
53, 2, 1, 0.24659727901328374, 0.02026078760588904, 0.728691473320578, 0.004450460060249233, 0.07661997372600324, -0.23303840317129004, 0.3752099621909103, 0.6585385979183872, 0.061594011373885205, 0.2791306193218886, -0.14065792245974923, 0.28771350412448915, -0.21060514033519268, 0.07516963620902369, 0.1362057145099023, -0.0008959743606491183, -0.00160227049475953, -0.0006854201900764829, 0.02810605970936277, 0.0006281441458430511, -0.0005226251851727529, -0.0008788637297622115, 0.6476769174890755
54, 2, 1, 0.21564050710630223, 0.05037129681120833, 0.7294469329365636, 0.004541263145925909, 0.17209919384291894, -0.2148097412766473, 0.219562179351886, 0.5666937704485822, -0.00045343273620019887, 0.0813418334403057, 0.043411505768430156, 0.1109890488223726, -0.27136919798965564, 0.31231010274304116, 0.10094347416280698, -0.0022311786110233165, -0.0012108823274464243, 4.7707625265858616e-05, 0.031458508619147244, 0.0004342672554566796, 0.0005735546703125364, 0.0005687440801354371, 0.6476769174890755
55, 2, 1, 0.24866380587260964, 0.01586705371739204, 0.7301605744194752, 0.005308565990523173, 0.058000099333874774, -0.4138205510856495, 0.24362747285690892, 0.7125938927048495, -0.08559140424786096, -0.0071255127420238205, -0.1915650127514284, 0.07460658203041869, -0.007642956870643291, 0.10829215096309289, 0.17370836717071533, -0.001877108092294902, 0.00032908927835810693, 0.0015456494596047617, 0.03234015251168147, 0.0009516315920714174, 0.0014385005992467246, 2.004416479948481e-05, 0.6476769174890755
56, 2, 1, 0.25470033399959086, 0.009782141986038863, 0.7302089560704913, 0.005308567943878973, 0.07749522168688674, -0.27046449221152863, 0.5977230810646654, 0.5232521119700284, -0.0006420617972764609, 0.0895983080665446, -0.16721491846936906, 0.12212669998840305, 0.0539538475129596, 0.027356586800606618, -0.0399882439206552, 0.0008865604273082617, -1.1090584322337545e-06, 0.000856671627147011, 0.029347278314768827, 0.00046282000469501165, 0.0005578359084389094, 9.322569813900413e-05, 0.6476769174890755
57, 2, 1, 0.20363226073143345, 0.057663693516265616, 0.7333759736790968, 0.005328072073204093, 0.2728166459604892, -0.19026483934515004, 0.30744674008804335, 0.6687428243165464, -0.14140705792817626, 0.09924029397460968, -0.04282702623568131, 0.25761472048216655, -0.13744567328314, 0.1809948013519752, -0.010177144301876847, -0.0003678449835846674, 7.940954707001742e-05, 0.00018807635572862485, 0.030238445358227267, 0.0014984796636581198, -0.0012935247102271116, -0.0011835875503658786, 0.6476769174890755
58, 2, 1, 0.20109983121832553, 0.059265941852775256, 0.733691959867157, 0.005942267061742303, 0.38578128321570226, -0.30393862394647836, 0.32209439231851417, 0.5310883834948266, -0.1643109585611398, 0.1486133734052685, -0.046008148443194265, 0.02733190654249773, -0.17961913354360198, 0.0925668400057838, 0.11960521887633639, -0.000920660901452421, -0.0004836051798011393, -0.0006034688795971972, 0.03002648788052258, 0.00048418807104177964, 0.00016650889017643308, -0.0001559038200268351, 0.6476769174890755
59, 2, 1, 0.2192110839120925, 0.04113686069472461, 0.7337085662673353, 0.005943489125847739, 0.4713639801181129, -0.2564423068307181, 0.35312292764873393, 0.6903663864170406, -0.07665278635741048, 0.13852998866613392, -0.1295547090299774, 0.02572826985661466, 0.1573079717056533, -0.03467819436534429, 0.008827388098947432, -0.0014354647128964695, 0.0007226244849191337, 0.001082367363437791, 0.02964249161646566, -0.0003875379608542219, -0.0007585025899324821, -0.0006584893328166269, 0.6476769174890755
60, 2, 1, 0.21996154704286186, 0.040363558721284054, 0.7337310321622492, 0.00594386207360493, 0.10107962908027028, -0.25184810627501214, 0.24571058786854544, 0.6246581583370417, -0.08048005956668214, 0.20854075738079655, -0.34276974483247596, 0.21358829319443928, -0.19533388959307008, 0.07923075424613188, 0.04179024388966074, 0.0006788237102404353, -0.0013927990016715027, 0.00042254996979729795, 0.029958263241875244, 0.0005738920008502497, -0.0013230497139609496, 0.0014387885537639777, 0.6476769174890755
61, 2, 1, 0.21895837009049368, 0.04126783480068924, 0.7338304197530872, 0.005943375355729953, 0.26640550459052087, -0.22065697013489105, 0.26433367535649865, 0.41078802120608665, 0.10175207915805698, 0.1463769051182333, -0.04323809909817176, 0.14169479690004155, -0.1468563701585221, 0.3004474760224681, -0.09464258101258187, 0.0008875092963577843, -0.0021215719994135194, -0.0006131053349915131, 0.029267891015786425, 0.0014705538456812098, 0.0002547153553826686, 0.0007883850532075723, 0.6476769174890755
62, 2, 1, 0.21802243656822481, 0.04543059395600914, 0.7303191580364168, 0.006227811439349259, 0.1351383861481466, -0.21822868649481145, 0.2554194041293354, 0.709916712226015, -0.15304073421309203, 0.2844347400396954, -0.04209801581048096, 0.027731964048959425, -0.1468229959256761, 0.14219425574575212, 0.009395843099466597, 0.0026734475217515337, -0.0010067199332841187, 0.0005121977151887021, 0.03164570465952026, -0.000349616607711432, -0.0009486797165544449, -0.0010054485191786585, 0.6476769174890755
63, 2, 1, 0.15707961553652877, 0.10455087501926512, 0.7321549538517623, 0.006214555592443783, 0.2739804783849198, -0.42908202953362445, 0.3747652303454558, 0.4317575277699837, -0.12361354652066159, 0.056789750961937634, 0.028009570597309665, 0.2253595803463883, -0.1057445534004419, 0.1627164188145202, -0.07573664175921664, -0.0013076786048498489, 0.0009280341736794328, -0.0005838102096993103, 0.030470264381386364, 0.001286760489081504, 0.0014434236226997335, 3.602906149412629e-05, 0.6476769174890755
64, 2, 1, 0.5834068134532779, 0.0014856152824827152, 0.4088487423033284, 0.006258828960910831, 0.2165489286917067, -0.2570936350387084, 0.17901264113814014, 0.7547577772974627, -0.07311033393587116, 0.04449584223520646, -0.06299320737807873, -0.04726003766593967, 0.09731452233685245, 0.12268111211122723, -0.09017660051604717, -9.173033319162799e-05, 0.00023267970302895755, -0.0007476061009295795, 0.030805456632402438, 0.0007369541332548659, -0.000793706447727406, 0.001664260986487013, 0.6476769174890755
65, 2, 1, 0.583264948551113, 0.0015581383531137489, 0.40891646082289695, 0.006260452272876099, 0.23736805828936486, -0.2585603864020066, 0.16625419075384604, 0.7176906294260865, -0.06749323543133477, 0.2219354716196012, -0.2625290153436333, 0.08426090810114567, -0.10008836164347772, 0.19910882081944464, -0.1754566969459315, 0.0004483498275336486, 2.2337263901574784e-05, -0.0009548236435261521, 0.03085295520674246, -0.0001289802054357545, 0.000504790737041182, 0.0006248280113649921, 0.6476769174890755
66, 2, 1, 0.583591011251533, 0.001423231556997425, 0.4087229765889621, 0.006262780602507502, 0.2226344594095234, -0.23458301591588354, 0.3492529960893248, 0.6175737678489623, 0.00635229662881478, 0.0353542770820172, 0.002357021964100503, 0.032935299001537174, 0.1436736073081404, 0.17525803143644816, 0.13511971315076785, -3.862983955403103e-05, 0.0009486799834929006, -0.00013414873615740305, 0.031013390486241826, -1.8149079250847243e-05, 0.0017018974214843094, -0.0006408958002812956, 0.6476769174890755
67, 2, 1, 0.5793018757306279, 0.005597101505004477, 0.40883478028465214, 0.006266242479715545, 0.24029556754915626, -0.28002218822251707, 0.10308991225169428, 0.8007457014362256, -0.1921127259431457, 0.1323354013313715, 0.019634446667367265, 0.1756278460574808, -0.019570717085026446, 0.15052636802626013, -0.2252166088912197, -0.0002741930548026736, -0.0007911696321918366, -0.0001462999118996443, 0.028499741234872387, 0.0011281369598123813, -0.00020102958801259318, -0.000948131911389836, 0.6476769174890755
68, 2, 1, 0.5768829458604446, 0.007449993571420467, 0.40935032105799196, 0.0063167395101429765, 0.36714338767919, -0.20519605065966662, 0.16135775941787842, 0.7779398576710854, -0.02219119291575099, 0.16320858474578298, -0.07315910261745337, 0.13210450768228305, -0.24276150376727154, 0.1903543594504673, -0.07695049177159012, -0.0003465579461920928, -0.0006772382077432406, -0.0017256569811783928, 0.029715618127076848, -0.0007004271604082787, -2.219253179227493e-05, -0.000868058614045575, 0.6476769174890755
69, 2, 1, 0.5062838298424849, 0.07520437705624018, 0.41194693259939985, 0.006564860501875147, 0.19033692764072896, -0.16887444274894692, 0.24744158046315706, 0.5658016611418867, -0.040966244268067664, 0.22905173145736102, -0.029183137960326577, 0.27057239372767533, -0.22497582576346545, -0.0032497184753841777, 0.11569564555969976, -0.0012630569490631053, -0.0005414876986661145, -0.0012767123070203826, 0.028759569806334494, 0.00030552520678640935, 0.00014351688580257425, 0.0005369115108771195, 0.6476769174890755
70, 2, 1, 0.5052341583736387, 0.07602030658037584, 0.41212223602656534, 0.006623299019420216, 0.22209439732331546, -0.12043958290075596, 0.13128016594458933, 0.62913418137013, -0.15579731741789793, 0.2433984386359737, -0.15938582996779038, 0.1007445861937584, -0.1059305451913886, 0.08247283176206086, -0.10744959799933082, 0.0008716199581966571, -0.0021173227037754446, 0.00012191016159135248, 0.029563934490569627, -0.000911020778178545, -0.0005169193311709451, -0.0011125696750441138, 0.6476769174890755
71, 2, 1, 0.4781935584826953, 0.10243140222019449, 0.4127453651234823, 0.0066296741736277314, 0.2992282562851513, -0.26780420590156434, 0.5359887206020998, 0.7428082881595139, -0.2084010828281028, 0.18338667907971645, -0.027960089690362133, 0.2000414789101312, -0.12036255281964943, -0.14967300515676887, 0.15015486542391765, 0.0015047834585983938, 3.164272903837956e-05, -0.0006883839263836822, 0.03031281447499117, 0.0001770268631936767, 0.0009302874118477635, -0.0005406555124900325, 0.6476769174890755
72, 2, 1, 0.5583073447710244, 0.02093825896140059, 0.414093789200147, 0.00666060706742803, 0.11392478260027059, -0.27515612810845763, 0.3365008565217022, 0.7654717021599676, -0.009342079382318236, 0.1287221296371285, -0.17532387540786126, 0.13218716802250488, -0.023285152657700304, 0.1226586191419327, -0.0018905686886329486, 0.0012712376539632726, -8.290697769580021e-05, 0.0011665413286199569, 0.03179337922621374, 0.0005952099709831142, -0.00045345114153136, -0.00027761519538304263, 0.6476769174890755
73, 2, 1, 0.4175254026304369, 0.15862625355674817, 0.4170478988748085, 0.006800444938006441, 0.19245550876806414, -0.2795342628873976, 0.19738313708860272, 0.5966898559032449, -0.11667028032764562, 0.047483250582099124, -0.009963299082461186, 0.27268322546058743, 0.034490526714702444, -0.062049259984669446, -0.000495332900463856, 0.0010568015567198866, -0.0019145935084167464, -0.0011458745028797652, 0.03193665432773844, -0.0003549975274297641, 0.0001910525944484562, -0.0002794546033134147, 0.6476769174890755
74, 2, 1, 0.5695342941668018, 0.00624988726635066, 0.41736589195790175, 0.006849926608945696, 0.23681221226332125, -0.12902694205838897, 0.27437078255180125, 0.6604311754884195, -0.05274268315100655, 0.07086706974820813, -0.12401655258960362, 0.10555117301440235, -0.009997536138565289, 0.18048342674416862, 0.04445272858855326, 0.0009707406062776017, 0.0011292960808353884, -0.0005891597725077983, 0.030139006228120997, 0.0009794719881595164, 0.0013327805607118363, 0.00015799871573933305, 0.6476769174890755
75, 2, 1, 0.482713090580079, 0.0858750232646397, 0.42207489925219355, 0.009336986903087806, 0.2377129835055054, -0.14237171479197505, 0.23366838255219702, 0.5855599511706171, -0.09619001858118759, 0.25275955843611103, -0.08740032418932646, 0.15323892588226803, -0.1021964531669165, 0.14822943023791552, 0.13955818630899436, 0.00023660751498907643, -0.00048003747176527496, -0.0009541046248240507, 0.030802749867731165, -0.0013809218426034918, 0.0005155640532018787, 0.0003043057907146265, 0.6476769174890755
76, 2, 1, 0.5378209734556665, 0.04547068201460583, 0.40725935460441764, 0.009448989925310108, 0.04125440298756304, -0.05623870742598745, 0.06642692734434055, 0.49400482519269034, -0.17912561958265283, 0.09735054223489531, -0.19355947362130457, 0.1452222344162332, 0.16666066240818087, -0.01670053037647743, 0.1682766758118483, 0.00046545947967092694, 0.00024609436676217345, -0.0005627881042927211, 0.03053163576860774, 0.001158822116139343, 0.0002084651089103283, -0.001923035774825535, 0.6476769174890755
77, 2, 1, 0.5038960516264258, 0.0722183000403257, 0.40870591934889444, 0.01517972898435403, 0.26167214897820334, 0.06723490542529612, 0.20727242964313547, 0.6780204295919329, 0.02238924875009034, 0.1283711540263241, -0.08687461210026733, 0.11545194936580631, -0.0917994860346312, 0.03947395616595058, 0.1889126981749866, 0.0003267229841502345, 0.0008954096360731112, 0.0003924997773352444, 0.030182829024574698, -0.00020706167142444106, -0.00047863487305095366, 0.0007187727660435991, 0.6476769174890755
78, 2, 1, 0.559275858622475, 0.04593819892969877, 0.37944454057302124, 0.0153414018748052, 0.05809139895244322, -0.08966372106942586, 0.10263759330115048, 0.8617003016805527, -0.10371242475732285, 0.16821734259193116, -0.1761329105551666, 0.0556785203828077, -0.1464834107544438, 0.09693020445255571, -0.04703375553944068, -7.650852923755624e-05, -0.0005342471030006707, 0.00032824100096551364, 0.029363606103723072, -0.001180641526434548, 0.0005999038205957718, 0.00011169326616599125, 0.6476769174890755
79, 2, 1, 0.3222975157799953, 0.27851928969526707, 0.3820165069605541, 0.017166687564183342, 0.0118934897690397, -0.1357817710631695, 0.18365727104149582, 0.4926119871873597, -0.1177241332911888, 0.12783346520082833, 0.01516426625387184, 0.15740502176572585, -0.12895553436978768, 0.10028058194055298, -0.021468739593880466, -0.0008749492735436985, -0.0003550344935588322, -0.00012140872096905106, 0.030003176197159597, 0.0027898790167169745, -0.00035254385688816294, 0.0009995645059714632, 0.6476769174890755
80, 2, 1, 0.3486259626447176, 0.2709396475795432, 0.36269983676183254, 0.01773455301390668, 0.11604272399213447, -0.06737123464706611, 0.09827510377587652, 0.4361320726625193, -0.2291829323442852, 0.20225456287262294, -0.17925094511157166, -0.08842005386280041, 0.02114255493144408, 0.08084278643784774, 0.06949006248914427, 0.00023746388947212685, -2.159436383484601e-05, 0.00021882122884136248, 0.030232784648476563, 0.00028093024243157106, -0.0015333526407824084, 0.0006732799173025081, 0.6476769174890755
81, 2, 1, 0.5475998539205572, 0.07600790037270223, 0.35850425459492025, 0.017887991111820375, 0.046681919862524145, -0.07810880215386211, 0.134292718729288, 0.6044033347635038, -0.00728696866368248, -0.001629594314753091, -0.21862416854492647, 0.13970220232078562, 0.011426352760118807, 0.050111169668695485, 0.017424954242163664, 0.0014566300752613486, -0.001223772667285235, 0.0012340179974857466, 0.02882050085973043, -0.0016134699346860438, 0.0011672525880240107, 1.2044876806905461e-05, 0.6476769174890755
82, 2, 0, 0.8284019584623096, 0.07104189170715575, 0.08024350108675771, 0.020312648743776827, 0.06992723848722204, -0.08582568794815568, 0.13983282952772205, 0.6128629969536995, -0.20291858542289692, 0.2293848729221007, -0.08213097247048426, -0.147368773533179, 0.00624571557844208, 0.03208654346055731, 0.011725788115361516, -0.00048711457997251335, 0.0008352243284767804, -1.7066444401774314e-05, 0.030459314965507238, 0.0009753701139795276, 0.0005967705735840886, -0.0007404428985667787, 0.6476769174890755
83, 2, 1, 0.1024303287269674, 0.77918680230557, 0.08408514498647265, 0.034297723980989916, 0.11414283249488673, -0.112557603451648, 0.12738569761130109, 0.649289159404346, -0.10943067106747147, 0.10886655834290979, -0.12355679221196567, 0.17073852986523796, -0.06558269906747449, 0.10837629017397436, -0.19513077104216175, -0.11339978501954424, 0.05396265194936082, 0.02492271056107646, -0.08310413060602329, -0.019949650423700786, -0.03524902665645399, -0.09640482869793646, 0.6476769174890755
84, 2, 0, 0.550703936019475, 0.329894799312697, 0.08390154633387797, 0.03549971833395001, 0.14145910446982118, -0.010880777011634268, -0.02552057429340069, 0.671733705897307, -0.22177039846900368, 0.18623287308432587, -0.1171462968869382, -0.06574724657818276, -0.05339678372214368, 0.1313183334841705, -0.07116096804229684, -0.0007500827543814649, 0.00023537714933554018, -0.0006941100080305833, 0.029368802019253078, -0.0005201518517824614, 1.3579601724857517e-05, 0.000450004955667216, 0.6476769174890755
85, 2, 1, 0.001041417691703933, 0.4526058195678821, 0.15688552507620232, 0.3894672376642116, 0.10227826292958653, -0.10528524752396393, 0.11507827541522661, 0.646781832160601, -0.11046179270756176, 0.10999227560882271, -0.12472562604807835, 0.02625235980851014, -0.09389416707696145, 0.2801276340484667, 0.16283483638935142, 0.0545063012557083, 0.0060228102606081965, -0.053431648167848546, -0.10408460427848754, -0.08491866093011526, -0.11454904960569016, -0.0411328270754618, 0.6476769174890755
86, 2, 1, 0.392063926812324, 0.11451918265294349, 0.10394450515112538, 0.3894723853836071, 0.07232559722137259, 0.12931816767410723, 0.1235836421441419, 0.7209519822926558, -0.08024130327091135, 0.06977143782590775, 0.01367150505749568, 0.2264795933496567, 0.20074713315583875, -0.030463465572265102, 0.11581994361972159, 0.00012324194513377442, -0.0003005494634794651, -0.0003914200406127384, 0.030584353423009424, -0.000831543288453871, 0.0018723588710791348, 0.0005486074587501284, 0.6476769174890755
87, 2, 1, 0.4845787110858983, 0.025611622263366492, 0.09927005033357236, 0.3905396163171628, 0.11000152289595891, -0.32038219930226325, 0.05839338098556546, 0.7175142282518578, -0.16907021105613035, 0.07208972551487011, -0.014588823044503107, -0.19320876626948097, -0.12055100643747915, -0.03268472163257591, 0.023337599466898062, -0.0005064740384914164, -0.002191127260523361, -0.0007456046775676139, 0.030272841991050948, -6.684166532015673e-05, -0.0005272365039495863, 2.9160094366439212e-05, 0.6476769174890755
88, 2, 1, 0.5042899957971285, 0.022671766743255058, 0.08247773100389656, 0.3905605064557199, 0.20892980574313208, 0.0032175931501059797, 0.046176406150988905, 0.6877074887464986, -0.05245278516236521, 0.11720747281544797, -0.3141549781473965, 0.12183327526751167, -0.04840979324314694, 0.17162353275154907, 0.031961227747848646, -0.0004929010069337893, 5.613179843501108e-05, 0.0005475807882326648, 0.029936904525970413, 0.0006802811595711896, 0.0001560042552199597, -0.00028597572476958934, 0.6476769174890755
89, 2, 1, 0.5623191114463205, 0.002093152981346335, 0.04479894862918627, 0.3907887869431469, 0.05915718824017273, -0.022607337351071278, 0.1551683653746486, 0.7611580432504782, -0.13234679813733638, -0.044228982875028834, -0.0747185832167557, 0.022693056377351094, 0.12078791548075887, -0.02218498437396439, 0.09941914870472573, -0.0008215503796247557, 0.00220754153086071, 0.0006337103110955484, 0.02990089288465257, -0.00020135978675625554, -0.00018467375523293608, -0.0016302094231863081, 0.6476769174890755
90, 2, 1, 0.5633062879348637, 0.0022012200422231324, 0.04369336263802968, 0.39079912938488354, 0.04572025471928705, -0.12036742529224795, 0.25402085703633553, 0.6893417820743948, -0.12567609278023867, 0.3178140583728033, -0.1689050685891115, 0.0016884379442534403, -0.003934475636122337, -0.0941767500934719, -0.05497794117821651, -0.0007811053860954938, -2.540973456802592e-05, -0.0004541074759454972, 0.030740257791435698, -0.001831772315220935, -0.000688018489938296, -0.0008614792827142436, 0.6476769174890755
91, 2, 1, 0.5363142996688153, 0.02699201064756187, 0.04209234131910145, 0.3946013483645215, 0.002310267765774421, -0.026552963184280975, 0.050602773117345866, 0.7764249682049766, -0.007897261437239168, 0.08814812869495361, -0.17409423334795765, 0.16023298904467528, -0.09974697537005446, -0.0663568906992141, 0.07370925586038683, 0.0010072430792932778, 0.00015039385517232368, 0.0010458428641651803, 0.03012574907858275, 0.0008435130444901971, -0.0006821018686509421, 0.00023663644449596136, 0.6476769174890755
92, 2, 1, 0.5459442598509411, 0.018983131937050632, 0.040363194840090565, 0.3947094133719179, 0.12079326878529122, 0.17537322045679823, 0.03402076088381564, 0.691891051590931, -0.12573973099583913, 0.15775328786612414, -0.14713059502522968, 0.10484876764574332, 0.06715788939829238, 0.17800179573871056, 0.022986651949319446, -0.001141714936619184, -0.002354741167948449, 0.0008588483038951692, 0.030882342998866635, -0.000720110270505109, 0.0010812185044931392, -0.0006887796742366975, 0.6476769174890755
93, 2, 1, 0.5459217036307206, 0.018997916841335435, 0.04035741198154146, 0.3947229675464027, 0.08153719627271087, -0.07407796928178034, -0.004724522540265619, 0.6683142320125495, -0.23877852737936012, 0.2635092920453471, -0.29731872842176454, -0.021232947323836193, -0.0620223838892377, 0.07493829751072505, 0.043147311105163524, 0.000993155763387696, -8.509129400390162e-05, 0.00015945241911235396, 0.030440210576982575, 1.1441106159884563e-05, 0.00115318541711255, -0.0006014279897817505, 0.6476769174890755
94, 2, 1, 0.5459305558330098, 0.01899557537199399, 0.04035084632468693, 0.3947230224703093, 0.09107729440502257, -0.12817037858082783, 0.15514166104778593, 0.782866908901221, -0.016583810977618508, 0.16182443535548288, -0.24391303036205264, -0.04670980470066623, -0.009169524180833966, -0.03339580700371278, -0.21619891319238427, -0.0004210435322500517, -0.0003735902998869405, 0.0009412711507373885, 0.029098931524959022, 0.0004466566241436849, 0.0011424303204834608, 1.7885525855638157e-05, 0.6476769174890755
95, 2, 1, 0.5644706698869136, 0.009448765398021667, 0.030079720014683356, 0.39600084470038127, 0.18024791924019104, -0.05016470297283795, 0.23950976817167913, 0.4080272124697123, 0.04513056745712161, 0.09837332908358923, -0.08368889941224532, -0.0948034470397752, -0.04457174028439255, 0.11074342578273097, 0.12417278271224341, -0.0004669567963654055, -0.0007510624331398519, -9.939324857959034e-06, 0.029120135248010846, 0.0007301592436524174, 0.0004817371428035626, -0.0006251802054176664, 0.6476769174890755
96, 2, 1, 0.5648505203923151, 0.009791207666722897, 0.029140671231789435, 0.3962176007091726, 0.03930489671775256, -0.1313419846810664, 0.02220790742957836, 0.4776764195743576, -0.13025308868727822, 0.07148869919154692, -0.11784931799283953, 0.03609087486306685, 0.015325773017150624, -0.30671391553576804, 0.1284184031370434, -0.0015684368642539157, 0.0010936791871859657, 0.001911136268218697, 0.029484755788571793, -0.0008229029749527118, 0.0009602866746062499, 0.000645273192495881, 0.6476769174890755
97, 2, 1, 0.58348057272581, 0.009894265103942933, 0.010391775085829435, 0.3962333870844175, -0.07586827827407894, 0.07964669460782108, -0.09218610751726675, 0.6862341769699862, -0.0974351352510899, 0.215210370780314, -0.05322617846588494, -0.018278195529540582, 0.13864982761625166, -0.02112672128681011, -0.005624234949650488, -0.00014255870545437486, 8.602399609558778e-05, 0.0010846488332957199, 0.03013793408626302, -0.000613083239537588, -0.0013907557531832317, -0.0006285870475326197, 0.6476769174890755
98, 2, 1, 0.5722109167618377, 0.019830370275642255, 0.009780383974753, 0.39817832898776706, 0.09048442327893284, -0.025476153956027474, 0.0803498580774776, 0.5195576819370261, -0.07729188193819765, 0.21534278445971947, -0.07664737657103064, 0.004077687173873306, 0.10000659332471873, -0.08332444697795538, 0.04758925245075206, -0.0001595257561877727, 0.0005152194472558623, 0.0010742738823230178, 0.029276039421858135, 0.001115008688836358, -0.0004713417870805749, -5.370443262509892e-05, 0.6476769174890755
99, 2, 1, 0.5659078568448571, 0.021915478790759113, 0.009730546240539102, 0.40244611812384473, 0.09080530581120581, -0.07865215522535197, -0.01076137430155757, 0.44710327280108525, -0.13546718934083282, 0.10655863562456167, -0.16105158731332958, 0.04503064704362085, -0.20671311711247467, 0.019823170387366706, 0.122454840492915, -0.0005188879930927906, -0.001030141662061981, -0.0003775646046353834, 0.031267959728654086, 0.0003494872362588287, 0.0007744297228125388, 0.001350802560884051, 0.6346609022080782
