t, Event, Policy, P(still), P(random), P(reach), P(transport), o(t), s_a 
0, 2, 1, 0.3654298484325409, 0.04890058934688568, 0.5856695771217346, 5.299062966201973e-09, -0.6830628051978943, -0.613052260330739, 0.7112470054633351, 0.5411738830572714, 0.18356506239234854, -0.008583435639932135, -0.12389724374518873, -0.30528427847082024, -0.3629038932792021, 0.17380477843176823, -0.03411138820114274, -0.06986178344506519, -0.10176793870811218, 0.03720904742165991, 0.08854501044647767, 0.1538244702122248, 0.2030856407264337, -0.12165544669439557, 0.6043985949801403
1, 2, 1, 0.36544142770900057, 0.048838319798153194, 0.5857202524786683, 1.4177971417710267e-11, -0.4176466113751098, -0.5746266805693305, 0.7141137584514424, 0.5950005817314772, -0.009252138529819742, 0.11054273740253576, -0.011361548194080395, -0.19522324620795972, -0.18494004564217373, 0.37690053002155577, 0.05565372066999692, -0.0002638597548503999, -0.00019825936790191716, 0.0006386722191136685, 0.0200698026076294, -0.0007663779165826643, -0.0010706656035566144, 0.0006359672643166901, 0.6043985949801403
2, 2, 1, 0.36544172975947703, 0.0487493022600364, 0.5858089679804431, 4.341247981436316e-14, -0.6696929894155288, -0.7676579488649891, 0.7477838148728704, 0.6622704449734791, 0.07025187366838329, 0.09745469958666116, -0.10978386095005002, -0.29182246795172295, -0.38054572361442796, 0.3146311180205111, -0.04444566294382922, 0.0015982124831789564, -0.00017645528115337476, 0.0021133204591270594, 0.019598910067109194, -0.0014675402882332283, -0.0001054788116590221, 0.0018375457478457713, 0.6043985949801403
3, 2, 1, 0.3654418302795062, 0.04873855369477967, 0.5858196160247794, 9.346542909859107e-13, -0.3533150941984406, -0.8088933410276378, 0.6886558641505717, 0.5080137791176018, 0.10303994781408934, 0.2345971588141682, -0.07349371237628262, -0.3902451348645425, -0.2192172674045989, 0.28745660722209215, 0.07583140232836674, 0.0009612770537935682, 0.0015269385841724038, -4.278281891881062e-06, 0.020921828994908107, 0.0009155750053607265, 0.0006639673076297821, -2.3144716082399395e-05, 0.6043985949801403
4, 2, 1, 0.36552397694215705, 0.0462071383464441, 0.5882688380684691, 4.664292985581514e-08, -0.5108545189603678, -0.6340428614216937, 0.4901467611051132, 0.6189572808478567, 0.04476445160981578, 0.06926161124151457, -0.04704829610131693, -0.2896946506449568, -0.22684635435679706, 0.3587551225937211, 0.002543003226347601, 0.001575245569559472, 0.0011561875346666561, 0.0004620149550340461, 0.02080211171016649, -0.0004825926409939278, 0.0003792191536928499, 0.00016531434822160017, 0.6043985949801403
5, 2, 1, 0.3668816980461101, 0.03455810224093342, 0.5985601997128812, 7.523317985429998e-14, -0.44004950996231373, -0.6704063495668257, 0.8420338000691295, 0.5549844557555119, -0.13220935607813486, 0.10206649129121734, -0.027488598660355513, -0.1938500346488978, -0.4655804445364463, 0.38919375917359467, -0.00398585616452386, 0.00012911851990632037, -0.0007396644066811483, 0.0005353937028432324, 0.020081943764312698, -0.0009515654528104118, 0.00017489914578836414, 0.0006665096701953261, 0.6043985949801403
6, 2, 1, 0.3669273745747918, 0.03445855130213954, 0.5986140729615766, 1.1614920393909811e-09, -0.45755075814251134, -0.4982445769126084, 0.603770375706713, 0.6304639548614892, 0.02425160098126792, 0.05833132834513274, 0.058996502241837945, -0.26194124670150676, -0.23529961287316628, 0.21338548826691098, 0.12253564775414696, -0.00040182814947125256, -0.0013866105709275495, 0.0012540548059284226, 0.021580549114698346, -0.00013834109716282574, 0.000562913698314858, -0.001298558347055318, 0.6043985949801403
7, 2, 1, 0.36692737232154626, 0.034455940471737403, 0.598616687206705, 1.136188053871767e-14, -0.49211449570324783, -0.552934790620984, 0.8692940821956817, 0.6482227489215793, 0.24221959116341737, 0.09360113887729245, -0.07640294360305447, -0.33452353277171887, -0.12465537610152037, 0.166844055006256, -0.017637153857966832, 0.0007798372149472307, 0.00043079218120931583, -0.00039109499442106105, 0.020423755455654568, 0.0001473829979324696, 5.072188207650238e-06, -0.0003245278008326599, 0.6043985949801403
8, 2, 1, 0.3669421277445963, 0.034067974379905996, 0.5989898176964923, 8.017900533016821e-08, -0.5064539660143546, -0.443012250603671, 0.4499977267819338, 0.498325754723792, 0.06053231394971041, 0.01187585824990287, 0.05824776076608085, -0.2614467309765789, -0.29853785815315204, 0.23932756794829468, -0.038254396581311884, -0.00035477054942439413, -0.0008047859744119538, -0.0001451803968126764, 0.019515633123278687, 0.001709153844029664, 0.0016396616541799359, -0.0008843303538336744, 0.6043985949801403
9, 2, 1, 0.3669421270690512, 0.0340679584084656, 0.5989899137052355, 8.172477603000436e-10, -0.5268588418125602, -0.5910513005183662, 0.4187737248821902, 0.46441488383391516, -0.004745917503077046, 0.18826499639882535, -0.4124294952508253, -0.3697514293411769, -0.016076722257706864, 0.358628800235757, -0.0035706164739411407, -0.0009352640608327187, -0.002299718934208758, -0.0007238440474973254, 0.019551025961471118, 0.0015972174572473085, 2.824870486853632e-05, -0.0008046955018558493, 0.6043985949801403
10, 2, 1, 0.36694237587404244, 0.034043102336601655, 0.5990145217758751, 1.3480705306219692e-11, -0.5604456200230239, -0.4294067653274943, 0.5562683573740541, 0.4526153071366018, 0.0842514835739481, 0.1243698686564366, -0.1841923866269707, -0.15648939377595655, -0.24593308244388767, 0.33184332343546785, 0.11043340592605662, -0.0011108793776136313, 0.0005333519253352023, 4.791029195666128e-05, 0.019414374712594305, 0.00024438724076758484, 0.0011644000112263425, 0.0012891920714733652, 0.6043985949801403
11, 2, 1, 0.3669812935530675, 0.033736523002941256, 0.5992821818792606, 1.5647305950890953e-09, -0.507216087672054, -0.368374046236036, 0.6205123175468816, 0.6945142513667963, 0.12488841714007173, -0.009302446593660063, -0.043465133205317974, -0.3659231018316964, -0.05799667168747098, 0.2741211670925175, 0.1598442332975864, 0.00055103249763626, -0.0012513055165064798, -0.00028161254105958005, 0.022053369826542057, 6.071577214426179e-05, -0.0009528407327451646, 0.0011617657648988686, 0.6043985949801403
12, 2, 1, 0.3670223259225733, 0.02792898693345781, 0.6050486785677495, 8.576219494681471e-09, -0.6978295984066721, -0.5567868385621644, 0.5793983174834766, 0.5788914188160901, 0.09965739170570456, 0.17542406648121442, -0.006069232882299214, -0.13719414839442454, -0.31762014214845424, 0.345391566684091, -0.03639021924430079, 1.9203968169898357e-05, -0.0009703767406572302, -0.0005846986313441083, 0.01899238041702846, -0.0012615167171642291, 0.0012872260214622008, -0.00039759737902182897, 0.6043985949801403
13, 2, 1, 0.36702232599729595, 0.027919473368519077, 0.6050582006340371, 1.4787046919810795e-13, -0.4955134050556073, -0.47154333119170877, 0.5654939341174046, 0.5956569994574012, 0.2080380805729119, 0.196814885749607, -0.25684144676146137, -0.231615768087517, -0.30863114820134774, 0.3925520532153196, -0.06938228122099392, 0.00035540784523806305, -0.0005471881022956161, 0.0008486322360959656, 0.019529029478837428, 0.00033013317527890975, -0.0007059151375552179, 0.0010725256251542428, 0.6043985949801403
14, 2, 1, 0.3670224302871598, 0.02783110999030972, 0.6051464585653501, 1.1571803748338817e-09, -0.36323560238853736, -0.6268854246386449, 0.5182283852019095, 0.7598420076853448, -0.011073904287665526, 0.1800375290383242, -0.1755439803355987, -0.16820887937831658, -0.2765575849286379, 0.07439549038030532, -0.049569117632251164, -0.0012091565819657662, -0.001742433960093304, 9.843420687324278e-05, 0.02136594839314225, 0.00048191778260137693, 0.0008585864330582005, 0.0009238509157821248, 0.6043985949801403
15, 2, 1, 0.36702807714191527, 0.027492583325742774, 0.6054793395319894, 3.5260651088586887e-13, -0.4330398297074486, -0.4037244021372482, 0.690956485856902, 0.5704049002243596, 0.03533442020678974, 0.02101010636451278, -0.20517401371921012, -0.39488417084118393, -0.3053126138855527, 0.3016130970896901, 0.11080625529060344, 0.0010555953501719887, -0.0009066218385038767, -0.0008802633104412804, 0.018534133695336553, -0.0009388169538071936, 0.0003874926079017966, -5.514910157958337e-05, 0.6043985949801403
16, 2, 1, 0.3673945714143268, 0.006444653558213443, 0.6261607233537116, 5.167374821934881e-08, -0.4546013375533448, -0.3188893624625311, 0.495751590240069, 0.6181945880943391, 0.12541156750294014, -0.00019808911380061466, -0.07213907410438632, -0.26730693839555275, -0.3468279370373576, 0.2903788277867875, 0.07368480908152722, -0.00033448313711384085, -0.0014449794861106273, -0.0002371781637458777, 0.02046566910649535, 0.0008618369381309044, -0.0004157756054651705, 2.5358414005983325e-05, 0.6043985949801403
17, 2, 1, 0.36739590952618995, 0.005974296397793582, 0.6266297939677338, 1.0828285589049757e-10, -0.4501111705893234, -0.3388445354852841, 0.5096569614906254, 0.692927122861222, 0.13584937861984236, 0.14757934648999987, -0.17726224327267842, -0.3334078786394743, -0.30192867014374486, 0.4314806686821897, 0.08876178201216844, 0.001535328601581265, 0.0002283260666385959, 0.000807988361979943, 0.01935908434483754, 0.0017385838292942597, -0.0007901674135477734, 0.00043161686181010273, 0.6043985949801403
18, 2, 1, 0.36741641245678575, 0.00463811572025462, 0.6279454297462286, 4.207673099457137e-08, -0.5448785072984046, -0.5246706900899378, 0.6025554925719011, 0.575175810654964, 0.05316909969817998, -0.0636232086066256, 0.001171777467777768, -0.25576810270448264, -0.08084167068001849, 0.33073809521877723, -0.06393972095153624, 0.0010911593332154665, 0.001128875602961038, -0.0005351154856846297, 0.01989829680927788, -0.0007949274917957711, -0.0012387524527823753, -0.00047844509284540235, 0.6043985949801403
19, 2, 1, 0.36741641394197694, 0.00463776157912956, 0.627945824467473, 1.1420396254465394e-11, -0.4710448721924057, -0.33574800327641136, 0.653562014312255, 0.5505621387248989, 0.1447733923780063, 0.24525115568255326, 0.07652363285389638, -0.2730270262149028, -0.17866968820678322, 0.1557343235426351, -0.03487148398397989, -0.0014442907409229907, -0.0005306414048709496, 0.00011309224771187318, 0.020670059206756526, -0.0016100947918881753, -0.0009181072607802588, 0.0013574850257168623, 0.6043985949801403
20, 2, 1, 0.367416502636687, 0.004632851145137181, 0.627950646214976, 3.199915879627042e-12, -0.5544015564043822, -0.4467011669369228, 0.6620424799937774, 0.46464954016038984, 0.1226437890129729, 0.21954145490656535, 0.006738440649245003, -0.1900053904333216, -0.23645016848920858, 0.3686978622017033, 0.054552198824158335, 0.0007735734113001234, 0.00028096328254389894, 0.0008472971512959668, 0.020279703305301593, -0.0015347724177496574, 0.0011312551828842091, 0.0005175097639172138, 0.6043985949801403
21, 2, 1, 0.3674165241712881, 0.0046289534291588256, 0.6279545223370051, 6.254793558222244e-11, -0.4152871822473626, -0.6662166689557297, 0.4495314906839384, 0.5501725128092292, 0.12917193803274207, 0.25115628383319216, -0.11072154536274292, -0.1607404019402104, -0.22233633029228966, 0.40054720883345746, 0.10808284841707627, -0.0011211549889874961, 0.0013967877138900485, 1.2760298778514397e-05, 0.016703435340891616, -0.000355505130925183, -0.0018600847843763244, 0.0004928030852969537, 0.6043985949801403
22, 2, 1, 0.3674162858450816, 0.004628926854269668, 0.6279547873006447, 4.052575374733828e-15, -0.5029753484345335, -0.46610066729012367, 0.6551051905883486, 0.5315018887937063, 0.19022752543495447, 0.0035602765491617116, -0.30133721761155574, -0.32666833277880275, -0.21258012569343432, 0.1061059558300256, 0.16195771408331255, -0.0013310324737994337, 0.0002950631956255455, 0.0009547468030379881, 0.021314557901215437, -0.0007290360485067513, -0.001896867537547681, 0.0016768738954293437, 0.6043985949801403
23, 2, 1, 0.3674160166459249, 0.0045561894987150965, 0.6280277907929148, 3.062445167230265e-09, -0.43936529355528153, -0.49433767996789524, 0.5236598499412257, 0.5118289517447934, 0.1257659802731375, -0.00427609883993596, -0.09508743583986859, -0.28538024478587215, -0.12795289087639378, 0.29472689219757875, -0.08158077030269414, -0.0009714215256134567, 0.0015879866490967163, 0.0006999264081821762, 0.020415144417036516, 8.865533416060236e-05, 0.0031601609440238, 0.00031961329072764183, 0.6043985949801403
24, 2, 1, 0.3674164516431179, 0.00435634047872475, 0.6282270409735039, 1.669046535765066e-07, -0.4719134396777934, -0.36876238348537643, 0.41392933448903707, 0.7731011577659215, 0.10936782236632692, 0.14259259128847315, -0.018270083702612204, -0.09214645498642089, -0.27099147863457657, 0.16775202870421035, -0.0839525118449311, 2.7026147600543043e-05, 0.0007865879588287411, -0.001177484010007099, 0.02221626258236388, 0.0011174421861786577, -0.0016407775166353757, 0.0001242004800857199, 0.6043985949801403
25, 2, 1, 0.3674185379423282, 0.004291460065290848, 0.6282900000606503, 1.9317307750804273e-09, -0.4844752934166573, -0.47866320185504607, 0.4658156372525166, 0.5905976499723363, -0.07197778464659524, 0.057905119537995195, -0.06230225376960861, -0.24386446231532632, -0.35455799243986397, 0.14281442479540934, -0.02345880872265237, -0.0007827554575700748, -4.9014405527489304e-05, -7.08461265924248e-05, 0.020180853723012378, 0.001173104439726299, -7.658394033553608e-05, -0.0005810319926673473, 0.6043985949801403
26, 2, 1, 0.36741993258201167, 0.004183919058103722, 0.6283961363920683, 1.19678163118614e-08, -0.5061088376586292, -0.4272326056390595, 0.5173239355959626, 0.541838116337366, -0.04784773929582533, 0.07940942793208014, -0.08262531402760079, -0.12561386633277136, -0.13930898458128874, 0.27659511368518036, -0.08389343744433271, 0.002079175043071744, 0.00027094447507451007, 0.0016870793995720338, 0.02023997599997749, -0.00023002340038473976, -0.0010183353183274427, -0.0004207275381409776, 0.6043985949801403
27, 2, 1, 0.36741996397340554, 0.004109309402393192, 0.6284707235390578, 3.085143605203074e-09, -0.5370400933501016, -0.39798355266957997, 0.5032448989934836, 0.4804842762985503, 0.22654698945999216, 0.10044741160804005, -0.03549834009737192, -0.36655096225025396, -0.15614914572463492, 0.30498275056244556, -0.06685084042164112, -0.0007124518333231972, -0.0014677671103881548, 0.0014043403046225136, 0.0192080482218673, 0.0014230501233926831, -0.0016174407771998914, 0.0005398727441879726, 0.6043985949801403
28, 2, 1, 0.3674241288767239, 0.0038570196156611685, 0.6287188515005643, 7.050714629852125e-12, -0.5322198372361322, -0.5126291665775131, 0.6511046874097928, 0.5710181534869385, -0.0212611726073213, 0.0907462733375333, -0.21333462523186303, -0.20898205099714778, -0.19731072547509865, 0.3899820530196688, 0.07164230029743082, 0.0025958161056483862, 0.00027217121120999517, 0.002331535140510326, 0.019818266977872596, 0.0010939195643996978, 0.001294853969683449, 0.000830991903214596, 0.6043985949801403
29, 2, 1, 0.3674241297260273, 0.003838046607134687, 0.6287378233897613, 2.770767023735486e-10, -0.37138712877901525, -0.5409070639700444, 0.3966047333473971, 0.7701020522483847, 0.22441544509845418, 0.30187452892539224, -0.09140005420674686, -0.34874407010258385, -0.21200746525693281, 0.45328614598016975, -0.054023216343386984, 0.0010534794910444637, 0.00023287656264614552, 0.00027475027826274714, 0.018782314094248288, -0.0003060865804633012, -0.0014181838895422664, -0.00016263197514609898, 0.6043985949801403
30, 2, 1, 0.3674241293252335, 0.0038375951320370394, 0.6287382755424328, 2.9675910024698654e-13, -0.33732324121631735, -0.24378636330618156, 0.4674455771393836, 0.6263462668590543, 0.17081310496734664, 0.22171345054266745, -0.20466765542177848, -0.3585966060858259, -0.33454428816244475, 0.21523564766100808, 0.0032251210048318242, 0.0010802016366215643, -5.2584541016167585e-05, -0.0002179455049952632, 0.020765001622352935, -0.0014531462900308843, 0.0009512685329219952, -0.00024179260798433267, 0.6043985949801403
31, 2, 1, 0.36742396467282185, 0.0038240197465490497, 0.6287520013834665, 1.419716264181968e-08, -0.43263416760651374, -0.40921178012019405, 0.4238473126109768, 0.6698193028418549, 0.2242890689493655, 0.2146616124212121, -0.04438855314621839, -0.23281125238958839, -0.07702283153026071, 0.3197208049534344, 0.009609771843279814, 0.00011735220240061872, -0.0013496268971190091, -0.0006005280481147213, 0.02110620577261505, 9.364212411814464e-05, 0.000355880790172996, -0.0001929480819103743, 0.6043985949801403
32, 2, 1, 0.3674239644970277, 0.003823496089900605, 0.6287525394115836, 1.4882216266264687e-12, -0.386873695563252, -0.1505924561417527, 0.6582096704997306, 0.6139498048486833, 0.2755859492375559, 0.2005961635890195, -0.06378384296202874, -0.30526518776854106, -0.17607201717887688, 0.17699444939939796, 0.06615284913518418, 0.001734221221896855, 0.0002524002705890202, -0.0010402722043549363, 0.021242380650102328, 0.00016424912023568788, -0.0007597578168478558, -0.0008254229484491714, 0.6043985949801403
33, 2, 1, 0.3674239516886976, 0.003822813738601166, 0.6287532335446986, 1.0280025889353893e-09, -0.48781891928616955, -0.4010073483361595, 0.31579174760545775, 0.4680403272804633, 0.06165720802717756, 0.09838597927666988, -0.10658782487684149, -0.1966159214383959, -0.2754736718393157, 0.023016619382449522, 0.0676862531753715, -0.00141829619468628, -0.0008201689748322397, 0.0002604593856174635, 0.02077293839341097, -0.0017575821100194338, -0.0009410743945780619, -0.0007791156217572152, 0.6043985949801403
34, 2, 1, 0.3674911320772978, 0.002713858710738725, 0.6297949701453607, 3.9066602863213924e-08, -0.5185968223385989, -0.2663869588565918, 0.6041750983229646, 0.5487829040794511, 0.05214576706236869, 0.09855820686941588, -0.06405075799962931, -0.10062041155780173, -0.13785289545904014, 0.16460370654367384, 0.08318820216343494, -0.0017500594079150945, -0.00024956256545173973, 0.0009937053499477328, 0.02084848706047104, 0.0016634440237511382, -0.0002394924604653337, 0.00036892733789391566, 0.6043985949801403
35, 2, 1, 0.3674898778581973, 0.002632978963949651, 0.6298771430965394, 8.131371437958553e-11, -0.22686319279146624, -0.4164363688481073, 0.5085172759271588, 0.552832957610268, 0.10584266983374702, 0.05160218116995043, -0.2809862721137478, -0.24508778834841838, -0.19059331419578912, 0.3571893553714144, 0.03295703212413243, -5.058885140307773e-05, -0.0003902608068949712, -0.0005944673734269629, 0.018753535605216476, 0.0012298078423701505, -0.0003294573167434484, 9.988932769134772e-06, 0.6043985949801403
36, 2, 1, 0.3674906588127926, 0.002286893124944952, 0.630221358664681, 1.0893975814242505e-06, -0.3435633541133757, -0.5109015226885438, 0.3636706673910493, 0.7197702791404859, 0.12349533409867466, 0.0643255355776956, -0.10956705647635909, -0.10607724977107118, -0.14469011106040702, 0.17055882536957762, 0.013536114933715144, -0.0009361740035293862, -0.0006442013791788895, -0.00025565218764828665, 0.018767424403663906, -0.0015685824538416303, -0.0008787340406003765, 0.0012946221581756703, 0.6043985949801403
37, 2, 1, 0.36749070827006675, 0.002237544687621756, 0.6302715089031352, 2.3813917630191334e-07, -0.39435049336923245, -0.3308354228082806, 0.3715307632081487, 0.6776080543498612, 0.12663518209897218, 0.05772101030339207, -0.13740913827779747, 0.011819043183916533, -0.2555699097158973, 0.054245290645811274, -0.008982721226193233, -0.001841389204674014, 0.00036644053119069077, 0.001302989239365553, 0.01998045066500289, -0.0006553163337622207, -0.00018253348279755342, -0.001033782166373367, 0.6043985949801403
38, 2, 1, 0.3675005366205376, 0.0011865475276855845, 0.6313110735553615, 1.8422964152312209e-06, -0.15303986943039516, -0.2829433298373786, 0.2309133143169062, 0.5890154830601118, -0.006736938779020285, 0.015233644221017372, -0.07045320299699431, -0.22879087243264715, -0.2933560849894123, 0.2676125261179323, -0.07212902064296325, -2.314514926311947e-05, -0.0010146041447830823, 0.0005151959443007732, 0.019773016536972714, -0.000694734602339866, -0.00022457859903219482, -0.00226314528099106, 0.6043985949801403
39, 2, 1, 0.36750306815273626, 0.000892708047059267, 0.6316040573587008, 1.66441503702509e-07, -0.5834972555470092, -0.13692504425640126, 0.4015184730899607, 0.5657901918569036, 0.1246923271252682, 0.006704189423918083, -0.16261926320042125, -0.10336367083295192, -0.05763768023890166, 0.28453567330487217, 0.16854031278420542, 0.00104162461938483, 0.0007244546532038976, 0.000923882670514644, 0.020342542937011966, 0.0008053147620784214, -8.410111047755808e-05, -0.0011574207838529079, 0.6043985949801403
40, 2, 1, 0.3675031197124403, 0.00025227950473522427, 0.6322444526635455, 1.4811927908259107e-07, -0.25219557165504397, -0.24889489913991927, 0.4326427876935138, 0.6005416913520867, 0.17537109954859095, 0.11527882883817811, -0.1388714336972494, -0.13810359711238407, -0.22542985886698608, 0.17080697739347594, -0.10933013040758108, 0.0011488941169461426, -0.0012955529518573665, 0.00032800351176008634, 0.019124110729651225, 0.00032774956895085784, -0.0016969185821007142, 0.00015888258868836227, 0.6043985949801403
41, 2, 1, 0.3675031252189671, 0.0002495960192407472, 0.6322472768775924, 1.88419974666876e-09, -0.6012023680677877, -0.29954180589646084, 0.41506237890281666, 0.6274831089443409, 0.11311725144339672, 0.26592368102224845, -0.10249795322093638, -0.023642456236648936, -0.24789745272066072, 0.2283588282075526, 0.049993050980948736, 0.00035286539827564755, -6.895908811941468e-05, -0.0002575745208273801, 0.020193903546959487, 0.001501226492703972, -0.0027182178892560848, 0.0006045749914600277, 0.6043985949801403
42, 2, 1, 0.3675027999622934, 0.00024929797826674885, 0.6322479008912287, 1.1682110722134737e-09, -0.3597402628847622, -0.41087587115807384, 0.29054210120505414, 0.7471861506272736, 0.16049015625762064, 0.14386478456448668, -0.20804902087978122, -0.16707664296560246, -0.20470405865254512, 0.10102835317783913, 0.0742639366041411, 0.00105737600773401, -0.002613523931111742, -0.0014795763185238855, 0.019493006925622815, -0.00014222698989504892, -0.0009236030552988054, 0.001064488042015747, 0.6043985949801403
43, 2, 1, 0.3674959582587261, 0.0002414780987265855, 0.6322625627562916, 8.86255808669631e-10, -0.1348529714343794, -0.2192573910424657, 0.4040022914267906, 0.5740186830253979, 0.19593888923209815, 0.021581524465491164, -0.217351975394274, -0.22233798714135608, -0.1691105911328151, 0.2555450336037353, 0.10544316230570516, -0.0006452729450789896, 0.000985509553891424, 0.0005670653670563123, 0.019362900704423723, 0.0004600374339511705, 0.0012859977137440527, 0.001083339763874101, 0.6043985949801403
44, 2, 1, 0.3674959566125975, 0.00024143172338109552, 0.6322626115358319, 1.2818954345490015e-10, -0.3431188513590106, -0.34871919268565504, 0.43366355676195933, 0.6345440356853608, 0.1678822939257092, 0.2844742335182563, -0.25126706987307507, -0.06441226672148884, -0.12338969909873303, 0.20118481675228753, 0.11361437284670917, 0.0005857818440616277, -0.0012265656483259027, -0.0015324151683907008, 0.01790237853959987, 0.0005521404856925542, -0.0015563474680329629, 0.001294759227330744, 0.6043985949801403
45, 2, 1, 0.36749591298730216, 0.00024121851156478946, 0.6322628681981414, 3.0299164929969634e-10, -0.3426292385268542, -0.41028224062320345, 0.3419177899161334, 0.7097900816433045, -0.1417079371863843, 0.08233271032742864, -0.11178600639822808, -0.18564620468080598, -0.0828565760561485, 0.39262742304968656, -0.14090314305432056, -0.00199908108509929, 0.0011072268393477083, 4.6740457107337275e-05, 0.02167273978836657, -0.0005399674531247409, -0.0008195083197631136, -0.0005346100396578956, 0.6043985949801403
46, 2, 1, 0.36749615704932626, 0.00023599688856791866, 0.6322676762386978, 1.6982340792305984e-07, -0.2769628842672726, -0.4354853262016919, 0.25986791204428117, 0.528069832845205, -0.10676413776294505, 0.05656913105204066, -0.047408475704681555, -0.1756839069179867, -0.13359486066179097, 0.2118936199869322, -0.024254763263126554, 0.00032232794177262404, -0.00030797454991983973, 0.0013509061443371041, 0.01946867188272133, 0.000512438550455995, 0.00038008318052737606, -0.0007293208071432161, 0.6043985949801403
47, 2, 1, 0.36749616087623593, 0.00023590733633014498, 0.6322679304135673, 1.3738666419933488e-09, -0.40138550660427025, -0.3926492031998169, 0.4254053797850273, 0.6361948729591196, -0.08963474506557847, 0.2984630865432476, 0.05495540632277067, -0.24410873722618312, -0.20135585796997754, 0.05128345387725606, -0.04711114870412052, -0.0010033333155108103, -0.0011446249621463, -0.0006666744105378894, 0.018591612332413167, -0.0007188334804799671, 0.0018039988093255088, 0.0009682416438029091, 0.6043985949801403
48, 2, 1, 0.3674961674459315, 0.0002350591705278907, 0.6322687718113857, 1.5721547458522538e-09, -0.40250737125517055, -0.19426192074036758, 0.47333609659632064, 0.6246417182941686, 0.02212946270282693, 0.08465326256082739, 0.06145413577829455, -0.29169591510076, -0.2415999276189848, 0.0019012634863859513, -0.12054590566450951, 0.000859196625714395, 0.0008191486187006294, -0.0001273554896647025, 0.019757145649255778, 0.000739031025144802, 0.0005226439043117643, 0.0009977143215484459, 0.6043985949801403
49, 2, 1, 0.36749617097457055, 0.00023408935450823368, 0.6322697331616967, 6.5092244664735916e-09, -0.4781559089001071, -0.2457897836907328, 0.326338241304294, 0.5014117894192173, 0.04145224175758331, 0.17222777953811536, -0.04422446737789711, 0.20180302127784647, -0.026333052216915932, 0.12279822612534605, -0.09403012189500884, -0.0014714360607588019, 0.000630072423014643, 0.00040760844716843564, 0.019554483894870488, -0.00043412849155326385, -1.8270566909182866e-05, -0.0007391722701896985, 0.6043985949801403
50, 2, 1, 0.36749615967710714, 0.00023403418379192758, 0.6322698022527403, 3.886360557252462e-09, -0.496026167343287, -0.19683884127196477, 0.34598279227424067, 0.6542735081458314, 0.26059031983896974, 0.1415678452169789, -0.22897398577243924, -0.10898083837868784, -0.13484202974162976, 0.09187541559682234, 0.04766124406148812, 0.0013130969912542542, 5.8977750229878304e-05, -8.410578814228247e-05, 0.01750194538464552, -0.0005940744059003003, 0.0016708705307441531, -0.0008300872892769461, 0.6043985949801403
51, 2, 1, 0.36749631746821393, 0.00011834166208579547, 0.6323852650379306, 7.583176974549283e-08, -0.22019988855321682, -0.07378943567333218, 0.5086619260980956, 0.5081006143661129, 0.1460279513292705, 0.13568100295137145, -0.01844748747017433, -0.1424498267892798, -0.15684241099929241, 0.21189390535050867, -0.08656052851421162, 0.0021333638411685876, -0.0007017405240489005, 0.0024105384333207524, 0.01900282430876873, -0.001020843569524181, 0.00020345186846500634, 0.0017606840425320818, 0.6043985949801403
52, 2, 1, 0.3674947039422351, 9.798344621695897e-05, 0.6324068682619528, 4.443495951022023e-07, -0.14423026850062118, -0.14962520810022148, 0.33099552220648565, 0.6151164489638438, 0.09804213618138329, 0.12005893436676522, -0.09083632822708523, -0.0377765004239214, -0.07878825125739879, 0.14153790502998106, 0.03295945832632454, 0.0015761377856977228, 5.29111236461615e-05, -0.00017099202822025804, 0.018343375691310674, 0.0008685657024450809, 3.52902673385876e-05, -0.0011709720846245432, 0.6043985949801403
53, 2, 1, 0.3674947040841786, 9.730032218082461e-05, 0.6324073625037572, 6.330898833772728e-07, -0.38249432826568064, -0.38415204268858083, 0.17064826023949545, 0.6542753119146875, 0.03345328534364265, 0.2624704796165064, -0.031655072492889104, -0.1282124942233408, -0.06258436085031582, 0.08997574940626756, 0.010152058054422508, -0.0004904303886429943, 0.000952331021612827, 0.0003148636326373941, 0.019474306475316262, -0.00029477152801041733, 0.0005014782559964398, 0.000550361262327129, 0.6043985949801403
54, 2, 1, 0.36749472689495544, 6.200212517875066e-05, 0.632442379035675, 8.91944190748713e-07, -0.19449682059954274, -0.2197437148881388, 0.3284235894631202, 0.654982863963482, 0.0239463333572701, 0.12347107436547652, -0.11857790745226113, -0.0356544530090015, 0.004593343967596053, 0.22775449578237486, -0.12378360613643018, 0.00095057879523219, 0.0014115060396170426, 0.002018287914431057, 0.019431815701187648, 1.0424592964643069e-05, 0.0011940501077916024, -0.0014670593307634441, 0.6043985949801403
55, 2, 1, 0.3674945621850157, 6.160446792539955e-05, 0.6324429680240222, 8.653230367155677e-07, -0.22480486866586508, -0.18452928636201119, 0.3201104973627596, 0.5946597243469212, 0.04778411391754752, 0.10611836677864903, -0.32741365958628976, -0.05074375899997437, -0.11329639961656816, 0.33536578346914164, 0.0774520511999639, 2.3004762458249063e-05, 0.0006555258009133115, 0.0007131819824919437, 0.021230324550881124, -0.0010794841219600399, -0.00031587269076102154, 0.0016108250442674215, 0.6043985949801403
56, 2, 1, 0.36749459617294805, 4.775058530433335e-05, 0.6324563597688763, 1.2934728713615009e-06, -0.18772860080928752, -0.15402797945468996, 0.21952784091108657, 0.5922463512038971, 0.11764771239977578, 0.21537118001489342, -0.10451664147579373, 0.01629430532076792, -0.11963446046086139, 0.10997267371459529, 0.0769714186565221, 3.9055668042582174e-05, 0.001917853097088073, -0.0008992218672907604, 0.018758757824287785, 0.0011910073856271223, -0.0009926872094483741, -0.00011040091986453167, 0.6043985949801403
57, 2, 1, 0.36694189581251646, 0.00019246277708068595, 0.6328594891954998, 6.152214903052124e-06, -0.2423490067771077, -0.19863513923274181, 0.2178604569696613, 0.6184389918774682, 0.16816352049585603, 0.015090386159304813, -0.08245578668142532, -0.06771119358823006, 0.022050169088780148, 0.3889906651912881, -0.025454748660843095, -0.0015542107185469356, -0.000269308407924763, 0.00046437900871973295, 0.020811154910805228, 0.0002005606400895366, 0.0005500512404750647, -0.0006543173965456458, 0.6043985949801403
58, 2, 1, 0.36694190034734125, 0.00019364284697149478, 0.6328630970204142, 1.3597852730159892e-06, -0.2832856000386835, -0.24974649509167382, 0.3822922189794401, 0.416529240121991, 0.24027207969126935, 0.13516112716578327, 0.015665937603185597, -0.1400322779975774, -0.13598496057633322, 0.08539863193810304, 0.11417505343730279, 0.0011865610277952696, -0.0020091254311108645, 0.00015730509099290874, 0.019716531299980876, -0.0006127693167159284, 0.0017240744335714035, 0.0015847804306310998, 0.6043985949801403
59, 2, 1, 0.3669418964238137, 0.0001935609696998918, 0.632863283400016, 1.2592064705268065e-06, -0.35003659101069273, -0.28594468397380907, 0.22548346016902965, 0.5320363650374895, -0.06413228883635688, 0.11639021794238799, -0.12298730701734054, -0.1959429154865681, -0.2587546887005715, 0.07433453551219206, -0.058020132236993184, -0.00025250817548930595, 0.0002855338927061268, -0.0009944125076306585, 0.018302126454886207, -0.0005389657234014546, -0.000454046413271004, -0.00089505785611664, 0.6043985949801403
60, 2, 1, 0.3669386415255929, 0.00019340491460879982, 0.6328668797104174, 1.0738493808525376e-06, -0.1349905660529722, -0.31887590734777066, 0.3959554557320878, 0.6052893598599034, 0.13366096035285727, 0.06404143142803295, -0.17543620110609037, -0.23312660337060453, -0.09422850644793826, 0.020846840185120508, 0.19872628285752686, -0.00032533845245409393, 0.00012365751418177967, -0.000881743803783387, 0.02078180149034848, -0.0006613787931588906, 0.0008804043863987289, 0.0008895919659645526, 0.6043985949801403
61, 2, 1, 0.3669383935842675, 0.00017654507102558684, 0.6328839504441085, 1.1109005984149725e-06, -0.1891442190336938, -0.3638751102553478, 0.2620105573282906, 0.6214877038696615, -0.04987914878826873, 0.047437002905308966, -0.1416557621080953, -0.09762608126645021, -0.23265735833887052, 0.06768392056965657, 0.0007898713318839984, 0.0002650948817762852, -0.0006265972483496187, 0.0023245769992129494, 0.020067309284518144, 0.0017977376825459366, 0.0022585732547447295, 0.0005628412027716882, 0.6043985949801403
62, 2, 1, 0.3668891793481431, 0.00017672337028777258, 0.6329330287367925, 1.0685447766970876e-06, -0.18077789757376495, -0.5153456946007182, 0.28446574808902053, 0.7817670888242181, -0.006299789532698674, -0.0026382544043791036, -0.15597824831615995, -0.023268230760810325, -0.1646290220075101, 0.26432174819026144, 0.019868987104682472, 0.0004077468012981909, 0.0010878922227756788, 0.0010514230432337106, 0.022018814284837145, 0.001142193485866076, -0.0020288930047269865, 0.0010114238855555375, 0.6043985949801403
63, 2, 1, 0.36688914981515774, 0.0001662099974824879, 0.6329446204704694, 1.9716890259095704e-08, -0.3057577587706615, -0.12248620117213949, 0.3136841538228642, 0.6030577948679164, 0.13123499081642737, -0.003595133994177746, -0.22663194480488782, -0.1522111928432168, -0.1877421901432627, 0.27870017812694636, 0.07261973312127767, 0.0007446703553859136, 0.0004167688169974835, 0.0012410895020252767, 0.021201122590138382, 6.0169477246702836e-05, 0.0007237402408642936, 0.0009755535186917909, 0.6043985949801403
64, 2, 1, 0.36688880700161364, 0.00015905563699194198, 0.6329520559675602, 8.139383423825776e-08, -0.29097452135729973, -0.36543058629428854, 0.1864857034219408, 0.623510680063608, 0.16697931908779445, 0.18703319774261085, -0.15957415354045193, -0.27477501074234023, -0.04024262270249773, 0.2584878095478304, -0.013101782180395646, 0.0014659952337423648, 0.000542816401973132, 0.001150374163786524, 0.020196910466793245, 9.075637584453602e-05, -0.0010946252864536328, -0.0011998111801008386, 0.6043985949801403
65, 2, 1, 0.3668885349578296, 9.497855672636713e-06, 0.6331005782164373, 1.388970060680188e-06, -0.09199612541086633, -0.10693550805267424, 0.31966739151339757, 0.5920624121630778, 0.11546011026718603, -0.008270317662187065, -0.10998050007518537, 0.06864260775363121, -0.08430796665885454, 0.15589562866570633, -0.10255660114766907, 0.00025045813322534325, 0.0009790475704762433, -0.00021193701020306727, 0.020090528639292317, 0.00021475625353837451, 0.00094960806421982, 0.0008081304403389437, 0.6043985949801403
66, 2, 1, 0.3668885349415243, 9.237907464003159e-06, 0.6331008493917376, 1.3777592741395468e-06, -0.1788359844483843, -0.13996349703172412, 0.29048650641693347, 0.6202663729501363, 0.21929709736940697, 0.13206806322245518, 0.04216594855277704, 0.06122603253762473, -0.34130681513043726, 0.10589061217708917, -0.16080732460243705, -0.0006967542196845454, 0.0014737692541024014, -0.000813227197856972, 0.020945469196420867, 0.0015155656543298028, -0.000561776169094529, 0.00044921107578403484, 0.6043985949801403
67, 2, 1, 0.36687515107409685, 1.0851963706442347e-05, 0.6331125122396338, 1.484722562852549e-06, -0.4522475102330441, -0.14104862711992375, 0.233607524085595, 0.4717636990696114, -0.03407368400061721, 0.01440505868171087, -0.16020482057252097, -0.1641357463160198, -0.16194060467545895, 0.06538284446789173, 0.02419068890641184, 0.001064831872044814, -4.6406008986365574e-08, 0.0007998008586937724, 0.022239399649259826, -0.0020314138759126603, -0.00042393638896540554, 0.002247977128556856, 0.6043985949801403
68, 2, 1, 0.3668326537859636, 1.3541864863969444e-05, 0.6331517857916055, 2.0185575670304067e-06, -0.20754894125486478, -0.23625660860458172, 0.23885818687763924, 0.6017216339106273, 0.0694464038115477, 0.026906868320799682, -0.15245937650124733, -0.1550942215203846, -0.04655545428988994, 0.21812649648998894, -0.035194311227653215, -0.00020842774627276062, -0.0004190616998094359, 0.00023800954681591152, 0.018868928668765206, 0.0007816288751076149, 0.00032378192874434167, -0.0004586769183032186, 0.6043985949801403
69, 2, 1, 0.36683255275896276, 7.0851014560924675e-06, 0.6331584336020301, 1.928537551182028e-06, -0.18038566276909623, -0.14041243916490279, 0.23318273180228627, 0.6410977952857997, 0.1785777723615191, 0.02994293492000134, 0.04261506852205501, -0.06225579659826077, -0.22732867221674039, 0.18540218085670065, -0.064161157219219, -0.000682459325464412, -0.00033161791556901295, 0.0011727579500216214, 0.02124912395480101, 0.0025653703336329854, 0.0014198239547099341, -0.00022689110645093122, 0.6043985949801403
70, 2, 1, 0.3668215868474984, 9.16285801820525e-06, 0.6331674677824395, 1.7825120440131791e-06, -0.2967942891135872, -0.34732134271793236, 0.41683716407349464, 0.6463155235391153, -0.041144106758916485, 0.09453589711608182, -0.1021398452355898, -0.055546079297354924, 0.027963842984111576, 0.13151352733068525, -0.005603406938507899, 0.0003687439716443423, 0.00010648176185847943, -0.0006216164464117075, 0.01958818297279813, -0.0013376682111220528, -0.0002238576993112529, 0.00037499220046938945, 0.6043985949801403
71, 2, 1, 0.3668215869036976, 9.14819350226414e-06, 0.6331675395052998, 1.7253975004428096e-06, -0.04476488864664163, -0.26559199110132103, 0.16860903712227188, 0.48472104420213197, 0.053332407179934135, 0.17591616023217313, -0.15635637656622753, -0.07199289758530049, -0.32493771655246306, 0.017110245158651848, -0.06236819696344609, 0.0001975518733776401, -0.0004009766058654713, 4.460388645254804e-05, 0.019723616589905922, 0.0012773882751320013, 3.224015051753068e-05, 3.266230129037863e-05, 0.6043985949801403
72, 2, 1, 0.36666858131918983, 6.506438705416988e-05, 0.63325960932554, 6.74496821595313e-06, -0.24491052153042311, -0.28269593057751885, 0.09942288019446376, 0.737644084741655, 0.15082661708532852, -0.0006804655197962806, -0.13779478503602322, -0.045325410562188403, -0.038938073447209, 0.1513181619190617, 0.2437446281305516, -0.001168322465590439, -0.0006439220711200397, -0.0007784827469459085, 0.021118295351730782, -0.0006236138416368318, -0.0010379318807112693, -0.0014503571984458036, 0.6043985949801403
73, 2, 1, 0.3666685680597967, 6.45025527780179e-05, 0.6332601890553372, 6.740332088081138e-06, -0.2419583129502035, -0.1945122107601645, 0.11991908092885226, 0.6297322741333345, 0.15207016504062215, 0.1140352175311132, -0.23120127428970144, -0.058363406011377225, -0.21734331965106893, 0.06746720429506867, 0.08649707873092298, -0.0013954626389555953, -0.0009540460771748941, -0.001058196736309555, 0.020689136176341504, 0.0009325514441887069, -0.00041217444872273417, 0.0015339760615042059, 0.6043985949801403
74, 2, 1, 0.36666856646301127, 6.375486106903477e-05, 0.6332609378984726, 6.740777447063475e-06, -0.1242970132124341, -0.16561178127383344, 0.09566229190290129, 0.5456447945669044, 0.06929476547243436, 0.1965821464766122, -0.24925668147020294, 0.025559212415815456, -0.2384165692922267, 0.06147648991727115, -0.01987763474410015, -0.0006078796683020029, 0.0007455185913988914, 0.000818746397251636, 0.020117118126883486, 0.0008591105236396707, -0.0012342142241221193, 0.00018088973954738136, 0.6043985949801403
75, 2, 1, 0.3666685661758475, 6.375012709342987e-05, 0.6332608853487974, 6.798348261638871e-06, -0.2580242788153416, -0.19074117467857832, 0.15067584333211967, 0.6265013218988478, 0.18125533939997412, 0.2488330400191412, -0.021267543883302896, -0.10521645578157739, -0.11183372790695367, -0.03378300337091511, -0.156176156448411, -0.00020413204515332814, -8.966170751236037e-05, 0.001352905439574197, 0.021383558953530803, -0.00039045507534331075, -0.0006845339409892604, 0.0009661240777348489, 0.6043985949801403
76, 2, 1, 0.36666787138852097, 7.46131694320931e-05, 0.6332470654829777, 1.0449959069262753e-05, -0.20583264585315147, -0.20883970126146617, 0.11645033339934252, 0.6346519907301903, 0.23980125793880297, 0.08300550619781821, -0.07547590923115718, 0.05837524738950049, -0.08905899334476418, -0.013147015538356455, -0.006226315574016114, -0.0014927786046973351, 0.000617959872669433, -0.0007155397567363392, 0.019274107912001397, 0.0011351582329482955, 0.00041591411058585295, 0.001250080354032582, 0.6043985949801403
77, 2, 1, 0.3666678749952624, 7.438809616924147e-05, 0.6332472712751943, 1.0465633374146613e-05, -0.23372788935850922, 0.08345138376970451, 0.1955023673996551, 0.6828726961361518, 0.1649260723360993, 0.19659257882877798, 1.4929471141011952e-05, -0.09888582688024114, -0.1396594621045282, 0.048057999380887326, 0.03298008187153319, -0.0006065326558949087, -0.0007072646039477285, -0.0004530636660894107, 0.02089105708249675, 0.00033687455188344815, -0.0005538304680982915, 0.000620068630419243, 0.6043985949801403
78, 2, 1, 0.3664493421610447, 0.00015389010778120763, 0.6332929521818954, 0.000103815549278754, -0.198725086845414, -0.2712775615251096, 0.23885920206122768, 0.7532036043177598, 0.10886790340104455, 0.02761575160238423, 0.11172143931642964, -0.06413196233958536, 0.023744391966351065, -0.04149286892546063, 0.18323824013525422, 0.0005035111966407564, -0.0005330370287007181, 0.002097653481295726, 0.020231095800399966, -0.0003064250803577797, 0.0009935986417452878, -0.0010879756063198304, 0.6043985949801403
79, 2, 1, 0.3664496294589794, 0.00016683343989876517, 0.6332780892659094, 0.00010544783521233218, -0.26209435611029097, -0.048197477822244095, 0.06283454823625303, 0.5023078549488215, 0.12495964285666399, 0.15527708125865486, -0.08428776192518347, 0.05620387642265011, -0.09396017133938654, 0.11373783512795291, 0.12716221011411522, -0.0002478287737944189, -0.0001769478309285831, -0.0002976596032686431, 0.020107042402563703, 0.0005197773226548244, 0.0018364692301714555, -0.0007634583836864058, 0.6043985949801403
80, 2, 1, 0.3664492478184729, 0.0001656099175401062, 0.6332796928534706, 0.00010544941051638728, -0.19397669142750806, -0.16302429774183191, 0.22056313925232351, 0.7854296608062963, 0.13580835633353633, 0.12091473970801384, -0.20868629677048472, 0.13431447050392178, -0.08862942983100723, 0.07723621920490578, 0.24997087000881285, -0.0010037033348356474, 0.0016639984938211817, 0.00106506131271855, 0.020061185024405355, -0.0020387381993866903, -0.00010908534254875247, 0.0008048972448791294, 0.6043985949801403
81, 2, 1, 0.36610679391897416, 0.0002620021643496055, 0.6335143000595413, 0.00011690385713493895, -0.02914567545282083, -0.15468001720459856, 0.12247748626411188, 0.6261515964062853, 0.13315755107971353, -0.03778310955985129, -0.19956125363229454, 0.027525918978040808, -0.015096389744463284, 0.053036999845966805, 0.01606149969784865, -4.198157594001844e-05, -0.001474633523855949, -0.001887898578605585, 0.019965659809181614, -0.00044848455303853106, 0.0003427243981269213, 0.00020263763216852025, 0.6043985949801403
82, 2, 1, 0.36606728102917124, 0.0002773305619043726, 0.6335189629437981, 0.0001364254651263966, -0.1823841015286038, -0.2447882543369892, 0.19954574688553534, 0.6342796567621308, -0.09907146587378368, 0.026637027133539826, 0.043389378257689314, -0.13805738295242195, 0.16593764200266628, 0.15124471237206935, -0.03247339531343826, -0.0006016846362169391, 9.920403632937078e-05, -0.003086687896982188, 0.020355694118060062, 0.0006903538304609653, -0.00028959817423148505, 0.0003393779449235132, 0.6043985949801403
83, 2, 1, 0.36606728079054, 0.00027707885477516844, 0.6335193452327218, 0.00013629512196299383, -0.1291393018290162, -0.11922610945785614, 0.04137078420034744, 0.5694877005806632, 0.0909978051128468, 0.12572943832006112, -0.26575445263880865, -0.09478579318933474, -0.11796580909705612, 0.06359033007772623, -0.043310764023682134, -0.0001349998327211019, 0.0001468173820573362, -0.0009680669410769806, 0.020566532447851518, 0.0006773086800613921, -0.0013562486736776146, 0.0015274908864682975, 0.6043985949801403
84, 2, 1, 0.36606746893012154, 0.00024424753860070793, 0.6335478161841049, 0.00014046734717289752, -0.17453481352037853, -0.013082272404821137, 0.09124743639298241, 0.5323815354565526, -0.00014103593850753882, 0.1348649624662791, -0.07001727434454671, -0.011727730254739716, -0.1579158725661139, 0.12969030498372208, -0.021379050532141713, 0.0013633564482920285, -0.0029449616906247478, -0.0010121685837555347, 0.021544790373961765, -0.0003289716158081373, 0.0006760047263357522, 0.00019929697416127819, 0.6043985949801403
85, 2, 1, 0.3660673704444498, 0.0002442265092530431, 0.6335479334194555, 0.00014046962684159724, -0.11626818595825372, -0.15755061954786556, 0.04610466668698143, 0.5511685823279746, 0.16321377344656604, 0.1549241497611827, -0.2612853248254315, -0.21934115739535165, 0.176755938826655, 0.06790070290120517, -0.12187005388886778, 0.001481823983108674, -0.0005912783057854708, -0.0002522756924325944, 0.02041584499355107, 0.00015176445612771346, 0.0003353609636516826, -0.0012253802278227627, 0.6043985949801403
86, 2, 1, 0.36606806782124446, 0.00023999140652856366, 0.6335467073415035, 0.00014523343072344252, -0.07596000202964304, -0.12169066118997149, -0.034138304320417465, 0.6679470273376626, 0.05705463883996491, 0.13702523643208345, -0.10558773301834852, -0.00791453646502257, -0.03905268328199692, 0.08624121555704362, 0.15592548781334226, -0.0015164125267279512, -0.0018212632153681648, -0.0004110034140071699, 0.018896872045473592, -0.0003685061712000808, -0.000698118692120711, -0.00016624185228367175, 0.6043985949801403
87, 2, 1, 0.36606806778820417, 0.00023997407721488678, 0.6335467092009199, 0.00014524893366108635, -0.24038443928257358, 0.03438160397098665, 0.05194726481879415, 0.47298475716738303, 0.14347741083345852, 0.12451335715240522, -0.12359341324642584, -0.08973482941958404, -0.10127059926856771, -0.005000864271986261, -0.2976757474276371, 0.0026723654506255103, 0.0006262007503962746, 4.6108412071177114e-05, 0.019710510723485113, 0.0007882143948642369, 0.0015085486546826334, 0.0008431027528184351, 0.6043985949801403
88, 2, 1, 0.3660378078309927, 0.00028995972944829913, 0.6333927357051167, 0.0002794967344423813, -0.15972227485451415, -0.2147804004248745, 0.1129794351605062, 0.6702436978735131, -0.07700231529676813, -0.002017954536401101, -0.05605360329738124, 0.057703887912415805, -0.048607030917838544, 0.028689840369944507, -0.12419746295103329, 0.0006136509664517568, -0.00012969405503773654, 0.000185236828303136, 0.020167446322059544, 0.0010874464559510973, 0.00025428288478363117, -0.0011925969300732903, 0.6043985949801403
89, 2, 1, 0.36603780782269557, 0.00029000421408702796, 0.6333927615595939, 0.0002794264036235141, 0.08130399860528413, -0.10933103459857788, -0.10856407756749234, 0.5387209639757612, 0.2571666959847974, 0.16491642620611832, -0.36648923166657865, -0.08011127059579146, -0.045989677342900576, 0.05612721884161699, -0.09433912719629658, 0.00011094008236155702, 0.000799907837703558, 0.0013715842504988585, 0.01956018827969834, 0.0020667490518745785, 0.0011019667189181392, 0.0007014468428460065, 0.6043985949801403
90, 2, 1, 0.3660373389589228, 0.00029125228331233776, 0.6333913796743964, 0.0002800290833684222, 0.0009579555361549863, 0.032074544470281977, 0.12784776312754037, 0.6002319426399684, 0.0487343628366402, 0.13509604408932555, -0.1498129658359526, -0.08261181643861412, -0.03212179697249709, 0.015478679433683695, 0.05197887301303501, 0.0001276481076157903, 0.0006892813228484863, 0.0006336312380063281, 0.02017756033967764, -0.00019718984620360525, -0.00045278884000837045, 0.0003710542538690533, 0.6043985949801403
91, 2, 1, 0.3660373403636219, 0.0003255708801020781, 0.6333433401769107, 0.00029374857936536935, -0.09433615696790827, -0.08877098924105507, 0.02530174478064018, 0.45104117563440127, 0.1892487080930981, 0.3167413948099031, -0.11060592716725126, 0.006829505429002203, 0.06510894664958337, 0.0737461002963132, 0.047787940677157206, 0.0006828484324113598, 0.00020695187603076947, -0.0004932589348588354, 0.02158623960870526, -0.0014097120763380399, 0.000628555729353912, 4.60042561581785e-05, 0.6043985949801403
92, 2, 1, 0.36591189389069884, 0.00039487652390518443, 0.6332122623230042, 0.00048096726239183076, -0.060572160307353864, -0.12134970555709716, 0.22908437265382559, 0.6637840973259779, 0.2609329522219744, 0.023361589119398275, 0.09147424092218377, -0.10278298397082822, 0.035294360863007156, 0.04526833548255656, -0.03580079633103072, 0.00042569773401831206, -0.0005514647025855316, 0.00046656546265427665, 0.018243663840224127, -0.0015863747694582601, 0.000540599973048437, -0.001877311664405415, 0.6043985949801403
93, 2, 1, 0.36595935667828083, 0.001797124715656234, 0.6309289927848495, 0.0013145258212134026, -0.015278342157375386, -0.04873482370508701, 0.07675215653778125, 0.5030311025955626, 0.04480228927099098, 0.24541669405840255, -0.07515089538570474, 0.007437034952624233, 0.005492169375244155, -0.004570280123968084, 0.15109057266561182, -0.0002963952680825176, -0.00010479139203086062, -0.0005600994945105118, 0.01960590040125582, 0.0008658646301626409, -3.6691910007465036e-06, 0.0002474499676550538, 0.6043985949801403
94, 2, 1, 0.36595935193969725, 0.001797019242824864, 0.6309291096530901, 0.0013145191643877732, -0.13033076008607614, -0.11337065922250508, 0.15100353303408842, 0.6442028180674388, 0.1507546435651696, 0.2510437655118801, -0.18907610082857126, -0.06253318401579064, 0.002775363576012685, 0.0719010169985107, 0.238782814424061, 0.0010482308724145096, -0.000994942861014121, 0.0005354344458057328, 0.02065542169799161, 0.0009456253963473924, 0.0009563674418131595, 0.0010739794617009696, 0.6043985949801403
95, 2, 1, 0.3659539895969133, 0.0017490758928628775, 0.6309805101703196, 0.0013164243399041676, -0.15351898360626023, -0.1588059992893662, 0.0016629037037236172, 0.4816563846749027, 0.1266672291167903, 0.1606773341273975, -0.057906825224137384, -0.05233485717023144, -0.07816209084201536, 0.38739821995322543, 0.06107393300070122, -0.0008800408498386769, -0.0003783292806129696, 0.0005556637594209138, 0.019591673520234245, 0.0010271249301586616, -0.001252168866734747, -0.0006654550190533174, 0.6043985949801403
96, 2, 1, 0.3659537178112443, 0.001748970447016674, 0.6309732362291994, 0.0013240755125397017, -0.011170478592551708, -0.062471183491730954, -0.006377866566628326, 0.6844376585929328, 0.06352103442094023, -0.025500085221126234, -0.1347506236229647, -0.09179910076065446, -0.06748847623945955, -0.19695329920473592, 0.05356767443107509, 0.0017787758397813953, -0.0002614512682740175, -0.0007638157236099367, 0.021209890350110387, -0.002353032876546969, 0.0012510717921818287, 0.0018195236894914643, 0.6043985949801403
97, 2, 1, 0.36595163705151346, 0.0017439518284575988, 0.6309784973055367, 0.001325913814492272, -0.03631334137078864, 0.16196223736035487, -0.1028430946088047, 0.449810316133911, 0.1863555849532876, 0.04374497202137716, -0.17584252208853296, -0.020495035112783576, 0.03825245860529082, 0.12307259532544008, -0.021053567555169236, 0.000988798464898954, 0.0016945807605353073, -0.0015457437867411198, 0.02049766274179582, -0.0005702245919488811, -0.0009086330535613143, -0.001420812269141618, 0.6043985949801403
98, 2, 1, 0.3659516519633137, 0.0017140991560478604, 0.6310040635847937, 0.001330185295844733, -0.03657278154648913, 0.16093750398157344, 0.02332982820565837, 0.6621591353671469, 0.07710602694379673, 0.19535234560745354, -0.18956663597418238, -0.07441323510233601, 0.015591510391459593, 0.0237118214703934, 0.02386490271422235, -0.0012520579454091956, 0.0008126568987866049, -0.0004067077311338403, 0.022345922887976766, 0.0018805121725138057, 0.0003412000692770866, -0.0012101722683848881, 0.6043985949801403
99, 2, 1, 0.3659832929665772, 0.0017337434424372954, 0.6308922164205677, 0.0013907471704178108, -0.16003215607749804, 0.006667483530051204, 0.03603281175905272, 0.680212867154683, 0.014848075318077136, -0.03007245107791139, 0.001575118703237921, -0.006048670665267963, -0.1881294262315136, -0.0012309081856416355, 0.11930797580566292, -0.0003710788475217334, -0.0005637391307358139, -0.0017149175525778954, 0.01984184730395525, 0.0005184904427265694, 0.00010227023728544007, -0.0004047896086700676, 0.6071513493210068
