t, Event, Policy, P(still), P(random), P(reach), P(transport), o(t), s_a 
0, 2, 0, 0.9949870109558105, 0.004831638187170029, 0.00017301313346251845, 8.366080692212563e-06, -0.5730136858603946, -0.5306665801745207, 0.5749509461843008, 0.8288484511479371, 0.07823222964689135, 0.08757239296321631, -0.11262485566652732, -0.19278397222466712, -0.26205661962974236, 0.35858423167953146, 0.11662019103898083, 0.14596979425927206, -0.06168016211274019, 0.05453798038800848, 0.1443647162067304, -0.04363612351154078, -0.08585582499190078, 0.18288114622477386, 0.8745481404477202
1, 2, 0, 0.9949867015215909, 0.004831905531513329, 0.00017303104030751615, 8.36190658837052e-06, -0.5677526379166488, -0.5680010394974568, 0.6373494542116889, 0.8735901390119665, 0.11129010886655666, 0.10899929222072838, -0.1231806421491493, -0.18210819846232598, -0.23952837206569572, 0.27245610361434053, 0.18495096934160507, 0.06428659548257824, 0.021864517153319038, 0.08312562660081667, 0.058363496432182624, 0.07179963419012632, -0.11630012172202124, 0.12793024232457303, 0.8745481404477202
2, 2, 0, 0.9949823294810551, 0.004836216960588494, 0.0001730913582381495, 8.362200118247713e-06, -0.5624733042549346, -0.5634835763028115, 0.6321169339253603, 0.8744280196255568, 0.11197057074249409, 0.1110681834747714, -0.12333218689342045, -0.31997821806605364, -0.11813276975520119, 0.5606321467483889, -0.05488500686650901, 0.0034988050492918204, 0.1120497677446454, -0.10978685543259488, 0.27468562584454453, -0.0774305915757019, 0.026534216155159412, 0.03648218318639447, 0.8745481404477202
3, 2, 0, 0.9949858632228208, 0.004836354318533071, 0.0001730929803443073, 4.689478301867469e-06, -0.5586862248146071, -0.5588069265061886, 0.6254923269421699, 0.8758877651102983, 0.11090349764603447, 0.11111846524937745, -0.12465390808751738, -0.1692114212945182, -0.31393834447318614, 0.27937043757695995, -0.11397487073550745, -0.24069907143447206, -0.027816603430989306, 0.06733324892106861, 0.0597290087741279, 0.004639767177937215, 0.05998736023818855, 0.02467575204432412, 0.8745481404477202
4, 2, 0, 0.9949871327592027, 0.004836891181402708, 0.00017309786369439474, 2.8781957002588197e-06, -0.5510118401667304, -0.5512134396498747, 0.6183625622663598, 0.8737177503135388, 0.11250084110285832, 0.10965919186723924, -0.12351622883218397, -0.20130489647373412, -0.20692202102065899, 0.31393013383316515, -0.030672565942633657, 0.0932922983204638, -0.14469973950201256, 0.05740069068145316, 0.2316246867136139, 0.06501380924546317, 0.2167168616241968, 0.056711618905774655, 0.8745481404477202
5, 2, 0, 0.9941617854913741, 0.005624801139418972, 0.00020656842639237195, 6.844942814505262e-06, -0.5473543092306073, -0.5466661612325193, 0.6140264509069224, 0.8758143931304305, 0.11080791293467598, 0.11021246151905559, -0.12483868511706964, -0.3443081614809981, -0.10596984108460386, 0.28361713008739636, 0.13247187521173237, 0.034928293556501754, -0.13412547200973576, 0.08257122862914457, 0.07144844787273603, 0.1459046878671183, -0.05974759351716084, 0.06803112374425593, 0.8745481404477202
6, 2, 0, 0.9940570038578302, 0.005728708242429359, 0.0002074148229169091, 6.873076823561334e-06, -0.5428413495244808, -0.5416740499120889, 0.6080759818673213, 0.8747591354283605, 0.11143309852566526, 0.11093212206171561, -0.12489973946685443, -0.2880667977139899, -0.36411664191523885, 0.3635918244239004, 0.02189206218464284, -0.03584091989564194, -0.21953217434089817, 0.04523625464912886, 0.03690108334232187, -0.05215389912339504, 0.038511838073690394, -0.05156350054080723, 0.8745481404477202
7, 2, 0, 0.9937725273827301, 0.006010112164087239, 0.00021032550761517695, 7.034945567548876e-06, -0.5365329728401537, -0.5364008456001108, 0.5984705647515105, 0.8755822152847479, 0.1104297652686975, 0.1090804266755933, -0.1236469130040621, -0.36450294168019937, -0.25349867807200843, 0.29955740410621906, 0.060649544142688284, -0.08320094002219194, -0.09261935756257393, 0.07602890309519583, -0.025783195495394883, 0.007018092466156538, 0.031473385990107364, -0.07214278859924983, 0.8745481404477202
8, 2, 0, 0.993772662781719, 0.006010072467887941, 0.00021032558209477996, 6.939168298296614e-06, -0.5317120543341762, -0.5297914722220286, 0.5941896259757604, 0.874069600991905, 0.11090435799616735, 0.11190797855883475, -0.1227802521097933, -0.1262699920582578, -0.2787398710997435, 0.22855853488137115, 0.15822334278104916, 0.0398802370754165, 0.1045589864860343, 0.02334999211146398, 0.18495765924026014, -0.05636967183199234, 0.00908767580929355, -0.06078633055288977, 0.8745481404477202
9, 2, 0, 0.9830909019278102, 0.01635195450851684, 0.0005387463275140633, 1.8397236158959518e-05, -0.525013410414291, -0.5238826893696387, 0.5870085748877185, 0.8750877444369574, 0.11070170075292278, 0.11060385508886447, -0.12592562442041977, -0.2566639228170129, -0.33756461269385735, 0.4635025703830302, 0.0724575799864267, -0.20837135432359483, -0.14602199308075375, -0.013836187522836376, 0.1164202542879498, 0.10611062664645261, 0.1355383403193579, -0.09653745043860835, 0.8745481404477202
10, 2, 0, 0.9830919076939822, 0.016351080312745122, 0.0005387463983614344, 1.8265594911115147e-05, -0.5188246171405719, -0.5209887423589673, 0.5828911846499116, 0.8733534342448663, 0.1105742510179069, 0.11162313253772191, -0.12743202411001947, -0.021464375328196138, -0.19057119672951955, 0.24497244182192812, 0.11956326665733127, -0.06323829348689733, -0.12006426963156991, -0.08409109943872982, -0.06621543863574678, -0.19835842166699566, 0.11366158142474829, 0.0409616079708385, 0.8745481404477202
11, 2, 0, 0.9830919696228356, 0.016351283160780373, 0.0005387525736347983, 1.799464274919805e-05, -0.5127559771971579, -0.5124396746582919, 0.5752800422958908, 0.8757207807942603, 0.11005533103166625, 0.10881325512165782, -0.1239744257340514, -0.15216777864154035, -0.41348382643288345, 0.21060314649678644, 0.2234800613195965, -0.01846715333148018, 0.12603749821697421, 0.10714206283973005, 0.1672008915781201, 0.03756521969660958, -0.011331788637256748, 0.11470864280125707, 0.8745481404477202
12, 2, 0, 0.9810064085351027, 0.018420618110638567, 0.0005541469246407988, 1.8826429617923883e-05, -0.5088237321252881, -0.5056643321048929, 0.5695332581364825, 0.8739816967026961, 0.11130065263080495, 0.10965741070782505, -0.12462173724924122, -0.2060443974872181, -0.3553959494899817, 0.30998206925510324, 0.11277045117459135, -0.15156519658543277, -0.11386688989013678, 0.004732744364564412, 0.14189036335046448, 0.0007944081132470598, 0.08097423593028535, -0.022119152912521662, 0.8745481404477202
13, 2, 0, 0.9810063827735626, 0.018420676134757123, 0.0005541479267533278, 1.8793164926976086e-05, -0.5027710983012482, -0.5031314699758161, 0.5636538187776879, 0.8751094585804177, 0.10949230038021737, 0.11014327065253333, -0.1251726831544567, -0.3305163144927864, -0.23230979996689527, 0.37508168321407415, -0.05028546588656717, 0.13216477842311522, -0.15690156579777917, -0.20630839365654835, 0.1733996350124815, -0.038992426955518834, -0.09134172816133114, 0.03649344529710426, 0.8745481404477202
14, 2, 0, 0.9810063851556622, 0.01842067293838008, 0.0005541487872948375, 1.8793118662922083e-05, -0.4988691568830303, -0.4979478876388527, 0.557899977267182, 0.8749581268187262, 0.1122267024644541, 0.11080274401524204, -0.12301142565895931, -0.24910819133228035, -0.1618190029009241, 0.00568635668298696, 0.06865804393136876, 0.03698701165078287, 0.06134679690119005, 0.22359186645452933, -0.018360125066275147, 0.11234472322905527, -0.04455777057520037, 0.03242156386763305, 0.8745481404477202
15, 2, 0, 0.9806430844160775, 0.018778881343266652, 0.0005590320733791421, 1.9002167276790803e-05, -0.4921679222023281, -0.4911451439420286, 0.5500337359829837, 0.8757439496174702, 0.10923267735820733, 0.11258511744246338, -0.12522732676184195, -0.32249265502411795, -0.19656994904804231, 0.41227704880136606, 0.06052614372860414, -0.013153851500576097, -0.06590291864126215, -0.020538206394254344, 0.19714200882663707, -0.08434638977131219, 0.0962467847456528, -0.1759881874980988, 0.8745481404477202
16, 2, 0, 0.9806445270197475, 0.018777873220390894, 0.0005590343009891287, 1.856545887236447e-05, -0.4865940684763136, -0.4847218219352669, 0.5441528519631842, 0.8754128317157764, 0.1123564139816039, 0.11213734575023046, -0.12391614394569365, -0.1135803587371843, -0.23046718412838912, 0.15527077517781812, -0.04385731616550456, -0.029770554165112328, -6.730142485845809e-05, -0.10974727511896284, 0.06407947773264647, 0.010006373128611547, 0.04382139620586219, -0.043901570381904315, 0.8745481404477202
17, 2, 0, 0.9806444554910811, 0.018777950174012535, 0.0005590354941009218, 1.8558840805367527e-05, -0.48028280263882095, -0.4797093254717565, 0.5378886069301142, 0.8740033049728515, 0.11062948174083227, 0.11262886488968822, -0.1249234678807879, -0.2876921616520539, -0.2286064277564961, 0.4524293288750199, 0.04990613661105584, 0.011117728457783955, -0.0977871116545648, -0.029448419547479725, 0.13674608600723562, -0.2344387700170759, -0.0721865338556086, 0.012124099198650111, 0.8745481404477202
18, 2, 0, 0.980644464215384, 0.018777949853152367, 0.0005590354985999945, 1.8550432863482275e-05, -0.4728719395926264, -0.47432865558602283, 0.5317844543688467, 0.8761465659112803, 0.11095875157855403, 0.11110028259329408, -0.12338266577829864, -0.33239265008133134, -0.24499757597455468, 0.38925597746644147, 0.13298969572314226, 0.06969062133955331, -0.11067936295333244, -0.262543930155048, -0.030135525469664415, -0.15096296096480544, -0.0033792140113275367, 0.16376855825810255, 0.8745481404477202
19, 2, 0, 0.9806444649813038, 0.018777949077892365, 0.0005590355054856935, 1.855043531826401e-05, -0.46799938193784385, -0.4690434933574451, 0.5246533464065178, 0.8753268403875065, 0.1098943317708582, 0.10941653021061393, -0.12501718671191525, -0.0005649062459625043, -0.2098789570855079, 0.3873634833704518, 0.19258409993122053, 0.018305598129693398, -0.11658861685922424, -0.20603872267298567, 0.013047413771113936, 0.29118540721912944, 0.11188584222302993, 0.09901317257237277, 0.8745481404477202
20, 2, 0, 0.9806443700880941, 0.018778038644123977, 0.0005590411948481314, 1.8550072933762637e-05, -0.4641018366516624, -0.46412643328642195, 0.5196418052398099, 0.875080959148708, 0.11105172987186526, 0.11119324093422749, -0.12330587119420158, -0.20294714674377504, -0.3099383940284183, 0.1094122457495544, 0.1892171895162976, -0.0707378989329844, -0.032949672944526075, -0.05494821907361552, 0.032969391043051785, 0.004225460270514429, -0.19764451209589248, 0.158540058403504, 0.8745481404477202
21, 2, 0, 0.9803401643719578, 0.019075261773108972, 0.0005652600916161639, 1.9313763317070436e-05, -0.45766878706154585, -0.4596533384803473, 0.5130517895944048, 0.8745695937814597, 0.10870140268188891, 0.11084294318956507, -0.1232570113200934, -0.2858328811519183, -0.3229415662878684, 0.4413342025490953, -0.16246727293354093, 0.017291987438926775, -0.07396516297225184, -0.08967218304997847, 0.12193740517196767, 0.11390108450922978, 0.18297371809777527, -0.03517919573414981, 0.8745481404477202
22, 2, 0, 0.9803417836306332, 0.019073752166335677, 0.0005652605612177386, 1.920364181344793e-05, -0.4521660404476638, -0.4524019317575002, 0.5076225221627432, 0.8741256988187434, 0.11177575729806828, 0.1103424616360612, -0.12588194596123964, -0.08776354432567282, -0.4458661378847971, 0.25071220703365266, -0.04366317568431311, -0.0371076174357577, -0.12049190569691123, -0.12119934248210247, -0.0051818496600199325, 0.021068360494956407, 0.034904526976986414, 0.09429195273127886, 0.8745481404477202
23, 2, 0, 0.9803353920878123, 0.019080090401334505, 0.0005653075796724106, 1.9209931180729013e-05, -0.4452539607566103, -0.44585165496958334, 0.500898767142538, 0.8734969220761007, 0.10941199252141713, 0.11049398045656966, -0.12461880855529181, -0.24362261357858433, -0.14016192368455313, 0.3859008964638805, -0.1211609364598393, 0.21682642573476868, 0.026385139797893788, -0.20728928684968967, 0.14775419744621293, 0.005031494844722824, 0.15777668086409455, 0.06692491489185462, 0.8745481404477202
24, 2, 0, 0.980337180542425, 0.019078347639522545, 0.0005653077740426028, 1.9164044009862996e-05, -0.4410850212237598, -0.4407736249790105, 0.4941661488869715, 0.8740118746366651, 0.11090931569304367, 0.11115556986729078, -0.12500285413079348, -0.2187242552326131, -0.37202085439558585, 0.07105710625745927, 0.03451424080934472, -0.03891579941316002, -0.015059273885199825, 0.05638506067631086, 0.14910130799111368, -0.21333280002806462, -0.04947095928046132, -0.03946372478823562, 0.8745481404477202
25, 2, 0, 0.9803379124031123, 0.019077686083148634, 0.0005653078037713033, 1.9093709967798393e-05, -0.43490668707468993, -0.43634764294817796, 0.4882042204820773, 0.8757176624690718, 0.11004322097770618, 0.11171322180778984, -0.12435770151709338, 0.0265069945333698, -0.36263889685704526, 0.3388859797252982, 0.06094443817215232, -0.037029602070906484, 0.1015420075252429, -0.04540943654738892, 0.06804375702323777, -0.12906288772872504, -0.1429595438503663, 0.08716640911356588, 0.8745481404477202
26, 2, 0, 0.9803360802600213, 0.01907950992347405, 0.0005653295836244715, 1.9080232880319863e-05, -0.4304932527530874, -0.4308783218975297, 0.48216820136076854, 0.8743652093778251, 0.11197259557757869, 0.11178866361922453, -0.12423691645610897, -0.14826204848933267, -0.3569048323925669, 0.1721782276367272, -0.060340461893209886, -0.05994468365847673, 0.08276135443815741, -0.13216966714820227, 0.11340470229231554, 0.0453191881763515, -0.05783635076770131, -0.09371549996820473, 0.8745481404477202
27, 2, 0, 0.9803232362996139, 0.019092212664786053, 0.0005654604446902709, 1.9090590909720127e-05, -0.42525828212990857, -0.42489854703573904, 0.47497190418317736, 0.8735523968139439, 0.11159521176591018, 0.10975058031050026, -0.12388479344828995, -0.1309655213900885, -0.27746067160956245, 0.3320190477778918, 0.0805308050041725, 0.11389694190255173, -0.026474569573524037, -0.021526025107951558, 0.019994540449741516, 0.030468379074922787, 0.1221929647130094, -0.14197694543232756, 0.8745481404477202
28, 2, 0, 0.9339484716196946, 0.06470436046893828, 0.0011797851832286643, 0.00016738272813821234, -0.4180635999885136, -0.41823080981626043, 0.4697095787214084, 0.8753396152255558, 0.11220574411592091, 0.10985097185124777, -0.12520178009361355, -0.23569271926501173, -0.32576163415326553, 0.27861810032605233, -0.06048769445832556, -0.0403221731635376, 0.019445470926006493, 0.1238406731919203, 0.2101651325300899, 0.11682969063762853, 0.03854778910583424, -0.04078867555575767, 0.8745481404477202
29, 2, 0, 0.9339339800945876, 0.06471874333025737, 0.0011798788053343032, 0.00016739776982074343, -0.4124217960259539, -0.4146350004231478, 0.46394525210762005, 0.8751228449524712, 0.1101576638972785, 0.1110400029264342, -0.12417765466452038, -0.28611657713497873, -0.11125139257951717, 0.12038508008501088, -0.10484121362497985, 0.02327261911111373, 0.07079596665849186, -0.1003133974397084, 0.03089468823683237, 0.04984065086897364, -0.0703819509025059, -0.02042931393721995, 0.8745481404477202
30, 2, 0, 0.934280195198871, 0.06437424775480848, 0.0011798843133995062, 0.00016567273292099617, -0.4074830423940637, -0.4068394810124625, 0.4577289416989382, 0.8745127696060532, 0.11096733366153515, 0.11208020467834245, -0.127055642012189, 0.0016321633015032866, -0.044096932567411984, 0.2793389762023694, -0.052851692769951344, -0.05278262223908703, 0.2107906483894567, -0.012335254898257798, 0.06992841830818348, -0.11408283897004814, -0.024669308891822735, 0.0407368828350786, 0.8745481404477202
31, 2, 0, 0.9342875162282785, 0.06438607945743247, 0.0011799380859158228, 0.0001464662283731242, -0.40421677020920477, -0.40097807837420935, 0.4509513332215299, 0.8739080080074269, 0.11106299432486699, 0.11134566712306064, -0.12359046608393168, -0.25946468835049424, -0.19177991620427698, 0.2459189892035611, 0.02114903929744564, 0.2365746703825824, 0.05271893591344762, -0.11069187305411557, 0.07802711761453249, 0.032497524435145766, 0.182495471692736, -0.05625118951441399, 0.8745481404477202
32, 2, 0, 0.4803398578448221, 0.5118261813303662, 0.006355765188235023, 0.001478195636576676, -0.39723717728010466, -0.39585063373007967, 0.44607917405818476, 0.8748850513106226, 0.11138164044086804, 0.11141256053129549, -0.12405069024153006, -0.31973180682428426, -0.1941611204948329, 0.404542532735017, -0.06287242171440492, -0.020189966998643918, 0.16012374630130188, -0.12742362575157967, 0.15368227083609223, 0.12854806172013067, 0.09009502123923199, 0.031537483101048716, 0.8745481404477202
33, 2, 0, 0.47929418171210075, 0.5128600113306667, 0.006365024015037959, 0.0014807829421945647, -0.39110836504196583, -0.39201384085842794, 0.4386917042929048, 0.8747464294373687, 0.10975227372317867, 0.11068221455092297, -0.1256621249052449, -0.43173935077303344, -0.1319809433316058, 0.22968760109345898, -0.023088576635296443, 0.004929884998550416, 0.04158128095690623, 0.034831536823890515, 0.09367256301855441, 0.05621064389034593, -0.08296249596960906, -0.014908556395537356, 0.8745481404477202
34, 2, 0, 0.4793110476598162, 0.5128431108431705, 0.006365052207361458, 0.0014807892896518018, -0.3867165194351919, -0.3867214289064972, 0.4320730148546348, 0.8732092820803597, 0.11144114067597362, 0.11021208071783946, -0.12473253069625925, 0.00789748506639667, -0.12379396401398028, 0.3104420599640786, 0.0524015007364643, 0.039244873418665824, 0.03272933668338867, 0.020634959794097546, 0.007782854501051517, 0.07516697914895634, 0.08808679120454847, -0.22520047189431872, 0.8745481404477202
35, 2, 0, 0.47929349661065224, 0.5128589141113669, 0.006366450353829349, 0.0014811389241515419, -0.3787354022071684, -0.3796158628495602, 0.42927915068812456, 0.8743261283112421, 0.11078602352628239, 0.10876364301373675, -0.12412492003746622, -0.3024021264441595, -0.23021099971242515, 0.3004534031971811, 0.23503909550952154, 0.04879772988037492, 0.0529687350909017, -0.047770647884330705, 0.16303190245725224, 0.1731567388467321, -0.06985478029173028, 0.1779609960124189, 0.8745481404477202
36, 2, 0, 0.4792919351172167, 0.512860460153595, 0.006366469789936794, 0.0014811349392515696, -0.3739342475495012, -0.37435804927285365, 0.4195874112330302, 0.8740921607377258, 0.11117330352470567, 0.11067293127393421, -0.12346067815170683, -0.1598374855297104, -0.38998114503490566, 0.039206937848362135, 0.013319297200967379, -0.1404123462228773, -0.13859080524473816, -0.13995891620511763, 0.17712350171118962, 0.1520052608736418, 0.014826960701945599, 0.1569072146871893, 0.8745481404477202
37, 2, 0, 0.4791423480076024, 0.5130080602360975, 0.00636771015877969, 0.0014818815975205062, -0.3689689477651411, -0.36880395526212495, 0.41311946023137913, 0.8731918141782316, 0.1133591658067361, 0.11200921856238051, -0.12471840287359363, -0.10596263236473294, -0.15042104685019728, 0.21445899756992626, -0.09423223005782862, -0.1628732885576434, 0.12270657246117245, -0.010905631732519974, -0.04885689409489204, 0.07521381984249487, -0.019387782123711384, -0.08678726523805408, 0.8745481404477202
38, 2, 0, 0.47911684235224644, 0.5130333985489424, 0.0063678822339549345, 0.001481876864856246, -0.36311041057440385, -0.3646231794071439, 0.4078254647557536, 0.8741685524649453, 0.11244606470866929, 0.1099164937043234, -0.12475928281541353, -0.18279965773343548, -0.1381540642115779, 0.136374664170782, -0.05025273441738716, -0.14116942166162208, -0.16837219475526588, -0.14489600633202632, 0.0783603281036858, 0.10388027893937476, 0.048674440280460834, -0.11357770178062546, 0.8745481404477202
39, 2, 0, 0.4791168402559812, 0.5130333998816385, 0.0063678826288208696, 0.0014818772335594838, -0.35814103561437893, -0.35794612379004453, 0.4019122548623938, 0.876802010929033, 0.11184111529588155, 0.11123990735589369, -0.1241704532885459, -0.22607350032551182, -0.16763375680118667, 0.09503259431713022, -0.0881210235981483, 0.21425446400675488, 0.04188155443035086, -0.12585449452176972, 0.030188540042365365, 0.25212280062751924, -0.06884567062237608, -0.21288156737907787, 0.8745481404477202
40, 2, 0, 0.47890911371142264, 0.5132883930573626, 0.006368736119634438, 0.001433757111580374, -0.3510250394893175, -0.35181353357118883, 0.39689771807390234, 0.8736203358429562, 0.11046058023793921, 0.11027074062978755, -0.12352845898813554, -0.138073028382965, -0.15756927464347298, 0.18543973017253187, -0.00927058996304038, -0.0014071377187064448, 0.08196898257554498, -0.09897731356925346, 0.060304711462180124, -0.015291495877324809, 0.0015894970868004558, 0.11400146718165856, 0.8745481404477202
41, 2, 0, 0.4789092034445813, 0.5132883028191425, 0.006368736549163947, 0.0014337571871122171, -0.34825947970879334, -0.3471143484127103, 0.3879816620052815, 0.8733963964608066, 0.11010032329118899, 0.11129377121347757, -0.12532198560037677, -0.30549857527357427, -0.09629535696211512, 0.3601337229477275, 0.01777449365699975, 0.1860867967938675, 0.074339319445357, 0.04730337606238746, 0.04194187942058318, -0.2058001118690565, -0.1651962835581491, -0.22484267091827498, 0.8745481404477202
42, 2, 0, 0.4789093309220998, 0.5132882329438463, 0.00636873708960039, 0.0014336990444535523, -0.3411929909196697, -0.341069009792201, 0.3832553453557042, 0.8758037807137791, 0.11120509586401557, 0.10996988350810381, -0.12381534244936185, -0.252454913220297, -0.2748562452796085, 0.20837341954849423, 0.08058152888162443, 0.041189386811222084, 0.025543891131242984, -0.2415084153507578, 0.09117106491089419, -0.08132134289762116, -0.07971546976912681, -0.20082656775065555, 0.8745481404477202
43, 2, 0, 0.4344503767472041, 0.5574480908710593, 0.006580368004017233, 0.0015211643777193788, -0.3354128398026546, -0.3357381701400158, 0.3780652674903643, 0.8738791536013075, 0.11126925367058627, 0.11129364669623161, -0.12323662085324456, -0.3100659572959562, -0.17317738637778174, 0.31995854379468136, -0.011827334465549474, 0.07807567306974027, 0.06154853007084734, -0.09796087501368558, 0.029107106371716505, 0.10066763774235969, 0.13937507332035554, 0.06708032145383441, 0.8745481404477202
44, 2, 0, 0.43457720327711863, 0.5573212302867531, 0.006580440226239815, 0.0015211262098885454, -0.3308289479356005, -0.33026066371555424, 0.37234073779957655, 0.8739673181245043, 0.11185291297572977, 0.109936559378593, -0.12289362173232013, -0.13050860178033416, -0.24155146574913228, 0.2721870103609466, 0.14388077060595753, 0.05946898198036556, -0.0816626684281362, -0.05358739675133224, 0.13887428514651753, 0.024072429888403954, -0.08803360963689097, 0.09280014686866529, 0.8745481404477202
45, 2, 0, 0.43457517109980537, 0.5573231187549388, 0.0065805046721901204, 0.001521205473065923, -0.3269153295641284, -0.32519368580266017, 0.363593881982383, 0.871722061014857, 0.11208294534937488, 0.11048532170219205, -0.12513269588012604, -0.1629438041962376, -0.21118460761628316, 0.08274729507975978, -0.20160567942864605, 0.06365105837829788, 0.04539665224298158, 0.08871106148645604, 0.18059899408808447, 0.03414677785812044, -0.11700694524952944, 0.016843322752571256, 0.8745481404477202
46, 2, 0, 0.4343063094903136, 0.5575900809518938, 0.0065819523890851255, 0.0015216571687075415, -0.3195527974472611, -0.3179682933362612, 0.35862627761166566, 0.8737379044511508, 0.10956295340996973, 0.11116614176775066, -0.12275303979030501, -0.3025522563112649, -0.1419024323932947, 0.19441522454393287, 0.09878101528685558, 0.07164633215605296, -0.0312428656561341, -0.012483292388377575, 0.11589308828883285, -0.02028641172756154, -0.08209329532960674, -0.04756856236662054, 0.8745481404477202
47, 2, 0, 0.4344454944158943, 0.5574511914778184, 0.006581962546345163, 0.0015213515599421322, -0.31420334258394145, -0.3142911286142705, 0.3519861758431686, 0.8750758616832442, 0.10905758505628807, 0.11033813197125227, -0.12523754809532023, 0.010207330661474345, -0.29150269679917357, 0.2022244786741763, 0.05351218740349658, 0.08916576285857007, 0.11900085199192582, -7.975085833837123e-06, 0.0683597726225317, 0.06429796062539057, -0.06830130125441825, 0.07689958680265653, 0.8745481404477202
48, 2, 0, 0.4344428753690531, 0.5574537584939283, 0.00658199503646303, 0.0015213711005554822, -0.3078207484045552, -0.30635136892415893, 0.3465224268430128, 0.8744665763921967, 0.11028882726886502, 0.11102969364794255, -0.12315415753508825, -0.2218705401333266, -0.22928333458495936, 0.05482542332509906, -0.07916115878062151, -0.08155009782406841, 0.14030582117387838, -0.10640699645694007, 0.06522865520192955, -0.12841370171123853, -0.03800383574395607, -0.24762760939119016, 0.8745481404477202
49, 2, 0, 0.4343821800991816, 0.5575143156725443, 0.006582544981614481, 0.001520959246659615, -0.30294577912964815, -0.3032113142477671, 0.3404238973065458, 0.8764361333167676, 0.11097395171194138, 0.1101889437280115, -0.12469844878463547, -0.07913639717758683, -0.2083207188544737, 0.033974995730898704, 0.0129302394174933, 0.061943240888400516, 0.1199421808290266, 0.10856796464240077, -0.07203018275753302, 0.16268256170963707, 0.042978032970292374, 0.0010489488626096153, 0.8745481404477202
50, 2, 0, 0.4337874429814239, 0.558106268580768, 0.006584296344820201, 0.0015219920929880329, -0.2968853135725696, -0.29660259094589053, 0.3320516867602009, 0.8747054344793586, 0.11245490994430415, 0.11117766626294161, -0.12387967667906656, -0.09181437215162531, -0.1581667198722775, 0.09780998381591673, 0.03624058617520377, 0.10246490542854758, -0.004135668851930347, -0.02765648159410583, 0.25961190413412444, -0.02172284951208557, -0.023950042402791902, -0.023541446318728725, 0.8745481404477202
51, 2, 0, 0.4310455865767256, 0.5607523840921887, 0.0066400833093398, 0.00156194602174586, -0.292316402023531, -0.2939429215173878, 0.3265567177882048, 0.8742109981988065, 0.11264093994683175, 0.11101908177100342, -0.12379297450288218, -0.1341688022691918, -0.3116369972753571, 0.19123812887200037, 0.003601953301806579, -0.10456633560904227, -0.10841805713409684, 0.07095240903193721, 0.08201146381286664, 0.07846399510190458, -0.1724111682954183, -0.015772727792539444, 0.8745481404477202
52, 2, 0, 0.4310424821748533, 0.5607580627590769, 0.0066401183279988524, 0.0015593367380709333, -0.28723376976118203, -0.2872036395763019, 0.3211555866227083, 0.876415108206874, 0.11153547540101752, 0.11121761852738687, -0.12470184295047974, -0.13714030162984078, -0.19757389504779127, 0.08913794093847144, -0.1048441546666709, 0.05850872412499306, 0.03363252729399895, 0.15339995716538815, 0.05837419428131445, -0.0052101963784533, 0.1267635708236328, 0.12784232451568378, 0.8745481404477202
53, 2, 0, 0.3892645494513986, 0.6021866888642119, 0.006854435889680804, 0.0016943257947087983, -0.2807125891412411, -0.2802674351930178, 0.3144391239043324, 0.8774712953828944, 0.11049821298506832, 0.11085006927821228, -0.1245620420911215, -0.2627457598116848, -0.09122824039200217, 0.29819244230060743, -0.002588030198511296, 0.0844144400053078, 0.056233037601280886, -0.14870408250262102, 0.18397508007339564, 0.0898521343723916, 0.12141816664985787, -0.07685460128884528, 0.8745481404477202
54, 2, 0, 0.38906237139438204, 0.6023879893841023, 0.006854964434491432, 0.0016946747870243883, -0.27641823228927287, -0.274220609001291, 0.3089057063573719, 0.8744349063601098, 0.11159992862041049, 0.11044856360314763, -0.12438615926773486, -0.22346858471061432, -0.05043842217382492, 0.001288332969355177, 0.07356671677371593, -0.05360565914396691, -0.025743461769608827, -0.03698095156302886, 0.05940263113189265, -0.100442345691733, 0.10598746520075494, -0.15165957243591802, 0.8745481404477202
55, 2, 0, 0.3806685613518246, 0.610496661170506, 0.006974928422603109, 0.0018598490550663957, -0.2704443503605017, -0.2689878391085634, 0.3035360081093627, 0.8734227493742134, 0.10985222875370904, 0.10969430920473659, -0.12509074520202063, -0.22501502867139522, -0.2002494450069725, 0.16947358097497134, -0.08726868436807976, -0.0696077567926773, -0.12865523431962428, 0.10223859382143378, 0.11823037179606, 0.07815025436588918, -0.16135822631396465, 0.03773321751468922, 0.8745481404477202
56, 2, 0, 0.3807449841764762, 0.6104202288006405, 0.006974936928248956, 0.00185985009463437, -0.26458309322512635, -0.2650970179649089, 0.2956879082519937, 0.8747849388986133, 0.11127069983369378, 0.11232021273118356, -0.12335631452555054, -0.11244040112451474, 0.025501760314844656, 0.15002933675349908, 0.061524636191312765, -0.09830136120964836, 0.0044396774657376615, -0.08957391344628515, -0.06429345901608025, -0.024592903251159176, -0.1684452457136174, 0.047831379532280394, 0.8745481404477202
57, 2, 0, 0.38080486041642014, 0.6103605919459227, 0.006974974847002177, 0.0018595727906549992, -0.2592251901594469, -0.260200247186538, 0.2901816734449844, 0.8746672704964394, 0.11229038819588377, 0.10893280560569174, -0.12328993917192248, -0.04674720580126366, -0.08090791582725322, 0.08159902501855645, 0.03292686484418994, -0.04414907595533749, 0.061275524624539654, -0.0893338772761397, 0.11575642824626915, 0.08823128579734799, -0.038368456620763686, 0.22045876297024866, 0.8745481404477202
58, 2, 0, 0.38573246826568647, 0.6054326265525181, 0.0069751662864874315, 0.0018597388953081621, -0.25461786284745924, -0.25197911935045625, 0.2836316365241006, 0.8743613172282636, 0.10930400124843342, 0.10978814777972734, -0.12355566469826869, 0.19858600125303688, -0.2519747814941445, 0.16251431591735951, 0.00921719080077347, 0.18932038866458872, -0.034029716483693254, 0.052004549724488605, 0.09887506601808857, 0.06811485224246255, -0.029717533968865513, 0.041232744317738254, 0.8745481404477202
59, 2, 0, 0.3850906814221271, 0.6060669395512579, 0.006978529887113187, 0.0018638491395017564, -0.24748282858268209, -0.24793525131536218, 0.2768386528725063, 0.8732417851594432, 0.11174454744369904, 0.11037628732442484, -0.12447437534569442, -0.1390456032409036, -0.05523458402975616, 0.336477110402922, -0.13965277216330568, 0.18246992075268773, -0.05459744064854346, -0.039114937301024166, 0.22477778857748382, -0.07821647566618982, -0.047098163711716184, 0.25572907680777696, 0.8745481404477202
60, 2, 0, 0.3851419767804842, 0.6060146924449941, 0.0069788248411228266, 0.001864505933398944, -0.24374522806153848, -0.24277492619633007, 0.26953791495375634, 0.875666025779904, 0.11116394676060712, 0.11055649299332251, -0.12405608249449321, -0.03256773362706987, -0.09034622166784037, 0.21966003731108624, -0.03192007324659497, -0.11608039294999009, -0.037285420517905274, -0.08361041895015178, 0.059773378916735107, 0.17605464725197273, -0.09759694397220536, -0.06503858021757401, 0.8745481404477202
61, 2, 0, 0.38514314313239056, 0.6060132370010789, 0.006979007983392896, 0.0018646118831377402, -0.2352325895965155, -0.23707376498223848, 0.2659300649491981, 0.8742086449976891, 0.11013653340417888, 0.1119942229052591, -0.12377446014695467, -0.09440998619366953, -0.10189217190881668, 0.24996364135789878, 0.05824412788854333, 0.017291188106200533, 0.08724688933905429, 0.09873587013502538, 0.1741630439128567, -0.037972534464284315, 0.001473441303351518, -0.1433259208058614, 0.8745481404477202
62, 2, 0, 0.3851981411815945, 0.605957603740644, 0.0069793334849658556, 0.0018649215927956137, -0.23199096913053313, -0.23009206501443974, 0.25913968801134, 0.8746048074525277, 0.11026253443998357, 0.11130413534649734, -0.12326686154878139, -0.018737035748689214, -0.2483467811155923, 0.2065188043906132, -0.07981594531630039, 0.06584809874308484, 0.016902891397660068, 0.13800854704512627, 0.010208223338101364, -0.010172939189468943, -0.050781399928670555, -0.13261781775114062, 0.8745481404477202
63, 2, 0, 0.3852057726960774, 0.6059499622661443, 0.006979336513031448, 0.001864928524746933, -0.2234733262962217, -0.22634736462712443, 0.253073552406573, 0.8755516114048829, 0.11069158499180978, 0.11029155955569636, -0.1253537384946622, 0.03954374149210869, -0.16821570900553312, 0.005060939204482695, -0.20108135599871133, 0.013669947983685826, 0.05724077951251386, -0.04112959908799852, 0.139974245512808, -0.05861285178854529, -0.10014555868210231, -0.2227445290055064, 0.8745481404477202
64, 2, 0, 0.22807609232675677, 0.7616281602565002, 0.007474931305088582, 0.0028208161116546147, -0.2200014999567915, -0.22261596844416337, 0.24530640589289582, 0.8760370956240571, 0.10997667677405236, 0.11241152063647279, -0.1268394790014301, -0.18094507783687344, -0.16277847773143392, 0.19149749132776978, -0.11996476018464838, -0.05686238084728742, -0.06732921704779951, 0.028987645463836538, 0.26061335177117695, 0.12361988448200378, 0.18460430207568523, 0.030737722291508913, 0.8745481404477202
65, 2, 0, 0.2281150833042854, 0.7615878479946421, 0.007475560495173766, 0.0028215082058988673, -0.21538998112281332, -0.21424862783677995, 0.23986108767563455, 0.8744652252479941, 0.1112913470012653, 0.1110390344129428, -0.12438915817902056, -0.1593934566729177, -0.18188586133733126, 0.156781372128469, -0.08180806970374581, -0.0644910510089214, 0.007109070791405043, 0.10132727778385975, 0.20538245410030642, -0.08832335982055747, -0.10189230898242493, 0.029185518273792704, 0.8745481404477202
66, 2, 0, 0.22813432029002728, 0.7615685792977491, 0.007475570683245481, 0.002821529728977982, -0.20854322441677264, -0.2102029467165111, 0.23254285864485932, 0.8736870253098685, 0.11165381060303933, 0.11049400185193617, -0.12311117547248089, -0.08522576701720763, 0.19144521533008313, -0.06020230795686095, -0.04707902172902564, -0.06700597475780115, -0.10441438518699427, -0.02535730762929918, -0.09490719005863545, -0.009916894254435118, -0.06874664909261327, -0.0704987386685479, 0.8745481404477202
67, 2, 0, 0.22813699693887832, 0.7615689168532946, 0.007475588632238894, 0.002818497575588132, -0.20367149503049653, -0.20260603327695775, 0.22758635830561919, 0.8760457864449259, 0.10926682185654582, 0.11160293133437493, -0.12287671070943343, -0.12212064511355007, -0.2630890736931738, -0.027435973004816018, 0.12597124581144567, 0.056913335246109656, 0.14695935060781432, 0.057013563279467584, 0.01986387255672235, -0.024642101996944665, 0.0019156904672876524, 0.13293931319376964, 0.8745481404477202
68, 2, 0, 0.22821024224539838, 0.7614956738711031, 0.007475591066581028, 0.002818492816917585, -0.1956436196457167, -0.19786386344676649, 0.22276036291317936, 0.8732860612719383, 0.10943912005086569, 0.1116633331682847, -0.12440447239583521, -0.060972883597586534, -0.21428728949529235, 0.027005201713007843, -0.15154763949952552, 0.020939843539299403, -0.013185453457379587, -0.16083803618185608, 0.1813402683524455, -0.24473371120701892, -0.09428626382111367, 0.01933898543325584, 0.8745481404477202
69, 2, 0, 0.22758097490929335, 0.7621123381790417, 0.007480100934497275, 0.0028265859771678605, -0.19298922965370652, -0.19186418394097965, 0.2151956128439699, 0.8758207173776145, 0.1116904780268698, 0.10975673273423794, -0.1267806597344149, -0.04218884479169445, -0.09108718416211152, 0.16528157820908823, -0.020475075673288344, -0.0525805302351514, -0.09397893938764582, 0.14438218911708006, 0.1454129902857579, 0.020337242524833547, -0.062051793095532805, -0.061249909446287755, 0.8745481404477202
70, 2, 0, 0.22761296079359028, 0.7620803460186943, 0.007480108413003988, 0.0028265847747113724, -0.1856316300914999, -0.18590112112581852, 0.2102635074636782, 0.8738562721869874, 0.11081034157548357, 0.11018344973701895, -0.12437911864098598, -0.058767791098868316, 0.11904772975888785, -0.10687983830814055, 0.05424907595145129, -0.07487538628064086, 0.15712492649892093, 0.1270484111777577, 0.16354690822721132, 0.013515670689326275, -0.0007930290894748824, 0.04293106206344795, 0.8745481404477202
71, 2, 0, 0.22748009853561885, 0.7622088327789949, 0.007482273072455832, 0.002828795612930414, -0.18085281378296567, -0.17924708404451611, 0.2032093940869585, 0.8743037870451354, 0.11126996120237154, 0.1110243684521696, -0.12463015874896174, 0.010164034702654678, 0.16186465541174083, 0.32732743515457796, 0.14245466236408313, 0.013035605554901863, 0.04898098833849717, -0.04432992852596056, 0.20748857162707152, 0.16961729087003896, 0.03549962120207296, -0.10200338303933423, 0.8745481404477202
72, 2, 0, 0.2274816213062043, 0.7622072431197847, 0.007482285702056689, 0.002828849871954261, -0.174639574508068, -0.17515955290674726, 0.19591170756478385, 0.8740817264737031, 0.1110421343263214, 0.11057082940361866, -0.12556413705191544, -0.15719186485162834, -0.1278796186977728, -0.04714237392471869, -0.1363627505807796, -0.060985436776638716, 0.08592305120213231, 0.057309358678584, 0.13772211343016547, -0.06742013454657728, -0.22872890333929216, 0.018465177211596767, 0.8745481404477202
73, 2, 0, 0.22713951407463973, 0.762550346512595, 0.007482987938387546, 0.0028271514743778885, -0.1713702516318168, -0.17019876826070063, 0.19144192650097674, 0.8737613494673393, 0.11151313194386059, 0.1105661147947062, -0.12451388142431923, -0.09076193018294368, -0.25734987807992776, -0.062036022187534644, 0.08945220178288829, 0.019327217085615293, 0.024768975916121812, 0.006801429804719397, -0.0034266560570405226, 0.06081004150458465, 0.15301905987638326, -0.006075004734777017, 0.8745481404477202
74, 2, 0, 0.14455787088263417, 0.8442747312838594, 0.007686345701681621, 0.003481052131824813, -0.16299416831062224, -0.16472597254033844, 0.1831901015723302, 0.8760049004032785, 0.11022169954050845, 0.10960863202769933, -0.12337684042619693, -0.15197360871972054, -0.14419404811386186, 0.026973847563348207, -0.12952580178076176, -0.02362625551273339, -0.1006106468671402, 0.07112474613685503, 0.006289562250486347, 0.06288844792433348, -0.027218863439394447, -0.03635323744014944, 0.8745481404477202
75, 2, 0, 0.14033445595523952, 0.8484802928654557, 0.007692399140507693, 0.0034928520387972175, -0.16159644324095684, -0.15824114848364706, 0.17793323013975731, 0.8749917740194932, 0.10977019903289824, 0.1124488627696509, -0.12272506220842438, -0.14563359252503796, 0.007888896547085777, 0.20252451055362047, -0.06582224766285803, 0.0996638706983094, -0.017255041806189333, 0.04117166461902848, 0.13475982977992848, 0.020726125026526303, 0.012465811756882161, 0.005722999827664798, 0.8745481404477202
76, 2, 0, 0.14032441604814977, 0.8484885912287312, 0.007692732612369375, 0.0034942601107496494, -0.15332858403792676, -0.1536330600400234, 0.1723425245364107, 0.8722423733753446, 0.11094383774822995, 0.11100670186627973, -0.12430063278941923, -0.07799129684342768, -0.14631104716031337, 0.10537346959322821, -0.02567063894101216, -0.05761210958374844, 0.09203741353373854, -0.11938365995880693, 0.19266493310989477, 0.14737687009632047, -0.15853215667602194, -0.048370003864076305, 0.8745481404477202
77, 2, 0, 0.1401839936111625, 0.8486290224891155, 0.007692890203359104, 0.0034940936963629727, -0.14769546273820372, -0.14824164575739207, 0.16659524560366099, 0.8739868704567189, 0.1100328756861509, 0.11053772657612375, -0.1241102826035864, -0.18791159466345544, -0.07756659160119687, -0.017969433576840277, 0.050381183030319555, 0.01173542893690254, 0.02373444647087858, -0.11041102183750033, -0.04173060394140841, -0.08077764057845385, 0.05878489133692398, -0.04139159396641947, 0.8745481404477202
78, 2, 0, 0.13916520285877015, 0.8496380593560223, 0.007694516836617029, 0.0035022209485906287, -0.14158614542044762, -0.14104889412445606, 0.15763037088625478, 0.8740577941061052, 0.11320072781862847, 0.1110685766359891, -0.12414942985681288, -0.0986047640924135, -0.07797051183133459, -0.10106263948290821, -0.11987958263797946, 0.015981943815897216, -0.15899487596153736, 0.13086574676437213, -0.031810710405649235, -0.0030924295984602916, 0.031003623414030495, 0.11606167231362471, 0.8745481404477202
79, 2, 0, 0.13887188563882324, 0.8499207045862752, 0.007697219429564349, 0.0035101903453371706, -0.13727708400367766, -0.1358574492236792, 0.15376937698386048, 0.8762036039717989, 0.11057255259543826, 0.1116715124168364, -0.12476751242546191, -0.06414193428430058, -0.018443870057216743, 0.04373830167936377, 0.05933549117999509, -0.01669902445741799, -0.07214491604901443, 0.16034017848511956, -0.009925885728278284, 0.01735549911622821, -0.04866579245329551, -0.009853535991458738, 0.8745481404477202
80, 2, 0, 0.13888029337721797, 0.8499127744328256, 0.007697248666580126, 0.003509683523376207, -0.13117678623083506, -0.1309002458182874, 0.14546893217614476, 0.8741872176287186, 0.11089305191002938, 0.11097970778187083, -0.12297902829800636, -0.15958257697019557, -0.12665866442612272, 0.029000903871931445, 0.11186738034422943, 0.001117673756937628, 0.05943450126104403, -0.05147310230784309, -0.1559555549344914, -0.14052480919096025, -0.008325665094486462, 0.1510381225131721, 0.8745481404477202
81, 2, 0, 0.13883792657774538, 0.8499523115870855, 0.007697941539564832, 0.0035118202956042188, -0.12450363518756066, -0.12483142947351737, 0.13977864148504934, 0.8748461910803871, 0.10960076796697041, 0.11202022115802486, -0.12184331153350533, -0.02759448933151269, 0.025299815839055228, 0.11715814114869742, 0.23134753905510225, 0.02614282365529812, -0.12139955069095429, 0.08609881637344526, -0.0007724514159858753, 0.20226279972832284, 0.08075551115217935, 0.04733218165284141, 0.8745481404477202
82, 2, 0, 0.13808904148523807, 0.8506986618283024, 0.0076984693738775915, 0.0035138273125818196, -0.12062262602013116, -0.11991754111913214, 0.13515817499008134, 0.8744461281920819, 0.11019943531845947, 0.11106556285104754, -0.12286367068585631, -0.13776957347219126, 0.11754433907128355, -0.012548308446288903, -0.06548214056504524, 0.19752552751252656, -0.05467010488912819, -0.1494528440435006, 0.03739374992188134, -0.05409068398169457, 0.05477037229226887, 0.05742236907224877, 0.8745481404477202
83, 2, 0, 0.13832751408674568, 0.8504513391232975, 0.007699921544424837, 0.0035212252455318494, -0.1132434459344632, -0.11457735402183569, 0.12754819114474683, 0.8734041623359362, 0.10984360963458376, 0.11051187628204398, -0.12345552463150893, 0.03718094230995296, -0.047218361549214674, -0.03641353162142639, -0.006043461636211453, 0.0036184391599789734, -0.009909433906482912, 0.1936602128421641, -0.188408285536431, 0.07383997549207306, 0.14071483872585672, -0.0036527236505141405, 0.8745481404477202
84, 2, 0, 0.14084960868276825, 0.8479108323133142, 0.007707792839332276, 0.0035317661645853063, -0.1091411326050149, -0.10794812471972193, 0.12217940362124695, 0.8728585938798978, 0.11042303410608181, 0.11043092158431426, -0.12321346649385441, 0.08105731125903566, -0.10204013802492776, 0.25519125123861697, 0.07047754738561439, 0.04181370222692923, 0.09022905534503926, 0.058973565172103413, -0.02452060006576856, -0.0780039388182048, 0.08761388418558938, -0.08805803538808822, 0.8745481404477202
85, 2, 0, 0.13985826883025776, 0.8488601387143913, 0.007715838341781786, 0.003565754113569283, -0.10385507085497203, -0.10367314858767893, 0.11515912969912831, 0.8757970532073014, 0.11026705521954246, 0.1110345891700613, -0.12450680535237113, -0.15213408655343466, 0.039226307752050105, 0.024118635933257037, -0.003193634360057645, -0.03470197189654797, -0.021666332370215875, -0.002165124913606971, -0.005833803987701292, 0.04202398281453694, -0.2035000843116106, -0.030039972503782496, 0.8745481404477202
86, 2, 0, 0.14644448966162443, 0.8422780040969028, 0.007713430665371534, 0.003564075576101086, -0.09709288323961006, -0.09776581987456132, 0.10832464651426828, 0.8742464576257266, 0.11043121749568918, 0.11199519441792076, -0.12319438977180755, 0.08756287050295601, -0.028693158528395345, 0.12819203018565062, -0.03967387751342454, -0.015458344989550742, -0.26018159232181814, -0.10250810878482641, -0.050278050502257435, -0.20560633158475583, 0.17991837894109672, 0.05213331836962679, 0.8745481404477202
87, 2, 0, 0.14652505150702172, 0.8421982646759881, 0.0077122186437186884, 0.0035644651732712565, -0.09187475764044334, -0.09164354630963521, 0.1035268280929001, 0.874238275503709, 0.1109117385661238, 0.11040404116088258, -0.1236667810060956, 0.0848443515117244, -0.05531423482572895, -0.0814747492023699, -0.1376801404789189, -0.22051341072717762, -0.043812131596637285, 0.12370699940499759, 0.16008097892279283, 0.061591704028956015, -0.06983761788404269, -0.047291095350460804, 0.8745481404477202
88, 2, 0, 0.15097316876033084, 0.8377512530238638, 0.007712150787956121, 0.0035634274278493823, -0.08685781603992118, -0.08761504547775958, 0.09832017141862222, 0.8749676188054375, 0.11135693730884208, 0.1118449754766901, -0.12531981646844845, 0.14230264134649806, -0.07073276299047461, 0.10691701318019038, 0.01155808497298177, 0.07780099549764163, -0.01037456056205982, 0.09421628836300948, -0.0352380450947806, -0.06695551721581225, 0.17991544468302903, 0.03658681998324322, 0.8745481404477202
89, 2, 0, 0.12169246543839404, 0.8660099765573558, 0.00793340647123775, 0.004364151533012463, -0.08036252496289133, -0.07991190192794248, 0.0911919930659117, 0.873260690676626, 0.112074148075708, 0.11184910758345004, -0.12544094299826997, -0.20505965863928172, -0.09046937752320382, 0.15444256943109835, -0.07424417113489534, -0.2812380164192224, -0.014558749468707074, 0.17721035013687753, 0.12125835720768038, 0.0188936425211444, -0.11225317900617013, -0.11122619822243662, 0.8745481404477202
90, 2, 0, 0.12175323930900776, 0.8659671769633233, 0.007932832971893825, 0.004346750755775075, -0.0750260373712213, -0.07410157086853436, 0.08430846176979918, 0.8731156926291732, 0.11139266399403018, 0.11100427332632076, -0.12375732307634055, -0.12151870152972251, 0.06038688060108819, -0.014790215006264106, -0.06746968356503734, -0.12235822707559023, -0.13628651791605723, -0.1002160356394161, 0.05445677506028448, -0.08765926551538926, 0.03943295427431217, 0.09148876607977968, 0.8745481404477202
91, 2, 0, 0.15820484292672712, 0.8295151105183685, 0.00793180840676232, 0.004348238148142086, -0.06974913887581687, -0.07137344695741427, 0.07767885204595552, 0.8760089260111803, 0.11128385243569994, 0.10965554026074206, -0.1250952884917294, 0.13836163066923518, -0.08261111761065718, 0.0510536254919256, -0.09755938402305869, -0.07850667432700083, 0.03303843439516963, 0.030031835502514766, 0.13637118088781236, -0.057689893068303334, 0.07264020647045666, 0.07957972081414252, 0.8745481404477202
92, 2, 0, 0.158239633466763, 0.8294806993301699, 0.007931663735172935, 0.0043480034678942, -0.06391016989240432, -0.0638686760897534, 0.0720718864415463, 0.8737339329850273, 0.11182368281318737, 0.10864849753830848, -0.12365350980304009, -0.013846243038050982, -0.007385582644014862, -0.0552827671811566, -0.08843661469711847, 0.08983864729354411, 0.14194353377440275, 0.06365749275553824, 0.09474752029368542, -0.08155342196596425, -0.18865272510587267, 0.15434783450988224, 0.8745481404477202
93, 2, 0, 0.15846637447249914, 0.8292541798479697, 0.007931682705006101, 0.004347762974525119, -0.05855773182918883, -0.0592270754113603, 0.06652364992132072, 0.8764539689587382, 0.11086651019597989, 0.1122567865925744, -0.12639033744005662, 0.08916997327449011, 0.03598472634134501, -0.09532952254880536, -0.06205083171715921, -0.09853952971178598, 0.16937480106742878, -0.026422580625701526, 0.3010845806077865, -0.019854997060278216, -0.06781281500142142, 0.1808040631018934, 0.8745481404477202
94, 2, 0, 0.15828349081002818, 0.829432785998077, 0.007932141871217628, 0.004351581320677347, -0.05345412763003966, -0.053298203944247245, 0.05961510241750127, 0.8737212609138474, 0.10992203512803689, 0.11108547145103853, -0.1250927402585163, 0.044985397446126965, 0.110342402173054, -0.16070244013303334, -0.07141686337764823, 0.05271612572708688, -0.11380819325360711, 0.031006218012509766, 0.11406966634842246, 0.1296937211394107, 0.10136293219442674, -0.056958072014717864, 0.8745481404477202
95, 2, 0, 0.04021322011903847, 0.9465281408661631, 0.00810321655318125, 0.005155422461617128, -0.04757763514854713, -0.04823978749042086, 0.055623973976731265, 0.8745347222765704, 0.11137506815415663, 0.1100783986290089, -0.12386990600049826, -0.03977042278933911, -0.07094032896557052, 0.07071901009510816, 0.07970296151578102, 0.08950686733865204, 0.038621824543488385, -0.04118027264309114, 0.09154483871483594, 0.11229764453150977, 0.14507180255074104, 0.033246638134657405, 0.8745481404477202
96, 2, 0, 0.03908591218705465, 0.9476388941538646, 0.008105016583820977, 0.005170177075259716, -0.042730315362562804, -0.042654483553532546, 0.04735523005655044, 0.8740317211783761, 0.11056933049401389, 0.11131454585865821, -0.12356235815966801, 0.017639233050112092, 0.009523509097404426, 0.04146893635062049, -0.0354183655108281, -0.12713305126062802, -0.18730636863692868, 0.04575983527396089, 0.059577737875045236, 0.020067143570988343, -0.032303463449975305, 0.19519525733888166, 0.8745481404477202
97, 2, 0, 0.039086818172101086, 0.9476389030219305, 0.008105015219168798, 0.0051692635867995156, -0.03892200914861943, -0.03650804443402782, 0.04143385088363556, 0.8749610974820212, 0.11144876716903011, 0.11054056839943557, -0.12292510158939618, -0.30359275622376847, -0.009757349499146297, -0.08185102755850486, 0.08762373198711385, -0.0059448940376977105, 0.10251272926503356, -0.032652830531821234, 0.1069719358316215, -0.001887882793727088, -0.10820585486582565, 0.0829467298393554, 0.8745481404477202
98, 2, 0, 0.04045406844060801, 0.9462704673128449, 0.008105456174009767, 0.005170008072537231, -0.031159754082680922, -0.03062461247908569, 0.035623999302395404, 0.8725606000718287, 0.1108019681678197, 0.11041042817824502, -0.12408360088650598, -0.04907833303127233, -0.007970579764555886, 0.18785877434733916, 0.12036381221680474, 0.035655341123916204, -0.09630335775525502, -0.1289555555476558, 0.10261246965571809, -0.13323774444949749, 0.21874041022884433, 0.029578192833403034, 0.8745481404477202
99, 2, 0, 0.0408456342858365, 0.9458758031835105, 0.008106357034499434, 0.005172205496153486, -0.026328243875021102, -0.024068764711670805, 0.029511786187465222, 0.8742430529644658, 0.11151902441183512, 0.10975946402611755, -0.12437738410762937, 0.004721671337597167, 0.014780721114079598, 0.10950942925635292, 0.19740161434812048, 0.17818605492550776, -0.09950726807110585, 0.15669635859588216, 0.19019214806717302, 0.02455693745765216, 0.14515039936750682, -0.13441694534266174, 0.8493322028662695
