t, Event, Policy, P(still), P(random), P(reach), P(transport), o(t), s_a 
0, 2, 1, 0.7905678153038025, 0.14467903971672058, 0.04616248235106468, 0.018590714782476425, -0.40522235839617327, 0.6467736471384393, 0.6107632182552841, 0.3282665238740372, 0.0021249258160391583, -0.17596300677007298, -0.23561752090282498, -0.3706127733633304, 0.2902188738670858, 0.149398969373377, -0.044414383701758424, -0.2119772668671593, 0.1751915226964144, 0.03510014599131709, 0.06897494147540693, -0.06497000749686432, -0.08968412859409641, 0.03897025498022612, 0.5
1, 2, 1, 0.7905677724916593, 0.1446790303348831, 0.04616248251305163, 0.018590714660405905, -0.6048044791565534, 0.6712582794566907, 0.6778164232454511, 0.48150100167140975, -0.03625521847911959, 0.05431134543393623, -0.1345574400923199, -0.43757232423479075, 0.2836049620175048, 0.2606244537955267, 0.09884800059129675, -0.001060901517124874, -0.0004445705852555466, 0.00019359129360236829, 0.060123954312496106, -0.0005995743889302206, 0.0013811933999774097, -0.0012860134113203642, 0.5
2, 2, 1, 0.7905676632225129, 0.14467910584288812, 0.0461625077400882, 0.018590723194510758, -0.5929020968259328, 0.5693343917504637, 0.740355614519474, 0.46013790726438925, 0.14146639279788215, -0.11374463717997932, -0.09773267068542585, -0.3737960391188354, 0.26804736023224757, 0.2910168845763158, -0.14608353940966076, 0.0009112985487361054, 0.00011488563259599343, 5.757308780531311e-05, 0.05934997767577192, 0.0021099384430753373, 0.0008960032350307876, -0.001552246303222951, 0.5
3, 2, 1, 0.7905675975953768, 0.14467915267211662, 0.04616252150785711, 0.018590728224649508, -0.5367516308751312, 0.5208718719040447, 0.5752834607966638, 0.5395727978486038, 0.21771696590885878, -0.1604759302087599, -0.14416962601895722, -0.18270678737079246, 0.2333493195629605, 0.38339457467714944, -0.08655123514540458, 0.00032791675247619494, 0.0014869119071162441, 0.0014818845081500667, 0.058758783751755195, -7.234525422684276e-05, -0.0009743469894811068, -0.00042392389862168394, 0.5
4, 2, 1, 0.7905675929155842, 0.14467915578349036, 0.046162522740729926, 0.018590728560195523, -0.470741231861568, 0.3869057553427926, 0.7025209003259659, 0.4025550369894698, 0.2072581698953703, -0.2824013494121903, -0.247572516015035, -0.33448963556996897, 0.26718014012659974, 0.36764805215109597, -0.014761303310744794, 0.001787248440213239, -0.0010145481531297622, -0.00036850064872604176, 0.06026049009961425, 0.0005611018579410402, 0.0008725514867997891, 0.0017450797415267008, 0.5
5, 2, 1, 0.7905675451838292, 0.1446791907124865, 0.04616253163378068, 0.018590732469903507, -0.6342488779356685, 0.5082665211761936, 0.5132503213461909, 0.5108290542440901, 0.07390892851495993, -0.16619415737772145, 0.022264298633924783, -0.3382818881391273, 0.4132180807779452, 0.3044904208697706, -0.05982597095285065, -0.0011466837110186948, 0.00043036624975626586, 0.001783134022396785, 0.0620388580334462, 0.0012804154118356875, -0.0009576844003735208, 9.621013154586126e-05, 0.5
6, 2, 1, 0.7905668573266929, 0.144679605108912, 0.04616272576625286, 0.018590811798142332, -0.4665018619799771, 0.42851828637779843, 0.6229153352822319, 0.4752900690397497, 0.10845998741710319, 0.03641681775954335, -0.15410843129921029, -0.13257267740026912, 0.35158489749839916, 0.18641422460741908, -0.08256008993916682, 0.0008885026172771656, -0.001007244571304346, -0.0010298045364814554, 0.05958695224250497, 5.056321192829555e-05, -0.00026806059687271003, 0.0010757864124399305, 0.5
7, 2, 1, 0.7905668194520634, 0.14467963063125697, 0.046162735168777703, 0.018590814747902033, -0.5409477516224033, 0.6600950389118234, 0.5805192604747653, 0.43372979469543554, -0.040964622539764475, -0.10826653496464649, -0.11357412369228552, -0.1600178392163283, 0.2712553790062208, 0.3419616206067614, 0.08771037719640089, -0.0001512956199622559, 9.41407950124382e-05, 8.464468940651133e-05, 0.05980335746409936, -0.000588752127621313, 0.0010389367716901478, -0.00015816830757344618, 0.5
8, 2, 1, 0.7905668189565899, 0.14467963415613955, 0.046162736018441564, 0.018590810868829088, -0.7192908724543525, 0.3621697258654243, 0.4628494287111636, 0.5505323485978952, 0.18097657512425083, -0.33736074971834207, -0.06992322468388491, -0.21798939046431057, 0.2879872385689937, 0.20319440482845427, -0.04912828685935051, -0.0007501949351551146, 0.0001928293899529105, 0.0010879361458874365, 0.060558711432070575, -0.0006979903995926247, -5.9879628600684255e-05, -0.0011132733197076067, 0.5
9, 2, 1, 0.7905668168226333, 0.14467963580806897, 0.04616273669662751, 0.0185908106726702, -0.5521063791796448, 0.5925650778628386, 0.5232899665470808, 0.7522760797982656, 0.047932794484065545, -0.25223720374091146, -0.06321671380679543, -0.17166855418841004, 0.020305438646244012, 0.41371223116923417, 0.04476930693858287, -0.0006213411237281546, 0.0004915380432535912, 0.00015078908276308336, 0.060160083235701614, 0.0009427708438666723, 0.0020241326414753413, -0.0012535784949169397, 0.5
10, 2, 1, 0.7905667929645004, 0.14467965173878214, 0.04616274278691803, 0.01859081250979959, -0.42124537200721085, 0.361552521659496, 0.7224003701681924, 0.5061717583221101, 0.07730851229702848, -0.1840810844949224, -0.19131698991062307, -0.31696615720981464, 0.35482580562388216, 0.26668406408846257, -0.07799100560416632, 0.0002324097264035162, 0.0008326398405070006, -0.00011530090102673532, 0.05952781655296857, -0.0017691050772314393, -0.0007833119920676396, 0.00022158051861940082, 0.5
11, 2, 1, 0.7905665771728643, 0.14467980903243927, 0.046162784218860914, 0.01859082957583566, -0.5639235059850256, 0.44769294724696096, 0.6678434740824579, 0.4507169386297748, 0.2763570837428496, -0.017010231731242755, -0.0698241762938934, -0.21760749947988703, 0.35103837236813806, 0.26961422941044755, 0.038876231721251694, 0.0001913739824207774, -0.00011098364706977964, -0.0008330082573428492, 0.058134203392266735, 0.00018161894346253887, -0.0002620109676368647, -0.00090878053333842, 0.5
12, 2, 1, 0.7905664978864243, 0.14467986013122575, 0.04616280566791152, 0.018590836314438516, -0.4613461587200794, 0.45042206705985244, 0.6234682051811589, 0.5364244757847499, 0.06699682268437937, -0.043287764510172445, -0.2727041295874485, -0.22570129938616112, 0.26719012694322763, 0.40393256550338563, 0.16577600852399793, 7.427894906117243e-05, -0.0013778912042554646, 0.0003861188848008794, 0.06061713747882062, 0.00025166801473839467, 0.0004428648374735766, -0.0022504582796619866, 0.5
13, 2, 1, 0.7905640256440056, 0.14468166300035148, 0.04616324868663622, 0.01859106266900656, -0.6282297093327109, 0.5952103232474091, 0.5958252018250886, 0.5535173011120518, 0.164216301836569, 0.17304781397828153, -0.06657415800025816, -0.2167201704700151, 0.2824833022214617, 0.14234705908775394, 0.022651392233844086, -0.0013864927256703485, -0.00024525654214985025, 0.0010037766733324565, 0.05939428288061399, -2.1309309318975655e-06, 0.0027310181407631034, -0.00016823284407921037, 0.5
14, 2, 1, 0.7905640118994102, 0.14468167222337763, 0.0461632522417979, 0.01859106363541441, -0.547200674872641, 0.4579925660355162, 0.5483318542183947, 0.5917965241484913, 0.16315567976365322, -0.1795226811724576, -0.2422697108486323, -0.28947509602747645, 0.17744274331816284, 0.40619119153982075, 0.02571508494512072, 0.00012837465957382375, -0.0010811112224603642, -0.001425863818787731, 0.06073070877783595, 0.0004232051725268567, -0.0001057060993998352, 0.0006566452401518749, 0.5
15, 2, 1, 0.7905640084792226, 0.14468167584556044, 0.04616325309430218, 0.01859106258091487, -0.4950718285227248, 0.4427288319049075, 0.6093182858543307, 0.6648596277197847, 0.19961439365945438, -0.12030695469607947, 0.06268406064057538, -0.13818960708008604, 0.30888554016824077, 0.39572846795084315, -0.017379610832463123, -2.3144550212215484e-05, -0.0016280573250197449, 0.0009869204878721022, 0.059806519382201016, 0.0018884240979631186, 0.00035983561997988907, 0.00010278683125654031, 0.5
16, 2, 1, 0.7905637248682242, 0.14468188740665044, 0.04616330180277383, 0.018591085922351397, -0.4902995838065345, 0.5767530746853335, 0.5098372245585889, 0.45510616518056607, 0.07777628033223505, 0.006007066562887764, 0.00648288948784923, -0.2482072129320007, 0.19075766304905026, 0.18478438757000024, 0.20048661903601278, 0.0003667618285279303, -0.0013546167791214756, 0.00032444759987165366, 0.06137704687740151, 0.00010749780723319404, -0.00047721275490406767, -0.0010731557253956876, 0.5
17, 2, 1, 0.7905636126494942, 0.14468195854803356, 0.04616332799740969, 0.018591100805062623, -0.5689470494543948, 0.39504475709206605, 0.30386751918424243, 0.5105872523310877, 0.05026335440481491, -0.1171314963441898, -0.22765471850651436, -0.09743784542392933, 0.24629889319488202, 0.26985719479059733, 0.1360893920721793, -0.002406827508645033, -0.0011290804794891788, 0.0004548401602612064, 0.06014928258961233, 0.0004309619746886978, -0.0009121129810499239, 0.0009608371667737686, 0.5
18, 2, 1, 0.7905636047858876, 0.14468196420719456, 0.04616332981760501, 0.018591101189312842, -0.3595823869639288, 0.6067730196354775, 0.6213012705915609, 0.40480949436582847, 0.0798295775445677, -0.15001143379920276, -0.06790373565672012, -0.21705500447079173, 0.4125767279231338, 0.26227437407179394, 0.11285623686240968, 0.0017603411418658193, -0.0002713385869070239, -0.0013263542934281972, 0.06163303896218898, -0.0007378948720202984, 0.0005803721267182548, 0.0005376856439055297, 0.5
19, 2, 1, 0.7905632529035052, 0.14468219801073576, 0.04616341571404638, 0.01859113337171273, -0.48094489264795026, 0.37328800127104006, 0.6083600896998786, 0.5477165563206234, 0.10234408618217679, -0.11326215326953085, -0.24684543028778708, -0.12366271612062889, 0.38028154063307695, 0.23909903120588064, 0.07583528514969894, -0.0001068360060483202, 0.00019861029233532765, 0.0015789400359496886, 0.060673306635072234, 3.2424731702143035e-05, 0.0009138642048358103, -0.001045153264043251, 0.5
20, 2, 1, 0.7905629020519034, 0.14468245162503587, 0.04616348563252253, 0.01859116069053818, -0.5967674421938318, 0.39755296480317354, 0.6793196676267235, 0.3588265538798187, 0.04918623741948913, -0.04440204308952056, -0.028865437719097962, -0.24800654615887058, 0.2783136635709472, 0.2623952616502726, -0.033032469394451314, -0.001020584013608724, 0.0010104652669350714, -0.0011169419441928864, 0.06042424514384635, -0.001470440670845371, -0.0005344048341900589, 0.0005351953015478475, 0.5
21, 2, 1, 0.7905628499618813, 0.14468248705683984, 0.04616349676235175, 0.01859116621892708, -0.46099150450716475, 0.5432908090918769, 0.43117111379372125, 0.5325109221333586, 0.3031152272777836, -0.11320218426730104, -0.23266280895336638, -0.3127268480665571, 0.4515541405519068, 0.25327455486045614, 0.0690023030994707, -0.0024140142524471148, -0.0014691307588510785, -0.000403925135171815, 0.06068515830401666, -0.001130504650568502, -0.0011404825323472207, 0.0002601379781841511, 0.5
22, 2, 1, 0.7905177147275845, 0.14471079807038376, 0.04617431093875877, 0.018597176263272952, -0.5405146323030141, 0.501252459340821, 0.4254237311763845, 0.557806247923672, 0.039249919001803225, -0.07394290529431664, -0.3672947073674435, -0.07366977817936675, 0.217990703226595, -0.01346619732496932, -0.12870946677746536, -0.000494303536443996, -0.0003094117952734995, -0.00035716994936721284, 0.05999500670060537, 0.0008082816876308335, 0.0005492178230549827, 0.0004792806261659637, 0.5
23, 2, 1, 0.7905176896446757, 0.14471081691147422, 0.0461743158573022, 0.01859717758654792, -0.4264849209433866, 0.5609325229295571, 0.5371390545873471, 0.3593438175092118, 0.1757960834916405, -0.2560568901374635, -0.06167068732876452, -0.21670032926427701, 0.20229555847021233, 0.1578612566286236, 0.018664256766141522, -0.0009433421731823679, -0.0003937434028733615, 9.687763240797295e-05, 0.05964217629754941, -3.5218766915761786e-05, -0.000559068730719355, -0.0001803464045860899, 0.5
24, 2, 1, 0.7905176220412581, 0.1447108652861253, 0.04617432933984871, 0.018597183332767966, -0.5764786454801828, 0.4486827499925342, 0.5403094829927684, 0.4075559111924239, 0.1652079182372505, -0.14168045970398238, -0.10804152860981064, -0.17709836262076487, 0.37952180420272646, 0.24380620732695438, 0.12622511503267553, -0.0008918981378672095, 0.0009162918895797914, 0.00019885152716090198, 0.06052358648872826, -0.00040742106385090936, -0.0007302974157187555, 0.0003738467032295945, 0.5
25, 2, 1, 0.7905173062547977, 0.1447109792578027, 0.046174469593583636, 0.01859724489381613, -0.4262308328074457, 0.3703101159479112, 0.5486922606588502, 0.39116159728415656, -0.06704065158207892, 0.1860446531050215, -0.25060151397020886, -0.1680813350410279, 0.21152586010890148, 0.1665022885314278, 0.22424343113228667, 0.0011530379650654223, 0.0010194635907252694, 0.0011508971153223744, 0.060604478882114975, 0.0013525548618416768, -0.0003464763245912647, 0.00018971497400176776, 0.5
26, 2, 1, 0.7905173075073261, 0.14471097676832667, 0.04617447096699329, 0.018597244757353824, -0.554868308314198, 0.28982695948671494, 0.6903778031433359, 0.5352624665860798, 0.07992114596922348, -0.09170544570186352, 0.004111736767991592, -0.3076369327655356, 0.35176973535495887, 0.3703081836674462, 0.057143779464671376, 0.0004517967003121468, -0.0006647356698012855, -0.0004570707183017832, 0.05967551328916741, -0.0028923129571426834, -0.00010120748843298855, 0.0002724662743011095, 0.5
27, 2, 1, 0.7905171803964973, 0.14471106359318736, 0.04617449850537426, 0.018597257504941078, -0.28202092331079126, 0.25751023248876936, 0.49825591260935004, 0.5710228958272833, 0.1896378481090895, -0.17262167429333775, -0.24173761145341807, -0.2014468731598938, 0.24370715204634177, 0.1708209561644646, 0.03825354220348724, -0.002019534146785473, 0.0011719183973372945, 0.00033290431226621893, 0.060553851392128565, 0.0006159734308785093, 0.00040803343436547916, -0.0014820244549811866, 0.5
28, 2, 1, 0.7905171705490728, 0.14471107184781998, 0.046174500330923525, 0.01859725727218381, -0.41690986753224246, 0.5490746912513091, 0.30437519051718115, 0.5515165957199322, 0.04477949567889229, -0.3665434934195903, -0.07979509805793383, -0.21614435944532362, -0.010505959987168056, 0.3028794212425229, 0.030185683877330494, -0.00010453094746828875, 0.00025190859367513077, 0.0001929377890038869, 0.05949101342960467, 7.848184884204422e-06, -5.834745162880566e-06, -0.0002591493979550582, 0.5
29, 2, 1, 0.790516963181473, 0.14471121875587667, 0.046174541030238825, 0.018597277032411538, -0.4360495165696022, 0.4000190704664628, 0.5372241769160162, 0.5189624903517502, 0.10939162462880955, -0.0705784610749963, -0.09984346881445863, -0.30760847506585554, 0.18167155403420615, 0.07081437686172198, 0.10790561062988821, 0.00022301151762888806, -3.023981740853851e-05, -0.0012358125574184037, 0.05936158842742748, 6.761321544814281e-05, 0.001147738380860634, 0.00020843414405820456, 0.5
30, 2, 1, 0.7905169218349246, 0.14471124817352596, 0.04617454994764328, 0.0185972800439062, -0.4113509601157519, 0.30042439259290327, 0.6010399507667382, 0.3983180592018466, 0.10061743811583974, -0.19807511763329805, -0.049142093745968264, 0.017127055942298464, 0.3613806287159818, 0.15543722131112303, -0.09853641703195003, -0.00015376360379150376, -0.0008270691598818056, -0.00044519028291751633, 0.058948925716955425, -0.000510536514716411, -0.00042482656821121094, 0.0008200024519968419, 0.5
31, 2, 1, 0.7905120342750754, 0.1447148752143976, 0.046175366990534476, 0.018597723519992372, -0.3929324748549886, 0.4155847142970207, 0.4593642123127517, 0.4037852391905156, 0.0010759048046552256, 0.040495211655545926, -0.013405005219135502, -0.1586472548515446, 0.11736166040054292, 0.12416961117028061, 0.012486852142364167, 0.00026368703866106103, 0.000654970463795801, -0.00014380319329871394, 0.06002461217243147, -0.00012837686788050586, -0.0006201138424174056, -0.0018027058526963926, 0.5
32, 2, 1, 0.7905116621875519, 0.14471509267282706, 0.046175461099789074, 0.01859778403983203, -0.4519163628187578, 0.23418939517761253, 0.2808306696467516, 0.5907091968744071, 0.0821430792007298, -0.10097526510999544, -0.17292083018511722, -0.0713952508033336, 0.15233749264231938, 0.2722262592072041, 0.005692409487654507, -0.0014681387993436671, -0.0007937924528868589, -0.0007725345436466639, 0.05998009310789119, -0.0002626066601587603, 0.0002631147164743212, 0.0009743281385299441, 0.5
33, 2, 1, 0.7905116382638007, 0.14471510739456053, 0.046175468250555275, 0.018597786091083437, -0.2587690248397022, 0.414938945603956, 0.6287345657229828, 0.6362361598611298, 0.04990468867362543, -0.07857999151128361, -0.0514237421718422, -0.08819335181723702, 0.3289537140283275, 0.3143253396145135, 0.033462883332575494, -0.0011955024535159511, -0.0013421925870611903, -0.0007643290545909008, 0.0596871565125036, -0.0013205380572704649, 0.0003189668058145675, -0.0010707757987524563, 0.5
34, 2, 1, 0.7905113590182801, 0.14471531024155176, 0.04617552267172046, 0.01859780806844784, -0.24205679316460796, 0.4675384565672743, 0.4261414436656995, 0.5161510129224405, 0.08599128335152603, -0.1597046145846785, -0.0785686396008459, -0.24821225666789232, 0.3569301038526095, 0.4141922292820569, -0.20363700324415843, 0.0007710751584979204, -0.002463128014078658, 0.0005064843270964521, 0.058927064987606116, -0.0014563091677089928, 0.00010276687638541141, 0.00040580197199735127, 0.5
35, 2, 1, 0.7905113474090711, 0.14471531948839572, 0.04617552479499751, 0.018597808307535633, -0.3298782878187524, 0.34791101075309244, 0.4193504374903722, 0.5319086422783589, 0.17472761186316266, -0.2634041041741889, -0.0493623303429044, -0.18103694035146725, 0.33042194660801233, 0.17429409175448882, 0.20541767241144476, -0.0005090125471584145, 2.041118269933625e-05, -0.0006602956455202989, 0.060031651454966715, 0.0004043314912595732, 0.0006345268368103637, -0.0007165071848189728, 0.5
36, 2, 1, 0.7905106433865517, 0.1447158271615921, 0.046175654027617245, 0.01859787542423887, -0.2731533523646345, 0.4505933254536396, 0.4293362759889613, 0.39188441986438577, 0.1568856425204755, -0.1842356725115127, -0.1173429644746808, -0.2043063698696769, 0.20762029300476267, 0.053471139339466435, 0.16774336773670168, 0.00012140848682208977, 0.0013116940493340641, 0.0004625311646419466, 0.06143453049972506, 0.0016120472986769561, -9.657515426434684e-05, 0.0015496215533792018, 0.5
37, 2, 1, 0.7905106400239705, 0.14471582979631364, 0.046175654872604215, 0.01859787530711164, -0.30484679932078657, 0.5662590865779545, 0.633635894039891, 0.5060119373900673, -0.17612709085237382, -0.3496901197031484, -0.05873517460063159, -0.28047741146671945, 0.05980002227776404, 0.13350605930648196, -0.0037301684730464495, 0.00016232182395987233, -0.0007423854204609673, 0.0001684780782604928, 0.059596300708309034, -0.0002893930426142293, 0.0005926097044057336, -0.0003170605401242043, 0.5
38, 2, 1, 0.7905074947401884, 0.14471795485202102, 0.04617631351407618, 0.018598236893714398, -0.3259059619976746, 0.4154380787285435, 0.45223032415283465, 0.40064280502670446, 0.3309319157597421, -0.0005262783012423445, -0.3227338396658294, -0.19375136913301355, 0.25428741691556134, 0.2045308087235905, -0.19376540836036932, -0.001947263213160451, -0.00035314986171446305, 0.0006001671360409222, 0.060580374667351465, 0.001569731547542522, -0.0011221408110052241, -0.00014018488151622691, 0.5
39, 2, 1, 0.7905162577376837, 0.1447077725651187, 0.0461772286684148, 0.018598741028782808, -0.1786792466271533, 0.286683120170132, 0.35496921519385166, 0.6013415217048292, -0.017642443534651407, -0.03531546935883857, -0.11247997376766258, 0.007015577730816225, 0.07079230227838726, 0.22680007601777596, -0.051494796779844566, 0.0011895547060882627, -0.0014402143771179076, 0.00011280894022616527, 0.061272194537017224, -0.0009588891486403787, 0.0012461941159778102, 0.0021381436775679986, 0.5
40, 2, 1, 0.7905160909312969, 0.14470788215060312, 0.04617726539870247, 0.018598761519397364, -0.4139875969822989, 0.1416105696959376, 0.45709480093953897, 0.6630924233547689, 0.07204614244484293, 0.036101821607197104, -0.07487733971115987, -0.23785217840156916, 0.13864720509788647, 0.15830936265059595, 0.22464744313113308, 0.001348423297600736, -0.0006752440432063097, 0.0011382055346351209, 0.06095092567689821, -0.0006458961910476329, -0.0022985812092941515, 0.00028398648897165344, 0.5
41, 2, 1, 0.7905104485815091, 0.14471204257534495, 0.04617818118995175, 0.01859932765319422, -0.23003202888514523, 0.461043438733722, 0.34591539065876753, 0.45007725334404414, 0.13613380388513213, -0.002142059037885824, -0.06504089711001425, -0.1688871735023124, 0.2052986564069345, 0.1063090968093741, -0.1540202681892307, 0.0004373547824691581, -0.0020236512999456816, 0.0012406513312583551, 0.059049510035886446, -0.0006590273606244866, -0.00121278973252069, 0.0002716202625528641, 0.5
42, 2, 1, 0.7905101394436488, 0.1447122660511955, 0.04617823791572753, 0.01859935658942803, -0.29865824290569193, 0.34099026531718263, 0.4416658528130043, 0.6108780471810911, 0.08135738009776325, -0.23070839235257576, -0.03295040743392029, -0.11381462628513166, 0.17662444817627349, 0.047588082668778765, -0.03269506775732362, 8.340962594802917e-05, 0.00135398497255206, 0.0003250758476613445, 0.06077375400869681, 0.0010641032281521667, 0.0008992213811758144, -0.0014671489726605774, 0.5
43, 2, 1, 0.7905099358451964, 0.14471242068663173, 0.0461782671682286, 0.01859937629994331, -0.36942696658603147, 0.3520346552090495, 0.33414720945637816, 0.4780850895416271, 0.13150278258965656, -0.08258413366830906, -0.04788744197617607, -0.1380026288116967, 0.2536800901837816, 0.06555963993274443, 0.3404945497691348, 0.0014464218682138507, -0.0007585053705997727, -0.0004865756975172401, 0.0615918731774488, -0.0013490768200093302, 0.00021883604197640575, 0.0007375185346362804, 0.5
44, 2, 1, 0.7905075823538669, 0.14471347481700855, 0.04617912519107153, 0.01859981763805303, -0.26212795896648367, 0.2516844377972796, 0.3675115270775704, 0.4523534074001961, 0.053251897548229274, 0.12728716433264226, -0.35928013633029504, -0.16712823563518933, 0.00023348669015328395, 0.3532023688677528, -0.09354898319360579, 4.441732502015192e-05, 0.0005581869351620544, 0.0013835564572945468, 0.05995547697129442, 0.00027199830707280183, 0.0009242654418080735, 0.0007242481708098881, 0.5
45, 2, 1, 0.7905071879748408, 0.1447137378863601, 0.046179206523309875, 0.01859986761548927, -0.47884321853067996, 0.12566997660002904, 0.4158085829517093, 0.5526291809280955, 0.09150018058305062, -0.11829700945032331, -0.16759882938116863, -0.12370997599972348, 0.07468303218334807, 0.056767405484452846, 0.06278462146143371, 6.190052641697754e-05, -0.0008926241970431941, -0.0007355906388618373, 0.06041641644176153, 0.00010379635885471009, 0.0005618605544115506, -0.000476172547917348, 0.5
46, 2, 1, 0.790506928269209, 0.1447139585495848, 0.04617921477830502, 0.01859989840290126, -0.3590081761426824, 0.2857165936446624, 0.27192394143791593, 0.549729475171082, 0.1279033667874332, -0.06468472991011745, -0.040581605083734706, -0.17235525176274094, 0.1424251965071812, 0.16688022103327615, 0.20529573877363413, -4.627140264676961e-05, 0.0008809986078054074, -0.0012818518323714982, 0.060779416629351005, 0.0008891902520116781, 0.00022831924399992825, -0.0012537666785420961, 0.5
47, 2, 1, 0.7905069152709986, 0.1447139685766026, 0.04617921611115017, 0.01859990004124875, -0.3166035391781011, 0.2829423539054991, 0.1681372725318832, 0.4677218999034623, 0.22335282101088536, -0.24435496597745515, -0.20132143943398684, -0.3020383290533629, 0.08146739346018919, 0.4415583072738463, -0.025032471039903793, -0.0010114847743284106, -0.0013201335906819918, 0.0007239823154368655, 0.06092725049639099, -0.0004290510744189561, -0.000859397164063203, -0.000163500643344219, 0.5
48, 2, 1, 0.7905068457072048, 0.14471403107455896, 0.0461792092130226, 0.018599914005213783, -0.2596537789701012, 0.31183537569438463, 0.37539019294204595, 0.5387147040862469, -0.02627623643788346, -0.17820376064891605, 0.11021014018248051, -0.2767322083030595, -0.08091390196357964, 0.13798244218775807, -0.03162061097322065, -0.0004283893722392733, 0.00018556778974754016, -0.0007786201755382147, 0.06047427199361337, 0.0019503265472286813, -0.000674992184517274, 0.0018487480346020952, 0.5
49, 2, 1, 0.7905045646510623, 0.144715682484936, 0.046179588928582094, 0.018600163935419606, -0.29057310992330543, 0.32939423624393027, 0.28419936932333095, 0.4729192355449852, 0.07745595370353145, -0.07133655552952792, -0.1264200923464334, -0.06482349999985045, 0.03593096564067453, 0.19096272191462416, -0.028636780660287714, 0.0013953556436714807, -0.00044236963121793975, 0.00019104236856967624, 0.06084144981806474, 0.0004403258532466676, -0.0016743754888766064, 0.0012092639825001625, 0.5
50, 2, 1, 0.7905039320123858, 0.14471616747217644, 0.046179665999713314, 0.018600234515724352, -0.22347033564197188, 0.3277286495095535, 0.29354885566325634, 0.5092926742597929, 0.25482546774009346, -0.022553564289395856, -0.08427203502001503, -0.09222415579690467, 0.20334517912459388, -0.008692933182282902, 0.08186569562717674, -0.0012616218616648648, -0.0005687031564226435, 0.000587101240387919, 0.05827902093262734, -3.155457669275429e-05, 0.0013943675790152002, -0.002054749631083653, 0.5
51, 2, 1, 0.7905039212464157, 0.14471616993116232, 0.04617967076592414, 0.018600238056497884, -0.24836176568784105, 0.08499477308117039, 0.34596212093702544, 0.5799380328928783, 0.2288429066813225, -0.12391472636059209, -0.07381905912198299, -0.09468201484905889, 0.08950053035761493, 0.4083465071507743, -0.04704100937845508, -0.0006464669398769444, -0.0002542413531181955, 0.001426932938316128, 0.05844036358940426, 1.8180379455849495e-05, 0.00021483648792020214, -0.001954743733415831, 0.5
52, 2, 1, 0.7905037900888935, 0.14471630390761334, 0.04617964878337815, 0.018600257220115015, -0.3163529425339596, 0.23922727683460296, 0.18519846966890027, 0.5342280866472103, 0.07035092430016687, -0.24687351677862956, -0.0974705022894191, -0.12013351413709857, 0.189701603854239, 0.2418139000815165, 0.04642074471994774, 0.002194075514787246, -9.311125882819394e-05, 0.002697955536104812, 0.06135460870013202, -0.00104559039661898, -0.0009160697043271727, 0.0002194044817093782, 0.5
53, 2, 1, 0.7905038266789045, 0.14471635010666525, 0.04617956216113359, 0.01860026105329657, -0.13993676070599614, 0.17681914756977885, 0.3538576883650894, 0.5223558513367818, 0.3513635413109965, -0.14088319646831043, -0.0022514174799002527, -0.19229921708683767, 0.006076060697458541, 0.13038157998709998, 0.07045309979961262, -0.001372477490464212, 0.000805409155397282, -0.0012369409554776158, 0.05974400883744465, 0.00012654095840980157, 0.00042041171567169236, -0.0001889916887629507, 0.5
54, 2, 1, 0.7904411365721898, 0.1447594748873334, 0.04619194780923498, 0.0186074407312418, -0.22872263310070276, 0.22353718668555725, 0.38767382167373354, 0.44458045243493965, 0.04844087202956384, 0.04588076549704343, -0.2384063138854451, -0.12883297605776894, 0.30376688799730783, -0.03273307636474034, -0.09248216266644806, 0.0019073741856465772, -0.0008440192783544919, -0.0006820645339300767, 0.06075777807014583, -0.000432876170046511, -0.0015437472034214833, 0.0007611771168179518, 0.5
55, 2, 1, 0.7904406864231258, 0.14475978204694456, 0.0461920425058363, 0.018607489024093163, -0.23492291644160762, 0.1583341007339175, 0.3924481589173774, 0.47818720686547544, 0.10541132841383509, -0.12570174007478163, -0.1811278801196608, -0.10688636743747111, 0.23046309975113993, 0.2624317523906468, 0.05781966565489356, 0.0004935051178776649, -0.0008768501438479071, -3.1051674081539717e-05, 0.06083896161252369, 0.0005912421886030068, -0.0001322163023704586, 0.00024507424184218063, 0.5
56, 2, 1, 0.7904410356206981, 0.1447598359685541, 0.04619161822392618, 0.018607510186821698, -0.06730613033771489, 0.04614290438707509, 0.10246171484070574, 0.4922034962978604, 0.20839455915265273, 0.032304388969818354, -0.006419150602686896, -0.3249337213689788, 0.15773819544487067, 0.3432187049581486, 0.14585376632290742, -0.0007339859715233558, 0.0009407624622522227, -0.0006987628732170954, 0.060801820297169094, 0.0001517387227684129, 0.0007730475127684251, -0.0002401074553655817, 0.5
57, 2, 1, 0.7904408959338036, 0.1447599650515818, 0.046191612212501, 0.01860752680211369, -0.2007052080131328, 0.38936396499034026, 0.10242850212465601, 0.36771338850143725, 0.2689333991954973, -0.17453664337189076, -0.04346345504116902, -0.07843841005889804, 0.21517123764349969, 0.2841095752370655, -0.04546236330266409, -0.0007510638175661061, 0.002489407698623196, 0.00042265483095230323, 0.06026789667937088, 0.0003723753266079964, -0.0006029529085276057, 0.00038123986895859113, 0.5
58, 2, 1, 0.7904382672028271, 0.14476184524466362, 0.04619206980371978, 0.01860781774878948, -0.3798076528661889, 0.3751396527545672, 0.3371612660392675, 0.5853295961048577, 0.04741206907144877, -0.09876714346722992, -0.14252415013787958, -0.20848992363814184, 0.0339049207677519, 0.11301020489475211, -0.02022433159810006, -8.643651767546365e-05, 0.0006531427308443742, 0.00037428897280186274, 0.05934307556930156, -0.0007934494855790966, 0.0006025618954560592, -0.0007009239882218446, 0.5
59, 2, 1, 0.7904383366135643, 0.1447619098562751, 0.04619192676407244, 0.01860782676608804, -0.15189573734498502, 0.3090403712461816, 0.26078304745482855, 0.39799788213870924, 0.31924477620698744, -0.09556798931606762, -0.041074925765599166, -0.09880587084532347, 0.028280430234715225, 0.15842563329693884, -0.006554378438316558, -0.00036997568932190065, -0.000800070453257295, 0.00029213006891515866, 0.05909343246918623, 0.0013601051819757582, 0.0020570087407556694, 0.00013714407383549963, 0.5
60, 2, 1, 0.790437700954465, 0.1447623459118694, 0.046192062325459644, 0.018607890808206053, -0.1755879718318217, 0.2451831141647006, 0.4497338239792922, 0.4844353539913798, 0.14481949630748864, -0.1392604012910782, -0.25227934840253796, -0.18554315510714461, 0.2022196596199035, 0.18926044869275133, 0.12629218017871824, -2.472087767230431e-05, 0.0015174281210534521, -0.0007331449547984741, 0.06085725556417317, 7.221661386969503e-05, 0.0016479865681689955, 0.0006301209453688476, 0.5
61, 2, 1, 0.7904361518956375, 0.14476345330068557, 0.04619233968997863, 0.0186080551136984, -0.11435981100360344, 0.2942193682726678, 0.24293822116259114, 0.5480360929995898, 0.025101807888235607, -0.05018336517849209, -0.156199888052318, -0.10235288789594428, 0.24670912222302555, 0.27541997463593465, 0.09959214312489931, 0.00025483653681917216, 0.000499374760296483, -4.9791001028266215e-05, 0.058684878415686384, 0.0004929723557799243, -0.0009349447996894391, 0.000277263955787624, 0.5
62, 2, 1, 0.7904328457639535, 0.14476586420292967, 0.046192868963209545, 0.01860842106990728, -0.45536338127451226, 0.19004825040954845, 0.3240487937004956, 0.5517145887326136, 0.07179568768525393, -0.12360992905058579, -0.07130270788877467, -0.11858064354962046, 0.3312016668680271, 0.07398232656311235, -0.11854452725586077, -0.0005251957535650659, -0.0007169305677750443, 0.0009198887648073541, 0.059847345362273416, -0.00029140469202629444, -0.0009309229478727844, 0.0017316966178803947, 0.5
63, 2, 1, 0.7904325382483715, 0.14476579946141463, 0.0461930485217273, 0.01860861376848655, -0.18299261862199154, 0.2325669316251829, 0.20503089037264974, 0.41800722829346054, -0.05591494701859685, -0.19832381118482653, -0.1978590492776069, -0.09483596008332015, -0.11609378091699366, 0.1460001471061308, -0.1134471676043886, 0.001962997744506267, -0.00034871638445999715, 0.00033120042852024996, 0.06056247853107235, 0.0011822507569953238, -0.0009286322845098281, 0.0015191813572949147, 0.5
64, 2, 1, 0.7904288153304251, 0.14476835826202372, 0.046193727290094466, 0.01860909911745676, -0.2897340536240442, 0.15421961943652648, 0.28797349935733463, 0.36868059219441757, 0.2332008702544594, -0.08349775750882694, -0.2809045505350515, -0.12274005075406183, 0.26994879602915384, 0.09916214896166632, -0.1765396367104976, -0.00019150771546227094, -0.0003819403474870715, -0.001217385852966693, 0.060502683291099424, 0.0003846481702518385, -0.00038413311594261287, -0.0006848827274811484, 0.5
65, 2, 1, 0.790428209176681, 0.14476882791718867, 0.04619379849211482, 0.01860916441401548, -0.3835173747807999, 0.2317064976366007, 0.2875417551549331, 0.5566752638773397, 0.17808813601828194, -0.1337515161690337, -0.0429569341200222, -0.15608276595269738, 0.09453456670395058, 0.13962419923407443, 0.11354892750249139, -2.7005958284318688e-05, 0.0011807466492091275, -8.64170746088806e-05, 0.06151066880849569, -0.0006249002404050844, 0.00033527144611435823, -4.520673507550848e-05, 0.5
66, 2, 1, 0.7904244506825979, 0.14477145418027926, 0.04619451578485152, 0.018609579352271328, -0.21439961815873554, 0.3502471967555826, 0.37139289939074105, 0.4676533456820068, 0.10430494001220503, -0.004637410091253203, -0.18485282206770448, -0.13597318215902593, 0.0881475629790818, 0.09332861535724378, 0.047390765631193564, -0.0002610114359856287, -0.0004502649517137177, 0.000547514969546467, 0.06113762508823051, -0.0021642953268439244, -0.0012078177748096129, 0.0003256881377922883, 0.5
67, 2, 1, 0.7904243397883219, 0.14477157061198723, 0.04619449208068487, 0.018609597519005986, -0.28311281957693085, 0.31345580648011107, 0.10929542354263926, 0.43713163445463843, 0.27618075287869165, -0.13429196657181375, -0.13431389344358644, -0.05703679959582082, 0.2526359230666702, 0.2287376161556285, 0.09036759396598727, 0.001316291053175871, 0.001300482224691262, -2.329523211644468e-05, 0.06100387380067677, -0.0012689775539391085, 0.00041022486859212975, -8.932968815172626e-05, 0.5
68, 2, 1, 0.7904211121835242, 0.14477394866747223, 0.046194946029477116, 0.01860999311952646, -0.37524882521945874, 0.29764067859570636, 0.2801342807574312, 0.7828501248925124, 0.35622169488666655, 0.06728073127650447, -0.13250604841251518, -0.08102218243802327, 0.2060776597445797, -0.13961840557329924, 0.017533754743557412, -0.0013669478259765388, -0.0007536407101652315, 0.002825446986371638, 0.06126097022386878, 3.674722091619382e-05, -0.0008837587068506374, -0.0005610687077644989, 0.5
69, 2, 1, 0.7904137701213074, 0.14477928592947248, 0.04619600127460821, 0.018610942674611778, -0.3938337382034438, 0.1946583933403072, 0.19260363447046358, 0.5065385311459557, 0.12789995875850896, -0.12238187947338468, -0.1257970198755763, -0.04488916577472861, 0.12314314691108866, 0.008255342605737548, -0.0273922206765702, 3.442873697349445e-05, 0.0003610214825648475, 0.0005889866530693333, 0.05922679862836857, 0.0005949416240924202, 0.0012236749754597114, 0.0008602043728263247, 0.5
70, 2, 1, 0.7904136834421662, 0.14477937527187615, 0.046195983660806, 0.01861095762515165, -0.3674219420901988, 0.3764432718471041, 0.146879828353412, 0.5723029783862958, 0.34181869121712277, -0.13174454235467786, -0.18195928349506704, -0.10535827637258965, 0.05374123875142409, 0.21155288237589476, 0.09680787056853701, 0.00043866069680075165, 0.0007238727915123342, -0.0005727700109573399, 0.059831108691216994, -0.00041559126456827065, 0.0006129360074305757, 0.0001253344095787964, 0.5
71, 2, 1, 0.7904130987183532, 0.14477987333123504, 0.04619599441601707, 0.01861103353439473, -0.09140471217628385, 0.24443423015452032, 0.2698351835924962, 0.49156411370808845, 0.210052541297775, -0.0649957071984564, -0.030415168836781737, -0.2053243279311979, 0.1789688372453202, 0.07400154278658898, -0.06557403573565447, -0.0006284577443299371, 0.0015134372313558996, 0.00031333270574571256, 0.05964679414482528, 0.00010785310242607019, -0.00046967890816992073, -0.0011251505702799688, 0.5
72, 2, 1, 0.7904120497972138, 0.1447807092163052, 0.04619608297174451, 0.0186111580147364, -0.3594594341799125, 0.2493565331031286, 0.16180224354969902, 0.6404522292326973, 0.006192351733945256, -0.22244254989941506, -0.027422953970087326, -0.040962584231893875, 0.13143801239209124, 0.156046155843878, -0.052993768427662624, 5.773655352836288e-05, -0.00017165241142752855, -0.00041722183167894604, 0.06041283032254818, 0.0003721161252055125, -0.0019100315978718852, 0.0006690995070904886, 0.5
73, 2, 1, 0.7904114711629283, 0.14478154300604149, 0.04619563329734383, 0.018611352533686395, -0.2993742020429405, 0.1165629486712139, 0.10786041042704005, 0.28572127813256565, 0.16792318490076397, -0.06830618122297874, -0.14349996084138592, -0.19934576869325502, -0.041097701967786913, 0.033164304960008786, 0.11480908980465214, 0.0015748492061112992, -0.001599495711934708, -0.0012077803825777682, 0.06028954796050453, -0.0004956240218685663, -0.0013679056955144986, -0.0004532582210642957, 0.5
74, 2, 1, 0.7904105948180247, 0.14478252177930248, 0.04619530002222862, 0.018611583380444316, -0.16749941827585374, -0.0049110600745190915, 0.027974443980359733, 0.3844086734111626, 0.06172837957929504, -0.0596243961447689, -0.08998065827885851, -0.1375597575759514, 0.24097116017539122, 0.05408783218220734, 0.07368147770765374, -0.0011283447092216617, 0.002360880211418473, 0.0007383225482523423, 0.06051699163434292, 0.00023397396669605852, 0.0010643811790296627, -0.0005749421719986412, 0.5
75, 2, 1, 0.7904079753919064, 0.14478431599662334, 0.046195737534473945, 0.018611971076996303, -0.06622625177084894, -0.07641141799092943, 0.2528840157605958, 0.40357791631588735, 0.07009267151553158, -0.12246849121857784, -0.147455735489245, -0.09632628284556707, 0.12364328015066509, 0.05907964029143416, -0.06649584481056015, -0.00018500983371585303, 0.0002522099852893621, 0.0006690824294208491, 0.06048434768601274, -0.0011068374350969466, 0.0017777469412749932, 0.001641234555752731, 0.5
76, 2, 1, 0.7903885175868692, 0.14479986149724575, 0.046197143828502645, 0.018614477087382526, -0.2005249620259947, 0.03471441932441148, 0.04157208400909405, 0.5905280572664255, 0.07137833808211995, -0.07274289724800716, 0.006364051084143618, -0.029521150439267025, -0.15169880662540547, 0.04233234848025748, -0.16273475411196442, -0.0005703932670428887, 0.0007993025487610554, 0.0024276943590174804, 0.06018578263715352, -0.0001169904126534957, -6.442942644727173e-05, -0.0012391196607334477, 0.5
77, 2, 1, 0.790387058294561, 0.14480100872151358, 0.04619721270295034, 0.01861472028097516, -0.20941485213891217, 0.15070282091391687, 0.041377038359135844, 0.5407030085013946, 0.08214393294998112, -0.06783745811764176, -0.24089063747899217, -0.007894172112782549, 0.21419326645438613, 0.16293944468326055, 0.1378457703928957, -0.00026698444570243086, 0.00024249089599117732, -0.0003394489375029168, 0.05722956284523797, -0.0007277568175054208, -0.00025602915269244285, -0.0008419853357153074, 0.5
78, 2, 1, 0.7903764586936689, 0.14480876465783063, 0.04619867692935879, 0.018616099719141587, -0.22756820822373364, 0.22252623937235022, 0.10492030378342618, 0.4699759592756962, 0.09069231123906181, -0.06813059797640424, -0.12669039751149608, -0.020723791503025203, 0.11996782397906332, 0.09364853109986185, -0.10690478427863173, -0.00045902060771132086, -0.001960810171009336, -0.0008820371711701989, 0.061206503295119785, -0.0012613539505230227, 0.0014863359479968595, -0.0011468671326569097, 0.5
79, 2, 1, 0.7903748986586294, 0.144809819831035, 0.046198968253976666, 0.018616313256358923, -0.24395235368314133, 0.17955771235307458, 0.18042913853795, 0.29429496041984, 0.0780196465965705, -0.07113011687207296, -0.2629557919011928, 0.0279476286277471, 0.28126226240316166, 0.18004562009068906, 0.10985067266651587, 0.0021882451892961527, -0.0018926478585864273, 0.0009856272124399337, 0.060264454536955135, -0.0005099652895894794, 0.0011918341780307968, 0.0003783287227343804, 0.5
80, 2, 1, 0.7903738780028462, 0.1448105679463103, 0.046199116330680814, 0.01861643772016271, -0.1431838511100095, 0.34663887092903256, 0.23733520085295196, 0.5318213361423542, -0.05476556971095885, -0.19176719134417844, -0.12227383465849928, -0.22451378313949907, 0.09575740875407653, -0.023201417610123898, 0.05049035648456105, -0.00017838868542354643, 0.0007594941585942289, -0.001090645036778795, 0.05781593267963706, 0.00028910711910481134, 0.0006450804515969407, 0.000864951074652008, 0.5
81, 2, 1, 0.790369685514014, 0.14481282554066188, 0.046200015107184335, 0.018617473838139838, -0.18697981037032166, 0.04912735192561958, -0.012037317996652575, 0.767477625771346, -0.022557100525638175, -0.050510188520679344, -0.29505717764935546, -0.16729666952194594, 0.05338349203022937, 0.16536786328895578, -0.07585583915734348, -0.0011847694124383433, 0.00020562625795071668, 0.0023410020189762746, 0.05885417572929985, 0.0010737272323197299, -0.0001439712867308052, -0.0005618780533882554, 0.5
82, 2, 1, 0.7903672390734059, 0.14481446163330453, 0.04620044160937897, 0.01861785768391057, 0.07359586225021372, 0.05550137151099769, 0.1681939299475293, 0.60469837217501, 0.14682561801381458, 0.09819375240337096, -0.29687643079746073, -0.22963779032703635, 0.06556942007579572, 0.11870161687206524, 0.02618468358459828, 0.0007898856963087942, -0.0008893964058765339, -0.0004920735954214763, 0.05925492823726412, 0.0004127310340958371, -0.0009875626422570058, 0.00011828265234538598, 0.5
83, 2, 1, 0.7903687748539012, 0.14481507283439587, 0.046198201277286674, 0.018617951034416227, -0.002320844374136333, 0.2900792645330628, 0.0864710156256177, 0.4129522058108301, 0.06036438082095478, -0.32385416964886415, -0.029961053777000035, -0.04762500841139394, 0.20915632493460806, 0.2055898665161148, -0.056900818672388, -0.000682318349357198, -0.00010991862259314039, 0.0014600828818071444, 0.05986666873754839, 0.00020700976430404277, -0.0004772755288532563, -0.0005214128189516557, 0.5
84, 2, 1, 0.7903683258850912, 0.14481541486498387, 0.04619826220698302, 0.018617997042941987, -0.036647635056811845, 0.15760934873921065, 0.34057806638000426, 0.4679192637992865, 0.22830224331507737, -0.2770650567903573, -0.08579714649221107, -0.2123043373925812, 0.1994941501983694, 0.07832973335932045, -0.14372543853033445, -0.0009898840212005807, -0.0005441907381216816, 9.97429107892573e-07, 0.06025571373273484, -0.00048618204763298386, 0.0006855256844648806, -0.0006451931646889523, 0.5
85, 2, 1, 0.7903664727070719, 0.14481898211888583, 0.046195956681392564, 0.018618588492649607, -0.04689090716356027, 0.11204752837081626, 0.10481784425606686, 0.5788286746143132, -0.06927932557407153, -0.1186619380129726, -0.024775704255618758, -0.03977872680127083, -0.03212171521417582, 0.11576083054638109, -0.10161695487177884, -0.0002159169905926942, 0.0007133251626855573, 0.00014669042652050397, 0.058850570544648186, -0.0014863814615699667, 0.0004662481280287801, 0.0017826253189659948, 0.5
86, 2, 1, 0.7903665445314498, 0.14481908294831333, 0.046195767887845664, 0.018618604632391237, -0.05955354501943415, 0.28202041375859255, 0.19346765612201272, 0.3869202143621301, 0.3248487734689017, -0.14307083438988158, -0.22531965226054798, -0.005729456596641214, 0.06315099209088997, 0.19041583766566575, 0.1197308384103366, -0.0008585047895249781, -0.00020144739971037293, -0.0010130812793772257, 0.059977887701441815, 0.0032910367951237305, 0.001557345822923968, 0.00022712651475460246, 0.5
87, 2, 1, 0.7903680499929624, 0.14482019946498273, 0.0461929614106271, 0.018618789131427883, -0.2558374849324435, 0.26695164015250666, -0.01807141947829709, 0.5385732220860417, 0.21052715720867626, -0.2892565054016888, -0.007316783522668046, -0.07954288180917968, -0.04971578019340708, 0.03176018913701787, 0.02325054312676835, 2.389100232474151e-05, 0.00029646305582162744, 0.000820725863505075, 0.06073093008915942, -1.9267279055816503e-05, 0.0005779328890221002, 0.00015905811830628608, 0.5
88, 2, 1, 0.790380008304398, 0.14480682121843141, 0.04619372858431226, 0.018619441892858215, 0.04766056360578711, -0.012370783567304389, 0.2845643481250179, 0.5230538318277845, 0.1959506048143646, -0.021620718716407437, -0.26139261418387005, 0.09305074158654462, -0.12485699591682775, -0.01055788651309288, 0.015892342247883627, 0.000545419783802858, -0.0012116006952456013, 0.00019468055476498804, 0.058991348925323074, 0.0007321252727608613, 0.0007706059552037177, 6.799962105031686e-05, 0.5
89, 2, 1, 0.7903754868657107, 0.14481046742131923, 0.04619402777306919, 0.018620017939901035, -0.075603692214686, 0.057093678745670985, 0.15976807293053433, 0.4089902409573776, 0.173153053939616, -0.16184382407623638, -0.09368790905077436, -0.032856017450508576, -0.07851226002515599, 0.02337428361995391, -0.10826722309769468, 0.0005463257463530242, -0.000607312698147954, 0.00022111487833438776, 0.05955938845829668, -0.0013280792345349796, 0.0005303689138780072, -0.0003428539030807708, 0.5
90, 2, 1, 0.7903755133488384, 0.1448105714281969, 0.04619388224419197, 0.01862003297877272, 0.07076727268498129, -0.01950478875188031, 0.15898475796585948, 0.382427348461308, 0.21230770313762176, -0.2896482607044845, -0.06245437959391564, -0.2008810228074283, 0.10202320616751051, 0.09099925319835392, -0.08115987614556767, 0.00027425809076469913, -0.0007590391004735225, -3.5694790088277925e-05, 0.060670557745199416, -0.00037059455741813603, -0.0004953704332206139, 0.0007669438343125611, 0.5
91, 2, 1, 0.7903746692877613, 0.14481125462055364, 0.04619392789353244, 0.018620148198152546, -0.018204587024500795, 0.33385740146016496, 0.06569695872427433, 0.5305099568700004, 0.2952824515067182, 0.013484318309266307, -0.1701030082282225, 0.04040141252085746, 0.03176288960628841, 0.256020587513432, 0.04003058394069129, -0.0006019107124431469, 5.1139092183079034e-05, 0.0002565824165414766, 0.060597651165478585, 0.00029715942359602595, 0.0016623760319195847, -0.001107909312005604, 0.5
92, 2, 1, 0.7903746928675548, 0.1448114417199707, 0.046193692462225856, 0.018620172950248683, -0.026694682350666986, 0.193236478614167, 0.1588147811543122, 0.48119947880360286, 0.2061583309285106, -0.1329915936379537, -0.03242795242196499, 0.05038940384438596, 0.18728690315657465, 0.05155063775604457, 0.25991047430949854, 0.0006679520292437295, 0.0005026980217944794, -0.0004971976423670501, 0.060586806531349645, -3.568492048617633e-05, 0.0005722491811644054, -0.0001933954692006651, 0.5
93, 2, 1, 0.7903743330838021, 0.14481232473414404, 0.0461930138252865, 0.01862032835676734, -0.022627654675608795, 0.13156424799064176, 0.034170771657801045, 0.6316333872198682, -0.08214666362258963, -0.245831416279914, -0.10786127358781665, -0.14258484233713667, 0.05055051441521528, 0.09718988560506973, -0.0567003296318093, 0.001043807644032496, 0.0010155236915157955, -0.0009581343164256102, 0.06086516670890606, 0.0002525292074459364, 0.0005530556664574672, 0.00024950366166215967, 0.5
94, 2, 1, 0.7903727858924655, 0.1448134476052411, 0.046193244937046074, 0.018620521565247204, 0.06137303020236055, 0.14638003226200902, 0.20722880129138677, 0.48939716679055867, 0.03400161609011124, -0.1708075647710697, -0.23590626524159425, -0.056658768024998384, 0.17063282916404818, 0.173876092658639, 0.0283282745500262, -0.0006994915237335845, 0.00018739512833740253, -0.00046039396466857383, 0.05916676087307811, 0.000588523577488902, -0.0013485880684773203, -0.0010153807570585749, 0.5
95, 2, 1, 0.7903714687388882, 0.1448175849679788, 0.0461894360039235, 0.01862151028920953, -0.22006745895531155, -0.10090689088902031, -0.0608101251165829, 0.5823208956179171, 0.06862636154622674, -0.007084642454901013, -0.07789499231119976, 0.014556055513381008, 0.11392968550347324, -0.019314367720198122, 0.014244613958842967, 0.00032893373670983013, 0.0010511242726614595, 3.348406672040568e-05, 0.05971088239903819, 2.458079100068412e-05, 0.00013782585779448228, -0.0005355857541272872, 0.5
96, 2, 1, 0.7903704480590671, 0.14481848594322097, 0.046189376103897894, 0.018621689893813992, 0.012226873909277158, 0.05982777422693828, -0.023415090369418152, 0.4924032225976447, 0.26453757026739544, -0.02536843154628371, -0.11634639051668239, -0.01825577861465287, 0.2472281760210347, 0.12188665261559146, -0.08829276765524477, 0.0008463523453479495, 0.0001334409349413549, -0.0004890573665309796, 0.0602814666091435, -0.002238269128538463, -0.0003077058969725926, 0.0005222420689967191, 0.5
97, 2, 1, 0.790366885554693, 0.14482109264360327, 0.04618994628089437, 0.018622075520809418, 0.029369215566419027, 0.24569712101972346, 0.2717002237049818, 0.6048728158793583, 0.08223042287113895, -0.25625071563185803, -0.09560442555381003, 0.07361358698423266, 0.07440128328274655, -0.09664797597299554, -0.07348426553498837, -0.0007126620523414026, -0.0007069978938204875, 0.0006529051977586166, 0.061695930411127684, 0.0006625326724199719, 0.0002976245930440013, -0.0006768286762783443, 0.5
98, 2, 1, 0.7903661070400834, 0.14482203555117354, 0.04618966459543463, 0.01862219281330845, 0.005641420548532316, 0.10833777629291894, 0.3070058177784469, 0.37245849449282087, 0.21060373861524934, -0.014818959780217078, 0.1497276592213143, -0.12263379686997451, -0.050417744887896424, -0.04346516689812985, -0.12945355970104747, -0.00010168507166397735, -0.0005415166062189129, -0.0023395262480596056, 0.06016746645093909, -0.000669224752665775, -0.0013188927589247398, -0.00022417143801332844, 0.5
99, 2, 1, 0.7903637514248745, 0.1448238316584447, 0.04618992729264861, 0.018622489624032297, -0.023960628509449564, 0.033342596042160264, 0.21654149773811154, 0.4231755703195613, 0.19637561211211357, -0.046890401262612326, -0.16571095791671953, 0.007051184705828256, -0.0011402716324110857, -0.049485024179609226, 0.20279690056720662, 0.0007663979459806931, 0.0007451803689622062, 0.0014663915244290035, 0.059393264121956314, -0.00036798465192086106, -0.0001668552709801822, 0.000869983383074309, 0.5
