t, Event, Policy, P(still), P(random), P(reach), P(transport), o(t), s_a 
0, 2, 1, 0.08713692426681519, 0.48472005128860474, 0.42814287543296814, 2.0029845870794816e-07, -0.6853512675407927, -0.6645252208847718, 0.579498435794055, 0.6850661983214906, 0.2080391863090131, -0.011330468273964578, -0.14628397622523753, -0.3319810264738736, -0.30057167367583243, 0.25398113506311937, -0.04458146117036731, 0.16852790005248547, 0.06845754501707077, 0.14419248496082346, 0.10156453981709365, 0.012408337046462135, -0.13822242054393158, -0.06028182345478376, 0.7
1, 2, 1, 0.083587762811978, 0.47586336796256873, 0.4405486643757043, 2.048497490251329e-07, -0.5013446876469094, -0.7154516292824236, 0.5739801666192467, 0.6004422931630825, -0.029937297635024552, 0.07961246930256298, -0.1327337552327375, -0.37513774317749987, -0.1236859982885018, 0.13131987196910477, 0.036980646846137485, 0.0017523823843134812, -0.0012426431371905023, -0.00012138553163967952, 0.00838597361108059, 0.000863536088721442, -0.0009387586975892663, -0.0002215433856228694, 0.7
2, 2, 1, 0.0835120396449104, 0.4758636161875522, 0.4406241393177889, 2.0484974858867696e-07, -0.5674902221238051, -0.5119206623277821, 0.8682134020029266, 0.7800382270031561, -0.017244612709632113, 0.07214505288040927, -0.21155688669236206, -0.31561524491801796, -0.35876248408001127, 0.5172377491649212, -0.034017441754270766, 0.0005772474379984024, 0.0012310483303734077, -0.0012988717707527026, 0.010530046562474677, -0.0015314117432700994, 0.0010263168215875456, 0.0017116849790160464, 0.7
3, 2, 1, 0.08016383304186696, 0.4759256236512102, 0.44391033845724803, 2.0484967481251894e-07, -0.607796341144202, -0.494905770105169, 0.6642967434665165, 0.6505479603593453, 0.19618567574914147, 0.12220028547394819, -0.11553635901823042, -0.33008834820971433, -0.4730645081944947, 0.1723417966039459, -0.05448663439518246, 0.0003040325845670933, 0.0011203765758248908, -0.0011105636920000993, 0.009179114291180852, -0.00017668425241778386, -0.0008798130505787904, -0.0005422518138268951, 0.7
4, 2, 1, 0.08014152215900033, 0.4759254447423733, 0.4439328282495285, 2.0484909786247874e-07, -0.36678301423302234, -0.624271359678322, 0.5505101372992461, 0.7324839776872284, 0.1679883916550437, 0.11113690215205148, -0.11673843964496933, -0.4306345856793449, -0.20477029078554013, 0.36674180550750546, 0.06322121965687395, 0.000838872521132303, -0.0010384971692634134, -0.0023700168443297467, 0.009805916233016233, -0.0012017741643344417, 0.0013799890540999798, 0.0008475136550655721, 0.7
5, 2, 1, 0.08018701145015807, 0.47582941230678844, 0.443983239250379, 3.3699267434506435e-07, -0.42042842483509035, -0.626992666123077, 0.35930112204827636, 0.7048165770480637, 0.16740891508251, 0.00957822794707408, 0.1763689444547556, -0.10316330507456653, -0.2761418852917633, 0.14256856101587623, 0.02773530210819426, -0.00029036909639174545, -0.00041963310810422987, 0.0006374844618660545, 0.010450437594757916, 0.0003670904386777811, -0.0007468205786709536, 0.001128870929583361, 0.7
6, 2, 1, 0.04239181214932897, 0.4761360102981047, 0.48147184031867185, 3.3723389449750665e-07, -0.5675177779401872, -0.6718458683625327, 0.6025407303749811, 0.6459474827338688, 0.11574850314052691, 0.11795063999734814, -0.19919711147760524, -0.1775510018363503, -0.21782491050434366, 0.25303858376039706, 0.14705177413015275, -0.0001341381853437027, 0.0012747338581089124, 0.0003248539442916339, 0.008955654133752381, 0.00031691580337170285, -0.0004159879940258813, 0.00021172594395326084, 0.7
7, 2, 1, 0.015229333123065751, 0.4788358739112777, 0.5059344491075881, 3.4385806848978647e-07, -0.22615425715755016, -0.5097468913091577, 0.5793043437325764, 0.45364709167247846, 0.04080380640428995, 0.41649483592252573, 0.04354172786372832, -0.31438602980811475, -0.38602658318547584, 0.1665578200892484, -0.030533594278569814, 0.0008222715833500172, 0.0006947058420423553, 0.0009927343844657814, 0.01008932920270084, 0.000487753343970136, 0.0006519956623642092, -0.0005135212583238731, 0.7
8, 2, 1, 0.015109521086996267, 0.47883674006016436, 0.5060533951115207, 3.4374131878832763e-07, -0.42137658951898194, -0.45811505805289, 0.6671111902050297, 0.9215257520857214, 0.12985666287722164, 0.09862817104012865, -0.257077569957603, -0.3364502495147581, -0.03633568065493722, 0.31702469983737114, 0.040477046660027785, 0.0011955262107969638, -0.001753511948301243, -0.0006374779179123527, 0.01032119251382962, -0.0005467118829425501, -0.00037136020674452986, 0.00017172777212238403, 0.7
9, 2, 1, 0.01505738784447929, 0.4788377738076515, 0.5061044946052792, 3.437425899113191e-07, -0.511682486291732, -0.7307788916261954, 0.4873859719750685, 0.6367387060769406, 0.24643165806103728, 0.13532665686221027, -0.06606735168322482, -0.36905199371875275, -0.32587713797255385, 0.24890998943909842, 0.21241833518499004, -0.0005712476527694672, -0.0017102403343376323, -0.001601210045104309, 0.010900402954187906, 0.0006215326471450949, 0.0009608282223518103, 0.0023098875452207653, 0.7
10, 2, 1, 0.015054105812264249, 0.47883778784966197, 0.5061077625957967, 3.4374227715769586e-07, -0.44085880743605765, -0.5258441003654925, 0.6856363493038532, 0.6973110159403078, 0.23578642213619877, 0.12039397423066629, -0.09351471144150295, -0.3012511649207057, -0.3016492784134873, 0.40608146943551215, -0.08831087367074457, 0.0021516857443728155, 0.0002411273281395569, -0.0017422142296481785, 0.010025194541435528, 0.00014671147849598825, 0.0003410882318309944, -5.622429814846764e-05, 0.7
11, 2, 1, 0.012468138076296468, 0.4788696746121658, 0.5086618434576823, 3.438538553555245e-07, -0.42273918921334763, -0.5063763559395515, 0.526600240769217, 0.7123732121435667, 0.14305731649299144, 0.03237810848753782, -0.20371454275451623, -0.32848338386068665, -0.2696023637065187, 0.24920182421014753, 0.017029791551591976, -0.001424722338461289, 0.0002638346767300463, -0.0010754880713996775, 0.009538076831345223, 0.0002539181568074663, -0.001838500544777901, -3.719801328006559e-06, 0.7
12, 2, 1, 0.027335092219445283, 0.46325815698895756, 0.5094064067956093, 3.4399598775532724e-07, -0.47848540483287827, -0.4546489615147018, 0.5931138237868809, 0.523745208661256, 0.009799656515089383, 0.05128831815364924, 0.08738473340865682, -0.28263025168257266, -0.2046280426857388, 0.288456591957463, 0.05937837831706847, 0.00013467535814336076, -0.0003267018271572853, -0.00032290632199595407, 0.008493811733453066, 0.0006069707793711238, 0.000863906607528934, -0.002309809349706274, 0.7
13, 2, 1, 0.02728380819025736, 0.46325855681711864, 0.5094572910463302, 3.4394629387915763e-07, -0.34924770512708136, -0.6081131772551132, 0.557473979186056, 0.6071101090189126, 0.19928908945319784, 0.18559405429316211, -0.32142260984375104, -0.39037558984181625, -0.14025205262283427, 0.292459329687275, -0.0777247438562155, 0.0009987752935835992, -5.0528268010051436e-05, 0.0005618766905930985, 0.010721637624971312, 0.0011122627671920943, 0.0015774323064139078, -0.0007937773598207335, 0.7
14, 2, 1, 0.0103746181771467, 0.46424262566296753, 0.5253824122064727, 3.4395341307560007e-07, -0.36228779651983967, -0.3952646983848697, 0.8042522951179739, 0.6286649066519095, 0.015119853343584155, 0.33043152380709173, -0.007774687533927183, -0.2130753166379496, -0.11002863750141378, 0.19488460291479054, -0.13062988913482498, -0.0006298297524427413, -0.0004912521408160298, -0.00033782753692166773, 0.009993323508089031, -0.0005451204312257933, -0.0019382153676726465, 0.0019015703573402158, 0.7
15, 2, 1, 0.01035660084696825, 0.46424288335515024, 0.5254001719003927, 3.4389748881180675e-07, -0.6413578064565819, -0.45514091877715523, 0.47687196623337214, 0.8047050722496959, 0.24706903033816596, 0.25434067112503306, -0.2306575937282632, -0.30579283518724604, -0.19072260814140476, 0.36835903304882006, -0.025445167488315303, 0.0006704543310460101, -0.0018649739448711674, -0.001058580455458987, 0.011643870331640936, 0.002399078857859747, -0.000713794895989124, -1.856229644391877e-05, 0.7
16, 2, 1, 0.007221636184135815, 0.4643346310119658, 0.5284433888318557, 3.4397204273345877e-07, -0.5941594512909861, -0.3329496637224675, 0.5189442398352937, 0.6401020910647214, 0.021378451621235896, 0.1692680900788554, 0.0022803913864171575, -0.2946038254992553, -0.4541855809904817, 0.32833225908465435, 0.007728409735451208, 9.944315595386823e-05, 0.00042076757373160146, -0.0002520303981708645, 0.009609705000642194, -0.0004725998654452044, -0.0009518238505895413, 0.000396643430724124, 0.7
17, 2, 1, 0.006662763443282879, 0.46434921672465634, 0.5289876771590045, 3.4267305631725286e-07, -0.3331457498006726, -0.4754164558667921, 0.5263734943066977, 0.8250178606041756, 0.20387276863632162, 0.34576124018767695, -0.09160810113598446, -0.09690018542708398, -0.15387598563524052, 0.22516644419666143, 0.13751638034363164, 0.0010813918273158481, 0.001189295960696965, -0.0005530914910966029, 0.009576493281465977, 2.2980670732947617e-05, 0.0014004299906085825, 0.0003965880762862562, 0.7
18, 2, 1, 0.006658072322192368, 0.4643493625718798, 0.5289922224729947, 3.4263293320976675e-07, -0.576091237235542, -0.3067814930068561, 0.46218832255499515, 0.6850896452141264, 0.21260019910554426, -0.00804899768176619, 0.02344815837249812, -0.17200757904205705, -0.39671849014929783, 0.3395919061671016, 0.010466023237463012, -0.0012589712494158706, -0.001557183995618184, 0.0011258236429247694, 0.008790402282620648, -0.0009926945063460947, -0.00025148651887596095, -6.242574622440039e-05, 0.7
19, 2, 1, 0.001448899230666579, 0.46447842484692103, 0.534072331556432, 3.4436598030762027e-07, -0.52860198009163, -0.404241515435682, 0.538329732852993, 0.5468673696556834, 0.021117430612575972, 0.16482184295698635, -0.2032927657760722, -0.3108121497009324, -0.2959842899209857, 0.05963126042211364, -0.06349716862820644, -0.00012620551904828667, -0.0009449827331486863, -0.001055538844716037, 0.010403123254539768, -0.0012731388131443412, 0.0005907108604140457, 0.0014845237065072821, 0.7
20, 2, 1, 0.0013670887903591473, 0.4644796657143424, 0.5341529010857423, 3.4440955622437556e-07, -0.6156576244092588, -0.56891661999662, 0.42952495861295387, 0.5983047258237991, 0.1678828740515428, 0.01065968250024556, -0.11397590694515543, -0.15798670488884764, -0.383043894725343, 0.23201089483667134, 0.07296296445946868, -0.0014719778794033387, 5.092485480597404e-05, 0.00019068658524935264, 0.010385558848398977, -0.0009688072820228157, -7.538844932614861e-05, 9.489661954813458e-05, 0.7
21, 2, 1, 0.005428280461433784, 0.459388475665333, 0.5351828989812544, 3.44891978880569e-07, -0.5295284594284008, -0.4978061135147006, 0.5770003284102577, 0.6943677811326274, 0.015866909558886866, 0.17375359488306338, -0.09691738925490476, -0.17609937325046685, -0.09809574291646816, 0.273234151461165, 0.01581859897066871, 0.0005908785907446353, -0.0006412179826087473, -0.0005343533382028865, 0.009319549969288202, 0.0006096443064963561, -0.0004103836454298428, -0.0012131834325941988, 0.7
22, 2, 1, 0.004837342848799135, 0.45939980977220135, 0.5357624968499245, 3.5052907509437073e-07, -0.5661896695203563, -0.5272362410127021, 0.40696749715891667, 0.645737032429673, 0.25301256799076766, 0.11068159822722667, -0.18003259229944302, -0.2522043536084974, -0.24236274673868624, 0.14768651395443086, 0.10829686964175482, 0.0007554601639305598, 0.0014140858482940266, 0.0014819572560395057, 0.011211626441041981, -0.0021584145791112815, -0.00022363970205880793, 0.0006399803256688271, 0.7
23, 2, 1, 0.004869598457954179, 0.4593128386253998, 0.5358172128242356, 3.500924105026226e-07, -0.5115188744645203, -0.5224275168630796, 0.6708650534972003, 0.8519329244714179, -0.04653339099175435, 0.21310049237453388, 0.114715665868904, -0.15135751227125932, -0.18683070259715112, 0.3139723039002498, 0.17172203330040375, 0.0013679821058101363, -0.0014528137015556994, -0.001909409198317753, 0.011351547541026439, -0.00022404145974555534, -0.0007237648961307681, -0.0009957013086274546, 0.7
24, 2, 1, 0.0021484327248222153, 0.45934442483215127, 0.5385067929386103, 3.4950441631896845e-07, -0.3647117470836914, -0.4591343156799697, 0.5884717312860919, 0.7627810230250942, 0.06044772842587585, 0.08512253161681123, -0.2184630965522678, -0.09238565700067258, -0.18815840781596346, 0.15849889349773183, 0.003910971388422649, 0.0005034873654534364, -0.000703967034860027, -0.0003123661689691138, 0.008498227929366308, -0.0015357408581236323, 0.0014804962769063685, 0.0010532879377433523, 0.7
25, 2, 1, 0.002110480423402676, 0.45932198811360997, 0.5385671779369184, 3.5352606901683224e-07, -0.3905580809368426, -0.4095840769897074, 0.374943405134259, 0.8183083184194497, 0.19503636368336005, -0.04836163522678068, -0.13986564409184682, -0.28619206467445535, -0.2511690537164481, 0.13409453983380862, 0.006386336496543271, 9.168138465656516e-05, 0.00052602284102535, -0.00016245266093341354, 0.008909245616446852, 0.0021917544155276676, 0.0013132026866802102, -0.0004607828110394262, 0.7
26, 2, 1, 3.053901566277079e-05, 0.4593484386536398, 0.540620668354498, 3.5397619955279035e-07, -0.6025245076941033, -0.3439419463432841, 0.5361085844915272, 0.6068123047016941, 0.10398746943201502, 0.21403848118845104, -0.16393132013176331, -0.18841796352695053, -0.21413708732618417, 0.17028274737899696, 0.2022988352965882, -3.6318627603512386e-05, 5.15328431066292e-05, 0.00044603282934925205, 0.010428579645361613, -0.0005890125719705168, 0.0010250479124937941, -0.0005805480966038953, 0.7
27, 2, 1, 4.746184274248508e-05, 0.4593269302907368, 0.5406252539832899, 3.5388323095592073e-07, -0.3878095628084417, -0.33920859903859, 0.6028684071879573, 0.6363096994577493, 0.06200628169031748, 0.14589806858227877, 0.0648127302087668, -0.11407440066051436, -0.38191774996796335, 0.21838619225946848, 0.06898948820292797, 0.00011037879273156212, -0.0017890377836190861, 0.0012055953568114247, 0.011372891111124422, -0.0013981483983241917, 0.0014019219958606175, 0.0011874931892962386, 0.7
28, 2, 1, 7.90230699203525e-05, 0.45928802970924343, 0.5406325933166913, 3.5390414494385973e-07, -0.14142665167364027, -0.48522050302349384, 0.4758109024483681, 0.8200876073981531, 0.12693273884926576, 0.12125363463168659, -0.05582717053591071, -0.24663880502891572, -0.20528815502736464, 0.20135801049497482, -0.06305945910272566, 0.0009314788019113745, -0.0005803699740609537, 0.0013311786635067924, 0.009889664446690396, 0.0005106143635776933, -0.001459203531115052, -0.00045105906724765945, 0.7
29, 2, 1, 7.142734252394526e-05, 0.45923419031066737, 0.540694026783876, 3.5556293264054313e-07, -0.25109347591834635, -0.44306314176936185, 0.4284111819554669, 0.7080347110230135, -0.015509008551009673, 0.17255357679896094, -0.04870079432322425, -0.24815527543708865, -0.21169914906783097, 0.26155391571507103, 0.042675282233212763, -0.0006300500476544037, -0.0007276704137370338, -0.0002008875092776819, 0.007555610812915744, 3.1758621481197386e-05, -5.548629321638315e-05, -0.0002493369606655598, 0.7
30, 2, 1, 5.516522003894818e-06, 0.4592304112688395, 0.5407637163837061, 3.5582545044750274e-07, -0.3852213871427578, -0.22967324221640198, 0.46174088362215826, 0.6091300416371486, -0.07008502686510543, 0.22480775248727297, -0.09305396449784294, -0.20610438603492492, -0.2873580716368251, 0.17578388562470354, 0.07980097056611174, 0.0014799076229856764, 0.0008731656429781624, -0.0005109932057184815, 0.01003453936076199, 0.0015778961845495348, -0.0009376380089256477, 0.00015410567145771135, 0.7
31, 2, 1, 5.394637575735053e-06, 0.4592304122139219, 0.5407638395241088, 3.536243936477454e-07, -0.3559122269432912, -0.5992309421920925, 0.3972501740369236, 0.6459532309916296, 0.20608078041180472, 0.03154465380194621, -0.20694605734511687, -0.024214485082512095, -0.27235562431609234, 0.23339308716399526, 0.1972068576750145, 0.00041183315849253183, -0.0006710478706850604, -0.0016766217049519396, 0.007653501538981269, 4.633216349857474e-05, -0.00016690073301597836, 0.0013162850236988265, 0.7
32, 2, 1, 3.898695126058357e-06, 0.45923043442174794, 0.5407653132665847, 3.536165413294617e-07, -0.6293864627510972, -0.5209111712822547, 0.6565286215027655, 0.766943517088016, 0.2370085139834967, 0.03633300277803313, -0.0710872992404897, -0.17074499980672836, -0.35977773945144, 0.17286604909337996, 0.09683145497641661, -0.0008674833535096866, 0.0012044880314609503, -0.0011795408389739103, 0.011073747429145017, -0.0019633133219311453, -0.0010384206234123345, 8.091865113066317e-05, 0.7
33, 2, 1, 0.0016459450221722504, 0.45708601793426645, 0.5412676228314519, 4.142121093102404e-07, -0.3317259857195509, -0.28869596056280783, 0.3000624105158738, 0.860867325305043, 0.15870081298759264, 0.09997950102585129, -0.07053648818846026, -0.19916078908674928, -0.38451730106400406, 0.24175252178081266, -0.08328857234652494, 0.0016662694509535676, -0.00016677851457200864, 7.904537206869263e-05, 0.008697690893765068, 0.000827072072216419, -0.002022267295594029, -0.0021192311043169623, 0.7
34, 2, 1, 0.0015510209195613587, 0.4570777945966806, 0.541370769960106, 4.1452365201971755e-07, -0.4553037174190516, -0.5855374520617666, 0.4623398622054413, 0.685844571308259, -0.031533273401536596, 0.045167033030715786, -0.19059512720571817, -0.21266457246998355, -0.25654412019443595, 0.22822209539369775, -0.14513218717266635, -0.00021593346682372347, 1.0706987985849632e-05, -0.0009018521618672899, 0.010680752883202835, 0.0006946779232374435, -0.0007020077767587653, -0.0007259455781224871, 0.7
35, 2, 1, 0.0009062951463838404, 0.45704233629864377, 0.5420509538400876, 4.147148847137004e-07, -0.48761348813274824, -0.4063742622020161, 0.4975028174303189, 0.5585653799799416, -0.02631346550405833, -0.17275146057465549, -0.18963611134888278, -0.11188107744313262, -0.2978062387757975, 0.21764631653390523, -0.01445581936211375, -0.0003419615615510803, 0.0007771218199011359, 0.0011718085514210736, 0.008363424287493166, -0.00047503647481786533, 0.0007124782786819617, -0.001934899499977097, 0.7
36, 2, 1, 0.027046199909615536, 0.4250545874273248, 0.5478987937850205, 4.188780392169433e-07, -0.4820990396385431, -0.31751477531861794, 0.44164858871040086, 0.5301599275429203, 0.07691605962040826, 0.1270605817345322, -0.06830682650337469, -0.1760029892611792, -0.3522971838443862, 0.3695340646371223, -0.026454109442371487, 0.00024242598206589082, 0.0005534680479630821, -0.0010532385722484407, 0.010485946196837775, -0.0005624148285935303, -0.000458508156621485, -3.0336843428465384e-05, 0.7
37, 2, 1, 0.010994172975017763, 0.4252004337484705, 0.5638049695656807, 4.2371083099798536e-07, -0.40278674493281497, -0.3122497562349181, 0.4468690312861991, 0.6530731540029793, 0.007903146261224481, 0.06443322249982822, -0.3612691402309117, -0.26262436286312674, -0.16817606893041165, 0.17782943537058862, -0.025448955412233763, -0.0004276079240281796, -0.0010395977266625838, -0.00011892960262819568, 0.009762939365888432, -0.002029215801454016, 0.001220907618328702, -0.0012917829704771281, 0.7
38, 2, 1, 0.010700765435140184, 0.4232758625203104, 0.5660226573962078, 7.146483416673326e-07, -0.26217101436319135, -0.23891016901420378, 0.38423067768839697, 0.48870137359007304, 0.1106124861840904, 0.06700078873877664, -0.15647599519380945, -0.1732730863984552, -0.12318093633296974, 0.25047101240703107, -0.07273415872173547, 0.00013506002122690657, 0.00018435524929003548, -0.0007013406154934807, 0.01001371357582424, 0.00014557699020125112, 0.00016086479547402886, -0.0010719449110435611, 0.7
39, 2, 1, 0.010694434893029684, 0.423275489900046, 0.566029359195947, 7.160109774414234e-07, -0.3461324569039032, -0.4273221568044708, 0.24700825269112672, 0.6245210684103809, 0.18225129110062063, 0.04151365452118363, -0.17431432109121342, -0.3454496469188445, -0.09882576251779857, 0.32765450860090545, 0.010579985986043485, -0.00032671179758617103, 0.0012533857779646735, 0.00030366009381513386, 0.008520951390964714, -0.0019531122981019115, -0.0012234813818079995, 0.00012816438395792622, 0.7
40, 2, 1, 0.006537961244521705, 0.4233433223216243, 0.5701179449147162, 7.715191377821795e-07, -0.2733081360423657, -0.42484023884963734, 0.39525286045015073, 0.8032582368149569, 0.1757626673620173, 0.03974345163097585, -0.18441487964291475, -0.20418097762232285, -0.22233098984550118, 0.23258381068187667, 0.012245374317445669, -0.00017960257614849345, 0.0008329217580261333, -0.0004321574880085641, 0.011210235404353886, 8.29224819725294e-06, 0.00023880952816371115, -0.0009189394200225822, 0.7
41, 2, 1, 0.0007353440871501918, 0.4234197680073845, 0.5758440804514992, 8.074539661322337e-07, -0.3106840779785398, -0.3594100846876039, 0.4309118596467517, 0.7054652615164615, 0.10171594408345437, 0.26104566632131176, -0.20027760276346385, -0.05100403758606309, -0.10322714665486121, 0.280271327441784, 0.05602202190970116, -0.00047410848892432116, -0.0021342443161125324, -0.0002295453007876225, 0.010976754510451815, -0.00016382977104824635, 0.0005892297431644326, -3.73398473529139e-05, 0.7
42, 2, 1, 0.0007233527885284397, 0.4234199652748461, 0.5758558753564963, 8.065801291126066e-07, -0.25033465793467446, -0.29967567760565345, 0.47132056834745056, 0.6232264801016865, 0.2572780617686493, -0.15171202632630493, -0.11492010664255732, -0.04947912788485065, -0.26220959297550805, 0.16222447314638214, 0.06379190482363249, 0.0006915464858172488, -0.0004113837199618923, -0.0018873114706890865, 0.010636895569759447, 0.0005381702780361947, -0.00040056375675409834, 0.00021793084485844711, 0.7
43, 2, 1, 0.0017407172105625142, 0.42048540287496483, 0.5776593842967573, 0.00011449561771533809, -0.5166744481307337, -0.4453230806102436, 0.20487815236939264, 0.5739643763133209, 0.07735754327118921, 0.33497792190524106, -0.10311981552423818, -0.01166309634953704, -0.04690715485121424, 0.185820088830601, -0.06767182478336334, 0.00036514429702743203, 0.0020003552060948618, -0.0012862301236634005, 0.008701144761995697, 0.000561082473856359, 0.0013444027024289652, 0.0002185499833638396, 0.7
44, 2, 1, 0.0012759562469428739, 0.4204934686977334, 0.5781161401867811, 0.00011443486854257716, -0.23361752071095582, -0.5020919868870554, 0.5355082280679405, 0.8592440423376269, 0.125958191679773, 0.224440274565434, -0.08185351856259096, -0.029688293772634287, -0.18006630673322313, 0.2599153569242749, 0.13280145237155458, -0.0010862270287215095, -0.00010354872304536901, 0.0002517214286244912, 0.011693279586141796, 0.0005801270251096128, 0.00038697280790871597, -7.311147072904453e-05, 0.7
45, 2, 1, 0.0012283449583134036, 0.42049427143415585, 0.5781629840442091, 0.00011439956332170482, -0.48425151650988535, -0.2844835642031115, 0.3852325417608963, 0.7345863484245008, 0.25972873119077194, 0.15451258635486115, -0.2533191584738527, -0.23884626296985764, -0.2837930268115497, 0.21612039878858927, -0.040980610429568756, 0.000197571254736517, -0.0013868591851636833, -0.000964131261138027, 0.012570828630772957, -0.000395521651121475, 0.0015997838571135139, 0.00024453279509821784, 0.7
46, 2, 1, 0.0004215449108958333, 0.420509879790989, 0.578954040282856, 0.00011453501525915165, -0.40119669399842994, -0.3050872336676612, 0.3267221838317269, 0.5201071494578018, 0.07023984502070808, 0.10566356443682356, -0.24117556536243442, -0.21883758694787683, -0.13745205038475414, 0.16950703602207917, -0.027642138418237018, -0.0007752768038041068, -0.00014334160935915025, 0.001182595235688785, 0.010483971849638578, 0.0007006137580920207, -0.00012582664144305183, 0.00029664268010977694, 0.7
47, 2, 1, 0.0004014407490320781, 0.42050953985089085, 0.5789744941787707, 0.00011452522130652293, -0.4499050513393141, -0.3115219414192274, 0.4674911710839414, 0.6331443219925224, 0.1503596444197172, -0.16264675567720147, -0.050766437950937396, -0.1788767707610674, -0.21164467998108827, 0.06808123468834981, 0.1662776718381211, -0.0018237055813615593, 0.0003350697424634809, -0.00038199407208927615, 0.00888588833151331, 0.0007122487926035912, 8.520656028644513e-05, 0.0006777836930730568, 0.7
48, 2, 1, 0.00040187421325992657, 0.4205086352619628, 0.578974986628291, 0.00011450389648622702, -0.5369019324762793, -0.353457410572486, 0.47980013162003576, 0.6535117352634423, 0.2916769071357602, 0.23155092437540983, 0.10873872692105255, -0.199802130249027, -0.23188491197023148, 0.3768951461440512, 0.18289200982412618, 0.0008516373196751357, -0.0011159164002370796, -0.0009630028011643794, 0.009526302412443989, 0.0005070280634313902, 0.0008573700445648041, 0.0010055571462501797, 0.7
49, 2, 1, 0.0003972320536750994, 0.42050889130244196, 0.5789794204939362, 0.00011445614994659681, -0.17216796995828731, -0.3294669610570037, 0.28553178902553206, 0.7041957752452978, 0.1907044102248448, 0.1616894239110911, -0.004022884967650575, -0.14284777926415773, -0.2621979498795049, 0.14128806504311445, 0.18374397323726524, -0.0017677219425561944, 0.0016510274717341377, -0.00046774660043795186, 0.009513996032745001, 0.0015934969734000648, -0.0016978237388958362, -2.8182966809660473e-05, 0.7
50, 2, 1, 0.0003970891296148059, 0.42050880821259473, 0.5789796451910426, 0.0001144574667479146, -0.2510657980976384, -0.13540189341673678, 0.24596887381741156, 0.6806515165801412, 0.17444504475482522, 0.2006153150893181, -0.10613420491473817, -0.12520098545765695, -0.3005969159491385, 0.20346255904533836, -0.25559465951185256, 0.002447209450709057, -0.0005684245793487823, 5.7949984506542286e-05, 0.008539314008380924, 0.0005004900060762628, 0.0015663782030581456, 0.0006690239896294211, 0.7
51, 2, 1, 0.0003660955557641258, 0.4205092266029742, 0.5790102207370147, 0.00011445710424709276, -0.25681083919932135, -0.3157520391604477, 0.4294112214833935, 0.6930733340997062, 0.1200942601390258, 0.10209774552459601, -0.19836964947156696, -0.1977085741868584, -0.2160862181723356, 0.3245146796723424, -0.04090338249880489, -0.0005872960635813655, 0.000681092542452321, -0.0004449738125343549, 0.00883093127920555, 0.0022159884615926056, 0.0001517229948406026, 0.0006296876749527304, 0.7
52, 2, 1, 0.0006670640929421611, 0.41990701416195003, 0.5793114489476375, 0.00011447279747030672, -0.22407814184353855, -0.22292939176663773, 0.40043560282866464, 0.8966675126462048, 0.030353060382947116, 0.02094459449648738, -0.17120217106170316, -0.2625720528498727, -0.1263120676081048, 0.20124767088700427, -0.03581016814861199, -0.0009814052618581427, 0.0005368029689590872, -0.0013399012985111714, 0.009589969768051144, 7.871432608522858e-05, 0.0006090340274967021, 0.00025099349692706924, 0.7
53, 2, 1, 0.3169344068755116, 0.09749858107181607, 0.5853000775858963, 0.0002669344667760752, -0.2572949013908097, -0.16390164963151654, 0.4073914107672619, 0.6904195357946834, 0.12072118872481727, 0.1036560170155701, 0.13946211262980762, -0.03839756220162409, 0.043813233513855666, 0.048071400408370456, -0.015179587878837419, 0.0006750044309170795, -0.00106230968776567, 0.0006390422961744084, 0.010300493933688317, -0.0010470486820950875, -0.000572433175018425, -0.0001286227325724785, 0.7
54, 2, 1, 0.31660407785690875, 0.09750558006920132, 0.5856227300092494, 0.0002676120646404927, -0.32073004665214805, -0.2835352697699457, 0.1298285681940388, 0.6414487096613044, 0.13735792317499662, 0.0623950905789421, -0.1369672769288926, -0.05906512401811511, -0.19580324691667056, 0.31218383410289186, 0.06977036592243799, 0.0014140620249694722, 0.0003536623169685911, -0.0004097747933278463, 0.009421059796826, -0.0011754227917425124, -0.00015612867483954645, -0.0008193530843168548, 0.7
55, 2, 1, 0.1848768564282575, 0.10202056701462311, 0.71243963757643, 0.0006629389806894621, -0.14787258858133115, -0.38243633047305303, 0.3279505509050271, 0.6677069959310251, -0.0656676381927473, 0.07170572515329635, -0.07565340214951066, -0.10399721860805249, -0.09217378771381998, 0.06956519669279675, 0.14595065930728707, 0.0005532943450270976, 0.000584812988035328, 0.0010345931610880462, 0.01074841688334871, 8.977522089470853e-05, 0.0009137788043720854, -4.8852118322238765e-05, 0.7
56, 2, 1, 0.002016193552134545, 0.10486590441595735, 0.8924370652794653, 0.0006808367524427211, -0.24263403923393673, -0.24029441396635093, 0.3035309722752461, 0.884815855991909, 0.01430917001174784, 0.13820951735830103, -0.2981969211037416, -0.12701789128987762, -0.1388343896170382, 0.08903822871993036, 0.08833751938293558, 0.00011225627516704242, 0.0006651120071048872, 0.00023513538675474518, 0.009737243922524065, -0.001065640360333912, -4.3040683420184134e-05, 0.001613347538466538, 0.7
57, 2, 1, 0.0018225085856743766, 0.10487008116335525, 0.8926265698699956, 0.00068084038097482, -0.29763263898771275, -0.3282469329494037, 0.3720749382192693, 0.6325800423463838, 0.09389313502723637, -0.020690475744992942, -0.16486429993861945, -0.3326330514693304, -0.21705814104082094, 0.07159663913826088, -0.013065886569794075, 0.0006634675449309061, -0.0014615678487646733, 0.0020484525603466745, 0.00842417948764598, 0.00059399036556526, 0.0004941307583204991, 0.000582941434717249, 0.7
58, 2, 1, 0.002706760012215917, 0.10352591119905216, 0.8930776540708721, 0.0006896747178598643, -0.2729437145351733, -0.167149744047497, 0.2135154593677663, 0.6678297298346274, 0.11987605360758971, 0.05466746893457177, -0.1310453816140332, -0.1860967879006256, -0.11796282609924695, 0.16832549485382992, -0.05278523881370008, 0.0005288459104359333, 0.0022623954349718996, 0.0014851562022112495, 0.010840771455076224, 0.00037718148005301, -0.0002813651307103463, -0.0016696977693963898, 0.7
59, 2, 1, 0.0021630334087007577, 0.10351655281802159, 0.8936303686591942, 0.0006900451140834993, -0.10401021806984294, -0.10202023686599518, 0.29452650142306513, 0.8230067660614058, 0.0652183048334749, 0.10504180660650278, -0.07962647439637563, -0.16679209748744067, -0.14164657788566776, 0.2270562187498836, 0.18008068284039955, 0.00023274555063377563, -0.0006918158686210685, 0.000599605105584882, 0.010733177520314888, -0.0007835634188367921, 0.0014805235879392594, 0.00024572111254016714, 0.7
60, 2, 1, 0.0006326439215869514, 0.10355111181171565, 0.8951262077503027, 0.0006900365163947266, -0.2034702500255506, -0.36468521840698526, 0.4015635007002823, 0.7310246879935899, 0.1546521633689262, 0.20502228281431623, -0.15536475909962547, -0.16759421685081768, -0.32114723390062255, 0.1333007000006869, 0.07014942883110908, -0.0006494906805841587, -0.00042182818099175583, 0.0010475618109550687, 0.008793716345126176, -0.0006765301923368882, 0.0020198870334567115, -0.0015253693120122179, 0.7
61, 2, 1, 0.0007582376518573274, 0.10340774441172887, 0.8951439952508241, 0.0006900226855896778, -0.21061062433623187, -0.3792944716877814, 0.3086109582426234, 0.6634818475980515, -0.005126546870458393, 0.1551009958898089, 0.0412864810456679, -0.047363354313121796, -0.28867926183567477, 0.2099702780471239, -0.11675259662634174, -0.00043665449891669135, 0.0013190316095079361, 0.0007446836446771152, 0.009274283870209073, 0.000515849580037504, 0.0008299128849217046, -0.00014055212607231793, 0.7
62, 2, 1, 0.0007508243071564307, 0.10340773142145115, 0.8951513050502355, 0.0006901392211569273, -0.08610586299464704, -0.2602624921794276, 0.22590881260100676, 0.8174465830266098, 0.17389906156833707, 0.08555636388451857, -0.22360211154515147, -0.12646358433258725, -0.11626985936216434, -0.010865821540167908, -0.09040186783477518, 0.0004931889820391178, -0.0006057061996490397, -0.001161323905970462, 0.008972353150033262, -0.0008945126547216899, -0.001695064967008858, 0.0010202082458841604, 0.7
63, 2, 1, 6.480097725445488e-06, 0.10341531959434225, 0.8958880365581424, 0.0006901637497897698, -0.2405325812633902, -0.23873939693129748, 0.36206033724235, 0.7964597651857485, -0.05488926106874259, 0.15089517268735178, -0.24180670792944, -0.0038677124536305786, -0.02912316504074275, 0.11009285810338298, 0.2088888253029947, -0.0008699389329811464, -0.00025206141781194545, -0.00039557022969153156, 0.010851550659441581, -0.0009588706173965754, -0.0014250183611374907, 0.0001107747169745141, 0.7
64, 2, 1, 4.272092952146147e-05, 0.10336952582635561, 0.8958975120078627, 0.0006902412362602914, -0.13512017213672095, -0.43655257691921284, 0.10542248543871133, 0.5105850721390403, 0.1040922707233164, -0.0031667326719933666, -0.09659589959641288, -0.19015245169870815, -0.06085408311128441, 0.38346748634104566, -0.008967385643843051, 0.0001598338371917878, -0.0014936521783177274, 0.0005479170860885908, 0.009001088544928978, 0.0019225540915331972, -0.0016581849777502736, 0.00022199330472189613, 0.7
65, 2, 1, 0.004649754119399793, 0.09760296362175354, 0.8970083856553063, 0.000738896603540486, -0.159290560213474, -0.06371525462260534, 0.15579551490941687, 0.815145389793072, -0.1204385846803099, 0.1371651064853428, -0.16999902420734492, 0.08369963535689096, -0.05092425501979638, 0.1718922823748461, -0.10607959876931779, 0.0010619538956580165, 0.0007437100632213366, 3.7411858907063655e-05, 0.009440144183022617, 0.00170381134748866, 0.0005349289399881089, -0.00027621477603689566, 0.7
66, 2, 1, 7.846582502581954e-05, 0.09767585598995197, 0.9015042830064345, 0.0007413951785876929, -0.18793907593212783, -0.2518530515842118, 0.24169836873297657, 0.6792524038142755, 0.07692733658492641, 0.21740651030492933, -0.2549947993424527, 0.007533383950670047, -0.07995608834236032, 0.0889055188124369, 0.17304392588881304, -0.000543840900292524, -0.0005236903129723809, 0.0006333486465339257, 0.009470515333874805, 0.0008230904301197537, 0.000460108343092066, 0.0011412876067201639, 0.7
67, 2, 1, 7.640320757760599e-05, 0.09767541207712248, 0.9015070139319196, 0.0007411707833804492, -0.2730049162858683, -0.17841805529550203, 0.4698041401369709, 0.6957105535542267, 0.14739922070930228, -0.17042506614349945, -0.11121150939304476, -0.07711259743987589, -0.1972957178121415, 0.00538318010348191, 0.06460696280191612, 0.0003918394083950864, -0.0006853176908789975, 0.0010294091316805744, 0.010795499632295258, 0.0005145397458120912, -0.0006233685220418035, -0.0006542411860569525, 0.7
68, 2, 0, 0.588314700997923, 0.0964438164233558, 0.04067290993365436, 0.27456857264506696, -0.2151151364299447, -0.11191924999438456, -0.015267075771225214, 0.7443568047140846, 0.08142289431645505, 0.17655992348845811, -0.04933491296854209, -0.1516734467347443, 0.11605048668917375, 0.06911889448187832, 0.0489124773351836, -8.195811917153548e-05, 0.0012593838216816784, 0.0009776912781660372, 0.009077248052690905, 0.0008837216449549453, -0.0008752504337343519, -0.00020492823701012412, 0.7
69, 2, 1, 0.0006654037772846324, 0.18167386748279638, 0.5335804271796479, 0.2840803015602712, -0.19195752800193455, -0.19066609501437726, 0.21481804619183476, 0.6985083339852726, 0.10921974497040363, 0.11145522108049666, -0.12511373232579048, -0.11353140707321822, 0.0516680797643474, 0.1313891444728488, 0.08683101506175749, 0.04255761810907596, 0.15049905674483036, -0.1240517514778918, -0.06920077820430175, -0.1786928234335728, 0.1351416190827523, 0.15692274185619443, 0.7
70, 2, 1, 0.003250403773732238, 0.18244051618766807, 0.5682355172416137, 0.24607356279698608, -0.14853473208777287, -0.26987879535667314, 0.38354066789406555, 0.6113650948787552, 0.21454947002616853, 0.17470282018617772, -0.22422275842719336, 0.05218566825231145, -0.011384007114950866, 0.09656767943063063, -0.11516947721191577, -0.0003905143757465679, -0.0007403248350553507, -0.0010060034746760902, 0.011303157903224064, 0.000492336341929212, -0.0006460180073663035, -0.0016684032935299878, 0.7
71, 2, 1, 0.003234244159914228, 0.18244089815532497, 0.5682493809125341, 0.24607547677222683, -0.08995369488841734, -0.2195881263757477, 0.039928713211054026, 0.5669639570171287, 0.12454806065612548, 0.19300837222462067, -0.24394040698705285, 0.0188069556248192, -0.1610604554082204, 0.0493337560075483, -0.19642805103491173, 0.0019860612135005505, 0.0004995533330020092, -0.0009513105843133038, 0.008922468166215072, 0.001954115971977021, -0.0013835314797353906, 0.0020638358211189376, 0.7
72, 2, 1, 0.003044333805817847, 0.18245686745697204, 0.5684123076238383, 0.24608649111337177, -0.17015389279364218, -0.18712469572938345, 0.17111563307027033, 0.6860979933074443, 0.15143301899753675, 0.07022732759181986, -0.056387577719144974, -0.09606929840080622, -0.15486271440545657, 0.07741486196734029, 0.1759096121823731, 0.0011096341707079608, -0.00021770345495898498, -0.0003599975181148407, 0.010937529581770638, -0.00010800694026280737, 0.0010347543842846503, 0.001636211376196444, 0.7
73, 2, 1, 0.017976849690966232, 0.17418220172643734, 0.5603603572001274, 0.247480591382469, -0.05906375408955222, -0.1476149381954655, 0.053622436504109874, 0.5732740911713878, 0.14728888705316154, 0.09660032263353611, 0.011581398106166119, -0.0007127714524798434, -0.11085121474316266, 0.15408027883690792, -0.0395419080755444, -7.79551943939851e-05, 0.0006406406195899471, -0.0013995461659085345, 0.009239669561274266, -0.0009820358958997075, -0.0008067359874766051, 0.0013436536964411302, 0.7
74, 2, 1, 0.017282729514671063, 0.17418291875870381, 0.5610538503003637, 0.24748050142626152, -0.10128853725217665, -0.13485162886267293, 0.23497353381204475, 0.7300145284209683, 0.11605207683799579, 0.18452880806879468, -0.15934302929443694, 0.13325641942911753, -0.2811185539603399, 0.21789982676983022, 0.005242014422488506, 0.0005796898809394514, -0.0003554964406503775, -0.0013680873007619995, 0.009646524128333483, 0.0008487326939847892, 0.000640609866695781, 0.002316511931145785, 0.7
75, 2, 1, 0.0170564786542912, 0.17418776586800275, 0.5612761620098655, 0.24747959346784063, -0.006798872608756867, -0.1409596347295409, 0.1193398262541463, 0.8534493270189966, 0.2591330554754158, 0.08353405011492335, -0.2351086573128404, -0.00123245605614003, 0.004021977645504449, 0.1131621358242588, 0.09887600636306007, -0.0023243374115853943, -4.377428227538768e-05, 0.0006267795514213846, 0.009279716930956913, -0.0015323730589075289, 0.0019573063800220926, -0.0002939282467174383, 0.7
76, 2, 1, 0.005922816404487338, 0.17466694291710474, 0.5711318616601233, 0.2482783790182847, -0.1960589231927431, -0.15022575934889834, 0.10372044931807307, 0.5941678014723232, 0.07748425547520185, 0.11372789446201134, -0.22731737667127935, -0.13655391632094754, -0.060346912315857336, -0.06302416400282809, 0.06257989148304202, -0.00014285099293107512, -0.0005929025047490564, -0.0011517409256550125, 0.009740931637448913, -0.0005876035311996851, 0.001111591500276359, -0.00256467269156504, 0.7
77, 2, 1, 0.0060025543719404864, 0.1741003995055979, 0.5715971366100683, 0.24829990951239336, -0.17383759724062273, -0.04393417248389218, 0.2130723849418104, 0.6443595841725168, 0.16331056230511953, 0.19107821345435688, -0.07881569891729583, -0.07556100592380205, -0.04742166218824455, 0.17802600530798046, -0.018868060788203106, 0.0003827673228268594, -0.0011171917178155386, 0.00044324233671428, 0.00965909017824403, -0.0007160354301879293, 8.845705003895549e-05, -0.0005244937216294189, 0.7
78, 2, 1, 0.009053104434318683, 0.17038729711590436, 0.5720745802742133, 0.24848501817556368, 0.021449703626065707, -0.10240580446450584, 0.21626358178090258, 0.9090902381915147, 0.06102686464625273, 0.27677023843926174, 0.07284780772508567, -0.06643707104966559, 0.018962562837527275, 0.24613759322388673, -0.11276697347367422, 0.0016347850417841024, -0.001719634947859569, 0.0011096124488658447, 0.009379381563259973, 0.0010166058913954087, -0.000103738795624657, 0.000605818843167403, 0.7
79, 2, 1, 0.009045295591444711, 0.17038803846125544, 0.5720973067115063, 0.24846935923579366, -0.2886988164933869, -0.2674516071950339, 0.29159430688890975, 0.9048799672743799, 0.19140242394848095, 0.06873848584177786, -0.24232231382345676, -0.2732444014321019, 0.06783759787461786, 0.08909888641438903, -0.13580735209722677, 0.00117120218385621, -0.0003161292475644281, -0.0008031147918657041, 0.010504785926846718, -0.0018201288660230793, -0.0002652094646079627, -5.8467568350837226e-05, 0.7
80, 2, 1, 0.0002802774281702182, 0.1706068653103495, 0.5806263615424121, 0.2484864957190681, 0.007785172288335596, -0.10465418389595779, 0.23407970739399858, 0.6774010304621274, -0.02222015690157313, 0.23114486393846603, -0.24808510696114353, -0.00035073050722846946, -0.08911352609958975, -0.033725716346893676, 0.08629951096008034, -0.00024125251659088057, -0.00012227619059106663, -0.00034548825270605305, 0.010745976204384614, -0.0017598511028560468, -0.0013382879602131708, -0.0010909187681588215, 0.7
81, 2, 1, 0.00018889063726464542, 0.1706097510567399, 0.5807132320507521, 0.24848812625524339, -0.2727575267849868, -0.3129852051619862, 0.13729821156584127, 0.9098944442854879, 0.09837763925660373, 0.15840267510136444, -0.21396555638497725, -0.19124983723007624, 0.06255016996110827, -0.03887651334598287, 0.24075558983419704, -0.0006306478456311771, -0.0007013564762084446, 0.0020267731664216355, 0.01048177432236987, 0.0012678455087186415, -0.0017879707146073102, 0.00023357045923589785, 0.7
82, 2, 1, 0.0036533412529509055, 0.16645365515801022, 0.581393295747443, 0.24849970784159583, -0.1898840409039839, -0.07032282678007559, 0.14343320807060592, 0.621337758180422, 0.05631315778575395, 0.038790406797117115, -0.11503662869399092, -0.02384870556519485, -0.17956285547304524, 0.242491915361244, -0.11311559443652311, 0.001098049997377085, -0.002119247979268247, 0.000285608420582703, 0.010760498424920332, -0.0011214049263743437, 0.00023264426491053327, 0.0018820557658753047, 0.7
83, 2, 1, 0.003421184513927028, 0.16568801275317654, 0.5818302782339052, 0.24906052449899133, -0.12979183452900633, -0.15248261418158068, 0.03816981485139372, 0.7876857523336998, -0.02665099161071922, 0.2627877110599579, -0.16926805650568646, -0.007428615182184639, -0.04118606310148259, 0.05030496579753815, -0.13270914645465764, 0.0010048469573845187, -0.0006802265736881013, -0.0017562775088152082, 0.011017025192168618, -0.00014191168488899474, -0.0001440502854927426, 4.335068748042751e-05, 0.7
84, 2, 1, 0.0033741435334001635, 0.1656795411004142, 0.581804457115442, 0.2491418582507435, -0.27184328038635924, 0.0008921286587061594, -0.08926792146377627, 0.8092628923914683, -0.10660012239721502, 0.19015487450896731, -0.14887909097211233, 0.004570979632796146, -0.13573129474483397, 0.04478420753388277, -0.10125629845542128, 0.0004982910917227105, 0.0002360608756227526, 0.0002010170331906898, 0.008636406025823863, -1.932837683721203e-05, -0.0007224618383301294, 0.0009434995742254434, 0.7
85, 2, 1, 0.0032491773049367267, 0.1656835598028846, 0.5819235186187925, 0.24914374427338618, -0.07865521158444753, -0.1677740695771491, 0.10655646912947636, 0.5703168009795376, -0.10607064517663348, 0.18686439447289743, -0.3045191245927067, 0.09797296045064219, 0.005936807899070129, -0.05763651449726258, -0.08355148271448637, -0.00118775592708296, 0.0011055376889354943, 2.016493849676778e-05, 0.009658857756514108, -0.001290762548376151, -0.0005323026607168649, -0.0017362700046320266, 0.7
86, 2, 1, 0.003173132011212643, 0.16568541891274313, 0.5819701039417797, 0.24917134513426453, -0.10131755552881423, -0.18828395522896646, -0.06655068797447765, 0.6179336058969371, 0.029214752019550927, 0.06226289519567161, -0.23065841193676243, -0.13911560304685333, 0.03605537943786752, 0.003278467885926661, 0.08784364186256875, -0.0008938422579285142, -0.001462429764113571, 0.0003992000266733344, 0.00926580303439861, -0.00015735391970252575, -0.001202353161959413, -0.00037208241437456746, 0.7
87, 2, 1, 0.001721673392530655, 0.16576122567375454, 0.5829129353063299, 0.24960416562738486, -0.1226414083118951, -0.19118253712031935, -0.09623894943529562, 0.7291851256967482, -0.05333715798052485, 0.11616011787962596, -0.18498813865699432, -0.18286982789577041, -0.10228712866579404, -0.0511074469017456, 0.15610889949588708, 0.0013749707725418104, -0.0010735869638166425, 0.00042652510407371603, 0.008713201918212416, 0.000657570114299314, 0.0010111710078891999, -0.0007218941209698666, 0.7
88, 2, 1, 0.0017224980691645107, 0.16576126783440165, 0.5829126564949686, 0.24960357760146526, 0.01620789980071652, -0.03863954328218053, 0.17830885491440315, 0.7633643410968969, 0.35252640555376025, 0.0680378927286636, -0.08634362137119103, -0.1472942603478195, 0.025697186217375108, -0.20496787805086186, 0.0550380736426755, -0.0004291557730074846, 0.000303643942275997, -0.0014751702677597409, 0.010800515905752279, 2.929945548998003e-05, 0.0011364491494235325, -0.0006890212051784575, 0.7
89, 2, 1, 0.0037070740784562136, 0.16578909284634058, 0.5793603002093886, 0.2511435328658146, -0.10145521501732047, -0.1494692172911532, 0.039472622757335554, 0.6590613913528987, 0.1891211888064813, 0.06862765780318214, 0.061275227372914555, -0.11373349483401744, -0.1107527597210336, 0.018595325005795787, -0.1100045024850849, 0.0019229422177598214, -0.000838238998556906, -0.0021662021254200137, 0.011198725637594909, -3.489782259092929e-05, -0.00027469504108014014, 0.0006671162247144617, 0.7
90, 2, 1, 0.0015357482936500385, 0.1658644975484102, 0.581018431358147, 0.25158132279979273, -0.03866640105051326, 0.08744851172731508, 0.083274613901717, 0.611318092418619, 0.09183306482319717, 0.29372410024348294, -0.18442770073844908, -0.08146395144295782, 0.05847191889466037, 0.09257199613035029, 0.03084803607169148, 0.0014820287438711663, 0.0009732352484798862, 7.424456381589813e-05, 0.010161437461759888, -0.0014204529133870767, 0.0008138432859730374, 0.0007769118037790899, 0.7
91, 2, 1, 0.0010164141039687435, 0.16587831855505006, 0.5815467265251195, 0.25155854081586165, -0.24535707082879094, -0.2756051981534218, 0.19107674362630003, 0.6276861688968194, -0.03704426081759489, 0.045315460661045484, -0.20835122342648385, -0.07597936531701219, 0.07299998094602926, 0.019453448654703498, 0.14142571930031217, 0.001030383392417864, 0.00035035017514660466, -0.0015022268771806434, 0.011283868740074804, 0.0004739997223571541, -0.0006129942017133822, 0.0018269898770723147, 0.7
92, 2, 1, 0.014074986976667616, 0.1606411157028281, 0.5731808258284211, 0.25210307149208316, 0.04479610115246402, -0.02164115316337048, 0.15904226853311917, 0.898254475310069, 0.16650238674801787, 0.20470284276388256, -0.07630568575467236, -0.07982510958776563, -0.13952875557760622, 0.02940800205910037, 0.030651698839942076, -0.001775236748858137, 0.0008882249687491553, 0.0008527032901151945, 0.010951902117658459, 0.00012465626783232984, 0.0006212902819661239, -0.00039881766773616794, 0.7
93, 2, 1, 0.014069662987374349, 0.1606413434295087, 0.5731864436480971, 0.25210254993501974, 0.055861244859321424, -0.16926804784106605, 0.16742303279160456, 0.7750579353984326, 0.28818216209864944, 0.1370863727144892, -0.13691791241279275, -0.07462433967013944, -0.1601651055544422, 0.25708839678111756, -0.052687268864391235, 0.0008550791045715577, -0.0011684386232521883, 0.0009969362931110258, 0.00968913152547667, -0.0013569386188224573, 0.0023219677993317495, 0.00026168159698486485, 0.7
94, 2, 1, 0.04412671826817428, 0.16142660484099797, 0.42199089380637345, 0.3724557830844544, -0.15553596547697848, -0.19152841826250389, -0.03522227256948596, 0.7072851378965768, 0.13458453474148463, 0.20778152042035827, -0.027227212953017256, -0.030834487538069926, 0.08289199263355189, 0.02584179416947327, -0.08560978433114991, -4.514542344645308e-05, -0.00015459250840606096, -0.00043857187475537866, 0.008578273620344943, 6.462894983853644e-05, 0.001943837223913621, 0.0013311749202030692, 0.7
95, 2, 1, 0.044595658148561944, 0.1609273805171385, 0.4220449826051923, 0.37243197872910716, 0.017681676670618048, -0.33406391951597547, 0.17537579924080898, 0.6542044985538538, 0.23157581207414327, 0.0754696089677801, 0.08775386138138237, 0.0026207862386281506, 0.15489464227569602, 0.18740619271211606, 0.03835215051907316, -0.0013352620343049593, 0.0007432883145890698, 0.0010929733103930597, 0.013318652317188494, -0.0003982716250525424, 0.0006525806893939577, -0.0007193970574849152, 0.7
96, 2, 1, 0.003218469138285705, 0.16345598352405188, 0.45102272337208454, 0.38230282396557785, 0.03371830852713846, -0.007879109021871434, 0.034930518637411964, 0.7133626460657013, 0.021800167303448727, 0.3604198628929627, -0.22924519454322198, -0.07100851381508118, 0.029634184166273503, 0.04993721992389159, 0.05586319095011334, -0.0008536316202543245, -0.00032497064762274997, 4.208346857787539e-05, 0.009938296014021943, -0.0004370269946096177, 0.0013864910537155742, -0.0008394647822871409, 0.7
97, 2, 1, 0.08189485944243155, 0.1649788191449917, 0.31644387422969067, 0.4366824471828861, -0.08513406450089843, 0.04494840767533437, 0.004952138137123746, 0.7228106988237596, 0.22479986243483943, 0.00395066518890097, 0.03180320978332749, 0.04829511292845072, -0.04849261496870705, 0.07313114052548374, -0.06100124280114318, 0.0002620666419878797, -0.00030370992855643724, 0.0005975900770329781, 0.010542679256459518, -0.0008675930422767198, -0.000787000970277317, -0.00016597821344733864, 0.7
98, 2, 1, 0.0805833882167031, 0.1650181327815609, 0.3167728535847237, 0.4376256254170124, -0.010524224829969318, -0.107109404990738, -0.1255416144386275, 0.8619373653899084, -0.10164964427960987, 0.1746118131707955, -0.18018149447549506, -0.04683983898542484, 0.0027532844982335073, -0.10479868150028862, 0.03547433832950113, 0.0022683789472741174, -0.0011330645237874728, -0.00032032404008445933, 0.0076933671809724475, -0.001339945529788653, 0.00032430475771898546, 0.0005335367956379098, 0.7
99, 2, 1, 0.08243500357387959, 0.1652959815715303, 0.3137201605525327, 0.4385488543020575, -0.07477209653910487, -0.05779379399331167, 0.011681505127820836, 0.40034090328972205, 0.18528189991150862, 0.16207368645237952, -0.1872370893335466, 0.026730488865143575, -0.054502934797773905, 0.16943642931214553, -0.03354588789568254, -0.00029391450919298947, -0.0004825886624666028, 0.0015270595680449551, 0.010255703267959479, 0.0018207239378625066, 0.001974239924213469, 0.0019989229300391245, 0.7
