t, Event, Policy, P(still), P(random), P(reach), P(transport), o(t), s_a 
0, 2, 0, 0.9087563753128052, 0.01025452185422182, 0.08098887652158737, 2.775194332116371e-07, -0.5646510983359297, 0.6499632397105917, 0.5980378736751628, 0.3684777758570429, 0.15466355189910905, 0.18089540021635958, -0.12099481013562538, -0.27124307810173276, 0.35103598421001914, 0.36091449350466326, -0.03257850997899005, -0.09558925310251956, -0.03788763962747579, 0.06865923059876981, -0.007014319460650708, -0.04828748549599534, -0.09314579875241402, -0.0468846379952859, 0.5
1, 2, 0, 0.9086505857674866, 0.010256130347548962, 0.08109328385869176, 2.627277458570707e-11, -0.5678436507371404, 0.569921115854099, 0.6374778792265856, 0.49970616342936347, 0.10879798613250688, -0.1095817217824138, -0.124069769152271, -0.3578808971361818, 0.14293461834404192, 0.29867288544501414, 0.01317658183430325, -0.036123987916200695, 0.23146448399287817, 0.15968277560532734, 0.025230541522723905, -0.23057691511806055, 0.08195423015780036, -0.014095098651100282, 0.5
2, 2, 0, 0.908530385611624, 0.010262784711727996, 0.08120682967504154, 1.6064819694064088e-12, -0.5625064258042036, 0.562737172483709, 0.6328532183640074, 0.5000931000237018, 0.11124058128767744, -0.11084827285668797, -0.1262196635698366, -0.31907078914543796, 0.2711363126406905, 0.27802214394904173, 0.13392366820784188, 0.017360148727808486, -0.0659284215989877, 0.011404901041846523, 0.1465583143205798, 0.11439277842048116, -0.09532405516949137, 0.053485732663145644, 0.5
3, 2, 0, 0.9081353605179734, 0.010272399429871912, 0.0815922400041173, 4.803739367999007e-11, -0.5575988357706175, 0.558383369569661, 0.6252428910726754, 0.5008282255449105, 0.11275785564519099, -0.1104465129435814, -0.12559461817210232, -0.27212161454568223, 0.3407977363724323, 0.2546975572529938, 0.026967036165759517, 0.03817263746660156, -0.14309063700395921, -0.15448916360165876, 0.07576205576512662, 0.07667167637661346, 0.11319708780970432, 0.0009717689405951318, 0.5
4, 2, 1, 0.42050468802807806, 0.016234636216624836, 0.5632606746849551, 1.0703420515343058e-09, -0.552619568009673, 0.5512237327597621, 0.6171526044262652, 0.49936460132260685, 0.11147688626638319, -0.1097795535159588, -0.1257739213913726, -0.286551986789356, 0.316840608625577, 0.4076439696700388, 0.17172377411407516, -0.013253444785090654, -0.02344148046549404, -0.0816355565246337, -0.009959312099659685, -0.0784021409271135, -0.040436059149127415, 0.10703826187543389, 0.5
5, 2, 1, 0.42049018318676235, 0.01624288854276976, 0.5632669259376825, 2.332785341750281e-09, -0.6382480327374631, 0.3522483299404396, 0.582219228158319, 0.5441172357383663, 0.3047392965427294, 0.026126839666365177, -0.21558498575564755, -0.2760939889908523, 0.2628307303868985, 0.23194481883630277, -0.02796892858351165, -0.0014146628214026732, 0.0008949771161566637, -0.0013921340946175332, 0.04082709720612413, -0.00029031349445660337, 0.0020295458816693562, 0.0009315481511339436, 0.5
6, 2, 1, 0.42047879028937424, 0.016246366977223217, 0.563274840371104, 2.3622986473407165e-09, -0.5962534210539774, 0.5639818227885086, 0.651599101284532, 0.5724533700718863, -0.05632163216536508, -0.1346598533739689, -0.21566005379576234, -0.3896215229295954, 0.17496729757371057, 0.3171627963888689, 0.07606348720071032, -0.0005663562149220777, 4.089714728086403e-05, -0.0014613116272170368, 0.041806586224203905, -0.0008096061198328874, 0.000686864251857301, 0.0010630956472067932, 0.5
7, 2, 1, 0.4203424305825862, 0.016309102872461147, 0.5633484599745789, 6.5703738407573695e-09, -0.522433312670768, 0.338870229543961, 0.604867059220956, 0.5308703499080637, 0.19593806857754476, -0.05235147244589872, -0.20125412026601225, -0.30012398021070186, 0.2771576784675952, 0.21201780412846377, 0.027239497210527742, -0.0009350015896573456, 0.0015387495596535232, -0.0014015127132599552, 0.0406592453710973, 0.00045908471131835053, -2.9530524460627396e-05, -0.0005841979184642242, 0.5
8, 2, 1, 0.4198614692220616, 0.016674722165515785, 0.5634638019643883, 6.648034356244511e-09, -0.34074639574314886, 0.3702525325580802, 0.6966880598597556, 0.5235408710189038, 0.16081833737921916, -0.22461811444716379, -0.12035183387163448, -0.20176648046885903, 0.4620205666135848, 0.3647776644048835, -0.10017785518935625, 0.0003384086107422135, -0.0001443734790505117, -0.000663243625280625, 0.03906663939923156, 0.0004746150065417245, -0.002726678976809925, 7.307856182262401e-05, 0.5
9, 2, 1, 0.4180518590400771, 0.018203817830430544, 0.5637443164800283, 6.6494640883051935e-09, -0.5493734158148368, 0.5261554025704186, 0.7356871645983291, 0.5295341521244137, 0.12415876824555591, -0.022503895620768787, -0.04609215251313074, -0.5169396412763414, 0.3530756319135051, 0.4086072728046841, -0.10426422357915872, -0.0011508812577365037, 0.0001903071514717165, 0.002326392150497899, 0.0407021020234322, -0.00044830645718057, -0.00020908591588239713, -0.00049397592846579, 0.5
10, 2, 1, 0.418051760624903, 0.018203704800092157, 0.5637445279235264, 6.651478490291274e-09, -0.48760369172454804, 0.4858322170441972, 0.7345767691836123, 0.4608373173482937, 0.01710976109499566, -0.24679484420092046, -0.2591148997287194, -0.14338735680171802, 0.1982164794711751, 0.2939747246678129, 0.12467016375629544, -0.0007277961153196215, -0.0005674765601312257, 0.0007163267474866329, 0.039582593793608255, 0.0013266363942104715, -0.0014035429036521527, -0.0001762485769583883, 0.5
11, 2, 1, 0.4147999001055107, 0.019276530088940567, 0.5659235630777724, 6.72777636889626e-09, -0.574509139277354, 0.5729859022784367, 0.7656018708162584, 0.39774126621987776, 0.13056760741240242, -0.06780109639720298, -0.11824995469431214, -0.2628710907342493, 0.3563022891357578, 0.34743989135518427, 0.1987184099693747, 0.002341665399073465, -0.00022773805158832495, -0.00031043039083634456, 0.04012131516169047, 0.00044907055299774664, 0.0008517931572928799, 0.0017161779084631484, 0.5
12, 2, 1, 0.4147910900690993, 0.019245378287331305, 0.5659635166316058, 1.501196354798177e-08, -0.4387536349246323, 0.6033844974426075, 0.5603983645430543, 0.5477670163140785, -0.015009053338098256, -0.09331241317520025, -0.1684027752120511, -0.2960773650301406, 0.16807895249391308, 0.2328249816019849, 0.14517547420747523, 0.0006419686483784998, 0.0020938638474365615, 0.0015997259602493648, 0.039971547496903695, 0.0006417507396368461, -0.000910465421756791, -0.00031540272502312297, 0.5
13, 2, 1, 0.4147905700031072, 0.019245508559159543, 0.5659639063658248, 1.507190846822929e-08, -0.6283812617635448, 0.5447115091588776, 0.46505223500870424, 0.6095124624316366, 0.07676714705993228, -0.14780495682973943, -0.3183258758392392, -0.2883636027156444, 0.1724535132634168, 0.3608899874055109, 0.07620737466985417, -0.0012558638267844227, -0.0007259794269179948, -0.0010830931236318522, 0.04004523264513818, -0.0007126825506831309, 0.0005485191325246949, -0.001291985039061387, 0.5
14, 2, 1, 0.41478766352113333, 0.019247437860483725, 0.5659648832337983, 1.5384584635297056e-08, -0.5759676872918709, 0.49324156673439823, 0.5098049594053273, 0.4945532868610439, 0.015028040524730491, -0.2381753597090534, -0.023294975266926386, -0.24330396074877475, 0.287410164821518, 0.17156111037177238, 0.16828480273971191, 0.0015463710879886866, -0.0017187578412566587, 0.0005588626236231518, 0.03966375997225594, 0.000652819804302312, 0.0011150034267102282, -0.0005246236323560257, 0.5
15, 2, 1, 0.4141545576022404, 0.019806538400904423, 0.5660388860453891, 1.795146613677445e-08, -0.40763312374076144, 0.491755255558194, 0.602169249674539, 0.43805282120949085, -0.03383329912081021, -0.07455776291288604, 0.09953967660778358, -0.2477464106937639, 0.3387722487478867, 0.19280605782803312, 0.07759814896371835, 0.0013832711767921115, 0.0011131825623044793, 0.0006536689696371538, 0.039485861788269225, -0.0006124298746941695, -0.0005120918111948215, -0.0005782926127620285, 0.5
16, 2, 1, 0.4068963618377387, 0.02236689376624774, 0.570734827113623, 1.9172823906153594e-06, -0.36514664950517456, 0.603030098193577, 0.6536846571580128, 0.6006846387941958, 0.005064372288294883, 0.027506632170698576, -0.16657268691211236, -0.1604213946518988, 0.2230462084205816, 0.07286051508831862, 0.1330328152711919, -0.00045170954074288743, 0.0002542962555948213, 0.0008656299644631876, 0.040819055376570726, 0.00032893794612099, 0.0005917112992601451, -0.0014126585442817536, 0.5
17, 2, 1, 0.4192508655272587, 0.009415438335819946, 0.571327891961448, 5.804175473414369e-06, -0.379301539770189, 0.4527635051185454, 0.49273845297247404, 0.6394090497201723, -0.09292790209006267, 0.01893822187764027, -0.12423555077609572, -0.3143934323844836, 0.1877667555052607, 0.29337746935142767, -0.1615262185782423, -0.00021713703886010123, 0.0011958060492201856, 0.0006164520597178554, 0.040169706287130146, 0.0012115137560573161, -0.00127540165615796, 0.0007990759540883903, 0.5
18, 2, 1, 0.4128519262047555, 0.014010713824261901, 0.573128135677158, 9.224293824626818e-06, -0.4023392726386775, 0.4230514056950213, 0.5371914741600644, 0.6270665838795604, 0.11214588398014605, -0.0622750062317949, -0.04436543857689852, -0.32014680690693254, 0.21368989155273566, 0.007372323144133918, 0.04011617253368731, 0.00031896937111391467, -3.870793156778872e-05, 0.0005752972471980461, 0.04006248266446896, 0.00042621584955813887, 0.0005856279756338104, -0.0005339392832328054, 0.5
19, 2, 1, 0.4128329382379678, 0.014021562477959324, 0.5731362736475919, 9.225636480960067e-06, -0.6029322916278227, 0.6329428134099416, 0.6113310004343628, 0.39106630394609204, 0.13967817787632328, -0.19064917861231315, -0.030945040233300802, -0.1779083214502561, 0.13290228606074034, 0.26973149263871277, 0.23386561563892944, -0.0002731152493299342, 0.0012801856587254974, -0.00011752576085012143, 0.04177599546213594, 0.00011403725265554737, -0.0012446574946034692, 0.0018856974541340687, 0.5
20, 2, 1, 0.4128166320531572, 0.014014002740264512, 0.5731592133938259, 1.0151812752434825e-05, -0.3244498620993661, 0.45068667817678215, 0.3929527862066952, 0.5302749792278773, 0.16379453070453157, -0.10215221554881442, -0.0978885557673788, -0.2505387964748529, 0.020146400000918385, 0.15431616856547314, 0.11008917760087385, -0.0006946250963425743, 0.0019518846836560546, -0.0004734854092662895, 0.04055109992490958, 0.00017985153804372993, 0.0011536893336743723, 0.0003680132228719035, 0.5
21, 2, 1, 0.41271905901161676, 0.014105897406608267, 0.573164870099761, 1.0173482013931995e-05, -0.5265758497521728, 0.5624677269081874, 0.5551284763049669, 0.5367613881441736, 0.04568981787456672, -0.04110985963302821, 0.1544950309704459, -0.1619558234594419, 0.09643188597147363, 0.2665964618262018, 0.001786776263555423, -6.29897085402145e-05, -0.001183971977998566, 9.670534030568476e-05, 0.04026558193515626, 0.00032817683141949446, 0.000466162382323752, 0.000333999775922923, 0.5
22, 2, 1, 0.41270987944754156, 0.01410921472957658, 0.5731707087422087, 1.019708067321558e-05, -0.47876434532323114, 0.5003770004113205, 0.3356359274351421, 0.5400584814861676, 0.24968412548625932, 0.02353280664174806, -0.26248981150330125, -0.19746826301314804, 0.09123356440285306, 0.376065982313079, 0.1203515052560267, 0.0005936697271374722, -0.0015723579891688422, 0.00045620641322713086, 0.04002794368923977, -3.864045452150439e-06, 0.0021277436694396084, 0.00016639493000186674, 0.5
23, 2, 1, 0.41278436239773536, 0.01401462642388967, 0.5731904915710939, 1.0519607281103854e-05, -0.19739926529024104, 0.4102380585955053, 0.46601021220876965, 0.6572306524326066, -0.05110452103448295, -0.20026627933150315, 0.0029497304523320445, -0.2472021042547507, 0.2489722641223417, 0.1898235444479402, -0.09558193171275754, 0.0005515398979679585, 0.0016063559885255978, -0.0002833445141493895, 0.039625687456611866, 0.0009790096769345398, 0.00023714989765349952, 0.0001454351583061431, 0.5
24, 2, 1, 0.41278369791846015, 0.014015161715607665, 0.5731906207405256, 1.051962540662592e-05, -0.4696232461177151, 0.5885828773727446, 0.5281216380108803, 0.4074674164992871, -0.01063191021444645, -0.3123862763206654, 0.03670833451652382, -0.1428813011061437, 0.21071436567103752, 0.40509564283425525, 0.18410860286165873, -0.0004861627798736682, -0.00045947974826199896, 0.0012557646395027805, 0.03963285757555206, -6.072263910174467e-05, -0.001977309520585957, -6.238109543835971e-05, 0.5
25, 2, 1, 0.41277107466389984, 0.014022284410491232, 0.5731961195760135, 1.052134959551438e-05, -0.46739632673218345, 0.41974713791919294, 0.6252217540461594, 0.44531578243809883, 0.14270614001477633, -0.21068900774828037, -0.19189749971973738, -0.35231524946582166, 0.11592143740418641, 0.15370405178569685, -0.016869727808405604, -0.00012204047848631263, 0.0008051714246467446, -0.0002793782676259915, 0.041797294322730494, -0.0005299972369005985, 0.0006779811630203346, 0.0012069561195228742, 0.5
26, 2, 1, 0.4121035875528285, 0.014477883449336355, 0.5734078151277008, 1.071387013442256e-05, -0.385061711188338, 0.35615963441495474, 0.5019720419882937, 0.4333992762829796, 0.14471384785789349, -0.15466217921832928, -0.06776510951698479, -0.08200034803822769, 0.2755497058163107, 0.3274659949169993, 0.10160043244650556, -0.0007952006356615121, 0.0005818710963781485, -0.00013964154792264744, 0.04026897024336696, -0.0011963578891397628, -0.00015851327295358074, 0.00041264712985405484, 0.5
27, 2, 1, 0.3948947286395606, 0.02603527671133744, 0.5790407566009027, 2.9238048199368572e-05, -0.3391005933648731, 0.5238933339694067, 0.5019076362772609, 0.5196483824491234, 0.03950710499618382, -0.05548632199801775, -0.1315535459292227, -0.17173271201201137, 0.20567397090012104, 0.3160886537135643, 0.013017471272026734, -4.6983850241717154e-05, 0.0010518918319218082, -0.0008122731138902956, 0.04075016301513136, -0.00040065842709444116, -0.0016081740134193077, -0.0008169507981996251, 0.5
28, 2, 1, 0.3948692862414807, 0.02604882368307845, 0.5790526487188588, 2.9241356582210235e-05, -0.48115040607714066, 0.37569381286619546, 0.5599981012264049, 0.47885863035779525, 0.2613362479154266, -0.14710580871374807, -0.21981100190498098, -0.18114407352478362, 0.269586613132593, 0.32340066176488247, -0.004478915526884864, -0.000838725848074091, -0.0007000899403638726, 0.0005233263943632593, 0.0418091571628407, -0.00041132690135761674, -0.0007887519869528414, -0.0005064269882339831, 0.5
29, 2, 1, 0.3959971358580252, 0.02464968063884766, 0.5793235099420887, 2.9673561038399917e-05, -0.5123466964791129, 0.4345268132052147, 0.6295242810131529, 0.5040145230568369, 0.06843133650144424, 0.0816382886585856, -0.03776450407414279, 0.18207810111357126, 0.2377527772735331, 0.12404664820786707, 0.09687224272654953, 0.0008248345271767576, 0.0010459465098948684, 0.00043533939857144926, 0.03958660165513558, 9.74978909120625e-05, 0.0022190818227353403, -0.0002967950192018471, 0.5
30, 2, 1, 0.3950832213524135, 0.02430778774158051, 0.5805792914194108, 2.9699486595177706e-05, -0.3607515238861807, 0.295331611228718, 0.5786477582107131, 0.7067806595889072, 0.020509974108305552, -0.050892333775455434, -0.018100048920254252, -0.3953300073058111, 0.18733249338208546, 0.24896249278828408, 0.141336743106853, -0.0015406286649863453, -0.0006785970753882921, 0.00019956372860458605, 0.03824356209496886, -0.0007635315689554368, 0.00046907023172618363, -0.0006814532950373265, 0.5
31, 2, 1, 0.39432308881139727, 0.02502148118656434, 0.5806255535094528, 2.987649258571569e-05, -0.40778932309339105, 0.38358842416105254, 0.49442265496729476, 0.5107476511962223, 0.12755811373668252, -0.0660824664435472, 0.009727125011852956, -0.3905007559393009, 0.28076286274165013, 0.09843931564443587, -0.22091336296170788, -4.786104238080121e-05, 2.735551377399746e-05, -0.0015715668464373201, 0.040045702704026735, 0.0006103547745977204, 0.0012477539695884498, 0.000189911361740141, 0.5
32, 2, 1, 0.39542826627966077, 0.022539789577590712, 0.5818654956957033, 0.0001664484470452665, -0.421856470530266, 0.30533827145070025, 0.5531942927536514, 0.6750861740728739, 0.11760522441200405, -0.032567449659106754, -0.13045611612695487, -0.09294035760675894, 0.15607315648507375, -0.014004484489778379, -0.04843756848130094, -0.0008843189272105112, 0.0004296662869665702, -1.77455863493e-05, 0.03945666920861587, 9.099261028724003e-05, 6.791601194330583e-05, 8.594356094354627e-05, 0.5
33, 2, 1, 0.39466031347735864, 0.02321342003230178, 0.5819588203272807, 0.0001674461630589534, -0.4751087645541127, 0.43198257369801063, 0.42507699707114854, 0.30211713646128935, 0.14495230035959755, -0.022055649635318808, 0.08433133671130358, -0.15334011136058187, 0.08525329434670996, 0.23251651255813668, 0.18625788460076628, -0.001512741342425231, 0.00018738862539270561, 0.001254006037469523, 0.04016383689692635, 0.0006298523288645953, -0.000723312486410657, 0.0009438182995694869, 0.5
34, 2, 1, 0.39465982672873184, 0.023213864112035302, 0.5819588628083159, 0.00016744635091692418, -0.41270937360576143, 0.23774392298517713, 0.4029967084180721, 0.4201658876958974, 0.3053445871530244, -0.3062894919572753, 0.08298873617730403, -0.2868555085059604, 0.19430227003203082, 0.10427519260224268, 0.12934721249444156, -0.00038805087435276274, 0.001187495796576656, -0.00016279952815685753, 0.040858683813552774, 0.0004710520631853902, 0.0004997284486076379, 9.604860923075539e-05, 0.5
35, 2, 1, 0.3918338567230658, 0.02566072427966046, 0.5823243543882942, 0.00018106460897952128, -0.3826248750732374, 0.3606114164568385, 0.5016276373290554, 0.369646997660274, 0.1946007694650608, -0.2113786656718964, -0.04098846335750568, -0.19321686700339483, 0.20057158037463213, 0.07694002408417647, -0.03598264066487801, 0.0010862668727375192, -0.0006982165238620932, -0.0009710888665842706, 0.0398856006473882, -0.0013819230871253967, 7.224460039479881e-05, -5.439156040665278e-05, 0.5
36, 2, 1, 0.3854885617850577, 0.02969692409800357, 0.5846265028712857, 0.0001880112456531041, -0.4163128024125557, 0.2970374349570677, 0.34467857134295443, 0.5107160110039227, 0.13304155474162452, -0.0936207159645952, -0.07216741247138019, -0.24061988885965588, 0.2791197778028316, 0.19288271140853683, 0.1542143927147283, 0.0008205375033656819, 0.0026170328984234247, 0.002035054322214575, 0.039681181144042274, 0.00045598043150926976, 0.0009409136057051262, 0.00022352586225129388, 0.5
37, 2, 1, 0.32249394247520696, 0.08484171172102024, 0.5923704949711712, 0.00029385083260149595, -0.17850567470286222, 0.4261863402767868, 0.45667023541749996, 0.6143012021129788, 0.06677477685155513, 0.05183295273485507, -0.019126173926752244, -0.32280047689995495, 0.12954861942597035, 0.23210974098988785, -0.08257466974681937, 0.0004049947469469166, 0.0012154831167090015, 5.146702761085516e-05, 0.03980728014504774, 0.0006661525117350032, -0.0009409738945360419, 0.00038391732581053275, 0.5
38, 2, 1, 0.3224236250727141, 0.08486377886329431, 0.5924187227418235, 0.0002938733221680388, -0.4699727002326609, 0.32120309018400656, 0.5077986606389665, 0.5127989378110256, 0.07176506374687323, -0.11168846612265342, -0.13315827799339702, -0.20682064954973806, 0.13893697768362206, 0.2920146725560648, 0.2516992583046681, -0.0011991814729809755, -0.00042390228822733456, -0.0005935024789512132, 0.040413726216674585, -0.0010064272588381068, 0.00010246023131895953, 0.0009124940134725444, 0.5
39, 2, 1, 0.3221079452739544, 0.08506291562610041, 0.5925341795995298, 0.00029495950041551677, -0.42492068046283443, 0.39739545743773874, 0.375691838692653, 0.5236451919065429, 0.2839952115702512, -0.12507368799834212, -0.1355108591659778, -0.2422205751082231, 0.27579011116233293, 0.10775007101799403, 0.06111066982862854, -0.00047249904896784863, 0.0011396718692407565, 0.0005332349117020764, 0.0409610603201664, -0.0010271134317939485, -0.0017826092003168411, 0.00047658701890100814, 0.5
40, 2, 1, 0.34756841969189944, 0.05493905995595253, 0.5966620142720476, 0.0008305060801005179, -0.35744398419024465, 0.2708145666809566, 0.19162506864887377, 0.6651999457403253, 0.029745533830170756, 0.05781079265047899, -0.06463923181100376, -0.20101820428760703, 0.17030713445374823, 0.2688683504551371, 0.019511962446968033, -0.001342753637672728, 0.001213555585322689, 0.001433479995786671, 0.03933809621586783, -0.00045265478419100047, 0.001720132101037245, -0.00036555021394848704, 0.5
41, 2, 1, 0.34254118644309794, 0.05672992555646347, 0.5998497563089992, 0.000879131691439445, -0.4456560272143168, 0.47391945438892746, 0.5303611038361025, 0.4810894318832415, 0.08136717752237807, -0.12269393427705244, -0.17347532369434962, -0.18623148159238223, 0.12905159447882503, 0.15108673214269172, 0.016575753775329445, -0.0006445405170580634, -0.0005288442074018764, 0.000892792841158252, 0.04003180253213507, 0.0003163463459473361, 0.003926298957089799, 0.00040437922749708065, 0.5
42, 2, 1, 0.34266244224203046, 0.05655038921033595, 0.5999078641322682, 0.0008793044153655087, -0.2098073311678193, 0.2004436194314676, 0.3507179522542724, 0.4621498908816945, 0.08719257203607492, -0.14859392063327742, 0.11884635658499972, -0.2720554121587853, 0.16405764075917767, 0.3093217879376452, 0.08891222958236851, 0.0006884748761931576, -0.00034627241770806996, 0.0005683681851102564, 0.038620606302013354, -0.00016432087173628374, 0.0009226393044897198, -0.0016371522338657254, 0.5
43, 2, 1, 0.342461717624233, 0.056738546657371394, 0.5999204208513581, 0.0008793148670375986, -0.4087795288301663, 0.4537282727463057, 0.2646868757839926, 0.5730021391111302, 0.029373163091011612, -0.20631705182942076, 0.07467872206286363, -0.3363036493193312, 0.33545409109234964, 0.23819987935104855, 0.035130743091086304, 3.6822533341261035e-05, -0.0010939995188929482, 0.0008261524965834015, 0.04032141388233096, 0.0007385617337374433, -0.0008551626573264231, -7.941503691912062e-05, 0.5
44, 2, 1, 0.34228905971927276, 0.056629818411512885, 0.6001996898260482, 0.0008814320431661914, -0.3529483574240436, 0.41166445173274163, 0.4250703610307255, 0.4510536837994633, 0.12849412470515484, -0.08778828658090268, -0.2927610107135063, -0.2693388505553198, 0.07447007135891895, 0.2410637019500504, 0.021377888650768805, 0.0020517011682810787, 0.0020497162004651723, -0.0008388736701100038, 0.03971418123832217, -0.0008143842838095909, -0.0015031575091955852, -0.000752498195142461, 0.5
45, 2, 1, 0.3422680881369096, 0.056646790556637835, 0.6002012949853235, 0.0008838263211289846, -0.3373454314660667, 0.3780742560076872, 0.4899764993992398, 0.3898445335693309, 0.23025046087430923, -0.13183189977268764, -0.027720641344478346, -0.08727931340992653, 0.06804586239365362, -0.008964602007686385, -0.12890837724128273, -0.002750165440987508, 0.0006919807143708706, 0.0010051185613371323, 0.039406476495400945, 0.0007572734288460978, 0.0011532433702149236, -0.0006324184755137387, 0.5
46, 2, 1, 0.34226777132174957, 0.05664361881880435, 0.6002023928539643, 0.0008862170054817472, -0.4901813972630678, 0.44311805100799945, 0.21540277305651076, 0.31556618556049515, 0.013754204801245739, -0.20161959958467918, -0.1496856944231041, -0.2635628839956195, 0.023855281681840746, 0.03210042019620694, -0.08686578737227123, -0.0017389079363992934, -0.00036649904008558936, 0.0007521368875327258, 0.040998699170942746, 0.0003493156914964988, 0.0016215044645872027, -0.0003273223092619199, 0.5
47, 2, 1, 0.34226732703076895, 0.05664367070265915, 0.6002027788263705, 0.0008862234402014692, -0.49264278019290897, 0.14072229431671296, 0.34106457920393074, 0.7148807761917533, 0.11075212798136953, -0.11667722253635768, -0.11987861497035539, -0.08729063817836767, 0.1604728164413068, 0.13940084129435298, 0.3510847892424365, -0.0013268267063032174, -0.00012908230765100548, -0.00042696323119116575, 0.03959459452115231, 0.0005170957693210985, 1.704838593763075e-05, 0.002526404376586613, 0.5
48, 2, 1, 0.3319953546718453, 0.062054802276021136, 0.6049937258943326, 0.0009561171578009657, -0.34944248626130725, 0.3666199671677052, 0.4094769542730097, 0.40591666813343946, 0.11318343245313918, -0.10946955592228207, -0.17267705439923992, -0.13692359699568585, 0.2810458514879692, 0.1377169711280924, 0.06746944009140095, 0.0013976489845105727, 0.0001941852560583723, 0.0006053003777889727, 0.039262541545541825, 0.00021847266236158948, -0.0008070884857647379, -0.0004770522110003234, 0.5
49, 2, 1, 0.32628829056531555, 0.06568936118470012, 0.6070470065800372, 0.0009753416699472491, -0.3393560934911317, 0.26091402805209374, 0.4899327239766498, 0.34630398257579975, 0.2395314431836426, -0.021742014504564124, -0.09391770460063786, -0.22589132793820835, 0.11615545960166415, 0.1490205003992961, 0.109394517607227, 0.0006673263258571818, 0.001064604006247305, 0.001010950398691829, 0.0404253092062934, -0.001020799891601725, -0.0005492283258824841, 0.0011549200416466135, 0.5
50, 2, 1, 0.3254933742141357, 0.06593461763163036, 0.6074039837765998, 0.0011680243776342786, -0.34486955644281125, 0.3329747289040239, 0.1631944537885428, 0.6137044294608927, 0.10988860728254642, -0.022620960582530148, 0.01759279017287101, -0.08129168085576184, 0.18552420910627634, 0.20864474932879787, 0.02301462857161556, -0.00024964836740093974, 0.0005207030942101252, 0.0015202139283674325, 0.0415792571336968, -0.0001369062888931918, 0.00017522338455992198, -0.0005239364358073762, 0.5
51, 2, 1, 0.3243065978077955, 0.06675143127560153, 0.6077531555896479, 0.0011888153269549488, -0.21781029681595646, 0.2852111864507191, 0.4869606787209745, 0.2377754937761083, 0.17215072028922945, -0.18084113850127198, -0.12140722534038897, 0.040419705081845, 0.24543342550871144, 0.22850567410039696, -0.08351313846155549, 0.001284472793997188, -0.000726153966384846, -0.0005156921599384372, 0.03965096341278771, -0.00040079076044142824, 0.0002217087399687062, 0.0006551608766487368, 0.5
52, 2, 1, 0.32427397339420233, 0.0667825317634451, 0.6077539082828339, 0.0011895865595185945, -0.24198413806452185, 0.16592041976224367, 0.329749104857485, 0.3345838975606221, 0.22457285249976663, -0.20533521371497346, 0.09412618791570852, -0.18889894070808572, 0.14272479072169894, -0.006767448172724011, -0.08368549844110493, 0.0012302932612848025, -2.2929496843834623e-06, 0.0004833387256906901, 0.04191739033648452, 0.00035595244988984015, 0.000777025498446545, 0.001309082988251231, 0.5
53, 2, 1, 0.3159278201190312, 0.07163283565628831, 0.6103319945523775, 0.0021073496723030866, -0.24162233352166193, 0.39239020691537096, 0.39125078176774764, 0.4847143190599074, 0.08784086447564501, -0.07042212061931799, -0.1725873932033597, 0.055039023134010566, 0.15752170428220297, 0.23962314331479018, -0.04933000982389929, -0.0008355021105257073, -0.0011878522917324092, -7.9585103536021e-05, 0.04109663076657847, -0.0013401208681955846, -0.0024097169824027877, -0.000843036640461379, 0.5
54, 2, 1, 0.3157476041640989, 0.07175029165079803, 0.6103878537433672, 0.0021142504417357476, -0.35948525316069946, 0.2800679944332124, 0.24951969987444095, 0.6066721221772557, 0.11887284131775713, -0.1712493820680707, -0.1001611564355462, -0.1251023395506881, 0.2295985678477729, 0.1420490477060053, 0.10241008642584024, 0.0008284354135148355, 0.000809338973302225, 0.000333808159169084, 0.03900487729418403, 0.0018655014669874477, -1.9520873987444065e-05, -0.00033830053199120997, 0.5
55, 2, 1, 0.3155854282175338, 0.0717517779536582, 0.6105113340760375, 0.0021514597527704754, -0.42594155044758625, 0.05313162183891111, 0.24884576909636866, 0.5827354881381551, 0.07791248661286854, -0.14190354284287693, -0.1229828844996288, -0.11430676396118958, 0.15592135425719997, 0.18111312125618656, 0.07466924986871754, -0.0014615925045733033, -0.0006107409082617172, -0.00035949928579998274, 0.04160286566880107, 0.000805350387849256, -0.0008742510604500436, -0.0003818017835297879, 0.5
56, 2, 1, 0.2952012199659356, 0.08779887931474356, 0.6136041513575315, 0.003395749361789344, -0.3004508317207065, 0.04490303237255953, 0.3150135826451564, 0.6457063215820794, 0.16724510216298133, -0.0025613183012517917, -0.014370755406108836, -0.07208161816999278, 0.13878441276214076, 0.12002474775571881, 0.09456183244253111, 4.46384411707096e-05, 0.0002500886775622767, -0.0003193563285472697, 0.04113705290425165, 0.0006727794343217796, 2.320274095475745e-05, 0.00014973996261970438, 0.5
57, 2, 1, 0.29518538111508175, 0.08781117235019817, 0.6136058224817835, 0.0033976240529366483, -0.23898275529608926, 0.26120557464488564, 0.25241804106778887, 0.6207216645043495, 0.18802871203999086, -0.33376648830873695, -0.039390577419497884, -0.10406532914634728, 0.09863805818799905, 0.18116030160568744, 0.00744844886002053, 0.0011027745340814298, 9.836823147577449e-05, 0.0006073484686065949, 0.04091258203176461, -8.507267706725768e-05, -0.0011431539324826359, -0.0013993314292450247, 0.5
58, 2, 1, 0.2938392614423994, 0.08894379432280405, 0.6136750805846792, 0.003541863650117247, -0.20815578598769977, 0.20932051710484215, 0.15991839304490124, 0.5561110774303066, 0.04809327379967813, -0.13315879828359117, -0.06784471995960938, -0.05481502305910235, 0.22810291183752723, 0.21164847910308646, -0.12406152533822026, -0.0006581366566559288, -0.00019125725083202381, -8.275042265189216e-05, 0.040532242463141764, -0.0013305499239994983, 0.002033754417205413, -7.964992351624841e-05, 0.5
59, 2, 1, 0.29101135402208395, 0.08971054517404776, 0.6140318126975618, 0.0052462881063064515, -0.12664458458748912, 0.4002596451990524, 0.14712576785678416, 0.5302938905844798, 0.11869962467845899, -0.14744909141065782, -0.14043011000720304, -0.06423645560532294, -0.00033147066098111467, 0.1226805835470999, 0.013467755710156199, -0.000917521227442209, -0.0005851797073574271, 0.0005931141188561257, 0.03955651804220357, 0.0008592581132338475, -3.142968476224005e-05, -0.0015697690006654462, 0.5
60, 2, 1, 0.2904776178793825, 0.08955458276338442, 0.6142888191341134, 0.005678980223119705, -0.32219441112993197, 0.3464741386063197, 0.3306278216774137, 0.42180001103235537, -0.013508401467961683, -0.10535710170568532, -0.15612367392465765, -0.08136865279664829, 0.01777848063768086, 0.07735912079337506, 0.028961030009456316, -0.0008940546121527351, 0.0011198618767558582, -0.00016815879856102163, 0.039490086416472316, 0.0022373242818493097, 0.00033194877248306833, -0.00011004607170697544, 0.5
61, 2, 1, 0.2904640060161298, 0.08956545307666419, 0.6142905206306696, 0.005680020276536508, -0.3215624593159081, 0.31217767730966817, 0.25188223137019355, 0.45771096494222807, 0.10574305946376202, -0.27239226418651213, -0.11284448688323301, -0.11995348162639237, 0.27007379355997135, 0.10520496596996216, -0.0779705004125067, 0.0006899165974415219, -0.0012046103438071584, -0.0014013487976948101, 0.039537210543489125, -0.0006757055007039288, 0.00019077310655023894, -0.0006071857723536216, 0.5
62, 2, 1, 0.29157268223725247, 0.08446373162987875, 0.6161578109863916, 0.007805775146477361, -0.03782210936768284, 0.23956927357232058, 0.13500880964479672, 0.6207351808600264, -0.02607536716930703, -0.09785053737427829, -0.1343197092377799, -0.13203377054861645, 0.14218224543451352, 0.003911614676451292, 0.10919749163386487, 0.000669805990718924, -0.0008263453700970815, -0.0008583060157998108, 0.04093052412756191, 0.0020669744601191026, -1.3187094044491566e-06, 0.0007282378163301548, 0.5
63, 2, 1, 0.29157238290904663, 0.08446239483062686, 0.6161581319124284, 0.007807090347898172, -0.27638975922996545, 0.14418919691471815, 0.016343173624486784, 0.5092229443447346, 0.39871639620933946, -0.045442170457565934, -0.11991610190578286, -0.19963572821010536, 0.16712841578754922, 0.046767667288517535, -0.1491269155823735, 0.0012928223945426177, 0.0009171494182386444, -0.0004669575554590149, 0.0402816456823141, 0.0007997350200619673, -0.001102079716936443, 0.0014695225996971166, 0.5
64, 2, 1, 0.13138361584758976, 0.2132261626066122, 0.6468702848422543, 0.00851993670354382, -0.2899546045814473, 0.22656369887636854, 0.1280516440008312, 0.47771224443017735, 0.11464817228888549, 0.024014290580572206, -0.13584713534640752, -0.3409467766843843, 0.22876171642783305, 0.21013251334626518, -0.025783571829969754, 0.0006558524627002904, -0.0013585596966872425, -0.0006561627631853794, 0.03954546864422709, 0.0007927958507152871, -0.0001555016297189995, -0.0023527265341914926, 0.5
65, 2, 1, 0.15518126536790067, 0.15024443020932238, 0.6534147066503068, 0.041159597772470136, -0.08303345233880244, 0.28046127834998785, 0.19209173578150515, 0.5643508801656368, 0.10566411692775961, 0.07633281199350095, -0.11977702412014943, -0.1545193657721617, 0.005560377604698274, 0.23389414726128172, -0.14408707325312678, 0.0004468554757137543, 7.582288922342113e-05, 0.001098009210759551, 0.039677416050348996, 0.001557926784574304, -0.0005376855708915135, 0.0007946861119142697, 0.5
66, 2, 1, 0.15497104348384164, 0.14995069188422927, 0.6534981414151075, 0.04158012321682155, -0.10414415716315836, 0.25887246425811766, 0.041772709419552155, 0.4537759374105411, 0.14670647397193762, -0.08997250726535276, -0.1359803390359066, -0.04033584012329401, 0.013133215034435885, 0.012294980819307865, 0.08110549924965299, 0.00046705217624557925, -0.0006510496928692033, 0.00015392030368242148, 0.04017454368121375, -0.0006825622471700432, -0.000638281044808673, -0.00135276871972845, 0.5
67, 2, 1, 0.1549004326819359, 0.1499943544334819, 0.6535003510186155, 0.04160486186596684, -0.09836225776565959, 0.2691764171443164, 0.31645459140632537, 0.5152165865044288, 0.021405082168869848, -0.24894082236124176, -0.0205775806417239, -0.06186423225075255, 0.10013038022646248, 0.10223517885414084, -0.1596693832187276, 0.00015330569875106472, -0.000227350408706185, -0.0019258156952407744, 0.040800399651024784, -0.001309930617037492, 0.0013468414175725235, -0.000853897057771501, 0.5
68, 2, 1, 0.15410069414301603, 0.15044609377973556, 0.6536372080165949, 0.04181600406065364, -0.16165420505575714, 0.20352213965973945, 0.24496084423044867, 0.4702048498519574, 0.11730936337596812, -0.17023403645797902, -0.048421345240406886, -0.1049543494607176, -0.03972640832794664, 0.19274630529343134, 0.015278157543180048, -0.001836217980482788, 0.0006512667084168542, 0.002762848623818816, 0.040519340893462576, -0.0008700057479038011, 0.0009297231071282545, -0.0009757165233106888, 0.5
69, 2, 1, 0.1540137161954989, 0.15050766330975185, 0.6536554986469425, 0.04182312184780689, -0.2432387893412861, 0.17122657885634562, 0.14816828978434304, 0.4262867325417033, 0.17536107204548404, -0.16104400557408577, -0.07691488898396663, -0.2841732880333381, 0.042049701508289815, -0.02228260187222364, 0.09641026572149611, -0.00026978143275197734, 0.0020592062158026115, -0.0011940766051997344, 0.03872215090310761, -0.00095010897551396, -4.8715412441098734e-05, 0.0012031250973382162, 0.5
70, 2, 1, 0.15401045457294252, 0.1505104276041026, 0.6536558247940737, 0.04182329302888123, -0.1883450012559889, 0.14544458523864204, 0.15313729773068058, 0.48860558417543176, 0.2441521965534394, -0.20865200670701203, 0.013396607778556224, -0.08909130867065218, 0.23808364688054798, -0.05503644705644779, 0.10400171591167987, -0.00017602224176672664, -0.0004449419646625461, -0.00011399277418146952, 0.03854616401102562, -0.0006039923058068157, 0.00046514975263795406, 0.0014581039157820646, 0.5
71, 2, 1, 0.1410784069654193, 0.16272761423821389, 0.6541338981694147, 0.04206008062695223, -0.18075890045237028, 0.055584975260127, 0.16796510903385273, 0.4828340420728563, 0.1391958884679322, 0.036693273317244035, 0.07002998454807338, -0.17339218560097483, 0.23370759036889063, 0.04149097900795536, -0.0056644644182689986, 0.0014609649808351726, -0.0003108089015246834, -0.0017219078185592024, 0.03816092438674097, 0.00057703828665102, 0.0015768074901016883, 0.0009483002682469765, 0.5
72, 2, 1, 0.14107128863603252, 0.16273314425024976, 0.6541351453578697, 0.04206042175584806, -0.08956273818779145, 0.07973279849599753, 0.15634852153549222, 0.6729829480270993, 0.16071178926705493, -0.20562770061441907, 0.12018736896138411, 0.022986713490887756, 0.06677945375728325, 0.20648629771670998, 0.19519821031950085, -8.059948651004017e-05, 0.0005561121514286242, -0.001141680824777997, 0.0400525061606684, -0.00012142303941514127, 0.0009326119799618286, 0.000438402003608572, 0.5
73, 2, 1, 0.1382405117841608, 0.16457251910506515, 0.6546972984058466, 0.04248967070492746, -0.23575825773444117, -0.00010483431394050501, 0.21572492974803464, 0.48677969749838895, 0.07111101313386421, -0.1603555220449526, -0.08292920222789393, -0.08399021475934489, 0.018650365786199143, 0.2673626374213061, 0.03941542297764661, -0.0009685216371052459, -0.0010050138019968848, -0.0007616631668176793, 0.039799161752648575, 0.0013728163533895366, 0.0007355456717877177, 0.0006772656934771, 0.5
74, 2, 1, 0.1351664425435892, 0.16604242855008652, 0.6554125555795999, 0.04337857332672442, -0.15217980075921975, 0.16418678616652044, 0.168351023365301, 0.3179559751536513, 0.21819140975165902, -0.0922997395849681, -0.16146294773786435, -0.11104786740331629, 0.12404271868567544, 0.0770564375707781, 0.06348888140777764, 0.0011985945858121936, -0.0007611963130119215, -0.0014835794969100583, 0.04094048385852134, -0.00031829668717525667, 0.00023967795445776853, -0.0002703684464146473, 0.5
75, 2, 1, 0.13515755971548798, 0.166039369865563, 0.6554115648724618, 0.043391505546487345, 0.032277079024214284, 0.16138376076273528, 0.08514022980929484, 0.3723238103045948, 0.17172698061756905, -0.2699072968244859, -0.10234196082641231, -0.1750427376584632, 0.027402577198328993, -0.01696828976623379, -0.052309519604011014, -0.0002248208032673703, -0.0004717261921723361, 0.000928762482072929, 0.039147076529113554, 0.0004970545292413871, -0.00023585212225449287, -0.0004694307447121286, 0.5
76, 2, 1, 0.12738798364056161, 0.1725699318259778, 0.6563993297705928, 0.04364275476286792, -0.08437606551176077, 0.13872681650639965, 0.07901051083384175, 0.4721357412728787, 0.018745412522352112, -0.025476691324827903, -0.024289126120765912, -0.10282419246888944, 0.04259778514847785, 0.3149110475583205, 0.10967323143919668, -1.259385199026489e-05, 0.0011415307958666074, 0.00040874794502696765, 0.04069516099473754, 0.00037443206123185396, -0.00010506446967458736, 0.0007599922262290877, 0.5
77, 2, 1, 0.127197286731611, 0.17128804496595043, 0.6575597764238935, 0.04395489187854507, -0.06824550094152751, 0.16615168802738287, 0.12506463057780776, 0.5085501576117606, -0.04181229559451276, -0.03957157154790564, -0.24296177247694528, -0.15689910727391138, -0.015510866126320234, 0.15115144743590675, 0.1785221010162103, -0.0006015373214068809, 0.0012121946765197538, 0.0002892654169773494, 0.04073274656517592, 0.0005813612320038428, -0.00014459274292181687, 0.0016688046924051348, 0.5
78, 2, 1, 0.1271968259996589, 0.17124057211060048, 0.6575647528675921, 0.04399784902214858, -0.1794300532400594, -0.06081450169682636, 0.013978608738324638, 0.44664117253918423, 0.15524014498290478, -0.23839339937174264, -0.14780804212254955, -0.14039201051426514, 0.09658813899382837, -0.05906924225991692, -0.06447188263031936, -0.0002962816079421208, -0.0004335724463602691, 0.0021275882476793516, 0.042041889593876794, 0.000640233357529279, -0.0005542302987189688, 0.0005625711824708581, 0.5
79, 2, 1, 0.12651354155860442, 0.17138521683148417, 0.657606696817916, 0.04449454479199553, -0.11660138293342423, 0.23969140271611716, 0.23134797864556716, 0.46026655054573873, 0.0963250719284299, -0.20282998372999322, -0.20495997997157606, -0.04426990340383348, -0.017712103355219534, 0.07810965619758978, -0.08404116991560022, -0.0006065328976922086, -0.0010813429635979682, -0.0008084842241124522, 0.0390494789548327, -0.00021647608276662207, 0.0005131918456273283, -0.0006393458775315649, 0.5
80, 2, 1, 0.1265321970424948, 0.16894944098349754, 0.6576784103371681, 0.046839951636839634, -0.09351635091526286, 0.09920792142390136, 0.19761418790134583, 0.46050987510471036, 0.021464015369966782, -0.02315106112189269, -0.2768399402630644, 0.12026699275465305, 0.1188423244001238, 0.05011111400212651, -0.2141994130491937, 0.0005782521783421193, -0.0025230591478633026, -0.0008278318082812046, 0.039788590944149764, -0.001389936467416294, 0.0017078110989407354, -0.000598483871519424, 0.5
81, 2, 1, 0.10904040382964596, 0.1824685335263819, 0.6607956133468047, 0.047695449297167576, 0.06416105924480953, 0.3466981175736194, 0.25184862374092254, 0.6004525977191798, 0.11998404154756412, -0.04781733178902695, -0.011828733347808896, -0.2615963070061521, 0.08665858802179285, 0.05604726955653637, 0.06872084184044344, 0.0014201165786360622, -0.0011912580983146734, 0.00037270550645672376, 0.040073502632508126, 0.00037948787974438, 0.0003254720113910181, -0.0003744285091595078, 0.5
82, 2, 1, 0.10903123823087375, 0.18246647690083687, 0.6607981388351799, 0.04770414603310948, -0.06163691864066952, 0.10083650190811802, 0.27548886835993125, 0.4127466959978441, 0.32165067587099794, -0.13038139980633198, -0.15890374629017073, -0.10119433137247416, 0.058904255325837776, -0.09522414762272993, 0.016203302902050576, 0.0004487042407404538, 0.0008860349322404951, 0.0006212070927747225, 0.03938502302023318, -0.00020607918718404736, -0.000531184494519499, -0.00017601340180629192, 0.5
83, 2, 1, 0.08426764280268671, 0.1907866615764687, 0.6644719245346983, 0.0604737710861464, 0.0377275092173599, 0.17455447456264434, 0.15921227642565428, 0.4517556148917289, 0.2323464891216689, -0.015785352993236256, -0.20322177418131498, -0.12379623083959053, 0.055988774103191516, 0.050445334386667116, -0.0021557143883941905, -0.0008720711106209481, 0.0007610015044680991, -0.0022329502426077672, 0.040147506884918055, 0.0019190253589914206, 0.0006517051036352175, -0.000584876381659144, 0.5
84, 2, 1, 0.08416832426397963, 0.1908104404076855, 0.6644759311072613, 0.06054530422107353, -0.15231130575860702, 0.11207176572782132, 0.11394318410432373, 0.511280428567282, 0.19750288494771878, 0.06255271524123825, 0.05512894645944524, -0.15287213374484804, 0.12416224494830583, 0.10385338133172742, -0.22073870539914492, -0.0003032854909692036, 0.0008707744047901072, -0.0014528267747050418, 0.04053523634000487, 0.0003115264330392426, 0.0010906862100955876, 0.0005968073341150507, 0.5
85, 2, 1, 0.08826491408829505, 0.12881161583026557, 0.6760875493242277, 0.10683592075721174, -0.025377708836630642, 0.20798134603776922, 0.10778579064040536, 0.6712842556004912, 0.015600549760000882, -0.12427267878382875, -0.15589901426717104, -0.0792424065556355, 0.12338729957928449, -0.053630167488288735, 0.05050307741558989, -0.0004139158832279061, 0.000778731885538807, 0.0015510871087801236, 0.039026458084795344, 0.0012558496345720436, 0.00015210495682914615, -0.0012020128558302965, 0.5
86, 2, 1, 0.0882141257734076, 0.1287078978939127, 0.6760935008765718, 0.10698447545610792, -0.11747264975989644, 0.15647455023262688, 0.0671853949179962, 0.5308450486780087, 0.03885194715556548, -0.13741201342625448, -0.056958775780107704, -0.0009436757692455611, 0.024013285177089387, 0.0835065042548833, 0.10100985438301704, 0.000437100552715634, -0.0013726977221085802, -0.00012823142600732412, 0.039167589524079435, -0.0015379401803762378, 0.0006304416041830916, -0.0010522908473038835, 0.5
87, 2, 1, 0.08591691014540076, 0.13003154059962382, 0.676819880904257, 0.10723166835071847, -0.1326003088099374, 0.27164895836241987, 0.02859910398923875, 0.4608111410318543, 0.019297831271933897, -0.018677602591371245, -0.10910586630067928, -0.16163652734776274, 0.15713177318735766, 0.15095231165890355, 0.09729013176164997, -0.00013969974400078702, -0.0019834714342838134, -0.0008391847775382725, 0.03881213768872458, 0.0005084807046791559, 0.0004709506913684983, -0.0027785890112772436, 0.5
88, 2, 1, 0.08590849117944356, 0.12919203332117726, 0.6771914647899498, 0.10770801070942934, -0.013398748087363122, -0.12818331821749643, 0.172067856016817, 0.5529013164644125, 0.13923142672892913, -0.1271272497470639, -0.2189223077718669, 0.0074535512057398445, 0.08748657375673412, 0.05148557307721565, 0.14288456344912243, -0.00019078290163759894, 0.00032844938609107277, -0.002123998362732021, 0.04032620202901049, -0.0012661417783689404, 9.306858275918704e-05, -2.8557371645670372e-05, 0.5
89, 2, 1, 0.08229510697930638, 0.12446127090255565, 0.6769029167648227, 0.11634070535331517, 0.022331815508230945, -0.05845954117385098, 0.04037778070207552, 0.46115911979101726, 0.16830597681867593, 0.03733267125876401, -0.14488369902319403, -0.07170855061382372, 0.11307775873383882, -0.08587200807699429, -0.025613626497515186, 0.000753336919676699, 0.0007403743474970764, -0.0007120963202874007, 0.04119731258281663, -0.000797997614694145, -0.0015453883659470604, 0.00046721442872605246, 0.5
90, 2, 1, 0.08191241514960831, 0.12459473550456912, 0.6769201901213621, 0.11657265922446051, -0.08500745156225561, 0.15002456976345652, 0.07283324995875504, 0.5612142000669932, 0.31409757358743723, -0.041764081501820836, -0.17696916841570187, -0.15385492547800003, 0.045512341901460106, 0.06582630342572258, -0.14139376211822427, 0.002007051671494598, 0.00014466911252730263, -0.0003798345497385638, 0.04167539577641611, -0.0003459510378851526, 0.0007516934594974061, 0.0007530863663516893, 0.5
91, 2, 1, 0.0818522162532156, 0.12316293763255215, 0.6772337845081629, 0.11775106160606945, -0.12730401324810842, -0.039446145892686024, 0.03313679423779507, 0.368084739140554, 0.10969962966556332, 0.05785250195212392, -0.3158198227777315, 0.08594969578078668, 0.006253386296211388, 0.09848147059237813, -0.002397149669814815, -0.0009124287995377594, 0.0006325156474970271, -0.002352769551074155, 0.04035326572295806, 2.360262495015823e-05, -0.0013907077733960114, 0.0010786581084653245, 0.5
92, 2, 1, 0.08180868262814045, 0.12318214751259292, 0.6772527784887535, 0.11775639137051318, -0.05038005848176983, -0.13398530313199272, 0.08568163683957379, 0.5678757005118229, 0.10617366143142119, -0.10588495271625069, -0.29244426117226335, -0.07778315877968622, -0.271945054197894, 0.20004126126794394, 0.005696426246525469, -0.0006303667282811372, -0.00030249683491051835, -2.6158310735375394e-05, 0.04059429600285105, -0.001124104103401586, -0.000992528079541843, 0.0009753186620559777, 0.5
93, 2, 1, 0.0817432921699959, 0.12322933025742233, 0.6772261378987104, 0.11780123967387135, -0.13341680805706285, 0.26757382481917336, 0.07420283151361097, 0.4894545806769304, 0.03606354226380513, -0.20907183594709391, -0.11430069262638567, -0.1090480135167593, -0.032176148514587645, 0.10641220189084297, 0.03019960151211744, 0.002124134003782846, -0.002161959675500518, 0.000979949056483268, 0.040405208448917034, -0.0010190979963301473, -0.0004892069668319522, 0.0009048127940031174, 0.5
94, 2, 1, 0.09172304944791022, 0.03959444147622512, 0.6786232278543375, 0.19005928122152718, -0.06061196504018189, 0.13554295449555115, -0.007043877717070668, 0.23020086556795563, 0.05050714314480065, 0.04784381429709241, -0.11846050649500343, 0.0065757875507650165, -0.14670042186957216, -0.019096771920432975, -0.1327034156257008, 0.0013544868080145648, -7.185570053810338e-05, -0.0007087473885794097, 0.04219169394458261, -0.0002908033276784117, -0.0002332853214579106, 0.0005520849256929245, 0.5
95, 2, 1, 0.0917218487209998, 0.039989891937370195, 0.677984204456666, 0.19030405488496413, 0.0534121288980165, -0.04783624501653156, 0.1734934727896978, 0.4431680017557838, 0.14957878281962772, -0.32444243365882636, -0.03441142110379338, -0.05689915976449218, -0.10628080094868839, 0.07387131995935461, 0.06298567793676806, -0.0015551664880109474, -0.0005865833025506005, -0.0009827161923251933, 0.03993160857914983, -0.0009653229542237393, 0.0005599528975696976, 0.00020291411866998712, 0.5
96, 2, 1, 0.09600988298648526, 0.0473415777890476, 0.6527089805994644, 0.20393955862500268, -0.010397245583389836, 0.027258084906903447, 0.03291378928310133, 0.4501630381175795, -0.06760275687317334, -0.027644918362758775, -0.10833303942706225, -0.013421564754454907, 0.07384054704049889, -0.12296843898637728, 0.06284816033694593, -0.0002260191494904609, -0.002543964429147815, 0.0019188324529011824, 0.03996910278759788, -0.00022964907818818735, 0.0005868087682562457, 0.0009224074918590625, 0.5
97, 2, 1, 0.09598879753775338, 0.04327661677236585, 0.6527716295189031, 0.20796295617097768, 0.1390893711456473, -0.209905172133065, 0.04837790484998969, 0.47581990965374016, 0.11583378270781859, -0.18090090407232046, -0.1856490922845136, 0.005008421372714486, 0.029159608105981543, -0.13513436052639097, -0.12273330877129167, 8.482467166711415e-05, -0.0014328922058284023, 0.0012530086051971213, 0.039439332624708064, -0.0024513688777671474, -0.0008086305938664887, 0.0005334629513617969, 0.5
98, 2, 1, 0.09598860514873694, 0.04327735992953049, 0.6527717658692348, 0.20796226905249787, -0.34265597478259524, 0.05429532504429554, 0.09863237232484165, 0.48407025673008064, 0.34060114936519303, -0.05412660970392972, -0.2367498425250588, 0.07808463222443886, 0.1547415548012671, -0.004162606260143592, -0.05794591364066326, 0.0010741830801714058, 0.00032285586124256634, -7.485327954161958e-05, 0.03946974207724623, -0.0005442580490873622, -4.954236322406749e-05, 0.00033413620688035797, 0.5
99, 2, 1, 0.09614059826606926, 0.061593178835450256, 0.6194001976357837, 0.22286602526269675, -0.02926642729279607, 0.03202349298360576, 0.0909062613445676, 0.4430877382857058, 0.10665153987152412, -0.30037987967600965, 0.015678302180538606, -0.04851095904306816, 0.0530602591940051, -0.2035373331330177, -0.06837393467648423, -0.0005353899109589481, 0.0004699717725477429, -0.0004870948182573001, 0.04146579615413403, 0.000262786586009666, -8.832564325134723e-05, -5.0432829631587205e-05, 0.5
