t, Event, Policy, P(still), P(random), P(reach), P(transport), o(t), s_a 
0, 2, 1, 0.6849053502082825, 0.0926738828420639, 0.2193102091550827, 0.003110555000603199, 0.7708113773883456, 0.49636058670281313, 0.5867256528930488, 0.7758384580350708, -0.20272511791304004, -0.34218046929905627, -0.031897586337238805, 0.2900864529609607, 0.1525168648913851, 0.24847566504556226, 0.11907223182518648, -0.19140994063208755, 0.0023760555593510062, -0.1399803506189538, 0.06740371916571097, -0.11226719553834581, -0.08646061703761523, 0.2206228494193204, 0.5803090931351937
1, 2, 1, 0.6849677320109652, 0.09265790478140837, 0.2193621940050782, 0.00301216920254842, 0.37953925655254017, 0.8443597451286153, 0.5346428563445842, 0.5490191441416031, 0.10587196544955817, -0.056310342193858706, -0.17407087901748042, 0.2603963757524076, 0.18610731611665812, 0.2989775822242906, -0.0683795336665679, 0.0009956723449357806, 0.001173038866671181, -0.0016425807125496513, 0.0165274290821273, 0.00042932976435091014, -0.00034302221008077765, 0.0019382158535736916, 0.5803090931351937
2, 2, 1, 0.4397438492228858, 0.09488489613214939, 0.46235907583694874, 0.0030121788080162077, 0.6908274374862107, 0.6728701422216026, 0.814384452025247, 0.6444246298029442, -0.024016614641495758, -0.13226862980831958, 0.01230674624277801, 0.3992308594367292, 0.30890731641723956, 0.30370553538411865, 0.09074850258150642, -0.000382594443794898, 0.00024173087821665893, 0.000994432677374543, 0.01620546867485112, 0.0006745060090309439, -0.0007423698272231747, -0.0014490496013716187, 0.5803090931351937
3, 2, 1, 0.439429721949895, 0.09488129236571101, 0.46267680616635665, 0.003012179518037391, 0.6149093049317623, 0.597030956444049, 0.5873719581469866, 0.6580314076838236, -0.0798676456213507, 0.037853411025547026, -0.1481818461432326, 0.21375149011991007, 0.40573844561566136, 0.26833343386822445, -0.14975666629689233, -0.0011396983054801232, 0.002582176960151445, -0.0007433040873016822, 0.014599312863125213, 0.0012413043512425385, -5.5794255482070756e-05, 0.0018222141063636045, 0.5803090931351937
4, 2, 1, 0.27710834147512803, 0.0958690591003752, 0.6240100144842143, 0.0030125849402824114, 0.5741589217604928, 0.38367836119944176, 0.6678613943422993, 0.6156061802116917, -0.0626821266389203, -0.04866430254797953, -0.029596884356184083, 0.2446792035795537, 0.3225635452995246, 0.347432500153051, 0.011299508169011877, 0.001434733866310816, 0.0016105047097648897, 0.001035559055206754, 0.013408393445705208, -0.0006502967885499077, 0.00023019944018213114, 0.0014275410444913417, 0.5803090931351937
5, 2, 1, 0.23620208193511943, 0.09598421380635377, 0.6647932579949808, 0.003020446263546048, 0.5866387585433599, 0.6956360193986182, 0.5286943326260156, 0.5347507506132397, -0.029460937604722348, 0.09078238669888825, -0.20758926238284917, 0.326945497587104, 0.16937419606631152, 0.42303672425040356, 0.01386472023084614, -0.0013861997171037415, 0.0003231360189712341, 0.0019337047596479611, 0.015070817640949924, -0.000330435237985086, 9.798270844932004e-05, -0.00023539234306667466, 0.5803090931351937
6, 2, 1, 0.23335599927051884, 0.0959943207491495, 0.6676292248824551, 0.0030204550978765016, 0.6558358014847604, 0.656943282248278, 0.7373842685762868, 0.6655680940633687, -0.18455761922640743, 0.14597702627533052, -0.18920330985762618, 0.36451549810689016, 0.2409470876285762, 0.23790579615417196, 0.09582302757419028, -0.0007608543883315114, -0.0009136580428782756, 0.0008677513166549862, 0.01710943044942389, -0.00029656746044143354, 5.1847008491195337e-05, 0.00013198146026849195, 0.5803090931351937
7, 2, 1, 0.218218123590371, 0.09604305592889636, 0.6827183634304339, 0.0030204570502987025, 0.569864388741556, 0.6259254212829332, 0.6766371033733132, 0.46124675303095497, -0.0687396152131428, -0.14345357282568766, -0.15428248840226227, 0.3747763447663076, 0.4105501700254379, 0.20489362532627203, 0.03727613670033431, 0.00019038150183845192, 0.0019132210765155093, -0.00022387691584681746, 0.015012546585198341, -0.0012811260787414925, 0.0006055664887323714, -0.0011266619805544767, 0.5803090931351937
8, 2, 1, 0.09817384705239664, 0.09689039532751209, 0.8019133183876548, 0.003022439232436468, 0.6341000950549753, 0.3933201955775396, 0.553058007157732, 0.713491587616996, 0.020335785697919807, -0.09133559704420743, -0.10457179720326779, 0.23703946242250576, 0.3639479032348813, 0.258472840877462, 0.04015267600459972, 0.0004907306483097867, 0.0002759761559120582, -0.001535355592761554, 0.01342111199097975, -0.002155265355387421, 3.4739465296010496e-05, 0.0014551882239039985, 0.5803090931351937
9, 2, 1, 0.0614358001531438, 0.09712983923536882, 0.8384018096972387, 0.003032550914248769, 0.6346762166324839, 0.5438610563366011, 0.6315606473204985, 0.6332004802217861, -0.026988074703774633, -0.02982924605429684, -0.07415061949839247, 0.2229455941520885, 0.22599307414391273, 0.2382112859141164, -0.04975730948963141, -0.0012217612001594656, -0.000477199196737493, 0.002379151878246946, 0.014820611365377065, 0.001531825266490047, 0.0008791919788559491, 0.0017815368412570898, 0.5803090931351937
10, 2, 1, 0.05953780675732176, 0.09712202946069688, 0.8403071536884746, 0.003033010093506778, 0.3750834814609297, 0.5631708851839422, 0.575080477428188, 0.6114779295614297, 0.012772395121012647, -0.15644712830856639, -0.08337636228719444, 0.43932750307953505, 0.26146866271912744, 0.03957638739384652, 0.01668411617312523, -6.87409327463239e-07, -0.0013049126143955367, -0.0011639126462216778, 0.01567563013636506, -0.0019479182892691367, 0.00039558391397012915, 0.0020658089033921577, 0.5803090931351937
11, 2, 1, 0.057889339377352036, 0.0971251661330538, 0.8419524768269958, 0.0030330176625984135, 0.6570338484394828, 0.7561730538393822, 0.5772292740184625, 0.57516686401479, -0.1909477714416472, -0.1504021170170664, -0.21324200763804463, 0.3360666017975414, 0.20272999097661631, 0.3856280434673435, -0.05542147019062558, -0.00021705464116422664, 0.0007862691677355769, 0.002114594640694429, 0.014346995194658874, -0.0008098206623119869, -0.00047710189248478276, 0.00019939934531358776, 0.5803090931351937
12, 2, 1, 0.053897496331892676, 0.09714148605677729, 0.8459279215583855, 0.003033096052944612, 0.6820263305112465, 0.45065936613264646, 0.5145715328817565, 0.6445033814743554, -0.03690397662293706, -0.03304076948506124, -0.08750872655424528, 0.32964468408292846, 0.37721485626354323, 0.19460327548940232, 0.06659959187127276, -0.00011371736978296587, -0.00017913064409354505, -0.00020385912984528464, 0.01550994231885916, -0.0011923549238785276, 0.000451651294464783, -0.0008741141392521754, 0.5803090931351937
13, 2, 1, 0.053859239356584744, 0.09714161603341948, 0.845965893927409, 0.0030332506825869617, 0.5198409009795412, 0.4453260979014571, 0.5304167569663246, 0.34547121374993367, -0.08655724391076167, -0.2448624422082865, -0.23163304433640014, 0.036776994752988124, 0.18410817548056063, 0.12588308755512834, 0.07263920469490626, 0.0003249262784117106, 0.0007561882652644239, 0.0012722455081580863, 0.01550043505388676, -0.0006151346595025511, 0.0004215488660742553, -0.0013109974370516737, 0.5803090931351937
14, 2, 1, 0.053772653231265816, 0.09714299679441094, 0.846051079323546, 0.0030332706507772856, 0.5801306259340079, 0.26137667679862386, 0.39986311741981695, 0.5622545084745281, -0.30504877464434343, -0.2916668894410191, -0.004448491945606192, 0.43276513382927073, 0.2653857991639136, 0.28855959484989346, -0.03131693110035672, -0.00022751171318668577, -0.00022858597028039602, 0.001476109253408722, 0.01599074113903926, 0.0006677625383989656, 0.0017779775023724572, 0.0002734221697588601, 0.5803090931351937
15, 2, 1, 0.0535210895524772, 0.09714393842393015, 0.8463016999816155, 0.0030332720419771857, 0.53179494354127, 0.4721066383967301, 0.5736420572897153, 0.6066908652539129, -0.08151099044974859, 0.01188027544240664, -0.15179200466823867, 0.17509740272308855, 0.29710976047705806, 0.3648872492886296, 0.04645694445919723, 0.0021389299726882393, 0.0010849386832853733, -0.0019185594492181625, 0.014764175448990974, 0.0012717173445213029, 1.8798673508888212e-05, 0.0012955411033932862, 0.5803090931351937
16, 2, 1, 0.05401969574708721, 0.09627441723842618, 0.8466725918983303, 0.0030332951161562774, 0.32792459218115494, 0.7383968090780023, 0.5322922759692622, 0.5949751144206364, -0.10932549833810816, 0.12767771831601596, -0.009607568158852709, 0.20656759443404643, 0.3359428747127957, 0.25697494099989326, 0.16966775734980444, 0.00015621543766453913, -0.0003782438952078916, -0.0007198442203079702, 0.014396133613301745, -0.0013975700888797398, -0.0005074840029763991, 0.003751317648672334, 0.5803090931351937
17, 2, 1, 0.050190013683089015, 0.09627990835070407, 0.8504961900751199, 0.00303388789108702, 0.4490479029048603, 0.5805437905645913, 0.5138204806680343, 0.7134930454178606, -0.08376307323347636, 0.031405767169330745, -0.34636594802433074, -0.05347959909150424, 0.2040030661238375, 0.32088281030783844, -0.06313094503475217, -0.0007885344486512928, 0.001567851479721607, -0.0008404833816472253, 0.013651102322747142, 0.0009286763006194573, 0.0005844378849382856, 0.00022527965356925112, 0.5803090931351937
18, 2, 1, 0.018832563700207444, 0.09673647233533383, 0.8813879754122116, 0.003042988552247145, 0.3947690240792613, 0.41610854113982665, 0.5373477255476882, 0.3726993762712897, -0.00020366067395460874, -0.0451346290182474, 0.03699099601924456, 0.4191481652871912, 0.1859315754825907, 0.32868470412463857, -0.0462443234981581, -0.0007785763590837737, 0.0005531398651540424, 0.0007205686290699829, 0.01446236954631554, 0.00020001944783550884, -0.0008529019758873503, -6.439351143744208e-05, 0.5803090931351937
19, 2, 1, 0.00886627351526838, 0.0967399021873299, 0.8912429960834183, 0.0031508282139834634, 0.4321967518699947, 0.4177881504255918, 0.5489998569100589, 0.7857587998262432, 0.0815082931093046, -0.12372148802388849, -0.20816251547612624, 0.2734449021634592, 0.05739838972250091, 0.27378763365297065, -0.10995595541259981, -0.0005455561694837289, -0.0010633927261556046, -0.00048632185752177387, 0.015602349759550677, -0.0020867300223211863, 0.00020009100354428355, 0.0009126531632972761, 0.5803090931351937
20, 2, 1, 0.008615608886242064, 0.09674193581150754, 0.8914912787176128, 0.003151176584637621, 0.5818529364650324, 0.4136260787785234, 0.42320317878414465, 0.5608757377551802, -0.10399193970313454, -0.17504755990565837, -0.08661162100431243, 0.32001056327962085, 0.29205031292640965, 0.1619366175914307, -0.12138818167055047, -0.0006799362009513786, 0.00011732727111213073, 0.000835228697245593, 0.014365198332237181, -0.0013706347130812326, 3.7813378402824624e-05, 0.001750968830881844, 0.5803090931351937
21, 2, 1, 0.008602422527784214, 0.09674197057903158, 0.8915044198781075, 0.003151187015076751, 0.4775790430445449, 0.5903877443038164, 0.528077211453763, 0.4329989543240442, -0.15580801175253828, -0.06874456729479853, -0.3091594857868806, 0.1304771946718654, 0.19911331455756653, 0.15382390230397575, 0.01927634597162285, -0.001072891651928679, 0.0011196064496590905, -0.0002713677873221208, 0.013991734731302136, 0.000971483857104119, -0.0008243958640145764, -0.0005672025636227402, 0.5803090931351937
22, 2, 1, 0.00838858124440759, 0.096750954931118, 0.8917089638168949, 0.0031515000075795652, 0.5825285316458212, 0.5118441010805468, 0.48209758376264106, 0.5452119625030614, -0.09832304963807204, -0.08920232253900458, 0.10988377261361024, 0.19415354514006192, 0.22676040632805122, 0.3101279548265406, -0.04634253556810829, 0.0016303267021514026, -0.0005527028233892281, 0.0002533263257983799, 0.013896529152119145, 0.0013446607734875745, 0.0012990661965874846, 0.0002617165702198694, 0.5803090931351937
23, 2, 1, 0.00840694990098289, 0.09670367085863833, 0.8917378761368329, 0.0031515031035457618, 0.4148170185817774, 0.4640434492201522, 0.5650893984994935, 0.5154200671771281, -0.14544324565672215, -0.10755038038724749, -0.015994627342055014, 0.13008750660884918, 0.24261726773160514, 0.3648818206681816, 0.176074366497113, 0.0007499957461061701, 0.0007419892970164674, 0.00021561973639037637, 0.015931168872507246, -0.000946502900370467, -0.0010626058530476077, -0.0007207030157810307, 0.5803090931351937
24, 2, 1, 0.00047319661191357575, 0.09673431385252941, 0.8996400613948875, 0.0031524281406695356, 0.42682395812196533, 0.30335269555244826, 0.48180348748521623, 0.5447586506662317, 0.017042440815022042, -0.03846331397841725, -0.1845982440461595, 0.2508031368836016, 0.3173542539751313, 0.2521129550042821, 0.13136093439830254, 0.0003100578419138834, 0.001562142315129814, -0.0009220929309049398, 0.01582701397283897, -0.0028809614113886155, -0.0005204353876013623, -0.0007166145367069447, 0.5803090931351937
25, 2, 1, 0.0004824880029405733, 0.0967083392105259, 0.8996552192360876, 0.0031539535504459416, 0.5047633546152207, 0.4512996490037695, 0.42245267629964695, 0.524993438379464, -0.19555973523884532, 0.06196362818226224, -0.1251941142374714, 0.17556210384160584, 0.04545628374354345, 0.3043246149793618, -0.034825816498957655, 0.00044798585903496456, -0.00024238831413135484, 0.00023043690967156682, 0.014890027140118315, -0.00010957694753191224, -0.0011539402225191563, 0.00014684213717330207, 0.5803090931351937
26, 2, 1, 0.00038208072674276425, 0.09637445723744203, 0.9000893318497559, 0.0031541301860592533, 0.32341666124214674, 0.3437274940316807, 0.589278888927385, 0.6528950381207822, 0.04563503524989661, -0.03236422124532619, -0.15552772381802077, 0.33824910566162886, 0.19496722389677573, 0.24097135206719855, -0.008725871586421324, 0.0005574923004801854, -0.0009682926376144157, 0.0009397048509536519, 0.015148924916201586, -0.0006515585789564607, 0.0017060750495101313, -0.002565603147579831, 0.5803090931351937
27, 2, 1, 0.00036831973212418363, 0.0963551595888268, 0.9001221527726331, 0.003154367906415998, 0.3646036330879622, 0.3653424638432875, 0.3093906708407636, 0.536984706874521, -0.12452680371989153, -0.09775105160732377, -0.11683126417967746, 0.3818169601210502, 0.0787547540102046, 0.45327960474937773, 0.0123088528026687, 0.0003316789463512744, 0.0010012189405874507, 0.00035248691119945833, 0.016090715214876136, -0.00041721826734004454, 0.002447616546434081, -0.0007201104633341677, 0.5803090931351937
28, 2, 1, 0.0003672621218833426, 0.0963547804569741, 0.9001235657122676, 0.0031543917088749382, 0.3299492357095515, 0.5365718719409864, 0.4571414817935757, 0.7575468312501894, -0.15386888534675727, -0.13455531379401825, -0.1265567150544488, 0.2890974222240744, 0.09537967244656645, 0.29274326183980903, -0.041402290992962304, 0.0011978792929728285, -0.00025773874901357445, -0.0009491398644029134, 0.015799835651993683, -0.0017216633115003128, 0.0008749708781278211, -0.0009638973972799933, 0.5803090931351937
29, 2, 1, 0.0003649166199095588, 0.09635477103184326, 0.9001259172545688, 0.003154395093678444, 0.3788003131278678, 0.44400154580088513, 0.35541161448748654, 0.5281003866520328, -0.09450358618626403, -0.2748933706072148, -0.10899261705164998, 0.08653444044111092, 0.28160227363794094, 0.30866994761434813, 0.021453574907772326, -0.0004902025655416712, -1.8516729388738905e-05, -0.0010904879561550221, 0.015986767710019646, 0.0008866523336512659, 0.002365492571726668, -0.0011641143244838544, 0.5803090931351937
30, 2, 1, 0.00022691509813537513, 0.09635724604742588, 0.9002612885258884, 0.003154550328550419, 0.4535983187405246, 0.5716195914895311, 0.6098966467761471, 0.473731675856693, 0.026998091761874888, -0.08066384530590269, 0.042476729305947834, 0.13760006056328483, 0.1478233728470713, 0.3196371175172176, 0.06463958838342612, 0.0009501617276137673, -0.0005328694336182695, 0.00065098853288809, 0.015250794894005595, -0.000294678816438628, -0.0005229230829728245, 0.0007850492766586804, 0.5803090931351937
31, 2, 1, 0.0002114507357234318, 0.09635075589398813, 0.9002832369375802, 0.003154556432708249, 0.4265922343410139, 0.4751184194704531, 0.46821605449334064, 0.6505211061489009, -0.07728977474458239, -0.07919699389268076, -0.2319187334676097, 0.1150971581589099, 0.23643533471689837, 0.36951620030131094, 0.14048536331745895, -0.0008328967774227684, 0.0005501537981418634, -0.0003224386191353942, 0.015222676076462336, 0.000585264147681835, 0.0003425045895048041, 0.0009498330763239122, 0.5803090931351937
32, 2, 1, 0.00020978275293130917, 0.09635077326297031, 0.9002848875394749, 0.0031545564446235482, 0.39758845545553656, 0.43509345498834595, 0.5107934310890848, 0.4392829909416641, -0.16161472545806638, -0.19642721978631245, 0.04025724176296781, 0.13733838479618243, 0.4084298592372053, 0.28044167283781263, -0.15082021003058146, 0.0010877073968215633, -0.0007943020445120987, 0.0009244743726210512, 0.014470953071233588, -0.0012286816520741739, -0.0006879349649221505, -0.0009559820523956309, 0.5803090931351937
33, 2, 1, 0.00015486849286267193, 0.0962550604863447, 0.90043549655547, 0.0031545744653226305, 0.3379344231297313, 0.3507797471647899, 0.53293846667269, 0.5331256259822577, -0.06458872773356313, 0.028177654903946324, -0.20587727410507148, 0.14364485409160266, 0.21132081461247743, 0.43379895491854253, -0.01493638140148909, 0.00031914329044522693, -0.0002598478889882768, -0.0006228898677316846, 0.015356918730636151, -0.00021513322617996785, -0.0019139554096718632, 0.0005725488349961478, 0.5803090931351937
34, 2, 1, 0.00010600621893203555, 0.09625512884179735, 0.9004842620568471, 0.003154602882423568, 0.2919855962536038, 0.3594179997544595, 0.5715446005433226, 0.5862101316886379, -0.05395556369747841, -0.2744329858070761, -0.24258771364968895, 0.28833582485884435, 0.16370017307514315, 0.2622766304253862, -0.041641209523875164, -0.001236069346788313, 0.00042933452108733286, -0.0006498232227221251, 0.015883662104390205, -0.0006109591856755683, -9.45276124075639e-05, -0.00018421150327408708, 0.5803090931351937
35, 2, 1, 0.00010598903973039484, 0.09625512887268117, 0.9004842792483834, 0.003154602839205151, 0.45377952598515375, 0.2733088585131702, 0.5092473950765863, 0.5221108754497513, -0.4020190010270074, -0.17834651402097731, -0.2455444566608449, 0.1967156158263951, 0.36784804325118425, 0.2793697693190644, -0.09636976661230834, -0.0007854552148118565, 0.0017787556771469413, 0.0020799361785670913, 0.015582860697916371, -0.00030161548512594373, -9.976148547075146e-05, 7.49700859511117e-05, 0.5803090931351937
36, 2, 1, 0.00010482013470604793, 0.09625513607080495, 0.9004854554806105, 0.0031545883138783177, 0.27365682777119915, 0.41484605568458743, 0.42390050992703127, 0.6981935977256516, -0.0744737990106052, -0.1701098137162248, 0.004178240451852644, 0.14329762545889685, 0.2714835953660243, 0.42344067822808673, -0.07202048684605458, -0.0009629546975267973, -9.336900595754967e-05, -9.013248295197971e-05, 0.013886255183495507, -0.0004103422175455609, -0.0002619082027213702, -0.0010251720710672753, 0.5803090931351937
37, 2, 1, 0.00010680060547186204, 0.09625054208189678, 0.9004875351738194, 0.0031551221388120276, 0.2630768486184719, 0.5820877136186059, 0.3026326137339701, 0.5460797837688639, -0.12958028987923265, -0.08688574079950298, -0.053094974555705075, 0.2178995412965703, 0.10453643474095027, 0.2630642742610764, -0.12800900213358776, 0.0009965539105241685, -0.00020999382998762575, -0.0004281183473159378, 0.01416551131387687, -0.001180088397081752, 0.00048640717595341303, 0.00019649180785893806, 0.5803090931351937
38, 2, 1, 0.00021292430314193934, 0.09609349266397683, 0.90051828185707, 0.003175301175811326, 0.2681625274777449, 0.4729321230929561, 0.31526417654043815, 0.6547284506949576, 0.03538323696507275, -0.17718224859693632, -0.1799628920734741, 0.1463686491736185, 0.032095132241618064, 0.2507682792440477, -0.022191254849182177, -0.00016770460417855258, 0.0011740919772473188, -0.0008677856021178357, 0.013481060396199045, 0.00040554980309265786, -7.31201998889788e-06, 0.0009530026029101576, 0.5803090931351937
39, 2, 1, 0.0015074943318509782, 0.0945248701429716, 0.900719106105335, 0.003248529419842488, 0.22151974191196783, 0.24978302799830523, 0.32228488593215765, 0.44169462987398944, -0.10616312759006072, -0.010054407719992598, -0.14013499200394633, 0.18860102192483838, 0.08444501527898876, 0.22065593726351262, -0.01978478554759406, -0.0008473852144019436, -0.000562671131527729, 0.0006486966152763516, 0.014755446209001261, -0.0005055034179291852, -0.0007222022875963236, -0.0014853908071823315, 0.5803090931351937
40, 2, 1, 0.0013126469341053742, 0.09452534198088827, 0.900908965379774, 0.0032530457052324284, 0.47964013237355985, 0.35880189014705116, 0.48571681144071716, 0.4442332635678782, -0.17584631945955068, -0.06074464945259339, -0.2058059619086265, 0.31258377607835186, 0.06582174932421239, 0.2203460428403498, -0.0916161803083352, 5.6308479189594685e-05, 0.00064189821039307, 0.0016915426817627533, 0.015244257235633635, 0.0010622513457102473, -0.00022103438928156344, 0.0025324252324560224, 0.5803090931351937
41, 2, 1, 0.0037015490609787105, 0.09013971349535041, 0.9014041682753406, 0.004754569168330305, 0.18607675869291093, 0.27911042494398486, 0.27156693846362323, 0.7330371947145801, -0.14116960863574593, -0.09569295066055186, -0.07730799180197293, 0.23637228680150532, -0.0027491924368976406, 0.17315838308640544, -0.0638405861064419, 0.0009729940847849102, -0.000465982700104336, 0.0014856112651194548, 0.014580317171441265, -0.001408317967307425, 0.0009585537006941965, -0.0009983242049204518, 0.5803090931351937
42, 2, 1, 0.0037013034024776107, 0.09013970299743454, 0.9014044243167074, 0.0047545692833805, 0.11960680860731698, 0.3264802829864112, 0.3453554056639394, 0.5243496753969897, -0.2426450125209519, -0.04624204380739052, -0.30425414880449875, 0.10611830806146796, 0.2550682883751993, 0.3460364528992811, 0.09300531562690957, 0.00022613171964389555, 0.0007092391250352183, -0.0004561839072269675, 0.015471381489930835, 0.00042611368392792524, 0.0014659546413949213, 0.0002320951536151973, 0.5803090931351937
43, 2, 1, 0.0023544893585351976, 0.09015751489127735, 0.9026698714740675, 0.004818124276119897, 0.38431482484607565, 0.26941286092587663, 0.30608101470214455, 0.6423207466950489, -0.19749550988005776, -0.06832707539611729, -0.19516939350108942, 0.15324629887495073, 0.16478018528178062, 0.22631877177362353, 0.10174749949667299, -0.0005812416399538978, 0.00047251263932654875, -0.0008507917761123569, 0.015586981904707097, 5.459654653782876e-05, 5.12869311868621e-05, -0.0009910263288569082, 0.5803090931351937
44, 2, 1, 0.0018600639061622918, 0.0901682376888565, 0.9031314489312716, 0.004840249473709696, 0.45114818683252655, 0.28860857375566906, 0.39800817551502166, 0.619180040704886, -0.10378019032668173, -0.05017534290665049, 0.0074780443351831535, 0.18767332610356258, 0.21104867261775703, 0.12356819571429181, -0.00563891955869752, 0.0008906341591340808, 8.265648442365492e-05, -0.00011231799134876869, 0.01567608208249134, 0.0011551599302232918, 0.0009302572177342548, -0.0004728934357697676, 0.5803090931351937
45, 2, 1, 0.0018600725802947755, 0.09016823228852758, 0.90313142692175, 0.004840268209427583, 0.4245279784677757, 0.19476324694347713, 0.3575162693975997, 0.6489840836962026, -0.39378951684449653, -0.0652056814918895, -0.05813029675430974, -0.07835859554653717, 0.054469565720309476, -0.010480912218134252, -0.11464600235689708, -0.0009554532758004599, -8.218941955791466e-05, 0.0008340179717462855, 0.013335339889355386, 0.00033788582001632834, 0.0010256994879217084, -0.00013920060058739595, 0.5803090931351937
46, 2, 1, 0.0015967632316683977, 0.09018570320745593, 0.9033497011229539, 0.004867832437921744, 0.4021418568279431, 0.3526986460265492, 0.37537478075554526, 0.5577174390040545, -0.043701424984839664, -0.29713589730016093, 0.0009257682959680879, 0.1003539908576164, 0.11026706584745163, 0.23429656008386918, 0.19297105071572498, 0.002116675053328157, -0.000189507935250548, -0.0006883465375914427, 0.013812533485205869, 0.0008430889522686044, 0.0004163818552960945, -0.0007323457847334643, 0.5803090931351937
47, 2, 1, 0.0015685365161041442, 0.09013105781983685, 0.9034323050572695, 0.0048681006067895615, 0.16680920838469876, 0.19688087524487438, 0.4100448925621901, 0.4632677396178507, -0.07809667271277732, 0.13027209024217914, -0.19736120748591446, 0.1242763859918156, 0.2747259977011659, 0.19370128823807717, -0.04262791966317798, 0.0011857666117145152, -0.00023661020283787838, 0.0013161463921169132, 0.013309389442642497, 0.0006625324423855121, 0.00041331642894081337, -0.0011121867714194858, 0.5803090931351937
48, 2, 1, 0.03133479217604851, 0.052571002791200805, 0.9079250325744233, 0.008169172458327472, 0.3025107201121316, 0.3307419440563647, 0.22352147953705845, 0.57898214780175, 0.057486069858411, -0.04835671728485948, 0.024392639705049256, 0.14033056167242322, 0.151907628653537, 0.15588528987996514, 0.08668203513158197, 0.0002529281218842646, 6.719597174763815e-06, 0.0006288713161090635, 0.015272640187897934, -0.0007504455396855025, 0.0003752366850480678, -0.0015451249225819721, 0.5803090931351937
49, 2, 1, 0.03156633252388294, 0.05181286493265173, 0.9082716559214665, 0.008349146621998867, 0.18786383097566528, 0.292006242052244, 0.2657620479447928, 0.7348991147783516, -0.13599525286235548, -0.03808346515095853, -0.1707505956883319, 0.19507281261517867, 0.08913102561130425, 0.187344428850501, 0.07538590215521856, -0.0007704200585287888, 0.00026462061142406104, -7.087997373023153e-06, 0.014340728961683166, 0.00040184412500227405, 0.000684935801857139, 0.000338670628285054, 0.5803090931351937
50, 2, 1, 0.02804421237475632, 0.051843926090851186, 0.911732011704326, 0.00837984983006644, 0.3089991858271268, 0.23249317048576446, 0.44830157314901636, 0.7138657530342664, -0.14779304911474392, -0.07748352481429664, -0.06327644845621377, 0.020142794982498335, 0.16687715361917302, 0.3060200136059425, -0.07478868677450629, -0.00045209426296738463, -0.0014017329695989954, -0.0008102658326037966, 0.016258031672085043, 0.0012587373854469135, -0.0013704163831533402, -5.630472528097842e-05, 0.5803090931351937
51, 2, 1, 0.02249413291253857, 0.0518841992126421, 0.9144526992628456, 0.011168968611973754, 0.2455049110577147, 0.2552187406488425, 0.2863235790421064, 0.5971117014586834, 0.042603334765819366, -0.26296469810714684, -0.19895437619385442, 0.06293286246058093, 0.05773053299937185, 0.17733079077662112, -0.05478367858476864, 0.0002471974301940116, -9.162255231650351e-05, 0.002942783612571153, 0.015539475405726252, 0.0016552571666822054, -0.001446645440578467, 0.0005692833020423627, 0.5803090931351937
52, 2, 1, 0.019172032247866268, 0.051990908959777475, 0.9168592608941529, 0.011977797898203347, 0.3157303971084697, 0.5057012254473923, 0.2435872802456645, 0.4542625912418865, -0.028466630041502926, -0.1254572339413288, -0.10301003639810391, 0.21113599322510185, 0.10309284858034069, 0.24624769066017987, 0.13162765306290902, 0.0013943343526114926, -0.0004883398991274066, -0.0001065356312750963, 0.014923174370988548, 0.00020035641752060148, -0.00021339266799790408, -0.0007552553738219581, 0.5803090931351937
53, 2, 1, 0.018827897238047044, 0.05199100469123369, 0.9171380695845559, 0.012043028486163348, 0.40224424568952416, 0.21176510483994462, 0.19852279118972935, 0.5513597564464037, -0.10318972606338239, -0.11700815052952343, -0.19321929565801316, 0.12600673344469734, 0.15998901331457546, 0.20931708053973272, -0.15182032196490286, 0.0002817396009888726, -0.00020314898388825337, -0.00148890969989633, 0.014512946703420451, -0.0010107982464088012, 0.001108856008628983, 0.0018313768417956716, 0.5803090931351937
54, 2, 1, 0.01882754648109371, 0.05199100532242573, 0.9171384113758557, 0.012043036820624823, 0.2579609838578897, 0.2301810246317923, 0.31032316606438737, 0.7155644919386852, -0.21247705201473507, -0.07593951658615683, -0.3910053146639895, 0.07727770108154623, 0.19914665719901822, 0.07153308845911066, -0.24492159393565432, -0.00085379269517129, 0.0014300082167275209, 0.0005856997352561336, 0.015632393316247488, 0.0008077835342031164, 0.000674784025243334, 0.001769735577358727, 0.5803090931351937
55, 2, 1, 0.016999291238819627, 0.052033241411049924, 0.918091998745587, 0.012875468604543467, 0.15776188894731422, 0.2572227787256018, 0.2855454156120908, 0.5995112414623976, -0.1383013522203007, -0.2047619998636812, -0.11144801798373141, 0.15581038432802452, 0.16827721255809652, -0.038371479518327825, 0.016136656342080814, -0.0013149303183222166, 0.0025882521302429654, 0.0006205012292832009, 0.014241693767522393, -0.0008160813340054035, 0.0010354117024483252, 0.0013339209111100367, 0.5803090931351937
56, 2, 1, 0.016991320516664982, 0.0520348012314737, 0.9180983478171394, 0.01287553043472182, 0.3592044498063018, 0.299526089034592, 0.2580744320703283, 0.5203038285131277, -0.19665723698336296, -0.2277718787279098, 0.08228898951598759, 0.2642382875094044, 0.27640416084175967, 0.1406265087614687, 0.24401243008567372, 0.0023799471500829056, 0.0004623218170223163, 0.00285022600388254, 0.015267280891479131, 0.0009775594370207352, 0.0003541474060395477, 8.446753329695077e-05, 0.5803090931351937
57, 2, 1, 0.017082319893382686, 0.052034461921187006, 0.9179810016048393, 0.01290221658059093, 0.21863123507221535, 0.07855969336382988, 0.24847947675497747, 0.6068134485527565, -0.17483064027450326, -0.15917291795486813, -0.25142510267669044, 0.05244749080155484, 0.07936111117304454, 0.08079029323354661, 0.012790079783597506, 0.001266602714833429, 0.0004998333339979228, -0.00042437736579422865, 0.014966888640661462, -0.0004116234194914809, -0.0006739783448602317, 0.0003988764987982324, 0.5803090931351937
58, 2, 1, 0.01508236832789857, 0.05209695454329181, 0.9185754934428986, 0.014245183685911125, 0.32753860258435885, 0.23816806280691033, 0.3091176641214595, 0.6870678669223881, -0.13955811667591753, -0.018101767011084114, 0.027750480727492664, 0.11345646234948052, 0.0948890792852883, 0.05057560429882975, 0.03630052070250067, 0.0011259833358715622, -0.0001372008765894916, -0.0013657136633222567, 0.01352253454758962, 8.735660657584857e-05, -0.0005796105912057916, -2.1586733807373077e-05, 0.5803090931351937
59, 2, 1, 0.014731932670267097, 0.05209827632777513, 0.9187982226336014, 0.014371568368356182, 0.12636752666479992, 0.12149860000925874, 0.29513941056683646, 0.5546239404573443, -0.1404296618359937, -0.16464259875344686, -0.2637742669822867, 0.37440289494664114, -0.043472100976436126, 0.1314322715098021, 0.04133312090203557, -0.0005706059445687112, 0.0008561225250005268, -0.0014514603712279907, 0.015931346789214384, 0.0006292033704372593, 0.0014401346972420623, -0.0021525283744866916, 0.5803090931351937
60, 2, 1, 0.014728084966303208, 0.05209828988926332, 0.9188020493394097, 0.014371575805023766, 0.08432861056453525, 0.20180937572135385, 0.33643596750912047, 0.40415764206022364, -0.1579337496689539, -0.3161326901334499, -0.27351138164733724, 0.02327133390756614, 0.25239718474958794, 0.2714548775693487, -0.10810231609237739, 0.0005949628776052141, -0.00011141984322189458, 0.0012607274894272278, 0.01517002976207291, -0.0005340932148973994, -0.000492862310103416, 0.0004814355955005857, 0.5803090931351937
61, 2, 1, 0.014721785160348293, 0.051839080898788796, 0.9189342524452108, 0.014504881495652119, 0.06209708171548143, 0.2770992797383002, 0.14892871125161192, 0.6648209774098515, -0.12445041417146892, 0.09991870111109628, -0.1371955931745009, 0.07420115917059125, 0.1405054405706978, 0.12172197180130073, 0.11715037181148527, 0.00059577521266126, -0.0020943059999173263, 0.0011566687209102916, 0.014570924845627503, 0.0004126737546838932, 0.0009248518350889282, 0.0012010620428437818, 0.5803090931351937
62, 2, 1, 0.003972614364120064, 0.05195847639456361, 0.9295458644243377, 0.014523044816978628, 0.3782707500125001, 0.3249764165354584, 0.6326883045523243, 0.726369043536703, -0.03712189063319358, -0.2943867139796434, -0.11880328198083176, 0.24887211179125668, 0.13979177291590242, 0.16296495429739483, 0.11578143147309491, 0.0010847229304934282, -0.001360008926075493, -0.0008465028878967393, 0.014036334984413812, 0.00046719292876142737, -0.0007459750254747618, 0.0005100260138018687, 0.5803090931351937
63, 2, 1, 0.004332495038260628, 0.051542964797109625, 0.9295860111237703, 0.014538529040859451, 0.27309763641440415, 0.15004696056328468, 0.25106451102715727, 0.4648434156344125, -0.11251857210782981, 0.0021722869320589975, -0.10975351534661, 0.0798473668146147, 0.19787812796267787, 0.09126602090275401, -0.06466632397738611, -0.001163099478414649, -7.42546207277526e-05, 0.0005848704027919268, 0.014573811614876347, 0.0004987328345535242, 0.0006332635988031359, -0.00014204817605444276, 0.5803090931351937
64, 2, 1, 0.0019022187902451102, 0.05165687759480745, 0.9317283913229122, 0.014712512292035303, 0.21383015506342132, 0.31293999044554616, 0.27359427674667347, 0.6624573838468077, 0.09527272323779976, -0.20653636952035556, -0.04302266938844623, 0.23867169765811033, 0.24098643482011103, 0.0949222022801178, 0.1001619968972691, -0.0003307034827098547, -0.0002850796645411437, -0.00011780782135641942, 0.014343345906495783, -0.0016024443674227322, -0.00042922512465815065, 0.0002563215949199397, 0.5803090931351937
65, 2, 1, 0.0018740189998684641, 0.05165590452002374, 0.9317453837646863, 0.014724692715421562, 0.24072962745165477, 0.3232507328729728, 0.29799703372752767, 0.5578679033192357, -0.13683675811315574, -0.1350992315762139, -0.15205159304098176, -0.05444162926206351, 0.08435819944172214, 0.09872618532447922, 0.002242775211223838, 0.00035818455767953406, 0.0005551197520776898, -0.0010284236914642087, 0.0141780595811107, -0.0011438263263601745, 0.0017066806959053597, 0.00048758782320570596, 0.5803090931351937
66, 2, 1, 0.0008832906008620961, 0.05061616397886197, 0.9321367703907536, 0.016363775029522337, 0.44510943058575575, 0.19565016588983317, 0.21790359857195418, 0.8463170893322698, 0.026916628772522655, 0.02203531849500564, 0.044144084611090074, 0.038321777995705644, -0.010027819054309361, 0.25777316108278336, -0.08517776198985036, 0.0011068623513518891, 0.001159963397961458, 0.001304427977253533, 0.014194121195501503, 0.0016817796506659606, -0.0009089052675921531, -0.0004417872331830386, 0.5803090931351937
67, 2, 1, 0.0027310825758104997, 0.04836195056045964, 0.932139118543745, 0.01676784831998491, 0.12360993571213727, 0.19451899286397722, 0.3381006424074894, 0.6642106123438992, -0.12004497025072405, -0.07778976787454103, -0.11646224104464928, 0.0796692914091765, -0.000433270828839305, 0.2836346640972191, -0.09808888698207105, -0.0009505431005170702, -0.00017289220739411378, -0.002122967948901809, 0.016458946765546788, -0.0016071733968009549, 0.0014427419463623864, -0.0026810978711683366, 0.5803090931351937
68, 2, 1, 0.0027349201322139976, 0.048354548522210834, 0.9321407159614928, 0.016769815384082225, 0.09030126490651114, 0.37613952993649874, 0.16775805336166613, 0.5529929805242685, -0.20682284674124948, -0.09957604682840974, -0.14891051274707026, 0.12772275724639134, 0.15645645370269384, 0.03798919816991608, -0.02948872740534384, -0.0004480229523636892, -0.0004904058034425765, -0.00019546831377930074, 0.015718336017761046, 0.00023165297772685905, 0.0006972011924464921, 0.0002559371574783656, 0.5803090931351937
69, 2, 1, 0.002735612679209208, 0.048341865611784225, 0.9321517775637482, 0.01677074414525836, 0.22301604122745805, 0.10420743915795883, 0.42205928714398855, 0.7000328318225137, -0.18205899192487038, 0.1326846366561194, -0.19659404019252694, 0.173246458148769, 0.06383459244054578, 0.25434892334702147, 0.06847287466664323, -0.0009674708357819221, 0.0020231546365386253, 1.4299714868522496e-06, 0.014421588531067708, -0.0010146588701261052, -0.0005126982151794289, -0.0012351051055160547, 0.5803090931351937
70, 2, 1, 0.0027343400729271865, 0.04834140930052766, 0.9321534753182261, 0.01677077530831909, 0.1685597550692751, 0.1961052039905142, 0.30118672516908757, 0.535943379327462, -0.2884560344671375, -0.24079704635924398, -0.07373259014764445, 0.05201813734974152, 0.21935401502986415, 0.26750446827767993, -0.0013696637604644873, -0.0007836583995262929, 0.0019392106339414625, -0.0005990841045217386, 0.01616036197678255, 0.0005925567130622865, -0.0010142418715347763, 0.00017749222072970276, 0.5803090931351937
71, 2, 1, 0.0027334647536531613, 0.048341416470018245, 0.9321540120880092, 0.016771106688319347, -0.06019868980889949, 0.17907078727833728, 0.23050449358648173, 0.6975043865419787, -0.23006060579128124, -0.14613598615825224, -0.17201549759866924, 0.09462745171132529, 0.1343746263972921, 0.21681630422898052, -0.2216415143513018, -0.0005689305113927638, 0.000782551034319428, 0.0004630235389204371, 0.016102577417463532, -0.0006077381347148817, 0.000933464725809832, 0.00019089334534397225, 0.5803090931351937
72, 2, 1, 0.002719878748411055, 0.048339382975088455, 0.9321594219389697, 0.01678131633753078, 0.16546840964682002, 0.3066151861730032, 0.1371004862440869, 0.6282820482202143, -0.11517203218213556, -0.041709844730619505, -0.291411596144118, -0.019733066450725846, -0.013243292387413586, 0.15462884115169548, 0.1003551776734772, 0.0033017840452630636, 0.00020940092952244355, -0.0008629502361453994, 0.01421565622253039, -0.000667917633894115, 0.0007533910853633534, -0.0007509186723453815, 0.5803090931351937
73, 2, 1, 0.01730740899247824, 0.048284924084396684, 0.910736200982533, 0.023671465940592076, 0.15615735115822404, -0.008834726900152235, 0.2026475634334834, 0.45312316207888215, -0.12006237104007911, -0.03714936649074778, -0.14280421452808878, 0.08284867787912058, -0.054415611215917835, 0.290622360497334, -0.05841113152107098, 0.0029710380390079935, 0.001251453307042702, -8.162031213007883e-05, 0.013814845352897398, 0.0011446211304730104, -0.0011855779334382954, 0.0008365681992546774, 0.5803090931351937
74, 2, 1, 0.017419253459832373, 0.048244307364497925, 0.909708395509482, 0.02462804366618758, 0.20498658191200478, 0.06691202573615831, 0.24600022976529737, 0.5384131937377988, -0.17507533970694525, -0.18618076208467374, -0.09462760366168421, -0.06219852640687856, -0.030018162026356134, 0.07017411107879681, -0.04444031219030044, -0.0006078300897473402, -0.0006199847736157029, 0.0016825646798657255, 0.014207617473829214, 0.0002908022906160956, -0.00053218921079941, 0.0023041400237662655, 0.5803090931351937
75, 2, 1, 0.008281148748833926, 0.04803684695342479, 0.9158467064081731, 0.027835297889568157, 0.06391915149495911, 0.12509977381493292, 0.2838806937420488, 0.5275900891498299, -0.011788614864777924, -0.07378903814210824, -0.09671115425502756, 0.12988166458984005, 0.09787310472865328, 0.20556956677943167, 0.1602182470973343, 0.00034308192222702637, -0.0008316863844382707, -0.0014018808755807434, 0.013715872673308632, 0.00015296337373163946, -0.00015104953645478128, -0.0002914830661707537, 0.5803090931351937
76, 2, 1, 0.008264921206647935, 0.04803680220284383, 0.9158504134998434, 0.027847863090664685, 0.0047927499582179674, 0.23991520424021498, 0.18610327227512957, 0.5912067724198962, -0.2047831636300228, -0.20058772564604577, -0.21923575403432966, 0.13408711177608854, 0.10611924744716128, 0.018489345147223158, 0.015023348769067852, 0.0020120860822116617, -0.0008848916188077423, 0.0019496156826231906, 0.01474461904119544, 1.8642234608898103e-05, -0.0021884427013875952, -0.0013512915205353949, 0.5803090931351937
77, 2, 1, 0.009375740344268062, 0.048041449213872794, 0.9146669700607353, 0.027915840381123824, 0.039052823035882554, 0.055467929326262246, 0.09149462422366242, 0.5809735131838869, -0.054429127551866394, -0.08385828787541375, -0.2560702403964784, 0.11735271884693355, 0.1654718351429045, 0.1622899574021497, 0.07130411147054078, -0.0006860741612783833, -6.724004408030379e-05, 0.0031650880491216485, 0.016073971214269334, -0.0004993995195127988, 0.00069306407584498, 0.0012313085938605163, 0.5803090931351937
78, 2, 1, 0.009380362896270825, 0.04803248700787325, 0.9146672507964267, 0.027919899299429167, 0.09500727861399318, 0.30834929061767075, 0.18595001810000047, 0.5762572419416793, -0.20889670044119107, -0.10536108422556918, -0.21800169087627336, -0.0026484843674128623, -0.16927445832367743, 0.10266846090792803, 0.1117255213020076, 0.0016737412081176308, 3.0321085734243167e-05, -0.001729912476890617, 0.014769504707519527, 0.00020745863173653547, -0.00027456214835297916, -0.0013892150595136677, 0.5803090931351937
79, 2, 1, 0.008161388290126984, 0.04090314911978871, 0.9059064663649784, 0.04502899622510597, 0.08235318249316373, 0.09391789742415795, 0.2429888887102883, 0.5401648174001616, 0.003926880233955243, -0.1581427124349856, -0.12062073966815612, 0.020602520931965372, -0.11785632821351819, -0.031776838140563625, 0.0429381606067572, 5.71495353376417e-05, -0.0005213905802759179, -0.00028268678555203313, 0.015077289370995593, 0.0008960571193455717, -0.00035209440561565186, 0.0009263793271919683, 0.5803090931351937
80, 2, 1, 0.008340131324140453, 0.04086106109338449, 0.9056984013560306, 0.045100406226444435, -0.039551556004092346, 0.11193148678220669, 0.1616282270466817, 0.6470042370560727, -0.2158536562947433, 0.048822987839337875, 0.033745117741093344, 0.17410755693811084, 0.11160771349504124, 0.13789938017435469, 0.08810912546595809, 0.0004059843215422815, -0.0015195379964588224, 0.0014228895447288557, 0.014352192092372254, -0.00030182116725160316, -0.0004362410243279745, -0.0008425129581841349, 0.5803090931351937
81, 2, 1, 0.008901523326369258, 0.04020876785511419, 0.9056254750413811, 0.04526423377713536, 0.14052934643869583, 0.20831513286964132, 0.04242961357991067, 0.4029637812122682, -0.015211168266796105, -0.13444132459443023, 0.0056634091495762155, -0.09037962494329604, 0.03040189801372793, 0.06178338818691788, 0.1962094672451933, 0.00011818188843987756, -0.0007613783220364494, 0.0014585192862760711, 0.01446140904942823, 0.00022877792825827574, -0.0012233077031082742, 5.3480041558416616e-05, 0.5803090931351937
82, 2, 1, 0.01213042382586227, 0.04013979167183586, 0.9011576497616532, 0.04657213474064854, 0.13124498776263613, 0.042671968826002826, 0.20633212098465797, 0.55206027031822, -0.1469673604319506, -0.15193970693672545, -0.193227835922584, 0.24577776509337762, -0.018456454939977184, 0.06704473880389408, 0.05129513311515688, -0.0008542026375950301, 0.0008474030874317531, -0.0026046903783449498, 0.016644811273362665, -0.0010354919128743487, 0.000771384442800673, -0.0008804923953923861, 0.5803090931351937
83, 2, 1, 0.01509672937626147, 0.04001263234763536, 0.8981812290446346, 0.046709409231468664, 0.25365238810317603, 0.032626798237070355, 0.06385076766261552, 0.6167252911095978, -0.09582198291460281, -0.04556439966841602, -0.17456731540554685, -0.05291956576802468, 0.08027869307010166, 0.029765059569788987, 0.07760454909766552, -0.0008257400950773741, -0.00017760126734664905, -0.0003091833834639008, 0.014703782498126556, 0.0007633797120949447, 0.0008779873389817585, 0.00030979380987759245, 0.5803090931351937
84, 2, 1, 0.016084586107488162, 0.04001124820971951, 0.8971657168973977, 0.046738448785394744, 0.07451072125905503, 0.16405009267661733, 0.012057651130981072, 0.6238034444857986, -0.16089586685701668, 0.04899130498726543, -0.3033243305327351, 0.12485771603248068, 0.12116026146670304, 0.005585295775508104, 0.05465492536210639, -7.725443354213073e-05, 0.0020217551494552464, -0.00019010986229669923, 0.014115106225974922, 9.508556261021085e-05, -0.00036595438980633314, -0.0002816285336353246, 0.5803090931351937
85, 2, 1, 0.02159129455128888, 0.03838017712006845, 0.891559037861924, 0.048469490466718716, -0.025418065475365383, 0.13554716405451386, 0.12836562020337924, 0.7002523619702463, -0.05913982056977598, 0.016681647870210668, -0.11040258435561465, 0.060855165548380795, 0.03650590455204053, 0.13253771250149432, 0.020344680104719164, -0.0019173372384991706, -0.00010861725712308233, 0.00012168411179173003, 0.016245205279751686, -0.0006329278639356439, 0.0006005416800415172, 0.0008625859720655061, 0.5803090931351937
86, 2, 1, 0.021659036076298162, 0.038302483859745974, 0.8909111153460648, 0.04912736471789104, 0.14559881160688795, 0.1279033859607557, 0.09523327614543256, 0.6492686135770953, -0.14045836162513434, -0.04917490023674724, 0.12135392580825374, -0.02760644960164521, 0.052844856008563104, 0.09681554831474817, -0.1074835870132275, -0.0015701046705845069, 0.0010937161713054097, -0.0002415161929013925, 0.013479337338925989, -0.0004905402031361, 0.0006251906683415714, 0.00017122030070728126, 0.5803090931351937
87, 2, 1, 0.021201721412080734, 0.03437148916817782, 0.8904887184309929, 0.053938070988748685, 0.13715575751398273, 0.19641518794743304, 0.14481404672140974, 0.37732497725907854, -0.06802558223466432, -0.12198239455012885, -0.040741412017255715, 0.0334695396903089, -0.0667361456252444, 0.12788570656890094, 0.14778494907906342, 0.0006662299682762159, 0.0014119070869793393, 0.0010907972646696388, 0.015784097502305795, -0.002555623904401478, 6.882988463560022e-05, -0.0023628833823028457, 0.5803090931351937
88, 2, 1, 0.014582162044796513, 0.03439054028026486, 0.891610956105536, 0.05941634156940261, 0.22600993051786133, 0.04417701304184693, 0.18042047258694732, 0.6204779252972253, -0.04986916417804839, -0.10306472893180256, -0.23584303227401363, 0.17829959330597198, 0.07246967674865738, 0.02339903532054201, 0.07244733164613021, -0.001776748451596435, -0.00014083685272764628, 6.744924344870969e-05, 0.015186196084084547, -0.0024532886666307156, -0.000600193812394184, -0.0009011723515698242, 0.5803090931351937
89, 2, 1, 0.01458019495192387, 0.034389765443809894, 0.891612359118636, 0.05941768048563026, 0.16617650622895996, 0.03641520815957812, 0.18022151637837702, 0.4331170355973204, -0.13694007356291932, -0.07595761625548511, -0.2815173831391853, 0.12078891203918082, 0.08781272118638642, 0.18184169737733233, 0.24761836390184327, 0.0006169244268809706, 0.0013930592839657915, 0.00020519718918422808, 0.015348422995905203, 0.001377914349674812, 0.0015494479155736427, -0.000600799689496798, 0.5803090931351937
90, 2, 1, 0.019413846952242405, 0.03411916096844667, 0.8798011243391455, 0.06666586774016553, -0.07508798401791254, 0.003927450765956231, 0.17446940659451912, 0.5609728546833119, -0.12095101912029707, -0.08245809549085652, -0.06830682075658828, 0.05352130528526742, 0.0484338865103917, -0.06656772750551863, -0.1146903458328492, 0.00041595314035860613, -0.00046168447088115505, 0.0008546461947283708, 0.015837512177908852, 0.0005266085998104439, -0.00160190458874818, 0.00044506884527397946, 0.5803090931351937
91, 2, 1, 0.021099010413930024, 0.0341409738476632, 0.877511847045151, 0.06724816869325569, -0.00773586941671992, 0.19874338339439546, 0.1327241370411117, 0.6185099091350029, -0.10015128621148248, -0.2242981435174153, -0.13931126614779532, -0.014512700743442714, 0.14026454451730028, 0.10911790870977991, -0.09457594411336874, 0.0023537380504589185, 8.709667048932079e-06, 0.0004582333968881083, 0.01645411033954532, -0.0006964410197985592, -0.00141758768484492, 0.0007635760984225797, 0.5803090931351937
92, 2, 1, 0.027355996705692373, 0.03408675435675986, 0.8700991637384283, 0.06845808519911946, -0.1362763138130949, 0.10658930028216806, -0.08072850856338332, 0.3418113528962058, -0.17123308499089238, -0.015858299906614737, -0.21381375761684737, -0.04958135963578728, -0.003941495107009352, -0.06175132825253541, -0.051857912310598706, 0.0001281821805783405, 0.0005434617140569659, 0.002072435873194784, 0.01456044857636632, 0.0018079722034524068, 0.0004846792368205481, 0.0003486860052693636, 0.5803090931351937
93, 2, 1, 0.027878042548711134, 0.03408668552904253, 0.8694350293797997, 0.06860024254244673, -0.12747541950114022, 0.10173151373440707, 0.1602408219521009, 0.5350267222590317, -0.12245559399297015, -0.09842518414818106, -0.1066000926369339, 0.13526641194354708, 0.16319594668430093, -0.09779554776423457, -0.14927387173381276, 0.0002657334431589304, 0.0017242199891440491, 0.00011605655037502072, 0.01448973506214784, -0.00114396538241233, -1.3418488731608261e-05, 0.00017612887693564447, 0.5803090931351937
94, 2, 1, 0.028297428943607823, 0.03408735817463752, 0.8688121941258218, 0.06880301875593296, -0.12396412477550749, 0.006713511763770524, -0.0038110875516339515, 0.6272640616734003, -0.3448572623602275, -0.0950112112674927, -0.17481434511400945, -0.07068891212107604, -0.1482161542130695, 0.03673061149664431, 0.21144465976527824, 0.001125600481787795, -0.0003374848527765295, 0.0009875829814244706, 0.015785814080378997, 0.0006917764097297849, -0.00068606437496942, -0.00010804198932144159, 0.5803090931351937
95, 2, 1, 0.509969370036426, 0.03472464312725184, 0.3696389429510481, 0.08566704388527405, 0.0413850700995685, -0.0038306655892032027, 0.06448002657331937, 0.767973428867447, -0.05496825423211029, -0.07762281952767362, -0.20927707137835522, 0.011873567803603912, 0.14258845502309342, 0.11193306011309978, -0.059505552384391314, -0.0027784641344023335, 0.0023376352630250655, 0.001332191308758536, 0.01614225983896328, -0.000264683434535854, 0.0006576305504662822, -0.0007103667235701669, 0.5803090931351937
96, 2, 1, 0.5100436087863034, 0.03453267599238913, 0.36885677412529044, 0.08656694109601706, 0.06055981206828938, -0.15585888732359657, 0.2461457105880712, 0.6190378760546721, -0.2654884788684787, -0.009684415527185731, 0.049908366745374064, -0.019865854354496382, -0.011763674194631512, -0.07273667125973797, 0.06980073637958666, 0.0005472020266387627, -0.0007424082537853173, 0.00043688883973305454, 0.015084817526056957, 0.0007157204040453213, 0.001625115525776328, 0.0003128581832312972, 0.5803090931351937
97, 2, 1, 0.6951904788609418, 0.03025561384899744, 0.1742917130233758, 0.100262194266685, 0.04163451150361151, 0.12419739517468475, 0.11582104233621715, 0.5394247221515313, 0.041477947188752994, 0.02861021484499544, -0.16090619594977848, -0.047867849190112874, 0.04930696444132737, 0.28633032880778436, 0.08850999370515975, 0.0001448334150117823, 0.0011727991650308165, -0.00044604920970539553, 0.014169433947541046, 0.001160900505333396, -0.0022109445422913805, 0.00029464708410976775, 0.5803090931351937
98, 2, 1, 0.6053867777771119, 0.03707969296658757, 0.20288780811058757, 0.15464572114571307, 0.06683911327170378, 0.1864936494363068, 0.0722274756053993, 0.7426445644125967, 0.04515123547666096, -0.09847629243614976, 0.019340374556186046, -0.09677061596498562, 0.15126943355288908, 0.01566730349967339, -0.05920153765907347, -0.0002720037663183344, 0.0006410222153787915, -0.0013251567934018534, 0.014193840362178703, 0.00038774552674343456, 0.001270177538683238, 0.0003096053907997214, 0.5803090931351937
99, 2, 1, 0.6393357388644596, 0.03753783448626075, 0.12486571629288712, 0.19826071035639253, 0.07634729105136243, 0.0067686496825776436, 0.0377147458891469, 0.7490600813714223, -0.18867436222289125, -0.24853712158017133, -0.07916590188780488, -0.01989861988505538, -0.0013955745550941479, 0.00876126173960586, 0.06793307186641578, -0.0018631451362798226, -0.0008730539132432225, 0.0005161888599376368, 0.015744212410979574, -0.0003475000181033634, 0.0012544252482789928, 0.0014101506892745031, 0.5727805149066838
