t, Event, Policy, P(still), P(random), P(reach), P(transport), o(t), s_a 
0, 2, 1, 0.6345061659812927, 0.01414243970066309, 0.3513508439064026, 5.411657184595242e-07, -0.6750816845541007, 0.443569218141073, 0.6334615549184854, 0.2917809461870172, 0.2051506322465176, -0.11021588901400092, -0.02553886914671477, -0.45608085398335535, 0.2965272574701606, 0.336672527466598, -0.0029085947790444934, -0.11415422048740168, -0.14960419566820787, 0.10169436784564254, -0.020500478967607927, -0.025510168386417297, -0.22861859883827296, -0.0842868397972936, 0.3888486090020189
1, 2, 1, 3.155453338086722e-05, 0.024362295024226006, 0.9756018849325763, 4.2655098167785665e-06, -0.46628745825779283, 0.6768577024342504, 0.38552637676644574, 0.07655031603526301, 0.07980508378580886, -0.003089067167780635, -0.22452528157031298, -0.23491601967880196, 0.3628822728175528, 0.37974255612419877, 0.02040733616237999, 0.0010328519704293, 0.001226859001988812, 0.0002534920816403585, 0.050739555540774126, -0.0011808404830202924, -0.0004812691422025169, 0.0012474393557198712, 0.3888486090020189
2, 2, 1, 5.284188403549839e-06, 0.02436239192924594, 0.9756280583767222, 4.2655056284129656e-06, -0.6150990175409048, 0.6739297258173168, 0.5712660708783448, 0.3311006692892, 0.12851349448185598, -0.013929794409025286, -0.276519533204037, -0.15610361093969574, 0.576276746313465, 0.4266277887734421, 0.029539896823591195, -0.00010297255740910015, -0.0009448361952264868, -0.0011768613315281528, 0.05086731734431269, -0.0012221312868001765, -0.00020861067446845526, 0.0002997395213106338, 0.3888486090020189
3, 2, 1, 1.0733124905923e-06, 0.024362454090379203, 0.9756322073564584, 4.26524067168654e-06, -0.777221255798801, 0.559975797203071, 0.7537745084271006, 0.6055555363782439, 0.23398745957177963, -0.26001498614198937, -0.14875034577714136, -0.33763402394926867, 0.3947246594443504, 0.23199761110072475, 0.02111140845695507, -0.001026616946792733, 0.0029417643238702105, 0.0008127714449508369, 0.05001472792395314, -0.0005125568620709374, -0.0005824900876912231, -0.0014622434955165113, 0.3888486090020189
4, 2, 1, 1.520042322897134e-08, 0.0243624731584834, 0.9756332466426383, 4.264998455055873e-06, -0.5236172543842197, 0.5724957662958896, 0.4263350595156032, 0.349989000073525, 0.0889427790800533, -0.22991999124384224, -0.1833394640963586, -0.32365602593408216, 0.37311544040953903, 0.42163047260015285, 0.11981479821413014, -0.000903717913600753, 0.0002943635075138113, -0.0006935591093574456, 0.051891569585405986, -0.00111831300958151, 0.0004993030205462647, -0.000732940815181789, 0.3888486090020189
5, 2, 1, 1.856853353428375e-08, 0.02436245473799541, 0.9756332617312165, 4.264962254640803e-06, -0.5699551697724764, 0.6585533428347068, 0.4796050081525992, 0.24949142847365602, 0.21243381581215207, -0.030777235509506184, -0.20637874287788613, -0.279290119371707, 0.2885540362656292, 0.23146834694032944, 0.05172156771939666, -0.00030093905737898455, 0.0008059488997481674, 0.0010363458422771392, 0.04906330572275958, 0.001096463750024597, -0.003571014152760074, 0.0003561696991169722, 0.3888486090020189
6, 2, 1, 1.5842729075886514e-07, 0.02436220637123093, 0.9756333693033137, 4.265898164665973e-06, -0.801489335716165, 0.4831035792584812, 0.47637089463669524, 0.4654184485520794, 0.08063158543636273, -0.27425058752482334, -0.15158043259443582, -0.09223519528312948, 0.11274787414525514, 0.34956278843335575, -0.1605913415009818, -0.0005442786289183431, -0.0014173764435321974, -0.0006180142226534381, 0.05006786066882892, 0.002050146861491916, 0.0011458189946875592, 0.001015077126581066, 0.3888486090020189
7, 2, 1, 2.501610230342108e-07, 0.024362005332546847, 0.9756334775433216, 4.266963108489785e-06, -0.5295967874282769, 0.6026154244119313, 0.3739270833703465, 0.4862367771930324, 0.25546434130098133, -0.12249959225848654, -0.11576391799046018, -0.17756601614383577, 0.25103598935182514, 0.1233970555169158, 0.04050868467581767, 0.0009013745620594805, 0.0006471208121642566, 0.0023858215276228315, 0.04961006305347535, 9.623184417914198e-05, 0.0008180164372247093, -0.0002172698797216334, 0.3888486090020189
8, 2, 1, 3.2281911245667036e-05, 0.02432593089293101, 0.9756375199544474, 4.26724137597886e-06, -0.5103708460877154, 0.5226258828927701, 0.5047446950585933, 0.3966034299323182, -0.06184742590916574, -0.1819815570683368, -0.08689277383603473, -0.14677705413075168, 0.2887129283438244, 0.3191322046751871, 0.028241754476232263, -0.00027709021795335146, 0.0006346838880284577, 0.0006404679461959273, 0.050600514013969464, -0.0015177198094900517, 0.0001605862305772753, -0.0006053731220333877, 0.3888486090020189
9, 2, 1, 0.0017534574226739728, 0.02241894509605164, 0.9758226866666799, 4.910814594483433e-06, -0.6523207529256126, 0.3352784617167145, 0.6097278325326617, 0.43351372438993546, 0.15301219106548664, -0.17444275907515344, -0.028705774141406494, -0.3406558691602905, -0.03548026159819857, 0.15609328136295866, 0.046471799273238606, 0.0005721160854064749, -0.00014332302084991787, -0.0013474418142407438, 0.049992128176513724, 0.00016553279877340847, -0.000514438691386142, -0.0006673397425595595, 0.3888486090020189
10, 2, 1, 0.0004985713523365642, 0.022381941660869525, 0.9771133901892921, 6.0967975018528605e-06, -0.702093862629429, 0.4643808360964642, 0.489095743880893, 0.3965408734136166, -0.03325408327461983, -0.012290076052048782, -0.058978263682796586, -0.16400156677869931, 0.22537360137951637, 0.2903896197836452, 0.028723633810000863, -0.00036702422963337674, -0.0004771014531921965, 0.0007407948386305909, 0.04851153611328633, -0.0012126121110777829, 0.002039809700538796, -0.0011814955131163745, 0.3888486090020189
11, 2, 1, 0.0002611634818236536, 0.022382935809107284, 0.977349620717883, 6.279991186029895e-06, -0.43403580730109326, 0.47860752269587825, 0.5458747907649399, 0.375021717126664, 0.1605168435199831, -0.04036380109631308, -0.35382211091375904, -0.13631184943813582, 0.2117337327735162, 0.13984499666443304, -0.22727099581108096, -0.000665024155841969, 0.0002376615791196498, 0.00038742157359150946, 0.051611289925875395, -0.0011985094955774453, 0.0005049535287192541, 0.0002231331724881794, 0.3888486090020189
12, 2, 1, 1.5437314494085594e-05, 0.02238643099821287, 0.9775918508626624, 6.280824630615386e-06, -0.576329213690354, 0.5367354862160085, 0.6799206451059412, 0.31673812814450175, 0.07376563467668082, -0.17703166853119776, -0.1181341545127667, -0.3860114445542624, 0.13935479681468246, 0.3179267646703508, -0.010266685167209622, 0.00013890333823878912, -0.0016691383473298274, -0.0012638492034578676, 0.05007681944105076, 0.0005958193032754549, -0.0020315537484134516, 0.00033786636013684524, 0.3888486090020189
13, 2, 1, 3.417621274538714e-06, 0.022383901149185516, 0.9776063889047891, 6.29232475083721e-06, -0.49287035202439117, 0.41243814154507846, 0.5588216883223687, 0.424486495717629, 0.10407584640932158, -0.1531106583231623, -0.1816225235610458, -0.1890782379303074, 0.23663622819368016, 0.10985223576205434, -0.1289726726054679, -0.00205634281405883, -0.002274919959391536, -0.0003729589450980886, 0.04859701541367449, -0.0019584451985217976, -0.0013632733717959685, 0.0008358524457238775, 0.3888486090020189
14, 2, 1, 2.0582406279357115e-05, 0.02236319748916191, 0.9776099282359068, 6.291868652025436e-06, -0.4772090293275938, 0.7179185812409157, 0.5291023423681054, 0.3789084410541478, -0.022850754338920077, -0.07066897224997529, -0.09451769396156309, -0.17903325795122896, 0.2961534412268191, 0.24565057362040843, 0.13144204839832846, -0.0006573337906174611, 0.0019527065932585584, 0.000934039688554235, 0.049780360424113004, 5.414799720529546e-05, -0.00045357091395928806, -0.0001824054674610137, 0.3888486090020189
15, 2, 1, 2.055751073728954e-05, 0.022338182179912968, 0.9776349684629204, 6.291846429415469e-06, -0.31268008629502686, 0.582748953927909, 0.6881078426494902, 0.5396336293719572, 0.06390489218077429, -0.18163073258259615, 0.03559197876873432, -0.30327837951400843, 0.36491900198667865, 0.24896774378333367, 0.007893350627187998, -0.00019375530631628827, 0.0006269842739153096, 0.0013123623502566762, 0.0513396945622576, 0.00021531643372082928, -0.0002896837206828603, 0.0009182591223570317, 0.3888486090020189
16, 2, 1, 4.0189532599360445e-05, 0.02227042150490218, 0.9776830919977141, 6.296964784284648e-06, -0.46719080262328444, 0.5154335844264565, 0.6046199596249161, 0.4676329152863884, 0.014588230089939768, 0.00014950232662720443, 0.06564162888807556, -0.23172224618771115, 0.2064483025425842, 0.3006208460228932, -0.18968637466828084, 0.0008244138415403094, -0.002026869772178113, 0.0003758951365888003, 0.05049110259574938, 0.0023966599413355483, -0.0006287214439504734, -0.0004657872295086614, 0.3888486090020189
17, 2, 1, 8.058903829774766e-06, 0.02226377356859727, 0.9777218702032456, 6.2973243273231775e-06, -0.3543887219039698, 0.30690798300579275, 0.48843392892504234, 0.3831581630628787, 0.03126566515024929, -0.10790836303421628, -0.31158663023581323, -0.16739456860236368, 0.3811822285136494, 0.16269894555376826, -0.02582896187835903, 0.0005092233528375101, 0.00012355551246051848, 0.00017031336715439744, 0.04947813006590562, 0.001000418357891046, -0.0002774382263036396, 0.00041014543919556327, 0.3888486090020189
18, 2, 1, 4.223842804516327e-06, 0.022264042831475508, 0.9777254316797567, 6.3016459631702146e-06, -0.46432171327792277, 0.5599811185862338, 0.4360616439513885, 0.4773830217415832, 0.36516391636824425, -0.182867802626895, -0.18072998430795623, -0.12996446274315393, 0.26529013531552315, 0.26908461435083086, 0.14304071623864112, 0.000577187242959181, 0.0018514329288333935, 0.00043019708590657824, 0.04839034502909505, 8.859861051822962e-05, 0.0006946197676546501, 0.0012092817558829697, 0.3888486090020189
19, 2, 1, 3.9236027260107664e-07, 0.022264064123220056, 0.9777292418630479, 6.301653459503844e-06, -0.4350840663857424, 0.5550877320133949, 0.4768607245026925, 0.4022211881752388, 0.24825159509950395, -0.18983948840519077, -0.343396473152101, -0.35650886719941266, 0.3165619844932663, 0.2622375652515342, -0.13382510078303853, -0.0002507375430412945, -0.0005196816582167046, -0.0013243549415893445, 0.050178897194200614, 0.00029862078869325717, 0.0001636538626354391, -0.00046688719835748834, 0.3888486090020189
20, 2, 1, 1.4061824457220633e-08, 0.02226406702540171, 0.9777296170847047, 6.3018280689786976e-06, -0.5288339640210581, 0.4332446003429304, 0.44661521786871033, 0.31737244884465, 0.2339841498305802, -0.00019000793906818192, -0.27780995855292306, -0.0994482692606046, 0.26223829556417416, 0.31164429677880146, -0.08079959692190203, 0.00016336616948293915, -3.2069172678590184e-05, 0.0008906113024949504, 0.0520085420703994, -0.0006718009919281131, -0.0005638639473673889, -0.0006248146912826653, 0.3888486090020189
21, 2, 1, 2.6246605822423226e-05, 0.022235643139798193, 0.9777318072197638, 6.303034615593436e-06, -0.41628806983081235, 0.19024230216404256, 0.4239460217504053, 0.4347013674214878, 0.04772935424866055, 0.06333368333414373, -0.2505305999856563, -0.2585261214522456, 0.22772003861716997, 0.2297734386179026, -0.06810455003406997, 0.00044355943507063224, 0.0003193638032653128, 0.0016741339831070953, 0.051602405733835566, 0.0010894899164896805, 0.00031169728951440984, -0.0017002580525691722, 0.3888486090020189
22, 2, 1, 0.00016927832508626056, 0.022020198752371423, 0.9778040856539996, 6.4372685427769535e-06, -0.4745322468074004, 0.482475852011855, 0.4791117226193097, 0.438820074266853, 0.15562743017361602, -0.14473748715550644, -0.015260028746161081, -0.24859802522765628, 0.15320519790184753, 0.3077899315234345, 0.00018602551239728647, 0.0015327658445259563, -0.0011897816569705834, -0.0004222770931666529, 0.05077364170353277, -0.0006853466152712128, -0.0001359015450920493, -0.001088425885572042, 0.3888486090020189
23, 2, 1, 0.00010273883076256352, 0.02202047533429483, 0.9778703483765562, 6.437458386430356e-06, -0.4192536442816718, 0.46067934443833425, 0.6153891903554467, 0.49303334587880565, -0.04354399458024376, -0.00694606544585008, -0.46396673434888774, -0.17479640071046337, 0.19990952010124927, 0.3143396759682474, 0.22026730722494964, -0.00022795371501836242, -5.7784836347159226e-05, 0.0012356671640789177, 0.04933308616949891, 0.0011316137999681183, -0.0004024080905051377, 0.000203816649669238, 0.3888486090020189
24, 2, 1, 0.001584308393891174, 0.020286527178682307, 0.9781216694018084, 7.495025618097135e-06, -0.2602475291969436, 0.4335133211227796, 0.34299894372865064, 0.36639167409709106, -0.14664541601365988, -0.10626680882652868, -0.023597652067791207, -0.1639969391950955, 0.23142443893696915, 0.27607859682656843, 0.017368845896091424, -0.0016184228191640933, 0.0007242203920572156, 0.0001428332819908451, 0.050558665048058615, 2.4767583974826987e-05, -0.0018377624788656565, 0.0005258716652797107, 0.3888486090020189
25, 2, 1, 0.0034737725901318353, 0.017072667499264678, 0.9794404330983197, 1.3126812283778898e-05, -0.5366755703194268, 0.25446325086921356, 0.46236880299593697, 0.40543499256826293, 0.15044057783044812, -0.15287695589231778, 0.0601147989215572, -0.255047955463451, 0.08413930767450972, 0.3466677271090223, 0.07640885196446792, 0.0003168591607534418, -0.0010479794780764687, -5.463669281738556e-05, 0.049018780640946245, 0.001529184824423462, 0.0005103586418278013, 0.00010010465346633897, 0.3888486090020189
26, 2, 1, 0.001687151451635571, 0.017097634203098063, 0.9812016303937797, 1.3583951486543867e-05, -0.5095110312347573, 0.40076293798291307, 0.41636821897628085, 0.33928296426155635, 0.31354755383027033, -0.04724281475867868, -0.3479138554161448, -0.3028255825251985, 0.21203235525108294, 0.23502603270307826, -0.029366304145790157, 0.00017843989604823552, 0.0014969950962302103, -0.0005261980897409648, 0.05144261068558435, -9.221618354056203e-05, 0.0018480240548531205, -0.0009462661829863156, 0.3888486090020189
27, 2, 1, 0.0021791541995763017, 0.014928900241401755, 0.9828771657881311, 1.477977089078333e-05, -0.1347576311277016, 0.38743838926534624, 0.5118379498347281, 0.28914156854135753, -0.05726492665342253, -0.12320879925974133, -0.08054645427863907, -0.33408688854911134, 0.10281218177777196, 0.24080132943249088, 0.09107800510605461, -8.072217351243462e-05, -0.0009049611186952996, -0.0018409735913083414, 0.04897252907105125, 0.0010302709172140244, 0.00011218678134125573, 0.000527380601643513, 0.3888486090020189
28, 2, 1, 0.0006204174586466792, 0.014953821233797846, 0.9844107535277116, 1.500777984381972e-05, -0.43688167939838485, 0.30579136001868934, 0.498559953253808, 0.47683083867331766, 0.08227679459277534, -0.21698616137051516, -0.22726307019241307, -0.14638667258402527, 0.3253492401429964, 0.1415000766966957, -0.044916392743409465, 0.0007182432153286792, 0.0013666654003232225, 3.7025953092210926e-05, 0.049554050883340764, -0.0022836126764585103, -0.001977768536208099, 0.00044786069414477195, 0.3888486090020189
29, 2, 1, 1.762163248509099e-05, 0.014979765772976938, 0.9849865645183324, 1.6048076205504573e-05, -0.26870684820923557, 0.4224111218003387, 0.3596408397995153, 0.33904405207952876, 0.13136214228827675, -0.08008961150593466, -0.11411499253298218, -0.07661447209948524, 0.33732090228019196, 0.18314008922420683, -0.05613499173815373, 0.0003419316069483584, 0.00071142071477216, -0.00099050996964486, 0.0490055736926704, 0.000292245520209109, -0.0006456747834632986, -0.0005671123562238835, 0.3888486090020189
30, 2, 1, 0.0001575651439116188, 0.014819503620599151, 0.985006872875068, 1.6058360421165262e-05, -0.40033594410688195, 0.30030754156604433, 0.48344345377606956, 0.5102805385958984, -0.02905842898838733, -0.008092392994233788, -0.18504370563436612, -0.26017470409257476, 0.22265222823286496, 0.18331230414540234, -0.0036399155409231137, 0.0006237423817378204, -0.0006213281985143983, 0.0007139657700376407, 0.04915211638059882, -0.00035036533836343053, -0.00146295268869037, 0.0012177733830589775, 0.3888486090020189
31, 2, 1, 0.0016782389965981585, 0.012968754284120514, 0.985336732751347, 1.6273967934324876e-05, -0.36510083175974956, 0.41775083802268603, 0.4193775284851194, 0.5007490611117353, 0.05087147376822657, 0.021638869227619796, -0.016107935881541247, -0.07493565986386722, 0.29842996667333577, 0.3194234450236905, 0.08141289491195926, -0.00017559728636133164, -0.0004597627390337016, 0.0004558424931716703, 0.05025641502146172, 0.00020654048354098306, -0.001527529810546981, 0.0003735717186042672, 0.3888486090020189
32, 2, 1, 0.00012596463905279034, 0.012893034491329728, 0.986942614379487, 3.8386490130540234e-05, -0.24384470031108862, 0.4704684536143219, 0.4793683558796807, 0.34424368965824226, 0.16809310206287637, -0.03510626057309568, -0.23940321452402724, -0.10969214959578784, 0.07887427538839839, 0.30885616832801904, 0.054647768431630814, -0.0008267892833564563, -0.0003563586950290507, -0.002018135218213293, 0.04873532575173044, 0.000930566446600899, -0.000985382955070549, -0.0021843542842067574, 0.3888486090020189
33, 2, 1, 6.924101604538842e-05, 0.012897021494104944, 0.9869952372325626, 3.850025728715535e-05, -0.37395857974032287, 0.282034227845107, 0.4605873436776379, 0.5366394256574998, 0.2203207719575584, -0.05630266036286995, -0.06011849470174134, -0.32356645926033856, 0.047553822775942646, 0.3524282021520105, 0.17512651327065168, -0.0002276751963194407, -0.000868405333091531, -0.0026492619185576024, 0.0486726436410886, -0.0003153780776738403, 0.001312012948227769, 0.0005451977052074024, 0.3888486090020189
34, 2, 1, 6.682522198269079e-05, 0.01289737985906813, 0.9869972941124951, 3.8500806454074914e-05, -0.5073011268476797, 0.47767230065995553, 0.4204794853027286, 0.4333250456202798, 0.27482826801531945, -0.0848095817981078, -0.1146141602269258, -0.10931063138934154, 0.42611597272826734, -0.0505453129515351, 0.1381687562725443, -0.0022815654696899997, 0.00029735483894866835, -0.0016828625427758922, 0.0496212418354862, 0.0018013708723496804, 0.0006526904009326698, 0.0012511325049685018, 0.3888486090020189
35, 2, 1, 3.2029801527315642e-06, 0.012898410773832051, 0.9870598724793641, 3.85137666509995e-05, -0.5706434201329855, 0.3263498218679124, 0.3623036510096662, 0.6300855882664746, 0.1351499756136026, 0.061512139038784386, -0.22335487379146834, -0.29566761289326393, 0.2874532437176292, 0.23411863372670502, -0.10477864696122738, 0.0009635936577118984, 0.0001247856367031558, 0.0006622057435629606, 0.04917812894093556, 0.0001156702420835422, -0.001256682704399989, -0.001089051242078704, 0.3888486090020189
36, 2, 1, 0.0018606200140312082, 0.01092626338919876, 0.9871746007238523, 3.851587291768063e-05, -0.3754587350393573, 0.32561573337003735, 0.4293623049373493, 0.3384479893137529, 0.031271801195812465, -0.06118787387018032, -0.0963552813437472, -0.25817263481030706, 0.37616420966032527, 0.21878297271410344, -0.02863699299126362, -0.0009263080359058342, 0.001078481746384077, -0.00022577479158820534, 0.05016412512224801, -0.0010752759458927232, -0.0006350572288670385, 0.0005735856509501922, 0.3888486090020189
37, 2, 1, 0.00020224895284336707, 0.010914355456897989, 0.9887830928965875, 0.00010030269367120829, -0.3535976341711728, 0.19988214988622652, 0.5097038148808842, 0.49389434896974044, 0.15747054517728354, -0.17450806126725932, -0.06112897011533051, -0.07929001624469505, 0.19527636356449798, 0.02881233002396355, 0.022499979507463644, -0.0004145422097934272, -0.0007198516178826754, 0.0005451249553786309, 0.051483323241821734, 0.0002050724846912828, 0.0009029346092130144, -0.0006147190307736225, 0.3888486090020189
38, 2, 1, 2.448473434606514e-05, 0.010918430154543293, 0.9889566185599113, 0.0001004665511992912, -0.2898174832060786, 0.2955905611798955, 0.37787580056328673, 0.19209169433138937, 0.13716881582890803, -0.017090659315735345, -0.1286972571214248, -0.18735629614813215, 0.30035355165414684, 0.23628030757384738, -0.17871093116057152, -0.002981478520950095, 0.0005661513528373535, -0.0008369410925438664, 0.05000883841937219, 5.5094830117209006e-05, 0.0009157812268322475, -0.0014231967546141859, 0.3888486090020189
39, 2, 1, 2.823309745360013e-06, 0.010919056000669485, 0.9889767235086033, 0.00010139718098180287, -0.4310652604834099, 0.35891453304722476, 0.3697256139458479, 0.39853494432620595, 0.25733633694797875, -0.1341220878979325, -0.13106312732412997, -0.14686742937448422, 0.2201376331421822, 0.10715639275317523, -0.0691340974674759, -0.0013680222551801986, -0.0017987395888701585, 0.0009862728451730221, 0.049670108133895434, -0.0021503907325413677, -0.00019966323649215435, -0.0005375425170105966, 0.3888486090020189
40, 2, 1, 0.0008449675294215206, 0.010060951236038946, 0.9889924323714242, 0.00010164886311540929, -0.37367006805355557, 0.1926459556455742, 0.45886718989117464, 0.3498416294074358, 0.057627879667523384, -0.00484738826103479, -0.14432765842994255, -0.26034004591790105, 0.08584965707777852, 0.16332185543078354, 0.12799019546699508, 0.000709435828488544, -0.0010898615214830296, -0.00019050346690646782, 0.0511299460009216, -0.0014943640674486027, 0.001138437229308338, 0.0014527328860174308, 0.3888486090020189
41, 2, 1, 0.0005667567486469532, 0.010000831384397123, 0.989324769131892, 0.00010764273506396724, -0.5492679678100764, 0.45376012212816424, 0.33448667330566495, 0.46894384007731543, 0.048896612641737544, -0.2083376846971606, -0.07011496273459138, -0.2344665151860758, 0.16877094903815287, 0.2236030281854487, -0.031928210306459134, 0.00023315885555336862, -0.0014488877491219668, 0.002449599764234449, 0.05055761129968691, 0.001406992625966441, -0.0005337208151853523, 0.0002505445455557238, 0.3888486090020189
42, 2, 1, 0.0002722949968891498, 0.010020100557681079, 0.9895856072075997, 0.00012199723783002158, -0.3787908562829704, 0.589544687038466, 0.2054226752619998, 0.30608583162338376, 0.13643269940117986, 0.0034345660436469138, -0.10529693252669184, -0.050437682414229947, 0.28001302105685577, 0.14282454244542178, 0.024381948566513097, -0.0025254214281638164, -0.00012219617508976352, 0.0011654077392937484, 0.0507740897667049, -0.0006194688349433649, -0.0015052648095161374, 0.0001947480653749, 0.3888486090020189
43, 2, 1, 0.003161600926391068, 0.0059749727216080965, 0.99068989590629, 0.00017353044571090476, -0.30583365174920535, 0.31351693763085253, 0.449866501745546, 0.5591729929663055, 0.1034865842898881, -0.10359501303945344, 0.09483527504322078, 0.0008322421054054452, 0.21861161907084697, 0.11434419389837333, -0.01501748252986235, 0.0012278188260151836, 0.0011219584349334718, -0.0009243633464987588, 0.05073464787664027, -5.6093258765726315e-05, 0.0005737683968463723, 0.0008479603558830517, 0.3888486090020189
44, 2, 1, 5.0998038300315375e-05, 0.006089444522862076, 0.9936670690486117, 0.00019248839022580397, -0.1080095517570939, 0.34435578044108217, 0.4459905949155464, 0.29787785459693567, 0.05579016550473309, -0.16452712827373844, -0.1957778332113244, -0.07435926457675684, 0.24453788681556704, 0.11710630409447007, 0.06451749140714072, -0.0005594006866682091, -7.615655515444807e-05, 0.0012222718431023287, 0.04903257043689943, -0.00038966263224525456, -0.0023157992283830498, 0.0002548500108183511, 0.3888486090020189
45, 2, 1, 4.819619880320875e-05, 0.006090025657246637, 0.9936691835918271, 0.0001925945521231073, -0.4667440783620185, 0.3957604918637502, 0.591905851025506, 0.31580380313625833, 0.27604233477500045, -0.255737989488863, 0.09903495140242517, -0.06633410360660232, 0.08999582322173699, 0.13701238393582232, -0.07973441606730028, -0.0016459759941914963, 0.0022450332526541303, 0.000722469336184332, 0.050815735249239005, 0.00037352837332022763, 2.5789867354948663e-05, -0.0019400837186247482, 0.3888486090020189
46, 2, 1, 2.4957165059127124e-06, 0.006090345890803685, 0.9937145448772469, 0.0001926135154435456, -0.3725396405330684, 0.27730480701409965, 0.4658527250615653, 0.4587041032170541, 0.053342775707551505, -0.06737201165469003, -0.37673824820635743, -0.25666215245797386, 0.16099401076996717, 0.2114106440724351, -0.012621383240660386, 0.0007680721289029019, 0.00014492807547406423, -0.0012337731204451626, 0.04870689148038818, 0.0013175999175633825, -0.0005252430644811386, -0.0006220166746047265, 0.3888486090020189
47, 2, 1, 0.00017491178596802377, 0.005908558088290667, 0.993723486844488, 0.00019304328125333296, -0.2442909637820939, 0.2910855751686577, 0.2567520703015719, 0.5136075986492727, 0.12609377988662435, -0.04034218973120105, -0.14788531628513263, -0.3182023202671179, -0.00015818326930678862, 0.3050294644889034, 0.05646687286155232, -5.4718696332069236e-05, 0.0011271668551801153, -0.0008401611072898985, 0.051999763916112565, 0.0015712827013234596, 0.0016286561558830279, -0.0009466973220066509, 0.3888486090020189
48, 2, 1, 3.1897860693948136e-05, 0.0059216732661120765, 0.9938375423421426, 0.00020888653105128254, -0.2844011723327987, 0.30221403612758535, 0.3606657908216082, 0.32479616059522376, 0.1848827400420363, -0.2347434946333083, -0.05304896584581462, -0.2744381758010786, 0.07449511835910849, 0.13358549450104432, -0.09720912751727319, 0.0009391477718279752, 0.0013124522313502282, 0.000121721335989786, 0.04963490968846894, 0.0006211165377021338, 0.0007942670425686467, -0.0005239565673927218, 0.3888486090020189
49, 2, 1, 1.034637357031546e-05, 0.005922154959662237, 0.9938586111685681, 0.0002088874981993688, -0.4608058592849126, 0.21043324014742035, 0.5752856227383265, 0.47587073538976765, 0.28883139639105526, -0.012069008318335673, -0.29789598670246364, -0.27056177456325453, 0.28331004810231214, 0.05017766637286136, 0.09270562546192158, -0.0009024584385303538, -0.00031346348614091137, -0.0007057343755480229, 0.05002245181907813, 0.0005577759486780651, 0.0005756847891000259, 0.0011722810833990865, 0.3888486090020189
50, 2, 1, 0.0014540274480710155, 0.004439051105350745, 0.9938953703688449, 0.00021155107773332654, -0.39065444154009393, 0.3270194429797161, 0.32085291761612755, 0.20468086141057046, -0.07113214172451843, -0.18543357636666813, -0.08394226398519847, -0.18388684392533855, 0.15978208737643304, 0.12588609062425182, 0.11602472029432795, -0.0005894145115826484, 0.0016242340078352758, 0.0005940518130837036, 0.05160297449914173, 0.0016866754957279829, 0.0015007524654333817, -0.0011685023329725546, 0.3888486090020189
51, 2, 1, 1.4545956997158674e-05, 0.004471165099416091, 0.9952968239212896, 0.00021746502229704295, -0.1799741945799878, 0.17228725284748417, 0.554912653723099, 0.29373533691116854, 0.24790968440786906, -0.11271665847004028, -0.15516801223633808, -0.09291751489387293, 0.11679459834738912, 0.32875588477784434, -0.01563298103348569, 0.0008532469486470271, -0.00018491704142863439, 0.0016885583041721, 0.0493849551168637, -0.0013462499217342578, -0.00038068027009244905, 0.0017024417905969406, 0.3888486090020189
52, 2, 1, 9.728695330559351e-06, 0.004471379721901201, 0.9953011184264149, 0.00021777315635335799, -0.34240487343663617, 0.32012171845352955, 0.3538250886133373, 0.4293540759637501, 0.17589981758069392, -0.20159029157231867, -0.2635401237778147, -0.21285274223475112, 0.06698794916791735, 0.1714127962456363, 0.12728541903491755, -0.0004894065731891657, -0.00019009846288908701, -0.001619235066712695, 0.0503721960999185, -0.0002756534733408878, 0.0024236233231157726, -5.415409013250636e-05, 0.3888486090020189
53, 2, 1, 3.238358689831461e-05, 0.004433873094094012, 0.9953075722472141, 0.0002261710717934753, -0.2146579483414189, 0.25265181907118156, 0.4242951398541971, 0.6325116602304262, 0.11778114777593889, -0.21386703640739446, -0.05830742482791803, -0.032557719655795035, 0.038560855056373786, 0.11770134941374248, 0.0547705290634725, 0.0007379852880483139, -0.0001320427730347041, -0.00037557464742755725, 0.049623432132058484, 0.0003081622662112083, -0.00028464170589477295, 0.0008469178411243807, 0.3888486090020189
54, 2, 1, 2.2366896522330788e-06, 0.004438352797579554, 0.9953320418845664, 0.00022736862820179542, 0.023904682007261435, 0.2990717180237883, 0.477231872610054, 0.3983726731636056, 0.19140636777438447, -0.2588065705766089, -0.06257493986259698, -0.2533919598322173, 0.061009465492603984, 0.09656667864047232, 0.12875749376953718, 0.0004776963412514958, 0.00028413943551615654, 0.0012687388039055538, 0.0498916583337678, 0.0007283457831594854, 0.0005837066202796775, -0.0022273850123418486, 0.3888486090020189
55, 2, 1, 2.2365609215211806e-06, 0.004438352789215552, 0.9953320426317006, 0.00022736801816246918, -0.2802920146706035, 0.5580395751920282, 0.21429404855176876, 0.3461666957463914, -0.10938810418547736, 0.013664456567933358, -0.2160030413911806, -0.21766211090578885, 0.23771772905591143, -0.14752735478869378, -0.0343664270779962, -0.00011038794277681038, 0.0011344330249089822, 0.0005521765597069129, 0.04855224893510337, 7.649695211474537e-05, 0.00048806069306898595, -0.0009840682396967117, 0.3888486090020189
56, 2, 1, 0.0003878704595951431, 0.004059533447310248, 0.995317657759539, 0.00023493833355581062, -0.23122100200273374, 0.18512844342496715, 0.28279882625697583, 0.47153629716263684, -0.0328933460882004, -0.11420753187408265, -0.02052708810867443, 0.015482645100865855, 0.08124015293040823, 0.3985532477570633, 0.06052329966048324, 0.0007957485074302195, -0.0003737689828198751, -0.001025557782965799, 0.04821499911172271, 0.0006511322327369033, 0.0011075302123778978, 0.00029667748474603326, 0.3888486090020189
57, 2, 1, 0.0002302839332162673, 0.004063819020565689, 0.9954696931318061, 0.0002362039144120302, -0.2111670406084428, 0.2456963847546199, 0.26531774204816544, 0.42804872686413464, 0.18048307959863066, -0.15573758918377636, -0.2931270649266559, -0.1215356236225456, 0.24470768333992304, 0.21019441413331688, -0.022608499072433084, 0.00037846273200270106, -0.0016280510043318007, -0.0006776637678560461, 0.05032317291105829, 0.00018703549269940179, -0.00012968129972158192, -0.00014102723651135437, 0.3888486090020189
58, 2, 1, 9.677120318297385e-05, 0.00408103031224125, 0.9955750023887643, 0.0002471960958114744, -0.12629053361004908, 0.5051880245744955, 0.09859647507281037, 0.4595004164682921, 0.11899192089973001, -0.13958225652439427, -0.19158913232453925, -0.19239347143136282, 0.1568109829193048, 0.20229354603092126, 0.0699053146772298, 0.0005037806845400564, 0.0007761715121636112, -0.00022926622720283564, 0.048503523349996074, 0.0007716329000731214, -4.390349532674109e-05, 0.00025917343326227867, 0.3888486090020189
59, 2, 1, 0.0002699188090765232, 0.0038174362291796757, 0.9956247165484631, 0.0002879284132807306, -0.17135731011505856, 0.20362465132790333, 0.4779699676934772, 0.3508795954216395, 0.08780200841257182, -0.043533789325998176, -0.16028126919902982, -0.050878857008214685, 0.08213022954178753, -0.04232274292275129, -0.07962456455024847, 0.0009321843195466133, 0.0008520909581529054, -0.0020503487328704184, 0.049616078914488895, 0.0007235476756506741, 0.0014172867416130052, -0.0012759787481401155, 0.3888486090020189
60, 2, 1, 0.00023195779045709082, 0.0036754101288199855, 0.9957589853608809, 0.0003336467198420163, -0.3354609216096707, 0.2257650492438812, 0.31276395635169474, 0.43510341261767727, -0.049887869006327176, -0.07797276406247586, -0.14676515641875573, -0.08762091078118255, 0.14403089522147558, 0.12412254540785794, -0.08436581082336692, 0.00024009947838942385, 0.00017337537072852066, -0.0005470610242860322, 0.04988068147130817, 0.0007100864659168934, 0.0008143549737880983, -0.001021976034496789, 0.3888486090020189
61, 2, 1, 0.00019596333848128863, 0.0036530147924888315, 0.995803170108222, 0.00034785176080807365, -0.33876769929258643, 0.1418242228204516, 0.19903874699461296, 0.33355691128827225, 0.03721207026207414, -0.013155049318523682, -0.3081172224388654, -0.019913461954256882, 0.195600044909049, 0.003910300067251171, 0.08033912844321443, -0.000913096280929713, 0.002125666124390856, 0.0007195135561230605, 0.050376765495843544, 0.002300040779672461, -0.0008126428794371368, 0.00015202418696684287, 0.3888486090020189
62, 2, 1, 0.00015528843142046365, 0.003660390435108559, 0.9958295004146405, 0.00035482071883043603, -0.367959324253951, 0.205664330160441, 0.2850719953203003, 0.38371700513017665, -0.008668988560954726, -0.3601022845329476, -0.04627010898548227, -0.041240407383389986, 0.1703143029287651, 0.14554919661486088, 0.1549693666449848, -0.0011458634513955433, -0.0016301092777188519, 0.0004242197319846505, 0.049326976195079975, -0.0010403620353901162, 0.0011180237166873211, -0.0017794646590222445, 0.3888486090020189
63, 2, 1, 3.0999557356229047e-05, 0.0036632896001639863, 0.99585020247751, 0.0004555083649698132, -0.1630780551108951, 0.38151377179009816, 0.2994075350452944, 0.46303780967658714, 0.2819135240618861, -0.056291289159242405, -0.15767249023809643, -0.13087771536304182, 0.06932420413735882, -0.011889048702018502, -0.0857766224438685, 0.0008352274703224032, 0.0009014229399608083, -0.0008283060286998073, 0.05070544950540225, -0.0005995805960849097, -0.002153789917427004, -0.0006425205147533965, 0.3888486090020189
64, 2, 1, 2.3408330678943124e-05, 0.003664200072299977, 0.9958531850392489, 0.00045920655777219495, -0.4696609890587494, 0.09447260538393498, 0.09712805191782845, 0.5088184788515978, 0.21809298910081337, -0.10445900502797797, -0.048923073744318236, -0.010231084751302254, 0.23525821695291166, 0.04838420706915619, -0.14579172920195277, 0.0010396796833319513, 0.0007165433040991501, 0.001137557717876826, 0.04974897911933092, -0.00030544878366960544, 9.699415485065884e-05, -0.0007908025446561641, 0.3888486090020189
65, 2, 1, 4.7229235776189825e-06, 0.00366486947718472, 0.9958709666465494, 0.0004594409526881692, -0.2767246177837308, 0.18864374817413285, 0.26090017067146093, 0.27718205407963764, 0.14058383256605217, -0.09917533387708075, -0.17783392273838533, -0.22348435325874397, 0.2615243961844893, 0.09599236490568107, -0.13407884801550993, 0.0014864632882728023, 0.0006762674948306763, -0.0016208161850546833, 0.0495560044061993, 0.0004996947564498242, -0.0010362130054919377, -0.0013035310189418296, 0.3888486090020189
66, 2, 1, 4.638141000683113e-06, 0.0036625213007036184, 0.9958725423825767, 0.0004602981757190937, -0.3220723939624503, 0.2742492319786275, 0.10217614548854759, 0.591299275095223, 0.13665079303753386, 0.006129429585934365, -0.30461758597627037, 0.0024373419277912145, 0.1572789254561945, 0.14188938240037016, 0.01940213199232447, -0.001366265983233569, -0.0014930079216188095, -0.0025260899073785096, 0.04898049860549328, 0.00025935665290882783, 0.0018337556884884085, 0.0007804176505029096, 0.3888486090020189
67, 2, 1, 0.004440127822151843, 0.0037986754177806543, 0.9909691012338184, 0.0007920955262489801, -0.15753138415354723, -0.03513273877069874, 0.32888834136174533, 0.5286833469482394, 0.1272037688095186, -0.29360742829437375, -0.06867357376224652, -0.09242555558888232, 0.17398211057857413, 0.10454652938903986, -0.0654052723081422, -2.3154998372800483e-05, 0.0016812688666130195, 0.0014265928008071888, 0.04991608088279679, 0.0021857710088013195, 9.430642799930681e-05, 0.0011538445346716028, 0.3888486090020189
68, 2, 1, 0.0011914344578469486, 0.003821213336120534, 0.9908970228293998, 0.004090329376632644, -0.21670700751847013, 0.06287801406003508, 0.13697786330346623, 0.4579288327673419, 0.15095333206698075, -0.3785078811351018, -0.18650134235068622, 0.023928702014366955, 0.006442212901278732, -0.11531350692104159, 0.10590405313771356, -0.00040915476298032546, -0.002369049985176166, 0.0008414237730416492, 0.05125694548140301, 0.0004726329122429398, -0.0004142466689576427, 0.002109042524470929, 0.3888486090020189
69, 2, 1, 0.0010685698658747598, 0.0038249693924854535, 0.9909842884137938, 0.004122172327845949, -0.10771279894569566, 0.07271116461773211, 0.35227576117880166, 0.45828163958863205, 0.0626104260705391, -0.06702854519597054, -0.3303427183747078, -0.003067868711278743, 0.06234116795928781, 0.15257813965783998, 0.1555903358159253, 0.001044813394833082, 0.0007801631506153922, 0.0008578716611198333, 0.050171205389315986, -0.0002474783719715604, -2.5190213748920376e-05, -0.0008590981047638466, 0.3888486090020189
70, 2, 1, 0.00633667419098319, 0.006641408875205131, 0.9677866551934954, 0.01923526174031635, -0.20267322444576505, -0.11444048252224197, 0.0118905730405497, 0.3874989940706209, 0.4256920812838366, -0.031103243754254117, -0.13538106419275323, -0.17072924523949534, 0.016069750161946138, 0.2506461677238859, 0.035525933499198074, -0.0006105653689599631, -0.0006312799132578575, 0.0005552743245376622, 0.05101569843274421, 1.4642275486224798e-05, -0.0006736745829725918, -0.0023214267847466237, 0.3888486090020189
71, 2, 1, 0.004335909356524233, 0.006648332523385966, 0.967814571474555, 0.02120118664553493, -0.2670187751483392, 0.42723574249945956, 0.09483377341617527, 0.6686608825193734, 0.10602651173207747, -0.11841462856665692, -0.06310105731470346, -0.04903674938953588, -0.008119133034177727, 0.00521403641355297, -0.11020738730354343, 0.0003381169129626601, -0.0012581600948585133, 0.00013716590173296092, 0.048368715506990366, -0.00010020268346106712, -0.00019361934127533022, -0.000319382362878536, 0.3888486090020189
72, 2, 1, 0.003931295977092677, 0.006714380063284616, 0.968088236858104, 0.021266087101518855, -0.3027392208065629, 0.08548284603833196, 0.13558665808468456, 0.47643201038810795, 0.10081383894881421, -0.2594440614361463, -0.2854457915952418, -0.1557229843163735, 0.20591727077430413, 0.04118654918009287, 0.06649674220686927, -0.000872904984701826, 0.0006579418609581975, 0.0006761299612923547, 0.049395651412689826, 0.0016301830982925584, 0.0006722500588441215, 0.0014423121680714776, 0.3888486090020189
73, 2, 1, 0.002780368954723644, 0.006789284718094756, 0.9688069089381383, 0.02162343738904332, -0.23329165367750698, 0.13383771318276347, 0.2814206927553582, 0.4306621174699403, 0.3695607463372629, -0.12659236387024517, -0.21561654278587322, -0.03088104431763298, 0.12519011466971006, 0.21170803820139641, 0.07878987774256631, -0.0009019640095549208, 0.0003861133947076172, 0.0018879588559079172, 0.04938596762694243, 0.0005474743748219134, 0.0021182536174204946, 0.0003264269408456426, 0.3888486090020189
74, 2, 1, 0.0011396333852731937, 0.006821173226970544, 0.9683741741112802, 0.023665019276475963, -0.1930868984545395, 0.20054655069607574, 0.11961402347934062, 0.12408049206272662, 0.004753651639101375, -0.1316308451567643, -0.13246578879105303, -0.12316463317416393, 0.023017659248180077, 0.060902974687017886, -0.07099450136759206, -0.00034212501231147826, -0.0011001106181935387, -0.0007007575175628011, 0.05134941872448593, 0.0002250980416183742, 0.00021222423227019055, -0.0008645074422983092, 0.3888486090020189
75, 2, 1, 0.00033198723620975185, 0.006451350072301727, 0.9677493636199284, 0.025467299071560215, -0.20966892654056074, 0.14363755012487162, 0.22723075278237714, 0.3414573460147783, 0.0785630707054878, -0.1513723193534291, -0.08435483782829534, 0.08152966224094363, -0.004082235620849051, 0.05244760279596683, -0.10544961474439334, 3.020997923847232e-05, -0.002296243036638671, 0.0004517756913665829, 0.0496701759930464, 8.23014622351006e-06, -0.0007983333755570228, 0.0010365207243921253, 0.3888486090020189
76, 2, 1, 0.0008019761291666847, 0.0043291262579801155, 0.9677770545485236, 0.02709184306432969, -0.333260522710373, 0.1978895554336995, 0.21058005377071165, 0.4540080743567497, 0.09287171486785942, -0.03120060725696594, -0.12635106427302684, 0.12432649440004076, -0.08464904689423157, 0.13193476394830414, -0.03621063027553771, 0.002276157818985201, 0.0007747446963506881, 0.0012255291884293877, 0.05126996734554325, -0.0012909438487897717, 0.0005908655164763891, -0.0002904349295121104, 0.3888486090020189
77, 2, 1, 0.0009654701662474007, 0.004096604901087516, 0.967842846153113, 0.02709507877955217, -0.2799547702728703, 0.21573028155613422, 0.21885880760344625, 0.41150051583062136, 0.04216277823646365, -0.031913582713884295, -0.015525790360415459, -0.10295296197847062, 0.24922169760471086, 0.19774134947212113, -0.011050440398235255, -0.00148920406296453, 0.0023756035338286688, -0.0008673156788556911, 0.05170622101723861, 0.0007966069081150401, -0.0018854252883696045, -0.0010770869761647078, 0.3888486090020189
78, 2, 1, 0.00164183922480603, 0.004224081479454024, 0.9600125265498418, 0.03412155274589816, -0.16826233252092698, -0.011239114190486644, 0.26481927481678075, 0.4968785365079471, 0.15665809462814181, -0.2873838113511832, -0.04474000839725754, -0.1328291166226189, -0.07292737973414765, 0.1992888943056354, -0.11548312527978413, -0.0008011773963228655, 0.0003184552677308659, -0.0006590026982122111, 0.04984018099802628, 0.0006544215896049203, -0.0012637060061440383, -0.000991229261842182, 0.3888486090020189
79, 2, 1, 0.002941861916193394, 0.004289445113711981, 0.9585439406110842, 0.03422475235901049, -0.1902488179748852, 0.17209323148350114, 0.03121000831427494, 0.2621652129800108, 0.08298542652594239, 0.015995632387829438, -0.061219803723017066, -0.10619413560084985, 0.13532546832383852, 0.17001011623923507, 0.09641356802678067, 0.0013380320685925304, -8.056756654165578e-05, 0.0019013442726704363, 0.05055077676230918, -0.0012912055253725828, -0.0003965490721862124, -0.0013622726975185454, 0.3888486090020189
80, 2, 1, 0.003914754553662092, 0.004292040981972202, 0.9575509752585225, 0.03424222920584323, -0.028602595910091712, 0.11916348221323744, -0.019929619760192495, 0.4690697410120718, 0.15916676049649045, -0.03784029180017291, -0.2701535456268261, -0.18869151824302416, 0.135263597670385, -0.04134027126259967, 0.1782027901162673, -0.0014889183295942077, 0.00023298839430079002, -0.00031334717113378564, 0.04966907238577988, -0.0008447300798933119, -0.0008130107921373361, 0.000261620725002324, 0.3888486090020189
81, 2, 1, 0.009873346889933191, 0.0042866752780867145, 0.9511644405168542, 0.03467553731512587, -0.03267777096975816, 0.09022995158880401, 0.03326923127114183, 0.46468104114126724, 0.09810978444658028, -0.019962347427682582, -0.21476560977569684, -0.012291913255406083, 0.13347270621108404, 0.08720178192597415, 0.08776194985025441, -0.0016225785145963748, 0.0007055154623350387, -0.0017418447907147964, 0.048927265924305234, -0.0008446062035100023, 0.001026368454273187, -0.0008707666544529724, 0.3888486090020189
82, 2, 1, 0.0099184395976519, 0.004255803448548862, 0.9510808275146363, 0.03474492943916294, -0.16087326212435676, 0.010127786494033519, 0.2509515569012791, 0.3119260705836161, -0.05836768314572769, 0.06358090351255115, -0.3142617034898503, 0.06200666450510141, -0.14247146133393077, -0.02338144976398453, 0.09284041106603255, -0.002132291554240627, 0.0008001103638105552, -0.00023073420212098116, 0.05057083005942128, -0.00045810834354553635, 0.0021621544555541846, 0.00029917969616128574, 0.3888486090020189
83, 2, 1, 0.01899973687496778, 0.0011931220805387719, 0.9445945456177887, 0.0352125954267047, -0.10762848785897079, 0.1901939359730202, 0.1348869048490336, 0.24477987449439437, 0.02212847238050487, 0.01819027643641389, -0.014634656815537817, -0.0428401422221297, 0.14131902099753568, 0.10807674707770323, 0.13484717351076458, -8.406993762317167e-06, 0.0004456273053726357, -0.0003774546873907303, 0.05098678250123173, -0.0011158985654388324, 3.478371588506311e-05, -0.000984383416162203, 0.3888486090020189
84, 2, 1, 0.02255750192780411, 0.001561641196179218, 0.9400048695299966, 0.03587598734602006, 0.024216121771467015, 0.15632350368925838, 0.058353006334365964, 0.50733321957134, -0.02465174802008936, -0.04504846753219344, -0.10958292050717529, -0.08340490447556405, 0.21998297914981677, 0.09971710977222129, -0.08777463447459809, -0.00048344264296369547, 0.0005414311235954232, 0.0025974455627385414, 0.04899285852685316, -0.0010965379567978968, 0.00020060119289696507, -0.0005302674846595234, 0.3888486090020189
85, 2, 1, 0.018424459107990898, 0.0018795623174889032, 0.9428743945586682, 0.03682158401585195, 0.11326641130042794, 0.2626036092424068, 0.12354619230994943, 0.519910533275059, 0.028608155121943722, -0.1380520545887755, -0.21518103519146883, -0.21497984693822253, 0.09448733980718835, 0.14990768083845635, 0.01152300176467221, 0.0003408306214698144, 0.0005146926076386139, -0.00014910629050837612, 0.05060682243094472, -9.85885880256669e-05, -0.0005425867833781526, 0.0002009810495833322, 0.3888486090020189
86, 2, 1, 0.010092246491092072, 0.002439920775892774, 0.9381743781719104, 0.049293454561104795, -0.15860038326633646, -0.0010510657075526787, 0.1217381387958526, 0.5303644494818284, 0.15671704988294904, -0.118775629476192, -0.002114996698078286, -0.0074362628215898785, 0.04117979354268756, 0.19443294295839003, 0.10686341335284637, 0.0020906633438315084, -0.0004293107376912932, 0.000894836951116802, 0.0507446750278322, 0.0006930014848201168, -0.0017861899661532096, -0.00026067906864056945, 0.3888486090020189
87, 2, 1, 0.04600348625343867, 0.0017943447056974155, 0.8675084896390959, 0.08469367940176814, 0.06627606477130807, -0.03198911620443029, 0.09534835278111678, 0.2628298545069996, -0.05102706274303019, -0.17690017297661642, -0.06698645429418952, 8.412333084306667e-05, -0.0717623160280495, 0.1454473692989654, 0.08098467086118963, 0.0006495518420637315, 0.0004264807699085175, 0.00011677464907494289, 0.048407373049767326, -0.0012527264000556746, -0.0012955366873722031, -0.0009927767211205657, 0.3888486090020189
88, 2, 1, 0.032080615439909956, 0.0016852545056609358, 0.85169292986876, 0.1145412001856691, -0.0014231019677459988, 0.01736052864444231, 0.22834922627893733, 0.13083065415548822, 0.003463643152222229, -0.029987612117824913, -0.17693760114508802, -0.06734025028077865, -0.1064710282370331, 0.09609342275268914, -0.02520171763736908, -0.0006868708473252014, -0.0016368038154567122, -0.0016579194367725872, 0.049935150307729013, -0.001046383285468226, 0.00041312376954929207, -0.00010772910484127456, 0.3888486090020189
89, 2, 1, 0.048625122754192625, 0.0011721965819123555, 0.8355586800343344, 0.11464400062956069, -0.06705986091468644, 0.03226168497563711, 0.04451137871377697, 0.3435522582692915, 0.05144777091829482, 0.07234731674804618, -0.13522186568478953, 0.03291851071985062, 0.24297965529201054, -0.0474890043385204, 0.1308580727025646, 0.0007119039008869774, -0.0014495378711465883, 0.0007616155490632259, 0.04856299290488586, 0.00015898396325978408, 0.00026229573012473385, -0.0006523725682204336, 0.3888486090020189
90, 2, 1, 0.039201237877890475, 0.0005831764166498778, 0.8356254041217809, 0.12459018158367871, -0.03700326076110751, 0.2569163737981271, 0.04717819915855276, 0.3604597172128282, 0.015878871061851162, -0.10136215166491844, -0.11747110411078321, 0.13793577914082583, -0.09338941337496362, 0.17152625675317842, -0.006153724439503313, 0.0002576996183469987, -0.0007068063437974995, 0.0023365183971255725, 0.05005197747986825, -0.00011261794942051585, 0.0018756885725493392, 0.0017155491473573585, 0.3888486090020189
91, 2, 1, 0.03478673128667313, 0.0006840287392308697, 0.8366517019467558, 0.12787753802734034, 0.038349940316219785, 0.21912897530278436, 0.10345028234831784, 0.5867152162084941, 0.12294939795203588, -0.04068170574753901, -0.15298803044489193, 0.15761163975325182, 0.08473940465762955, 0.2459631113008384, -0.11917058765288298, -0.000658298214248457, 0.00043833481559870275, 0.0004219675579435858, 0.05063061445349511, -1.4014942164918994e-05, 0.00037501205262723637, -0.0009639752125886122, 0.3888486090020189
92, 2, 1, 0.013358655284827818, 0.0007126484784822523, 0.8361342195987566, 0.14979447663793344, 0.2366287366726867, 0.07446462671119465, 0.12597622850917606, 0.4861495464526234, 0.23196965346368917, -0.12568166437488368, -0.022255844259326495, -0.08394471306231309, -0.13560621638295284, -0.056309376686234223, 0.09807078969697122, 0.0004165752228000713, -0.0003385416751640559, 0.00021945234310870272, 0.0505539959963822, 0.0003453283153638803, 0.00034346194659301305, -0.00126868936000253, 0.3888486090020189
93, 2, 1, 0.01596781513373224, 0.001134546387505093, 0.8220302915188478, 0.160867346959915, -0.06692547534424305, -0.1114031525146986, 0.23898574263893582, 0.13890730202616872, 0.05389091095714656, -0.050771755817613784, 0.09873254867325362, -0.19296493669084475, -0.13285242765669772, 0.0005173286445454173, -0.026380413007570647, -5.388748682523475e-05, -0.0003523498311644169, -0.00012230851698887059, 0.04914154809069069, 0.0018916289706585987, 0.0001125990657321801, 0.0003893915364931525, 0.3888486090020189
94, 2, 1, 0.026190469288368993, 0.003418669025390119, 0.7592259540552446, 0.21116490763099613, -0.10665249476230909, -0.06898730819511868, 0.060919219191042796, 0.4727101779999576, 0.21867618951046386, -0.24576256441345698, -0.12022596947917914, 0.008232329009115424, 0.025725058053064465, 0.31116177770135467, -0.06711518651667668, 1.8834212764852485e-05, -0.0008983121377124058, -0.0015364415668785863, 0.05064899329093853, 0.0013277615197593308, -0.001182683464165538, -0.0010336302782189256, 0.3888486090020189
95, 2, 1, 0.020235471733218328, 0.003823605802518744, 0.7507136320515262, 0.22522729041273679, 0.16889973778091097, 0.0523586962161276, -0.03657835406902362, 0.5939682892034917, 0.16173917508773486, -0.13562476488742517, -0.2382827448692652, -0.09298942939366658, 0.01238454278863545, 0.020508465874968507, 0.012320985133708778, -0.0011728793646083953, -5.968308431767792e-05, 0.0011084646218100665, 0.049798587993784574, 0.0008607722113373468, 0.0014268079456399424, -6.063055370835193e-06, 0.3888486090020189
96, 2, 1, 0.1276194252319133, 0.004084568720534039, 0.6352252786519887, 0.233070727395564, 0.1477271144560625, -0.04336353575969545, -0.02744522480927472, 0.4873027428148099, 0.08782785242418974, 0.02582269034079827, -0.14994994595659922, -0.2619413051326663, -0.06371116153925455, -0.15019529130393422, -0.04792129778889229, -0.00029235886089287635, -0.00023926357093342394, -0.000805430555849457, 0.049574858212103966, 0.00032375004526602393, 0.0014873083748417558, -0.0002022530938046249, 0.3888486090020189
97, 2, 1, 0.009659485260981654, 0.0036572512049085544, 0.6289866243221842, 0.35769663921192557, 0.11230213020242744, -0.00996699571455037, 0.10448019021759025, 0.5490742804723231, 0.2931728895574276, -0.03898343431247575, -0.09791816526291211, 0.11366134438196569, -0.28488729896423143, -0.055017474188154634, -0.07430232007924503, 0.002114504435413798, -0.0003903938551842143, -0.0016851334949133036, 0.05082374618260403, -0.0007157277361171958, 0.0002645407900193664, 0.0017297303454905071, 0.3888486090020189
98, 2, 1, 0.010272984916863926, 0.0036560769140630174, 0.6281071629944578, 0.35796377517461525, -0.036752252805893414, 0.06414629993612297, 0.17890770098985675, 0.3693849028311707, 0.08910006619140971, -0.04319306525403273, -0.2659244523509744, 0.06307242007373642, -0.05161073597309296, 0.042279029495556404, 0.18044538346234087, -3.546264456135321e-05, 4.5988384369947784e-05, 0.0018074544619249354, 0.050632069448715844, -0.000771820999016922, 0.0006789718807623618, 0.00032557455731473627, 0.3888486090020189
99, 2, 1, 0.0031558877411315103, 0.0028205023690428734, 0.6233236077336186, 0.37070000215620713, 0.13522493440453456, 0.06976113487224203, 0.11248577031424237, 0.35818385938056296, 0.15287207934474886, -0.1069737706260411, -0.10221115392355218, 0.04610381967005213, 0.010891190727269339, -0.021711324983119555, 0.05486044921950389, -5.279713080216931e-05, 0.0011649952064038977, 0.0013480919093607911, 0.050003046492486936, 0.00018193321571416426, -0.0008686945806906382, -0.00025661887318583106, 0.3898054682423354
