t, Event, Policy, P(still), P(random), P(reach), P(transport), o(t), s_a 
0, 2, 0, 0.9580778479576111, 0.04013404995203018, 0.0017880871891975403, 8.02449426351437e-12, -0.5925039940840179, 0.6454864316638983, 0.739068028333244, 0.6546346665834456, 0.23716670952699523, -0.0506662306556071, 0.07442800347217175, -0.5327667627994321, 0.3267335364732852, 0.36354762868695417, 0.05606464069350657, 0.12395704057049398, 0.14600011020813347, 0.07801474624694861, 0.16409547819995057, 0.022110015387596067, 0.057320140319430425, 0.18932821312219658, 0.5407453858466458
1, 2, 0, 0.9570751803483262, 0.04047363441064787, 0.0024511852410223057, 3.705563132623958e-15, -0.5688424475847286, 0.5698115954392734, 0.6378285570794691, 0.5422494067285093, 0.10975956240153739, -0.11230791370746103, -0.1258950914083422, -0.25705711635900486, 0.4759574399573078, 0.1642339683042294, -0.12693089356117773, 0.18858864678715262, -0.12712282828905647, -0.011883335835291307, -0.17103500914355302, 0.2102863179274487, 0.0030292390560500817, -0.05538163994901657, 0.5407453858466458
2, 2, 0, 0.689110223889328, 0.10388769058490506, 0.20700208552214167, 3.625263112188867e-12, -0.5621184802688555, 0.5651543794968451, 0.6324610858101287, 0.5397953181064861, 0.10946815513280239, -0.11056498059214881, -0.12403790751739723, -0.1961512654349301, 0.31529363095102125, 0.28875951623482166, -0.00598478351715801, 0.028370265152601326, -0.1222513187981068, 0.122582925838624, 0.006896531987501347, 0.151269061479897, 0.048593178875276796, -0.05342069999802518, 0.5407453858466458
3, 2, 0, 0.3687002698085189, 0.18247021736285224, 0.44882951282835803, 2.7080249635243304e-13, -0.558397301504057, 0.5570607458294985, 0.6259999478796351, 0.5413367917207614, 0.11226709683287672, -0.10842825985355227, -0.12474087740186779, -0.37165683454799014, 0.36164254664523243, 0.19705544963391092, -0.057536242353429676, 0.07507790989687081, 0.12081073061152, -0.11562909854982698, 0.0650157870418906, 0.032431402252216066, -0.07220556795536313, 0.07139264908785385, 0.5407453858466458
4, 2, 0, 0.3670693544896721, 0.18264337078732357, 0.45028727472298524, 1.9204749029822173e-14, -0.5524157755323521, 0.5510130614669081, 0.6200264458620423, 0.5396692394278635, 0.10970788202259969, -0.11108899794550411, -0.12332776202010395, -0.3524361893294077, 0.32514388205623745, 0.2904874053799677, 0.08475409736877472, -0.11091725506611619, -0.1055668276660597, 0.03472963967506916, -0.007294553841020557, -0.09047800674932646, -0.10551274772960392, -0.12294393780959531, 0.5407453858466458
5, 2, 0, 0.19340053920698622, 0.22027270325951726, 0.586326757532969, 5.274091549477953e-13, -0.5458168656653082, 0.5469781153135476, 0.6124489905141804, 0.5420362578470882, 0.11165496630557573, -0.10993188630633868, -0.12436182893997363, -0.3142058039235926, 0.2383234956622459, 0.3702408946391199, 0.15671041297077165, -0.0331094983957828, 0.009067311166304711, -0.07996703874180641, 0.055380234043516455, -0.012582775983051039, 0.10666525470138206, -0.02626027169595276, 0.5407453858466458
6, 2, 0, 0.16601888201980947, 0.22843036524114677, 0.6055507526857661, 5.327773176398347e-11, -0.5408966905059428, 0.5410501615738311, 0.6077745797218006, 0.5421959612488868, 0.11143632736780942, -0.1095938436091581, -0.12354822953906548, -0.10601793635238492, 0.2283499942798374, 0.22940690434338823, -0.007104070667940193, 0.03755188386204244, 0.05721833604239027, 0.12769642057694267, 0.10086988543921753, 0.19413199505041692, 0.06834371055524645, -0.10520621853353736, 0.5407453858466458
7, 2, 1, 0.05859323417513448, 0.2631695098938894, 0.6782372559265474, 4.428714456036503e-12, -0.5353058740643545, 0.5335058953030537, 0.5993258880274499, 0.5404615031747012, 0.1117729003130512, -0.10909420870256377, -0.12440959834724752, -0.07813868859915565, 0.3809336143737342, 0.2573072211745223, 0.11881643685717254, -0.012804908093373615, -0.10571362150362626, -0.04384314915715191, 0.07566363145273151, 0.04016145172478035, -0.021881809021367, -0.02715131382298496, 0.5407453858466458
8, 2, 1, 0.019176619898074333, 0.26313694409536054, 0.7176864321008146, 3.905750533866751e-09, -0.6562948201233487, 0.6028342481144549, 0.5956041744935099, 0.5510077426560412, 0.0667716852125568, -0.046108253202025926, -0.1189455602140487, -0.3270868626610189, 0.3183116454768244, 0.39016379426577846, 0.025240246574610364, 0.0005155482322744822, -0.002983013670251802, -0.002219190097895813, 0.05062333799367362, -0.00025849818332594873, -0.0011198983968273232, -0.0010393811788429424, 0.5407453858466458
9, 2, 1, 0.001254358262285812, 0.26217393634279684, 0.7365717035456616, 1.8492557211818408e-09, -0.644761171220958, 0.422278819425871, 0.5490165343810836, 0.6294609962687479, 0.24114671870992535, -0.041235093423572546, -0.30703544035601077, -0.31007411186573036, 0.19132320582522552, 0.3695524105219462, -0.017756495184057232, 2.251960703934887e-05, -0.00045553516509983075, 0.0009400621275869001, 0.05147541831282949, 0.000642258371604459, -0.000813097500984188, 0.0007882081485270972, 0.5407453858466458
10, 2, 1, 0.002784050541236615, 0.26041465787047485, 0.7368012869020869, 4.686201611397882e-09, -0.580365142393255, 0.47348221185717404, 0.6749625842440876, 0.5591354375348085, 0.01148371085522859, 0.03512082159701453, 0.0683870478132043, -0.20627831412519643, 0.20900210914087158, 0.1451101494970975, 0.09321290675378921, 0.0005754884351360527, -0.0005175134009348895, 0.000774190683249724, 0.05201245107544785, 0.00048128510335055774, -0.0008541061723085599, -0.0008119996080974799, 0.5407453858466458
11, 2, 1, 0.06142299137073348, 0.17316793222858456, 0.7654088946644518, 1.8173623015902064e-07, -0.6452130718040076, 0.4774356129448993, 0.46613810015535606, 0.581271847456098, 0.13603797607174478, -0.09860511799266812, -0.16486490903842038, -0.30915651120896587, 0.22214063593636507, 0.283935967016551, 0.1172970571029833, 0.00035146693975311304, 0.0005538757200651357, -0.001382004267102032, 0.049331219675446084, 0.0013513923857544398, -0.0011320309826076903, -0.0012090014653424487, 0.5407453858466458
12, 2, 1, 0.009619665064087228, 0.17301400096170252, 0.8173179378257167, 4.839614849351917e-05, -0.3982945058593853, 0.6720091985059794, 0.29026998897697165, 0.43877376597529116, 0.2252413264492487, -0.2001936534558877, -0.09694836103078214, -0.32567372158472135, 0.1822014347330365, 0.30582110436291526, 0.06910087597833013, 0.00014380699191566482, -0.001284296848782731, -0.0017126813365109788, 0.05214121380833936, 0.0006045458417047137, 0.0014441341238285168, -0.0007657261475947413, 0.5407453858466458
13, 2, 1, 0.009618428754020386, 0.17299365002225395, 0.8173409513964078, 4.6969827317790125e-05, -0.5034227093872118, 0.41715568357420063, 0.5224670860563816, 0.42929929750738605, -0.07523378676805839, -0.2519301815647559, -0.18471067586171336, -0.27527016334492405, 0.29156020972168606, 0.27399785168408025, -0.05371438667719928, -0.0007982076644913866, -0.0004315076131528129, -0.0007176260836717517, 0.05021536142174797, -0.00028572107182236344, -0.000369718984820518, -0.0004675260568050726, 0.5407453858466458
14, 2, 1, 0.005856772313269678, 0.17305328373666648, 0.8210438019155025, 4.614203456129826e-05, -0.484049414460895, 0.4433952910646859, 0.48888613231816436, 0.6091863791460177, 0.17615912518530039, -0.06296512671095682, -0.14977621393107213, -0.23138991365096354, 0.24259011289280535, 0.24458136850048073, -0.18379924939551492, 0.0020324244661224814, 0.00020103539443522842, -0.0006984108733956177, 0.050451949989904356, 0.0007257600627527781, 0.0003800877506272139, 9.25629789109708e-05, 0.5407453858466458
15, 2, 1, 0.00045064138274426483, 0.17305597328932273, 0.8264472460178011, 4.6139310131972105e-05, -0.3688913021689424, 0.5112801503699641, 0.5174833766043296, 0.3674895793769985, 0.2659500218943055, -0.05816420682229674, -0.25057844864446494, -0.3649039111668979, 0.36597392349971364, 0.2559340337910977, -0.001903903174880006, 0.0005690660179659519, 8.346305128981007e-05, -0.0009704952050494269, 0.04932773933281452, 4.856203872003249e-05, 0.0003542869169119066, -0.0015920459647903787, 0.5407453858466458
16, 2, 1, 8.057304133429371e-05, 0.17305113711535974, 0.826822197010032, 4.609283327398492e-05, -0.3515253808551759, 0.5948348354952387, 0.6598872908154938, 0.5399949273781812, 0.07754535692439116, -0.005399564216293795, -0.08181710506605563, -0.35959260281377625, 0.22755338035699663, 0.2770569860903448, 0.061819357291747215, 0.0008886463864461366, 0.0018739845405964558, 0.0006164533806125975, 0.049954362234818125, -0.0016670892605777868, 0.0008538712835344563, -0.00035583325624646985, 0.5407453858466458
17, 2, 1, 0.005721371644589498, 0.16237620962199797, 0.8318857810473622, 1.6637686050325267e-05, -0.31739065458396115, 0.29827794441674793, 0.6618196480921188, 0.6235845404730458, 0.22136798686805587, -0.19521022101835375, -0.1622367957367644, -0.19911764120692563, 0.199812657406695, 0.34421771521942285, 0.05165072589701856, -0.0007015199134776352, -0.0008051983163953281, 0.002119685622916235, 0.04891079669923801, 0.0010994359619605622, 0.0005495987951621662, 0.0006745120490766293, 0.5407453858466458
18, 2, 1, 0.002432864364730286, 0.1623981683093633, 0.8351516806159441, 1.7286709962357394e-05, -0.48653752788829613, 0.4845980524180426, 0.5063842653509292, 0.5364522965684524, 0.25815396547066527, -0.07654920885144958, -0.06424541965323802, -0.1956779245025162, 0.10874475874988734, 0.2780457935316661, 0.011163396495924589, 0.0002985507785331307, 0.0003581102261497337, -0.001019222965190206, 0.049635928916060564, -0.0004947346217791111, -0.0004209838298800837, 0.00021820286994728966, 0.5407453858466458
19, 2, 1, 0.015591009575977068, 0.14653202205624957, 0.8378679675552155, 9.000812557929016e-06, -0.41259450988879076, 0.3849197367018542, 0.4486916635432922, 0.2336297716408445, 0.10999252146101071, 0.06222445727560801, -0.17074876723054003, -0.15155074180832365, 0.06112258156985266, 0.45582541635348395, -0.061553626654086833, -0.0002713450396336771, -0.0015575408174509885, 0.0002430740753147145, 0.04888589561471016, -0.0014735883712315198, -0.00029326040460425754, -0.0007286411222056893, 0.5407453858466458
20, 2, 1, 0.013307522817325026, 0.1462278521492007, 0.8404556192015165, 9.005831957895161e-06, -0.5177792468426717, 0.3800987438006689, 0.5011801061957353, 0.44833117123972854, 0.01435375692830072, 0.006494404427922129, -0.11050201713001842, -0.34779978902292114, 0.3287176981945405, 0.3392843563794446, -0.056527854714164064, -0.0008554515416222999, -0.0015357046732790796, -0.0005148561128559928, 0.049912404545711095, -0.0006262922379141764, -0.000534437389043694, 0.00045895622736561207, 0.5407453858466458
21, 2, 1, 0.004555834481767652, 0.14478046320985222, 0.8506547222050403, 8.98010333986388e-06, -0.501159073838494, 0.439740798053364, 0.5035348696574585, 0.6867594202038714, 0.0487651037690867, -0.20721810801331123, -0.24479946887507692, -0.3006420042750236, 0.2852199272110906, 0.2668063943685239, -0.09435965425913055, 0.0003927100972775711, 0.000310954195724146, -0.0012221245445162604, 0.05125758423232167, 0.0007398707671476452, 0.00010724784023972308, 0.0001225204968344453, 0.5407453858466458
22, 2, 1, 0.004555712929879913, 0.14478047422575796, 0.8506548410830237, 8.971761338458597e-06, -0.3830066837336267, 0.586352877240415, 0.6548143155506698, 0.2664300724354688, 0.2341658764205336, -0.40703600449818095, 0.03399570075078784, -0.3287977258462965, 0.12451126471094094, 0.24883406141194891, -0.09317461198058741, 0.0011410585966066, 0.0012849927844859831, 0.001361455383485012, 0.050225331514077896, 0.0014241719507209491, 0.000449608289110957, -0.00013272515278245505, 0.5407453858466458
23, 2, 1, 0.004517034607635587, 0.14477528334542028, 0.8506987121619071, 8.969885037055878e-06, -0.5825113805994694, 0.35609068296936275, 0.41461533787027943, 0.46482096626911795, 0.14347243876301813, -0.17377075231054387, -0.09584045107454604, -0.36701432571265535, 0.19488733768145217, 0.29861873697119046, 0.06550087571940126, -0.0006437649780639085, -0.000697900645865404, -0.0009508380756891131, 0.049555227633588675, -0.0011085250918600243, 0.0004405050947984379, -0.0008084851619197959, 0.5407453858466458
24, 2, 1, 0.0005580070507029851, 0.14450860998568726, 0.8549261493805028, 7.233583106919396e-06, -0.5478783878091311, 0.741419623654527, 0.5033884348583563, 0.6404421357275817, 0.11943406643503038, -0.1012232158929258, -0.25026450768560765, -0.11208626856754444, 0.2738183756218945, 0.24687206570769984, -0.06102705050674841, -0.0009744834014083249, 0.0014515259757079191, 0.001000377416585782, 0.05211259402551784, 0.0014442357983320629, 0.0008955323385447987, -0.0009119101675034959, 0.5407453858466458
25, 2, 1, 0.008520169100606968, 0.13617630963381192, 0.8553032858669867, 2.3539859442495922e-07, -0.38261271735305064, 0.5653077901580457, 0.6197337795956278, 0.5912318810715427, 0.2593693790992965, -0.0653532981593586, 0.0042291475727076035, -0.1529283037562552, 0.1130460750945544, 0.13089568942664626, 0.013101238732510016, -0.0004964805849495686, 5.930069736174607e-05, -0.0014276141837877051, 0.04761354816622878, 1.0908872244703825e-05, 0.0013124465023512815, 0.0015189535610839401, 0.5407453858466458
26, 2, 1, 0.0031927790154843787, 0.1358675803926579, 0.8609393748573256, 2.657345321426681e-07, -0.2831354897872428, 0.46720568753133895, 0.46024193765582916, 0.5221888468218033, 0.11013392997403795, -0.08791253975902122, -0.1779050780588301, -0.31483063425996716, 0.28558627925931335, 0.2525470997621046, 0.11088330156038233, -0.000343869081660968, 0.0003456384859812855, 0.0011454176335119462, 0.049540787120863974, 0.0001980537342659933, -0.000562551818428905, 5.8112110874645215e-05, 0.5407453858466458
27, 2, 1, 0.011068772243316417, 0.12251632722113535, 0.8664103613214729, 4.539214075192956e-06, -0.6228555585255248, 0.23626202891447595, 0.3396956162159877, 0.23123473679491652, 0.10865355508830396, -0.02805313856668835, -0.21005538857175585, -0.19477564955389592, 0.233208923692322, 0.16224637314247978, 0.0686804584212551, -0.002153433943868965, 0.0015956780524086257, 6.239590714442253e-05, 0.04882322275811064, 0.0003487759927199034, -0.0010329622345573836, 0.00023833434624406075, 0.5407453858466458
28, 2, 1, 0.010483787782174467, 0.1225196766516647, 0.8669870532683228, 9.48229783804078e-06, -0.4977071612774796, 0.4356440826150233, 0.4118105015839362, 0.5205100973161831, 0.1081162865974002, -0.25013976324410814, -0.12043005995594562, -0.1860529257998153, 0.19760167529256756, 0.14143425397149087, -0.14180074166411863, -0.0014132772326263124, -9.979288045190806e-05, -0.0010840866058758401, 0.0500733799998407, 0.001231139284927108, -0.0004446587879376202, 0.0013040433659747383, 0.5407453858466458
29, 2, 1, 0.02667729363266914, 0.09675511093113738, 0.8765665539039278, 1.0415322656994596e-06, -0.3006731591884204, 0.31295797263757724, 0.6530610876731153, 0.48821937716744535, 0.1722166752738425, 0.0770565575198088, -0.07427025737334843, -0.05004066805328178, 0.2323337649052874, 0.3636357972265509, 0.04343684979139774, -0.0005556034748823028, -4.3310934550982415e-05, -0.0006077928534873282, 0.05023978973624722, 0.0009892097092218106, 0.0006182408888691708, 0.00037292627968103716, 0.5407453858466458
30, 2, 1, 0.02603115174669059, 0.09672972337387951, 0.8772381002067282, 1.0246727016639928e-06, -0.6339404874678604, 0.5664008840489848, 0.5101002931052132, 0.6223581937359673, 0.15172655583110253, -0.13763370158097507, -0.14247529980784243, -0.3402518808650554, 0.21055764130046892, 0.27496369048264657, 0.1496398671183167, 0.0005153152488040557, -0.0013035968100120927, 0.00039776814532346914, 0.04965341947395728, 0.0019841268673502117, -0.0007835665695785723, -0.00026942346394226825, 0.5407453858466458
31, 2, 1, 0.08654634498956633, 0.0036172979767318046, 0.9093849448075557, 0.000451412226146171, -0.4893185818268891, 0.2542284141526046, 0.3293425259848769, 0.6205644577158277, 0.14442081062425866, -0.16901464558444534, -0.17523084854837973, -0.032977338448591895, 0.20461895029019037, 0.1984793880653834, -0.045834984016826195, 0.0016086036002478266, 0.00018406419929347095, -0.0010177002696641077, 0.04903536392658141, -2.9483281093870943e-05, 0.0015729715933279944, -0.00011111537387552685, 0.5407453858466458
32, 2, 1, 0.08274181292396036, 0.0036232372958183512, 0.9131809015559204, 0.0004540482243009499, -0.49859086310107575, 0.438925867430543, 0.3402639222711798, 0.5815757898742906, -0.06210342039340213, -0.06098346683305463, 0.03937392835534679, -0.14639523928182188, 0.033121913266834335, 0.266532006830498, 0.24747608851539482, 0.0002235622931371827, -0.0012950488150488958, -0.00029991972135845577, 0.05098359953406798, -0.00019182156212579885, -0.0003987326622017148, -0.0005022851634795137, 0.5407453858466458
33, 2, 1, 0.07672452471655683, 0.00359659158621585, 0.9196027065745671, 7.61771226602737e-05, -0.387959776315601, 0.37437467217366394, 0.5138392985633522, 0.6524551665073215, 0.12749892586135111, -0.2217832580720968, -0.27883285923319545, -0.05876035966487079, 0.23117931133495717, 0.18740893074593512, -0.09833206632449228, -0.00043991437752770323, 6.900569682694773e-05, 0.00019713476374961318, 0.050182586250257774, 0.0006757713703613063, -0.00010165251040619328, 0.0013818294051981424, 0.5407453858466458
34, 2, 1, 0.01574217563780685, 0.0036117152395270203, 0.9806299678564941, 1.614126617199449e-05, -0.49371217520826105, 0.3636845573765405, 0.40915215478642813, 0.5752384627470815, -0.06715149837297947, -0.037902968265842274, -0.3078006538967504, 0.005419490593283327, 0.024377091760577764, 0.2555033682929753, 0.12104342335895142, 0.0005578252445111973, 0.000330835178189201, -0.0004565649444155647, 0.05108877626572057, -0.0007614891723361271, -0.00017507133514949974, 8.037928538664324e-05, 0.5407453858466458
35, 2, 1, 0.008445224083548884, 0.003629671348925739, 0.9879227126679715, 2.391899553905265e-06, -0.6044418428211723, 0.579905858521774, 0.42458233489958924, 0.5323880742029811, 0.24086507692834574, -0.2019661536466705, -0.14504597052565948, -0.15181109279492605, 0.18267154341455522, 0.2978947190850537, 0.07768711396621258, 0.00021623958925117977, -0.0004525646908576749, 0.00038181257167671436, 0.049616521450642485, 0.0006628279281483659, 0.0001805473901256523, 0.001204916843103959, 0.5407453858466458
36, 2, 1, 0.0008749222139645316, 0.00364497755730791, 0.9954785463995518, 1.5538291758136017e-06, -0.4682332424889527, 0.4148637420017149, 0.49153220971376876, 0.28633442807188764, 0.2644760957062364, -0.1533063657637425, -0.23931383525275246, -0.21729738938464105, 0.18858644978967654, 0.14811837878568732, 0.06665357702760995, 0.00022050237592957908, -0.000563225804796232, 0.0004582311616515004, 0.05037778150718775, -0.0002859065554735605, 0.00028511988745699333, 0.0005322328414673067, 0.5407453858466458
37, 2, 1, 0.00048063595653770834, 0.003636964946036773, 0.9958820229770736, 3.761203519350417e-07, -0.4315708177239901, 0.17468232721498383, 0.5511783393076453, 0.5440653904128563, 0.13588953774490803, 0.09763001609142337, -0.057142891576425534, -0.16416430225253503, 0.22188481545806193, 0.3549155104714171, -0.06258383547841755, 4.0581566992781024e-05, 0.0003287098563570446, -0.0012262878724973295, 0.04985198019189642, 0.00032853543363655475, 0.0008392021869884994, 0.00011899800775819803, 0.5407453858466458
38, 2, 1, 0.0009571594315596837, 0.001068658750618689, 0.9979714778407502, 2.7039770714052e-06, -0.26253237836142373, 0.4220628203065509, 0.3799717188855718, 0.6530935292806216, 0.17679279897787842, -0.057919080985364677, -0.2680288879536833, -0.07151588791255041, 0.11170093232605609, 0.04515128822846752, 0.11687111684505624, -0.0002373728939513911, 0.0007651457247135313, 0.0006774229858647038, 0.04937605306910807, 0.0006105807406879807, -0.0004322139890741682, 0.00045740655760352677, 0.5407453858466458
39, 2, 1, 0.0009569431517472176, 0.0010686819077829787, 0.9979716730237801, 2.701916689749499e-06, -0.26714528211819444, 0.4610050203814361, 0.5668476930557235, 0.5790959194951779, 0.16724603362000448, -0.0703976676218723, 0.010728695905635698, -0.3663746233013327, 0.14224834572189266, 0.0446130531713381, -0.07482379801231165, -0.0008395865260282323, -0.0015660908794219708, -0.0012434150349317757, 0.04918380935755544, -0.00018057944263810168, -0.001719681397209796, 0.0003491983398299207, 0.5407453858466458
40, 2, 1, 0.0009553012293863926, 0.0010666326104477365, 0.9979742833769326, 3.7827832331017414e-06, -0.34420050458674134, 0.509082225056468, 0.36223365563137183, 0.4777301660806508, 0.25158908419392495, -0.0709361069305215, -0.0598999334348318, -0.11304978605939917, 0.17503449289599893, 0.06795360065254792, -0.20431601866525492, -0.0004535886805373165, 0.00029911484287614216, 0.0006444262314224878, 0.05026740091721769, 0.0003928623156855919, 0.0012103724290208583, 0.0008349891868656114, 0.5407453858466458
41, 2, 1, 0.0005868739381340135, 0.0010696889421597335, 0.9983396405221922, 3.7965975141612707e-06, -0.20783726859393364, 0.38799930442685804, 0.4421374708525797, 0.5146685359522618, 0.24976313210323392, 0.06604319444773725, -0.2084392200422911, -0.3053842848549605, 0.1523219014545855, 0.2059391412055427, -0.0551344411450627, 0.00023296127034112937, -0.00037090523315304455, 0.0002488673199732681, 0.05072804825417095, -0.0002058521221274177, 0.0004463191057943178, -0.000986842956298118, 0.5407453858466458
42, 2, 1, 0.0003490970230130888, 0.0010746319346537252, 0.9985699558853878, 6.315156945281198e-06, -0.3675938282470964, 0.41550665166324585, 0.34356439240443865, 0.6893618372320306, 0.2349107704361531, -0.17116904802259741, -0.10874594629456832, -0.15263705665595, 0.27097964221675824, 0.17641952730560972, -0.0017613548090260889, -0.00017006559273975236, -0.000778975047280213, -0.0017559878660569916, 0.05008294281201192, 0.0001379462572053046, 0.00011288489126826198, -0.00012710212474883656, 0.5407453858466458
43, 2, 1, 5.672943484021933e-05, 0.001070255781640618, 0.9988666588371782, 6.355946341031261e-06, -0.1463032313126431, 0.3027859638387732, 0.3835727405897682, 0.4947876348589465, 0.14001558506938974, -0.0879535943209936, -0.14708879372709202, -0.2971587214693492, 0.345139600061268, 0.1268542256273569, 0.09174089454134655, -0.0001346291629982526, -0.0005040970100825564, -0.0012501342136023576, 0.05125142935147766, 0.0020264888235672967, -0.0008572101404312618, -0.0006838693904440216, 0.5407453858466458
44, 2, 1, 5.668941917467485e-05, 0.0010702076625761902, 0.9988667488112252, 6.354107024006688e-06, -0.3170008976677381, 0.31918916822301285, 0.3139042048576992, 0.5250694866027998, 0.18595084421423216, -0.03706701778097367, -0.14783931581200896, -0.41530575576134954, -0.04818666173481443, 0.3197607175591376, 0.04972640355477199, 0.0003299121230697481, -0.0007483269719063316, 0.0007136439059139207, 0.04950106952333057, -0.0001764004150702848, 0.002179826919592822, -0.0006507803879619775, 0.5407453858466458
45, 2, 1, 9.871321592834229e-06, 0.0010627261720320854, 0.9989205877436521, 6.8147627230714e-06, -0.4069354448531807, 0.4263592275117419, 0.3329546976623473, 0.5975767198835756, 0.1653194907241086, 0.03431916705643272, -0.12337563539686638, -0.207145919942728, 0.16230305082425206, 0.17935578796103163, 0.013318192079952735, -0.0005693262483838512, 0.0011316121619517087, -2.3648189396939258e-05, 0.051779863987044226, 0.0008042964705744558, 0.0008739557514208989, 2.4574135564098784e-05, 0.5407453858466458
46, 2, 1, 1.4112863059091233e-06, 0.001062297625393271, 0.9989303207300335, 5.970358267281917e-06, -0.3648461170244021, 0.305269197602697, 0.3543985588305227, 0.5185819450650018, 0.14734703766809484, -0.02163956673388758, -0.3172298545419037, -0.19721408461796525, 0.13779927210951798, 0.3796632663571864, -0.0038352442046692913, 0.0002057281589196808, 0.0003647909878683718, 0.0008678925591364729, 0.04877796095765903, -0.0013238331608276255, -0.0005243019197211307, -0.000906051035569663, 0.5407453858466458
47, 2, 1, 1.3806853956275079e-06, 0.0010622360878490853, 0.9989307430249393, 5.6402018158960865e-06, -0.32802375115498766, 0.2946935420687201, 0.4014374472158644, 0.5446617333434085, -0.15967824868842634, -0.1492172613349291, -0.1576988024226884, -0.25551116163352344, -0.01591486736360186, 0.19028649529736716, 0.11789596345054096, 0.0023519582736804406, -0.00041806219855458377, -0.0004452820540074327, 0.05092366201054136, 0.0014278408206770774, 0.0003785773279276206, 0.001194219819006041, 0.5407453858466458
48, 2, 1, 5.917284273923579e-06, 0.0010555467918018158, 0.9989382209529772, 3.14970947005134e-07, -0.25493391177206665, 0.16554086137146473, 0.4709334307275775, 0.49589562334340737, 0.21681277767870571, -0.11731381275676298, -0.19564712519830102, -0.10659375372690369, 0.10151395150923218, 0.11447042496688123, 0.10659608203299316, -0.00013624550627080247, 0.00018823472677670274, -0.0007380974644614266, 0.05080991298293806, 0.0008951107519797176, 0.0017227989392455418, -0.0001716680315102903, 0.5407453858466458
49, 2, 1, 2.674824899707297e-06, 0.0010555090454629418, 0.998941515438742, 3.006908953940309e-07, -0.3648843992403553, 0.5001800775643476, 0.5023320692242857, 0.5032020761656113, 0.15479365375003923, -0.08158851913738313, -0.06189986001767532, -0.19616832299559867, 0.1928557505461563, 0.3493293267898083, 0.05913445470874627, -0.0014440266388289786, 0.0004739920476228512, -0.0013920409149060452, 0.05069140309882475, -0.0005559989953008721, 0.0001845706388414697, 0.00023896900857772984, 0.5407453858466458
50, 2, 1, 0.0009035800154928477, 8.02118538153821e-05, 0.998996554551897, 1.9653578794810595e-05, -0.09945688787725515, 0.22624514258453426, 0.17559233410250824, 0.7131693100352957, 0.0019795570232493008, -0.11697054243208012, -0.10029865062026952, -0.25539916416720787, 0.14142072301165493, 0.1536602483528446, -0.14108830607220124, -0.0007808218894125544, -0.0009061123956996331, -0.000428247654116702, 0.04741094719215733, 0.0012940111404704548, 0.0009137696711411295, 0.00018709265146766126, 0.5407453858466458
51, 2, 1, 0.00088196601029382, 7.451388534818819e-05, 0.9990144484916798, 2.9071612678384e-05, -0.24147285129216417, 0.3279923790780485, 0.299303152107168, 0.43591499459593097, -0.009348780950067793, -0.16962226979698705, 0.04213235321869342, 0.10771518703071872, 0.25381130079916914, 0.04398667169600727, 0.09973620564952135, 0.001325823988656207, 0.0003608761046523882, -0.00011821497280938276, 0.050165093013966544, 0.0008430228848102016, 0.002138923423469926, -0.00027310245865578783, 0.5407453858466458
52, 2, 1, 0.0008816875223408271, 7.450638060736527e-05, 0.9990147232228438, 2.908287420806904e-05, -0.4370099874264121, 0.28430534570672605, 0.23990943811961155, 0.7788121896975372, 0.09097425070374468, -0.2154609095232895, 0.014482672281079667, -0.12122807861671063, 0.10046425119642921, 0.14599943651229524, 0.29799350046951967, -0.0010083874716389878, -0.0009308882077308121, 0.0008100669776308286, 0.050531486407919414, 0.000551776258679622, 0.002239360834032019, -0.0005694146994780706, 0.5407453858466458
53, 2, 1, 0.00022020288690574586, 1.4549584375770888e-05, 0.9992700497413333, 0.0004951977873852388, -0.1938853067088402, 0.13735239509972919, 0.12076013037084707, 0.48456344185610084, 0.023049778658350485, -0.008897404975918555, -0.025082022196335586, -0.06391286350387729, 0.10575589291213924, 0.159608177826669, 0.10189815643853625, 0.0022357302683145954, 0.0014967666753997384, 0.0016238051119419998, 0.04986372315137644, 0.0011224287506218875, 0.00044624478768201395, -0.0002653051834330702, 0.5407453858466458
54, 2, 1, 0.00021502313529457698, 1.0760145341024426e-05, 0.9992793004328174, 0.0004949162865469782, -0.12361667839303354, 0.18235927837535748, 0.2765381106717836, 0.428062024707765, 0.11419010600920054, -0.1584819614248866, -0.095792956048772, -0.1788176739735447, 0.3078978377824644, 0.18973852828773138, 0.0038532989286134576, -0.0006831507940308148, -0.0002477345461895335, 0.00014164633520937934, 0.05088699255425226, 0.002044429815797897, 0.0010665696846455421, 0.0012974371416426093, 0.5407453858466458
55, 2, 1, 1.622702219810674e-05, 1.0718468381353887e-05, 0.9994558101893729, 0.0005172443200475785, -0.23957078821688765, 0.21940482927548421, 0.11414237172987854, 0.5447213213213853, 0.11502407814258904, -0.10401416723401354, -0.170111066387235, -0.023162734465922118, 0.16295013658129984, 0.15595455466178865, 0.156309127529177, 0.0010384172566884633, -0.0004364740199127269, -0.0022890448711867725, 0.05001471676613668, 0.0011104385697140698, 0.000550996663683114, 0.0013844408240782226, 0.5407453858466458
56, 2, 1, 2.498178135607558e-05, 1.0858744466783493e-05, 0.9994569730909507, 0.000507186383226444, -0.29791262652287565, 0.14710639594054914, 0.27575488723482683, 0.5068790230656925, 0.0806681286471604, -0.18840364106030022, -0.05718479853513351, -0.0398051351465329, 0.03659461304762346, 0.16648880048801554, -0.08274914658154571, 0.001059846475306862, -0.00033181091793857333, -0.0007044804141136428, 0.05090539102383116, -0.0008898080246416186, 0.0004461821982105818, -0.0014742138395544653, 0.5407453858466458
57, 2, 1, 3.1687839602915707e-06, 1.0534541806737467e-05, 0.9994798087819624, 0.0005064878922705743, -0.10227837239224528, 0.30156655563195417, 0.25227458083923965, 0.31978214511353487, 0.028799688359663244, -0.15623829351430113, -0.09826500235346546, -0.018650715646478598, 0.20039423488351468, 0.25404215926698315, 0.1714423818784021, -0.00039842128082233683, 0.0005126602229896094, -0.0017089818629461829, 0.05003663877354705, 0.001038220421216471, 1.5393056365936786e-05, 0.0013079923044815845, 0.5407453858466458
58, 2, 1, 7.5191589778957624e-06, 8.077948856351578e-06, 0.9994800655961736, 0.0005043372959921264, -0.3949472402475601, 0.13814151865230523, 0.17444885927364692, 0.5200929281778435, -0.021529192680437913, 0.01184691982757522, -0.09531730226296711, -0.17853474506199749, 0.09653472393277218, 0.024930586588217986, -0.022591580317738124, -5.0555428516773626e-05, -0.000561265098933252, 0.0002720296572737898, 0.04937299446274664, -0.001425898737574653, -5.0678461212985844e-05, -0.0003758932266636764, 0.5407453858466458
59, 2, 1, 0.00021551574878520964, 7.831289605212414e-06, 0.9994886251617325, 0.00028802779987707614, -0.07041167365140641, 0.2853918193468298, 0.35671712853164583, 0.5479820045237993, 0.1952038352747429, 0.19326518019226108, -0.05191496546733587, -0.09879716736104804, 0.2170903719971148, 0.007273384031881292, 0.020753699655406313, 0.0004121234329393271, 0.0003525869043327005, 0.0016733751212475913, 0.05046576883201801, -0.0010703129024356615, 2.2102605156432533e-05, -0.0006299701169670891, 0.5407453858466458
60, 2, 1, 0.0003326344974672098, 8.621978034583892e-06, 0.9995137971027211, 0.00014494642177712987, -0.29630205882622446, 0.3166897635363485, 0.3201807065240705, 0.6345608610770322, 0.0808703622486991, -0.23088998476577444, -0.010908512437455987, -0.1914383613379709, 0.11723250908807101, 0.3077975328319735, 0.019920054912423178, 0.0003649395593453667, 0.0009619829601897661, -0.00174379631114029, 0.048386004335768555, -0.0015239466961916091, -0.00017343868803854675, 7.008093535421732e-05, 0.5407453858466458
61, 2, 1, 0.0003285664381545152, 8.73248505394123e-06, 0.9995148393071202, 0.00014786176967145743, -0.28577770363280297, 0.19554659812078837, 0.18825324013811184, 0.541944682385992, -0.016216083612719312, -0.12995898114996357, 0.05599726226909196, -0.2215724856020623, 0.039248353341934696, -0.0336248221144239, 0.10370546188226715, -0.0007402589563220116, 0.0002592699752146014, 0.001124846548054549, 0.05033806111281144, -0.00037753723596269323, -0.0009420150083699343, 0.0005205311251649471, 0.5407453858466458
62, 2, 1, 0.00032963590608793645, 7.568485139409566e-06, 0.9995179246461058, 0.0001448709626670031, -0.3979316852195133, 0.21080562970140154, 0.31108251840554696, 0.4849930932399493, 0.14462350549151978, -0.1951764820144341, -0.05919475038253745, -0.19605392461489218, -0.03893633665565488, 0.2701837853836723, 0.025792842029270558, 0.00016534507611522302, 0.0001109434732007548, -0.0005118833721890807, 0.04949481892465143, 0.00025888047702076074, -0.0007541904323780969, 0.00036208992203824904, 0.5407453858466458
63, 2, 1, 9.262920081845596e-05, 2.2326504273507353e-05, 0.9997339108161447, 0.00015113347876330262, -0.1806961315205967, 0.12513932644384684, 0.3308078051507474, 0.49156752630299405, 0.14692062907522527, -0.02830198990931041, 0.023317701455943807, -0.23540832596307276, 0.19158981225317356, 0.2011326299456071, 0.00653149908255303, -0.0019482404943408894, 0.0005057803153554841, -0.001349788800282154, 0.050745983102890004, 0.00012381490414974114, 0.00011693902822669298, 0.0004143289341416042, 0.5407453858466458
64, 2, 1, 6.50987103231573e-05, 2.1252797649016474e-05, 0.999763076768941, 0.00015057172308685155, -0.2919155196220952, 0.46109056484382654, 0.37115930474780146, 0.5494397349193787, -0.004443745469618054, -0.19438263261679978, -0.10449784794802333, -0.0915187227277385, 0.15453176423718123, 0.09851548363170978, 0.21008555789216343, -0.0015490946153132836, -0.0009831749022755061, 0.001310160114022746, 0.050617384994445305, 0.0001234221289283189, -0.001192603215418427, -0.0005137321403740708, 0.5407453858466458
65, 2, 1, 5.3879726149709404e-05, 1.901256738349938e-05, 0.9997955961645422, 0.00013151154192469428, -0.20164983568203243, 0.24680945046687236, 0.24584949760137015, 0.5191613292878181, 0.09815431237062947, -0.2156923507167615, -0.19070413481501042, -0.1337513275923811, -0.02352389178446763, 0.09816760973098, 0.11955899164245172, 0.0007092346053099631, -0.0017437868906452034, 0.0011834092184428429, 0.05077626023721271, 0.0015956010027103579, 5.870525146769221e-05, -0.0023358613596778876, 0.5407453858466458
66, 2, 1, 4.572085405925387e-05, 2.013912743781118e-05, 0.9998010066654041, 0.00013313335309884976, -0.09725773521736762, 0.2834885260085537, 0.3209542278092413, 0.5487812777760797, 0.20965174218861926, -0.09855521274495478, -0.07611347559066674, -0.015989191583783192, 0.12343422433586118, 0.12142192166809859, -0.11518082705975188, -0.0004259889997671964, 0.00023935781116821847, 0.0005135334064852485, 0.04859675430380232, 0.0001428161180172073, -0.0015517686762969664, -0.0007025139286115733, 0.5407453858466458
67, 2, 1, 2.642100238213398e-05, 2.011148987756779e-05, 0.9998158427336884, 0.0001376247740519705, -0.15271816060962645, 0.18159320586455605, -0.014191615117072587, 0.7286802123949804, 0.11390323838506404, -0.1479075872710724, -0.22325979307650012, -0.052344843491857806, 0.21432391202504117, 0.10832180015384504, 0.08972002995620325, -0.00138992642549902, -0.0006774979504721997, -0.00080158248167375, 0.0496699584139954, 0.0015514866227621992, 0.0006436035862964981, 0.0002977079545898381, 0.5407453858466458
68, 2, 1, 2.6858180415969883e-05, 2.0125275564682558e-05, 0.9998160948547014, 0.00013692168931795666, -0.2800863088729287, 0.1799722312626344, 0.2896234222595345, 0.4702789693124158, 0.13211691257050914, -0.23576536130486056, -0.04166213274373037, -0.04547163991315269, -0.027410221884471474, 0.08526912777751698, 0.052956097984963334, 0.0007548836954305526, 0.0010270944359775367, -7.129794748832568e-05, 0.049372293288042116, -0.0007937846169905956, -6.74805474714434e-05, 0.00084611571134905, 0.5407453858466458
69, 2, 1, 2.4059416599452944e-06, 2.0130188042094755e-05, 0.999836023464591, 0.0001414404057069151, -0.18568972266644912, 0.2344135121234153, 0.19932802447087328, 0.5263098140936586, 0.0775365156104767, -0.12172652376985393, -0.09657429710022525, -0.12103633575159027, 0.04971680996152257, 0.1278268524036142, 0.11430443866691394, 0.00047074588966012466, 4.6217124297683415e-05, 0.000692480761431554, 0.050564804614063055, 0.00014277474327269228, 5.738719542037938e-05, -0.0008566376989119761, 0.5407453858466458
70, 2, 1, 2.831296515402615e-06, 1.966932334842463e-05, 0.9998362062657439, 0.00014129311439231492, -0.1985924632165545, 0.12143316910747712, 0.2493949778820693, 0.5554074040956807, 0.156294316416437, -0.049168245053100544, -0.1858268688619913, -0.0014507881530000598, 0.0994278776092633, 0.050384715252688964, -0.15680674879714981, -0.00012539857796539203, 0.00018238980392076015, 0.00032504237634570194, 0.05236781060379494, 0.0003948137096612844, 0.001104568159898521, 0.0008273037821789418, 0.5407453858466458
71, 2, 1, 2.388087606961972e-06, 1.962525136068172e-05, 0.9998378753440595, 0.00014011131697276878, -0.2827653496722721, 0.11112055584199605, 0.35964690008779654, 0.5086313949321839, 0.001849046710828084, -0.1562687321456686, -0.13015356996094174, -0.09384158867940215, 0.07154969904054112, 0.13948149505018934, 0.03164902249433347, 0.002340939271068219, -0.001156670988678729, -0.001645919796012605, 0.050973509565171035, 0.0003764688803210397, 0.00014118152607560624, 9.093300183034814e-06, 0.5407453858466458
72, 2, 1, 2.1664784751714316e-05, 1.8944704152613425e-05, 0.9998434381356431, 0.00011595237545262277, -0.1460269746299848, -0.005928346230085002, 0.23494661937438127, 0.5490831546499129, 0.2753487936869462, -0.07093630476476127, -0.12457410438879904, -0.0467453724069422, 0.08380158238525984, 0.3183390424444437, 0.00417005112508044, -0.0003104271143996495, -0.00031299542744340407, 4.0237133203499366e-05, 0.049742431414868615, -0.0005701916539225023, -0.002009853492081481, 0.0015816153480490449, 0.5407453858466458
73, 2, 1, 6.785472367795653e-05, 1.922102066321678e-05, 0.9998808606436845, 3.2063611974324746e-05, -0.12206959594038351, 0.15814980929408812, 0.3927841722830675, 0.3029052046859849, 0.11141376153421848, 0.010186862021824705, -0.2606633373466377, 0.11239255057194683, -0.10978889315336104, 0.19546352287205554, -0.06567716563876366, -0.001207458553357964, 0.0001963044107601039, 0.00046824228592645385, 0.04961016803685689, -0.001531502323252533, 0.00040699865702539795, 0.0018263878862455059, 0.5407453858466458
74, 2, 1, 0.00017796046158753692, 1.4504529540039089e-05, 0.9997436879196672, 6.384708920530211e-05, -0.08815796927882572, 0.13318411051672435, 0.24186345655105407, 0.6899613461447889, 0.16652574052009342, 0.02489549509349187, -0.06021405962849704, 0.019301546234132237, 0.1514809331740219, 0.094386589765756, 0.04279821473879404, 0.0009255082364744768, 0.0006621397525106656, 0.0008915416840292378, 0.05192348979863518, 0.0008283339188570356, 0.00028952235961302107, 0.0005518324070211312, 0.5407453858466458
75, 2, 1, 0.0001761900987453824, 1.4680533879536202e-05, 0.99974394374266, 6.518562471510133e-05, -0.08883184525533148, 0.239173614633967, 0.2547864122258368, 0.8277599321678947, 0.21130323874628748, -0.011231655349785485, 0.04333552762152837, -0.1239223577428445, 0.11039689825449743, 0.1735077948019567, -0.09876265646723943, -0.00035024363270786085, 0.0003556269150066786, 0.0007618512718362565, 0.05029794973090947, 0.0009723605937975354, 0.0013359538991069165, -0.0008154854782458356, 0.5407453858466458
76, 2, 1, 0.00015943281593782787, 1.3898721860915831e-05, 0.9997618408306695, 6.482763153178632e-05, -0.26936120678011755, 0.1281247326633762, 0.2640018076912814, 0.6715960644667454, -0.009480353636376448, -0.06128430383137161, -0.06485278916940904, -0.01650833047250282, -0.08913635006646294, 0.10446655666807506, 0.07855921514326408, -0.0004140792210915947, -0.00015562435048622824, -5.764444941955752e-05, 0.050835865285481896, -0.0002807700817093977, -0.0005043263298457022, 0.0016560912003601848, 0.5407453858466458
77, 2, 1, 0.00026539625035929026, 7.215121757805864e-06, 0.9996371372928324, 9.025133505056901e-05, 0.022660251412017263, 0.3425720955194144, 0.15875009055598122, 0.4630841939636768, -0.019981738733941445, -0.042066381500148166, -0.03361508912236248, -0.0022539986528389844, -0.03659841610230811, 0.24083473373023825, 0.11431485615342858, 0.0006179812336538392, -0.0010439210320657645, -8.85082242328999e-05, 0.04955322464757556, 0.0005377381014535382, -8.39790275109911e-05, -0.0002875592372246612, 0.5407453858466458
78, 2, 1, 0.000282035784406883, 2.154425839945547e-06, 0.9996288058638872, 8.70039258659429e-05, -0.2951926011751457, -0.02500750625066548, 0.07091381513987763, 0.5708466440368414, 0.09842627598122348, -0.15289630311551478, -0.0014553551730482229, -0.08557383815536006, 0.02858692561229338, 0.09024200160239011, 0.028639187046524704, 0.00012281303767061065, -0.00015266555759820048, -0.0018972763927362455, 0.04840693270488824, 0.0009203942174095186, -0.0009921296102141676, -0.0010908605648711233, 0.5407453858466458
79, 2, 1, 7.883194054660629e-05, 7.287180749571973e-06, 0.9997615944193848, 0.00015228645931895514, -0.2043473739659089, 0.1549728752553894, 0.11044182394711484, 0.3924532393454616, -0.043651608725137826, -0.1629070453948271, -0.19950111852887553, -0.07947201086855901, 0.04947160002264925, 0.09358510265476833, 0.005453666891130443, 0.0004590872248668075, -0.0004009972386560955, -5.2125337806730444e-05, 0.0502712462298741, -0.00031134351156691345, 0.00032075737223428736, -5.9091486813509365e-05, 0.5407453858466458
80, 2, 1, 7.908520709176608e-05, 7.306389755520316e-06, 0.9997616058888026, 0.0001520025143500403, -0.13750824375566847, 0.06978110841723957, 0.41348277020591817, 0.6473766483544665, 0.009505362622872248, -0.20264616456163362, -0.009938271368010888, 0.046074511719231416, 0.08617714606832645, -0.02319848539361936, -0.17736940013635055, 0.00023122936936113841, -0.0010096916101161005, 0.0005794449454839962, 0.04983083996343231, 0.0012029368987847109, -0.00046402209220755656, -0.00022133491711477405, 0.5407453858466458
81, 2, 1, 7.273225735816129e-05, 6.6918400861894575e-06, 0.9997617863387612, 0.00015878956379440054, -0.1567731589451682, 0.2987744337593637, -0.06330269392220955, 0.41446229113573557, 0.07060438474246514, -0.050010386735559485, -0.12017653980552437, -0.08991926692996358, -0.09642830157260761, -0.058506652223255254, -0.045512696774471964, -0.0009798834816464124, -0.0019575555827757727, 0.0011652662451776762, 0.050278153312564536, 0.0012555071906434124, 0.0003786683134541464, -0.0010173785926437923, 0.5407453858466458
82, 2, 1, 7.407250131554264e-05, 5.9662546437198965e-06, 0.9997612969604837, 0.00015866428355710454, -0.20874832675251342, 0.15325546337554857, 0.15740167018248455, 0.48161305363888196, 0.04172781154756712, -0.06895989776485627, -0.05438597758142516, -0.1395305048660941, 0.08435222026934266, 0.11291429509252544, -0.08473435952401767, -0.0010301673159546201, -0.00030561072160358835, 0.0006334300898077678, 0.05010249628838057, -0.000561767994787501, -0.0004198672784231104, -0.00018004662891987804, 0.5407453858466458
83, 2, 1, 7.92396748901578e-06, 3.5211432198792666e-06, 0.999826342101412, 0.0001622127878790221, -0.22381677106401643, 0.13298696200220367, 0.2022357906663883, 0.6465137677033522, 0.10501368978680244, -0.007988416175720969, -0.12771677962028358, -0.08235114114325234, 0.13093149219305902, 0.21832580029320497, 0.10810369685387992, 0.0015921757982059095, 0.0008998765382043989, 0.001629949709909189, 0.04934902848062656, -0.0008358663269420717, -0.0010446880107177756, 0.0006651891505592419, 0.5407453858466458
84, 2, 1, 7.88845760179235e-06, 1.8372109919606003e-06, 0.999826415948244, 0.00016385838316219887, -0.10291343403060463, 0.1734205171409035, -0.010375060207066134, 0.6411472017457853, -0.024972308763377814, -0.09549275878703152, -0.12498224362077022, 0.08813099304880605, 0.02289949307807464, 0.126693569141179, -0.14051078550776994, -0.0004389533191032226, -0.00062935274392847, -0.0005181163682715879, 0.051056504202708575, -0.0016819986778587102, 1.4958760715849415e-05, -0.0001734416789283855, 0.5407453858466458
85, 2, 1, 0.0002337022768385357, 7.367042197330357e-06, 0.9991347145650236, 0.0006242161159405453, -0.030525278330666095, 0.17477022750070115, 0.06894744387395599, 0.5647638452519722, 0.08185391367213854, -0.017162110337764002, 0.05475381697858524, 0.007597824771769746, -0.03296697954874289, -0.07720283807946862, -0.030435605370511116, -0.0004414579114503718, -0.0008516807401535908, -0.0016804835337132756, 0.0508234350180821, 0.0002452494004625889, 0.00024213581062184521, 0.00032716392920045594, 0.5407453858466458
86, 2, 1, 0.0002233905740547895, 7.70059351642536e-06, 0.9991361288494005, 0.0006327799830282835, -0.09691998591929685, 0.08114074886985588, -0.00485580187464465, 0.7697240344939779, 0.14478841966222267, -0.1519724385246336, -0.18475917338962944, -0.1046171442262875, 0.048339833375426106, -0.027812019858029648, -0.033542802745577784, 4.4216134098245215e-05, 0.0005129874280581385, 0.000598839419704205, 0.0489116517307923, 0.0020405174161202974, 0.0005161419130207685, -0.0007606207059210571, 0.5407453858466458
87, 2, 1, 0.00022365367978033587, 7.704013965448706e-06, 0.9991361361620293, 0.0006325061442248145, -0.15275277733405557, 0.16551521734509383, 0.34635101608502794, 0.6758125824712009, 0.10394359701729487, -0.06848300615262799, -0.04813281521006407, -0.2535326500465976, 0.14452458370647858, 0.09480990503570913, -0.11046942653228768, 4.70682236247025e-05, -0.0010581233475210924, 0.0004836704930784655, 0.04910143309406659, -0.00018337605724265844, -0.0010138854165871567, 0.0019735684461466237, 0.5407453858466458
88, 2, 1, 2.015065659760134e-05, 2.1712041733581656e-06, 0.9991320459247638, 0.0008456322144652668, -0.03709739893929585, 0.27842701288038013, -0.02742637295361311, 0.5289917386594168, 0.14503764303812727, 0.048176357713040165, -0.052257558452968346, 0.02787607291751027, -0.010770657636438757, 0.09183711233389129, 0.030404001682849024, 0.0007983334435886389, 0.0014473873278990988, 0.00090968658283086, 0.05073409736408602, -0.0013564542196144041, 3.389535592554423e-05, -0.000716581215231051, 0.5407453858466458
89, 2, 1, 2.416361806235015e-05, 2.255531253777823e-06, 0.9991329718782056, 0.0008406089724783349, -0.017509197847938696, -0.0568906350095734, 0.2509889114168519, 0.5399838195646989, -0.02525542236514262, 0.10177726923217785, -0.22948216417907127, -0.11257391611143588, -0.09049311821987105, -0.11162635194813986, -0.03740495911755677, 0.0003632178387035382, 0.00010680327011040855, 0.0010554921663754114, 0.051600575143951444, 0.0009941249168852963, 0.0004318836919686833, -0.00017997868512105577, 0.5407453858466458
90, 2, 1, 8.396154623025778e-05, 5.433679654538719e-06, 0.9991753352555897, 0.0007352695185255687, -0.00047276469092784047, 0.06048726639823552, 0.23950979850317983, 0.5926012440101185, 0.07732645839712683, -0.1901326060809007, -0.175155090232645, 0.13869754507059628, 0.07264452622519188, 0.09647403074970301, -0.06995018937023464, 3.5679817264866827e-05, 0.0005065506403926711, -0.0015140225230834453, 0.04745090594474933, 0.0004624538248641518, -0.00015995965870821738, 0.00023283310299373783, 0.5407453858466458
91, 2, 1, 8.23979069119579e-05, 5.541487029895054e-06, 0.999176329037443, 0.0007357315686151615, -0.13387472189984967, 0.10129940176677868, 0.013021947249094112, 0.7125222733499834, -0.014088859707284218, -0.018860059543178508, -0.30889766668033714, -0.038413956326367835, 0.01612488776897886, 0.010670836433143321, -0.1021029156475212, -0.0009852511274309342, -0.00020690296575744138, 3.337567249225648e-05, 0.05139198400126357, -0.001902229884695808, -8.66897161308692e-05, -0.0005699579196847886, 0.5407453858466458
92, 2, 1, 4.2770073538694325e-05, 7.103495804110671e-06, 0.9991844045139286, 0.0007657219167286022, -0.07377293256430585, -0.05561619600349723, -0.004163595685924282, 0.5127267384842131, 0.1595726608628822, -0.07583411952808328, -0.16222528540362197, -0.11239849324913989, 0.18856134081606116, 0.020767799481762973, -0.02514897115316401, 0.0008380771027643548, -0.0001537285040169703, -0.0011088112352470281, 0.049504714450627915, -4.2392168913157756e-05, -0.0012152190548886349, 0.0008655992290701337, 0.5407453858466458
93, 2, 1, 3.875552505850108e-05, 7.172661980025634e-06, 0.9991882386046641, 0.0007658332082974506, -0.14792216429654892, 0.2512885110790333, 0.2367366562378384, 0.6145584635606492, 0.19597953687453953, -0.19838940215108253, -0.2860999046018265, -0.08775154823603971, 0.05018711515465289, -0.19305046255408084, 0.11748687329496015, 0.001326394561657372, -0.0012181712792231042, 0.0023595848321224, 0.0501293983218448, -0.0005954591043815174, 0.0011568605748914504, -0.0011691361264038395, 0.5407453858466458
94, 2, 1, 0.15406176698484508, 0.007061995114298434, 0.5934725015012798, 0.24540373639957663, -0.04110289007303453, -0.07378194299264187, 0.08962006407175513, 0.48380267014768724, -0.11521389627210707, -0.12850100188871796, 0.016339429488499292, -0.023700025405424752, -0.13105605810882276, 0.0813490420866588, 0.02289889765113393, 0.0005281155051903083, 0.0011226022895344766, 0.0016643236084895624, 0.049157858290116305, 0.0003749377204917632, -0.00019226593666600596, -0.0008611893870441093, 0.5407453858466458
95, 2, 1, 0.14405291748566595, 0.007234376581920536, 0.593617849009181, 0.25509485692323247, 0.0020286842322554456, 0.0972139429062799, -0.1178389987330428, 0.5737221534432175, 0.2375774999983343, 0.06792632612533227, -0.101209989786511, 0.05948956831415676, 0.16347194562012107, 0.05953827772497564, -0.1375825254401098, 0.0004040537218917048, -0.00021743612919030453, -0.00012498026663021136, 0.04897679678044699, 0.0004566619572985345, -0.00045425372055591897, 0.0011516119298855473, 0.5407453858466458
96, 2, 1, 0.14866257416302206, 0.007327345365554842, 0.5922655468652438, 0.25174453360617927, 0.04833819829025737, -0.02205485493565835, 0.0860438751550006, 0.6281079331389653, 0.1435511613217781, -0.16981490305444247, 9.031417554121735e-05, 0.03533909718914352, -0.04463749670789605, 0.16388205400439862, 0.03601888530039325, -0.0011759900036766792, 0.001481801925820166, 0.0001315731276063522, 0.050360584838289126, -0.0004265693571950431, 0.0004018398194006861, 0.00021870795545282355, 0.5407453858466458
97, 2, 1, 0.14528269251061846, 0.007353163247065123, 0.595725390266335, 0.2516387539759815, -0.16726560467257154, 0.17868312215214527, 0.209585946460017, 0.6171771904160531, 0.047090677705705006, -0.15137168252549413, -0.24568663470172503, -0.13795906889274176, 0.1605198242374412, 0.10449896405944559, 0.06152741517177747, -0.0013660116980257042, -0.001346638307399858, -8.293969845086516e-05, 0.04972230227622724, -0.0006200482319548525, 0.0002437921052835385, -0.0013286756846027487, 0.5407453858466458
98, 2, 1, 0.047313781458418525, 0.007725081792971496, 0.6493100455236933, 0.29565109122491673, 0.1154296168682202, 0.03203872262745704, 0.05995561275864617, 0.5528731630071944, 0.12502838174745615, -0.2225815894875412, -0.18735713532809953, 0.018721863086298786, 0.10192997499381366, 0.010235487449442748, 0.15577725032100886, -0.0021147933882814914, 0.0002111227253909421, -0.0006854942622880104, 0.04878933961499206, -0.0009092291247062107, -0.0035262333365705034, 0.0012969456138223515, 0.5407453858466458
99, 2, 1, 0.04732583374408459, 0.00773164919497679, 0.6488664345378374, 0.2960760825231012, 0.028237633051123368, 0.2325793966014449, 0.03244583315547528, 0.6158084832842202, 0.13099377965578207, -0.11589878829136183, 0.13782992985319187, 0.0010344263005195365, -0.09560004925332388, -0.07195062088944357, -0.026590892541817214, -0.0004770216068911091, -0.00028946942896829355, 3.9948906703065796e-05, 0.04954763435705075, -0.0001790829256984287, -0.0008226421991686493, 0.0009455560888301859, 0.5353138131222361
