t, Event, Policy, P(still), P(random), P(reach), P(transport), o(t), s_a 
0, 2, 1, 0.35640043020248413, 0.29438990354537964, 0.3492095172405243, 9.988890781187365e-08, -0.6516448142780467, 0.6023395292829671, 0.6715013023586829, 0.4796237669987343, 0.12252922049919039, -0.1618054705004078, -0.02444517563298535, -0.17923818991299617, 0.3528629700454295, 0.3501610106904755, 0.055841962469464025, 0.1536044607313602, 0.04903313428543994, -0.07669206643391671, 0.05537890652603824, 0.206885823237578, -0.006948485692124669, 0.02965442452812796, 0.28942302524836183
1, 2, 1, 0.3233373116791954, 0.015341415850638022, 0.6613212724687093, 1.457441549006765e-12, -0.5444959142320034, 0.5030903941516109, 0.8544411179002873, 0.2950258350143136, 0.08227777068874739, 0.1223051842792728, -0.15960920643858664, -0.19774994383948355, 0.2501613016208683, 0.2540796789735448, 0.09392018719591358, -9.870356692204432e-05, -0.00023841863028736644, -0.0010783681866990298, 0.05890297418044477, 0.0016259356139719412, -0.0006645978959799558, -0.0003003168209948697, 0.28942302524836183
2, 2, 1, 0.32237823188252773, 0.015358306835089456, 0.6622634612813008, 1.0821093541317324e-12, -0.5928511813553241, 0.5255106075156781, 0.7210907165730591, 0.2834803260163922, 0.04592602835818325, -0.13597209184653392, -0.09117336220950155, -0.2954641871369105, 0.2522405349149222, 0.48128677696787714, 0.13564786454623937, -0.0010782492216681028, -0.0011778901748231035, -0.002116339066357835, 0.06082537506969358, 0.00048785329616233067, 7.54326517025892e-05, 0.0004362865151577833, 0.28942302524836183
3, 2, 1, 0.32230360786245754, 0.015359700474757303, 0.6623366916617048, 1.080321570166244e-12, -0.5872370300184834, 0.4341752315438473, 0.6491293066348756, 0.17752819601408487, 0.2661096102472709, 0.12946088947934684, 0.027466015362345587, -0.25155233605545846, 0.5178883621496404, 0.47365520957929286, -0.003442849592146818, -0.0010898919055326176, -0.00016118855920353001, 0.001425925183232564, 0.059961603742636614, 0.002156861379875793, 0.000673098252258635, 3.109873517682281e-05, 0.28942302524836183
4, 2, 1, 0.32257773893650626, 0.013716415503208873, 0.6637058455591238, 1.1611305005600348e-12, -0.5948831456746451, 0.6135632422420783, 0.6049566886205546, 0.24839444944630382, -0.09459254874635663, -0.019481521224828192, 0.0408759981990104, -0.2555634967399455, 0.4436127131216992, 0.42792917846185585, 0.06534720503645526, -0.0005080812902702138, 0.0018749063481131203, 0.0001253760238017139, 0.06071667688903112, 0.0017278002761008133, -0.0007438228306320865, -0.0009275495953600237, 0.28942302524836183
5, 2, 1, 0.29005178645682766, 0.015907879835657057, 0.6940403317924001, 1.9151152447399552e-09, -0.5827076396928379, 0.7530057125937606, 0.5296823538176294, 0.26973423986624984, 0.07210239443241824, -0.01692213590543611, -0.0306352271632661, -0.24951244863600608, 0.31691995958161, 0.3580866441666937, 0.031341371997613145, 0.00027078834051985255, -4.2040435343900175e-05, -5.9308746349108454e-05, 0.05958023721825023, -0.0008989404480868581, -0.00015877277042439518, 0.0008601468149855756, 0.28942302524836183
6, 2, 1, 0.2900413861658653, 0.015908871269630323, 0.6940497407645936, 1.7999109016443175e-09, -0.451324117309895, 0.5403064367417432, 0.7205899171977054, 0.2521225320834776, 0.10546385281919084, -0.24111946833144654, 0.046107334554007486, -0.32047228043970233, 0.32113326688807386, 0.41200016504144016, 0.17205662733384924, 0.0001935015995269994, -0.0007331045718736381, 0.0001511578688897408, 0.06078403890459827, 0.0006880790616927079, -0.0006277535010947929, -9.130857370794962e-05, 0.28942302524836183
7, 2, 1, 0.28932752747760454, 0.015929209691653227, 0.6947432623251891, 5.055531304479478e-10, -0.6451428901664152, 0.4769716385277244, 0.6143548862620538, 0.30017605620564447, 0.31432781150166395, -0.11847335513245198, -0.24724559075672747, -0.23832483756062053, 0.23556554152711703, 0.41793240789398506, 0.16072477621068382, -0.001788302140938192, -0.00028979229932062664, -0.0003768408779744268, 0.06022299497336227, 0.00025520737087510414, -0.0009201104551513192, 0.0007871758230386051, 0.28942302524836183
8, 2, 1, 0.2893267676501288, 0.01592867759409421, 0.6947445542503179, 5.054590441348453e-10, -0.6904263506542992, 0.6872806360232585, 0.5722604746757286, 0.19118258291782944, -0.022812162813788284, -0.07381741608333131, -0.07305665147589445, -0.15248497824160537, 0.5123706263072222, 0.36680091402641873, 0.17541516769908097, 0.0010100217031439112, -0.0014126067269871843, -0.001368801409552757, 0.060868975802983824, 0.0010560398540731693, 0.0006088300557808743, -0.0004051579972473412, 0.28942302524836183
9, 2, 1, 0.28773812299558404, 0.01593900015869791, 0.6963228763482364, 4.974816397066112e-10, -0.5130662666583112, 0.6236304363123951, 0.6207805410707642, 0.40945157766944174, -0.0015360263481765334, -0.2048516459170861, -0.1179551610798493, -0.15955656463199674, 0.2674786110276691, 0.4811470636504067, -0.05051087095511249, -0.0011736410116215312, -0.0007709696365144598, 2.5980716777071184e-05, 0.06127892959049358, -0.001545742574258941, 0.000514242583038838, 2.353453295783252e-05, 0.28942302524836183
10, 2, 1, 0.2517269328595051, 0.01797705802924339, 0.7302959965884073, 1.2522844332664686e-08, -0.44155512791044904, 0.6377666703938577, 0.4408170855897643, 0.30696078340676414, 0.3652457826299348, -0.0946705354137735, -0.21604246524140605, -0.29558897977687837, 0.30929201142435425, 0.3342856083950837, 0.03975474625591026, 0.001023184699025049, 0.0010074106608204596, -0.0006270612628665725, 0.059196685690393616, 2.6481565764082504e-05, -0.0008939611768431199, -0.000208016466998505, 0.28942302524836183
11, 2, 1, 0.15237296267673198, 0.022747158598476307, 0.8248798011708841, 7.755390750127567e-08, -0.5989288627574696, 0.5253359845175097, 0.4566884579613255, 0.3095198206913396, 0.17001754962773113, -0.07400161111535779, -0.22803670695180145, -0.25538461143050956, 0.1844750500678819, 0.3351420066196721, 0.044910766116006855, 6.328607266099022e-06, 0.0005650198530412962, -0.00041811077633442564, 0.06016323258613023, 0.0023027445146519285, 0.0004844938861140966, 0.001281371905835329, 0.28942302524836183
12, 2, 1, 0.14353723176763403, 0.022885554672158706, 0.8335771720836959, 4.147651130678212e-08, -0.6701790637698457, 0.5261650006638091, 0.493354784524457, 0.4926098772626271, 0.20853507052387052, -0.18337981341045942, -0.029730671422855237, -0.42302377757332055, 0.040405929092426573, 0.43979291797431797, -0.10039722070006536, -0.0003231740984257724, -6.286438108778812e-05, -6.467483007146458e-05, 0.06004871510530442, 0.0017117823614099963, 5.283405711441631e-05, 0.0018796827005081577, 0.28942302524836183
13, 2, 1, 0.06808047737600552, 0.003555844675073241, 0.928362204796567, 1.4731523543107327e-06, -0.23407850575878272, 0.4291454999932192, 0.450578903806501, 0.2066722260902266, -0.05506360110565493, -0.12174807305007676, -0.13250330245147834, -0.11165833326494672, 0.08249277588150453, 0.3641739020472065, -0.09198632025367495, -0.00042648520870693714, -0.001650110625048119, -0.0014682508489773313, 0.06020718545946265, 0.0002836150427336069, 0.00022333863734196356, -0.0012768454998256088, 0.28942302524836183
14, 2, 1, 0.06799494639966301, 0.0035655622752002697, 0.928438398238957, 1.0930861797429844e-06, -0.36048459019630597, 0.43240545730847435, 0.6442133033355495, 0.46869069188512924, 0.08285918093083093, -0.15249056847118414, 0.08143848238958258, -0.17812969021645852, 0.25554978666673717, 0.35598517925419876, 0.04749686032518543, 0.0009287658203392442, -1.629333071101349e-06, 0.0018681253566579128, 0.058981104027333385, -0.0023385967960227985, -0.0005634755694961489, 0.00041162974807557506, 0.28942302524836183
15, 2, 1, 0.06792766361547815, 0.003586727451279103, 0.9284845158623297, 1.0930709129898147e-06, -0.4979118971900317, 0.5342753393654167, 0.4489564521641215, 0.24349033519021615, 0.05418592876158359, -0.09485207447449231, -0.07329691794335992, -0.1706545006030497, 0.49944000404641586, 0.152193411873912, 0.053874649194747104, -0.0018463756331300457, 0.001931158982968742, -0.0004223332980071242, 0.05946447710676681, -0.0008880645772629493, 0.00032347996585614696, -7.048876490824333e-05, 0.28942302524836183
16, 2, 1, 0.06675777356366847, 0.003798425347217094, 0.929443497659955, 3.034291595000731e-07, -0.6098885283367488, 0.7111849706784259, 0.4816365012466533, 0.32797536041345615, -0.017561434505021144, -0.17226556959855652, 0.05011124815057453, -0.29399919466132085, 0.039939332545653, 0.2514787754146417, -0.057002338098931474, -0.0006822917621371366, -0.0007959263178564631, 0.0015915590742487527, 0.06040908788293007, 0.000318575094858672, -0.0011613340697820195, -0.001995715979277945, 0.28942302524836183
17, 2, 1, 0.06665826438432043, 0.0033914718222049275, 0.9299499701367058, 2.936567689727268e-07, -0.4211829598304283, 0.5062302108435099, 0.4761373500312227, 0.44454318778617424, 0.052558362196756706, 0.15887011179594102, -0.20970494316591495, -0.15262010249398522, 0.2472276977384483, 0.33379500692404385, 0.20769942152866055, 0.0007077457170498385, 0.00013338472234905395, -0.0017476060111009401, 0.060506411751216495, -0.0015655133880254004, -0.0011827230684208264, -0.00029963388927505664, 0.28942302524836183
18, 2, 1, 0.06338430949365666, 0.0037244646966108565, 0.9328910434131827, 1.8239654981710817e-07, -0.5409361001222764, 0.29578544521840267, 0.477359841698883, 0.3881445414582133, -0.024629074340882885, -0.13708678168768867, -0.03975301716060885, -0.16670177891877697, 0.2783684162124837, 0.30643745663508964, -0.005954109851177086, 8.322103105353238e-05, -0.00046689952055515855, -8.803206435188917e-05, 0.05965571111717736, 0.0004773303099875535, 0.00011434829913569264, -0.0005165670390471255, 0.28942302524836183
19, 2, 1, 0.06323526811750965, 0.0037536942188354915, 0.9330108550044651, 1.8265918986010303e-07, -0.6070009272686312, 0.5088707479103782, 0.41192088122972625, 0.1930148255035972, 0.15904583388339052, -0.19346492022128628, -0.06545495123399511, -0.33267895925270496, 0.3550182097284014, 0.22367121839236498, 0.019010264898052465, -0.0014069649722960392, 1.0039739943803678e-05, -0.000834560653246274, 0.05825769067743197, -0.0011136066913187517, -0.0015020786648840471, 0.0013283048427305717, 0.28942302524836183
20, 2, 1, 0.061222933699869406, 0.0038640988481212853, 0.9349127747285619, 1.9272344753243255e-07, -0.4116494496394842, 0.48676290741515843, 0.3211910757737026, 0.24791551869042708, 0.118436187268299, -0.15556201298365288, -0.009037653899720933, -0.38901018595984277, 0.18761460834692553, 0.42440391669625954, -0.0742225776478266, -0.00027088039588777426, -0.0004594651125857465, 0.0005610707859794613, 0.06024339805463443, 0.0013412865490324089, 0.00015016336712821905, -0.0011622346465159266, 0.28942302524836183
21, 2, 1, 0.05810035626942473, 0.004227082012937754, 0.9376723711366748, 1.9058096260877825e-07, -0.41681036835073143, 0.440568390208823, 0.5317047612169169, 0.21864265213103842, 0.2367990301617501, -0.18785654584131192, -0.19032633603078708, -0.21152384232688473, 0.2932442887918252, 0.21248917952585974, 0.036013860386531864, 0.0010795734045526229, -9.629269380573662e-05, -0.0012036082945726613, 0.0601484032626977, 0.00013043279721359225, -0.00027556512504141474, 0.0014069459050538515, 0.28942302524836183
22, 2, 1, 0.04979339687469872, 0.00438711195433788, 0.9458194537503185, 3.7420644868003253e-08, -0.5882360366356134, 0.47764410750985675, 0.606646384034084, 0.2896463497244263, 0.0986007901233054, -0.0642687736458343, -0.14720277539972876, -0.37955190730637917, 0.19571996871757036, 0.33674435411264714, -0.01844258687063551, 0.0008124603744569459, -0.001368018495800865, -0.00010192925739034543, 0.061435350530519905, 0.0012913772907848348, 0.0004608315884621487, -0.0013119560203949726, 0.28942302524836183
23, 2, 1, 0.04979037060628727, 0.004387679521050911, 0.94582191245437, 3.741829184221386e-08, -0.1697084974618238, 0.4260341619756268, 0.4375513780803568, 0.2885765297556768, 0.07366133802420863, -0.21444680773359065, -0.0804912135779113, -0.16703608377854454, 0.4663568479868753, 0.3136532161184068, 0.1359110880057472, -1.6208315874250704e-05, -0.0006533483473379767, -0.002150554909178826, 0.05995006555483619, -0.0010494705068006213, -0.00019439934837094472, 0.0023096643046335965, 0.28942302524836183
24, 2, 1, 0.04956743442921972, 0.004391134599967629, 0.9460413976780968, 3.32927158262275e-08, -0.38992580575142644, 0.5236122196412307, 0.52348481475077, 0.37869469667534694, 0.15317891435577705, -0.0974615697840895, -0.09087247339439128, -0.27989451974218055, 0.3434526331500485, 0.188869857465486, 0.02932096350246568, -0.0016588303223842276, 0.0006320816547710518, 0.0007901502260385032, 0.0612684534335872, 0.0011914750360098485, -0.001523022446805275, -0.000297583716026157, 0.28942302524836183
25, 2, 1, 0.04954132795280964, 0.00439043719325213, 0.9460682016026086, 3.3251329689007304e-08, -0.3912894564875524, 0.581975491536941, 0.3993791786714538, 0.3574854414053068, 0.1204608473600011, -0.09707655616120371, -0.05214665816492122, -0.2454262032542315, 0.2606782803736, 0.5498071862287602, 0.07590303699149227, 0.0007789471033365287, -0.0008309886238798177, 0.00206054311394883, 0.06132591705039764, -0.00015240453556530676, -0.0009096027494430323, 0.0012830679671275132, 0.28942302524836183
26, 2, 1, 0.03003862148908228, 0.006563059690795029, 0.9633915958693698, 6.722950752911274e-06, -0.35074763546489274, 0.5881452566270321, 0.45968847761649584, 0.29108477328997673, 0.08937577721147777, -0.0010128078836647125, -0.015845029193427583, -0.07165807027282349, 0.19226803904502088, 0.22737859170309443, -0.16740029044900884, -0.0007464234291957473, 0.0006830106457623382, -0.0016191046859902799, 0.059892480276592094, 0.0016499907943316131, -0.0001070895343852877, -0.0002174385391856762, 0.28942302524836183
27, 2, 1, 0.009500822073988408, 0.01143598748221796, 0.9790559262204876, 7.264223305966688e-06, -0.2934611361499379, 0.4031547026075577, 0.44257400989606366, 0.2786414410695313, 0.11203056641960348, -0.08991964168820696, -0.08484843288185036, -0.1438316425030346, 0.20045478506420006, 0.21797197183597455, 0.011275202659483716, 0.0014691977492971074, 0.0006392992063013489, 0.0004688431542652533, 0.05915182626513014, 0.0006459625964560713, -0.0004837697334671852, -0.0009678312643244989, 0.28942302524836183
28, 2, 1, 0.008212225775164145, 0.011045190653445159, 0.9807375619600195, 5.021611371200826e-06, -0.5489535425863071, 0.36196023878624706, 0.46747755910464833, 0.1912009297720012, 0.1106216366237027, -0.05989224025991914, -0.1696855662032555, -0.29868254729945537, 0.2242789478949693, 0.32932718552646023, -0.014692083124785283, 0.0005798296211976313, -0.0002575180653559601, -0.00019955963913563377, 0.06244510479107548, -0.0006344138978570522, -0.0004625743119940501, -0.002480842205849724, 0.28942302524836183
29, 2, 1, 0.006835027087323808, 0.011209504935203974, 0.981953802962529, 1.6650149432272912e-06, -0.2777672044434322, 0.20257412787941984, 0.6184790293242204, 0.4456374026545923, 0.11471439298367359, -0.07181120651801036, -0.09245637210145355, -0.12007262643755431, 0.11311107230176623, 0.15371303053635846, -0.06006961779538263, 0.00023141133952453105, 0.0002777461400953541, 0.0012687793246189355, 0.06033234575932822, -0.001253202516773793, -0.00020535160735646926, 0.0009966771316568235, 0.28942302524836183
30, 2, 1, 0.006843317938610038, 0.011197556758856815, 0.9819574881417887, 1.6371607443847546e-06, -0.39725405039634804, 0.46504467845502173, 0.4502433416836113, 0.48542544477633615, 0.10681232743231384, -0.17869822440573518, -0.06447046604590466, -0.28544154765626245, 0.28729203565118333, 0.23509334375011623, 0.1823594923015091, 0.0008255897257752481, 0.0002269950540385061, 0.0020929220421348938, 0.06013733261440986, -0.002229689301162282, -0.0011970554492366505, -0.0009335209727914682, 0.28942302524836183
31, 2, 1, 0.006411619652319588, 0.011026248284563209, 0.9825615116219116, 6.204412054748668e-07, -0.39118624555131454, 0.2778543483448185, 0.6080033442443471, 0.35910298150527586, 0.0840448496851166, -0.13899826366726237, -0.023915618227241864, -0.07864275577287294, 0.1440655693760068, 0.27506261158022605, -0.15697398317803046, -0.0010405710390911324, -0.0017693613436572182, 3.209720094723152e-05, 0.06044803376699398, 0.00030920345568413103, -0.00040880088698545304, 0.0004830309548159101, 0.28942302524836183
32, 2, 1, 0.005904521768054069, 0.011095892410317871, 0.9829992278469731, 3.579746549388142e-07, -0.5051158781870282, 0.38205246810987037, 0.4231596219767676, 0.2415387234092295, 0.24944195934321023, 0.00588428889308974, -0.18224586682060567, -0.3290976243103276, 0.14036636718259252, 0.22155570735875182, 0.03331863692123146, 0.000878182747899943, 0.0023198590089720727, -0.0008298176080916278, 0.061474934903241685, -0.00022020055086024857, 2.184893311754685e-05, -0.0013180599907712015, 0.28942302524836183
33, 2, 1, 0.005899201348197018, 0.011082852548547214, 0.9830179440117679, 2.0914878189487196e-09, -0.37990740547100316, 0.1750805214222865, 0.583992080170116, 0.3909925500139265, -0.12655260716711045, -0.3356324751308185, 0.003810273836405398, -0.21929570784799268, 0.2702068994595614, 0.26599864492347297, -0.1732994590558151, 0.0002370351673845645, 0.00032836620484840047, 0.0008791388368918549, 0.058483507052664155, 0.00023109268714443908, 0.0017237128136667382, -0.0013192801653285758, 0.28942302524836183
34, 2, 1, 0.005813970624838386, 0.011088420075315585, 0.9830976092463602, 5.348580430626792e-11, -0.3133649088292215, 0.6352504050276784, 0.6526131168662076, 0.5182549602215045, 0.12155468447976088, -0.10786296659352715, -0.16717254614888966, -0.11305339499924383, 0.22496122985857836, 0.22095740661840332, -0.0013834271484674365, -0.0012565174828951563, 0.00047604952621716124, 0.0009386823717234821, 0.06018948522604104, -0.0017062624713317814, 0.0006732346590153434, 0.0003888072690778463, 0.28942302524836183
35, 2, 1, 0.00486605798629246, 0.011079505102130977, 0.9840544368672196, 4.4357021592947305e-11, -0.4707060530584372, 0.6181558085645346, 0.6358394425594931, 0.15852815844348073, 0.008195626016271352, -0.1198949579071807, -0.17938074144892244, -0.20022075306609696, 0.31225531507788074, 0.3875188229197373, 0.06730712439305887, 0.0021334135431991755, 0.0009189772373688198, -0.001176715744757377, 0.06014564929843933, 0.0012170184342401174, 0.00029933906681940757, 0.0004984157533900986, 0.28942302524836183
36, 2, 1, 0.005692707444735451, 0.009954897191814202, 0.9843523923481665, 3.015283711130743e-09, -0.22843303649541621, 0.23295261408988868, 0.51718357281871, 0.2539652534755903, 0.04018322302558047, -0.059854937433260605, -0.13140108013027638, -0.07595583873819667, 0.12647210672794162, 0.1922294530827464, 0.12445279908575843, 0.0009825059847640523, -0.001026171337381169, -0.0006847705219412741, 0.05932006919276497, -0.001215379952328289, 0.00027496376137985215, 0.0003436481356173344, 0.28942302524836183
37, 2, 1, 0.005573215564273378, 0.009965412399157794, 0.9844613697232382, 2.313330639160242e-09, -0.4222681861973598, 0.4101923534718086, 0.5282365157054109, 0.28474952041890433, 0.1122414931821332, -0.2869319733307429, -0.23521905649543212, -0.11052163119717828, 0.19400267841829139, 0.2577157688734992, 0.07545483017881899, 0.0009081193799476616, 1.0854302731909973e-05, -0.0016817741963192664, 0.060509192735329766, 0.0023520180599608097, -0.0010051408377831392, 0.002174438744079307, 0.28942302524836183
38, 2, 1, 0.0034259945799993614, 0.01013796753137182, 0.9864360292266717, 8.661957085293549e-09, -0.31281410584261604, 0.339707368279241, 0.5009190873078082, 0.22118708098550321, 0.07991039254155435, -0.07348117429252982, -0.09493537461728589, -0.16199242726157062, 0.23504672080448064, 0.28304830617109816, 0.0045812544692713005, 0.0007994365862506039, -0.0009233090873242003, -0.0012073972952586468, 0.05942716135228724, 0.00011389619416415579, -0.0015833222357851968, 0.00036109455814626354, 0.28942302524836183
39, 2, 1, 0.0030536425333627984, 0.00973186282919956, 0.9872144875954276, 7.042009935172964e-09, -0.19076729379320398, 0.2644093347092347, 0.6104331468828127, 0.4324838712126159, -0.004963233355724528, -0.12785563355687163, -0.2169433400959841, -0.23538954033904141, 0.058772660290516865, 0.3332402899018488, 0.07475161604322862, -0.0010906140278149992, 0.00014193002139312354, -0.001024496930239002, 0.059740088393914884, -0.00021519032906883246, 0.0005783770794080489, 0.0006687545257985284, 0.28942302524836183
40, 2, 1, 0.0041922553739303986, 0.007372787711720113, 0.9884349320326675, 2.488168198193351e-08, -0.5884254569725745, 0.3929460310548371, 0.3419010620876187, 0.34842155035748923, 0.10767655786482293, -0.10870657913522153, -0.21621537717906164, -0.27831084223354563, 0.14229150951214511, 0.2982816147497961, 0.13333099240860588, 0.0006984212804085568, 0.000582873550481121, -0.0018830542916533181, 0.059539812427021686, -0.0008116110933118927, 0.002037997578717623, -0.00020252753198993388, 0.28942302524836183
41, 2, 1, 0.004189889165150385, 0.007356582167956428, 0.9884535049635861, 2.3703307119373047e-08, -0.5656990589419205, 0.196228973803265, 0.4659738188921268, 0.3707881784138926, 0.06326081928485675, -0.08214802339634564, -0.17451102863406587, -0.03234888177447479, -0.07308953665445946, 0.2271486204427573, 0.10238819233191643, 0.0012915474793435788, 0.0016209841409628206, 0.00011622005236225327, 0.059315365376651094, 0.0002888080891825733, -0.0005743649793608708, 0.00024560858054526493, 0.28942302524836183
42, 2, 1, 0.004465531523173783, 0.006488297287902591, 0.989044940290185, 1.2308987385341534e-06, -0.34856714513840925, 0.14982339503472653, 0.33557487266222863, 0.3567649278676527, 0.022037324843194383, -0.08190714780157582, -0.02042543124324876, -0.07360926632921615, 0.19915690651632312, 0.24943717774382046, -0.004806377678609386, -0.00028495860961417504, -0.0009351741368596722, 0.00063864701733199, 0.06098484058199298, 0.001650807038889216, 0.000688207400904453, -0.0011556838340833553, 0.28942302524836183
43, 2, 1, 0.004456422615546546, 0.0064906094663748125, 0.9890517363328062, 1.231585272378717e-06, -0.2878605122142534, 0.12733217209929565, 0.481263295142422, 0.26595116507996214, 0.13455150664145638, -0.16274698985785152, -0.21308086297046885, -0.07096547283342006, 0.3317687158321493, 0.01566715845533435, -0.030579349923012533, -2.0550320479668605e-05, -0.0005150712400829832, 0.0002222169916791308, 0.05922952918110419, -0.0010112714387077392, 0.0007990145955016775, -0.0003281572833726407, 0.28942302524836183
44, 2, 1, 0.004338858297312966, 0.006479757428824389, 0.9891801482958803, 1.2359779823726234e-06, -0.23858374712838892, 0.2018716321702141, 0.341802712856931, 0.21279620971341565, 0.002593458188960529, -0.20675607465672066, -0.09259826392940977, -0.2791299093901475, 0.17549257735939242, 0.35955003920902756, -0.1756400839882419, -0.00206834033856336, 0.001998193819606689, -0.0018082738694356472, 0.05865610158365736, -0.0006272621104633057, -0.0006488465543583657, 0.0007556489169797877, 0.28942302524836183
45, 2, 1, 0.0035454876322220464, 0.006607276892740724, 0.9898462924584834, 9.430165538177027e-07, -0.39322126841381705, 0.3089291705259264, 0.374077481570501, 0.43937427654074684, 0.22684827877711333, -0.09315054401059698, -0.20947370607120153, -0.1812327948436509, 0.012868103636977412, 0.2679680271142494, 0.06679762231439094, 0.00013392189557110255, -0.00023181518257722237, -0.0001783939399048952, 0.060282982099324124, -0.0008862496019601716, 0.00020009309481369865, -0.0003491905723805364, 0.28942302524836183
46, 2, 1, 0.0032552258678229472, 0.006589691551252907, 0.9901541681251946, 9.144557293730486e-07, -0.18012549477969986, 0.35992990414662296, 0.4635422597382847, 0.19538308564475812, 0.05846119290221265, -0.10526064067782699, -0.12773795018713432, -0.10475775969710796, 0.19022240857007783, 0.31809588942039857, 0.03743250173523075, -0.0006550671270785638, -0.0002629957600724657, -0.001644144396156218, 0.06001977997505166, -0.0002177425797259155, -0.00016773690678206394, 0.0011168434498221459, 0.28942302524836183
47, 2, 1, 0.0031615695681557307, 0.006607932929388011, 0.9902296853112525, 8.121912037499037e-07, -0.3146795477645039, 0.2594108776866577, 0.33698971069334493, 0.3180078598299524, 0.24246110653723116, -0.10115296268539145, -0.04027712915891758, -0.027603530852497025, 0.13273935154432143, 0.34961781625725885, 0.03257420660677655, 0.0012124593859276869, 2.925388219247956e-05, 0.0010527681867512787, 0.06092535398444056, 0.00046101022406308317, -0.00036476704629010646, 6.388544613847505e-07, 0.28942302524836183
48, 2, 1, 0.002239765188269998, 0.006974485971252659, 0.9907749386250111, 1.0810215466276509e-05, -0.38024951422020703, 0.26020644612408494, 0.2512478576686129, 0.33350237704763286, 0.0644930427995167, -0.09848144645744566, -0.1883995380343387, -0.18526957476135697, 0.13666453267697853, 0.1422129683546065, 0.03924539503893562, -0.0003916013990588555, 0.0002452139771095004, 0.0016834646836389547, 0.059604897309585916, -0.0014053681607515919, 0.0013791536038107346, -0.00012274410108828048, 0.28942302524836183
49, 2, 1, 0.0022179984170978898, 0.006977474314543269, 0.9907936468609861, 1.0880407372793011e-05, -0.27653576331766566, 0.292889193331113, 0.3696696074328353, 0.36212282629046266, -0.05555572924917547, -0.2770303790552499, -0.1802386850534046, -0.07672226663451286, 0.27575607365099175, 0.08346091608831539, -0.05209751564752596, 0.0008034298984190049, -0.0008100659544191645, -0.00037531188608190606, 0.05992675334320038, -0.0026527705744672702, -0.0004473910944628987, -0.0015570811940284104, 0.28942302524836183
50, 2, 1, 0.0021365411482228316, 0.006905085525465231, 0.9909513680531424, 7.005273169524154e-06, -0.391519187582662, 0.26448186863404366, 0.390987554044177, 0.1884635298527199, 0.1285845802296893, 0.07961399914296455, -0.10381480940969534, -0.08588875030106649, 0.16787327954758105, 0.4194432981409462, -0.04791364791930908, -0.0008691773807245845, -0.0009872701276239164, -0.0009858637958138773, 0.059185932260461246, -0.0004671461851694132, -3.569934047033045e-05, 0.0007509607005112971, 0.28942302524836183
51, 2, 1, 0.0020567121099657366, 0.006964973567508418, 0.9909737054432657, 4.608879260143383e-06, -0.5056606064382926, 0.25740813587354405, 0.35033882929280724, 0.12441278072982058, 0.09126835274943182, -0.21788497159351689, 0.07213690090653495, -0.21674785641411054, -0.0048842245516536485, 0.09405101201921326, -0.04186751158156389, -0.0013953506516036296, 0.001138063957829546, 0.00036769555190476237, 0.06097082958637946, 0.0020034748062043783, -0.00039617123185977965, 0.0013344798394640096, 0.28942302524836183
52, 2, 1, 0.0019849350592166027, 0.0069892674842239625, 0.9910211214411181, 4.676015441268787e-06, -0.22832552686551977, 0.26400107171653214, 0.2928192013479364, 0.2651904398793249, 0.15429058903605425, -0.11192138506931648, -0.19314832335291135, -0.1876313463723144, 0.2052938225880144, 0.19091609198306875, 0.08687248125446846, -0.0010376116401690032, -0.0006445882245406538, -0.0005999992692095481, 0.058956090089165594, -0.00033870655534708107, 0.000744134795433152, -0.0008266601001188853, 0.28942302524836183
53, 2, 1, 0.0025160795397137395, 0.006292612510042321, 0.9911406571783912, 5.0650771852764426e-05, -0.22097014481403643, 0.15953184607276147, 0.25023276351908164, 0.19184125540450098, 0.10512035017121638, 0.013471801119868409, -0.06624495450375525, -0.06502730450806692, 0.1623402360326207, 0.07380479597194503, -0.02898279642678252, 0.0005617543906636198, 0.0012547694756688472, -0.0007909568416141882, 0.05961204867799774, -0.0006842197818522427, 0.0002991700255811433, -0.000651476409652535, 0.28942302524836183
54, 2, 1, 0.0025021811661069073, 0.006287981613264483, 0.9911591918082089, 5.0645412419687106e-05, -0.34474798278901714, 0.22625300905205278, 0.2856290274494747, 0.21830299032647024, 0.1932117184500974, -0.1452210426575827, -0.18610058342250183, -0.21483458800768246, 0.29456649149262165, 0.15829086535071593, -0.058907155213890006, -0.0010672085004117585, 0.0014660376922276818, 0.0007929594093250572, 0.06059458372730124, 8.633697825694575e-05, 0.00038801756371438485, 0.0006202129669097948, 0.28942302524836183
55, 2, 1, 0.002385096272867853, 0.006323368640528247, 0.9912415574920782, 4.9977594525716424e-05, -0.2738756700536863, 0.34458133807947805, 0.3401102685949598, 0.2522595366085043, 0.35313751969341906, -0.05603518233077683, -0.29177763861797157, -0.21175799406331935, 0.11055977187822086, 0.04906347733947911, -0.08692931846816768, 0.0005795369563447394, -3.737676332020379e-05, 0.0009659391973330111, 0.05789203862388809, -0.0011123835217113351, -7.924913969355101e-05, 0.0002614400497906326, 0.28942302524836183
56, 2, 1, 0.0022371239892969366, 0.006346405057696087, 0.9913679716763244, 4.8499276682620274e-05, -0.20264400563578686, 0.4354817101338547, 0.3482031920686613, 0.30833675347809486, 0.0765064423677726, -0.11161842234404584, -0.14660733905671305, -0.17315653847748055, 0.2384229961188758, 0.2950255477158229, 0.03737938219074191, 1.1486936172150487e-05, -0.0007055252891537418, 0.0015830844321370508, 0.06123974222201526, -8.213471665801238e-06, 0.0019030396667787165, -0.001252341759010372, 0.28942302524836183
57, 2, 1, 0.0032244283005126656, 0.005316782555369543, 0.9914092851113169, 4.950403280099176e-05, -0.19760957231146062, 0.4166271684128103, 0.23327142225262393, 0.20076724984498323, 0.06174339886813128, -0.05337302402850179, -0.022899034391338557, 0.02035811578570974, 0.1274725568557002, 0.18896606042237746, 0.14860570817874272, -0.0015040640970837337, 0.00048074814956267016, 0.0004679300079823521, 0.06062949314208427, 1.2233950217883762e-06, 0.0001705814317787357, 0.0008891321003414801, 0.28942302524836183
58, 2, 1, 0.005028701176062378, 0.002121207503852273, 0.9920275933151755, 0.0008224980049098045, -0.24815963061792434, 0.18326566265218247, 0.08631547954965824, 0.2891662330509694, -0.05947047396238956, -0.052772407902047944, -0.131862462061501, -0.10642763692371035, 0.09452952144712376, 0.14161853746884542, 0.04180616224423787, -0.0006173621742536013, -0.0005159980722773913, -0.0013367224827967917, 0.060560697241576214, -0.00013351797993885314, 0.0013716197833954142, -0.0005532544234165036, 0.28942302524836183
59, 2, 1, 0.005015516780284594, 0.0021231270441515286, 0.9920417397217683, 0.0008196164537955618, -0.18225895919705384, 0.37218504449800377, 0.3087735469987584, 0.3688956846611723, 0.18249235361230032, -0.07218094494618185, -0.06298965995841078, -0.1111051958068691, 0.19416442838544398, 0.2703553547764231, -0.12333265951635404, 0.00013905593299244008, 0.0017208898604604641, 0.0034635690252606552, 0.060438903640289865, -0.00017173311442673185, 0.0017092050825699753, 5.334201655363e-05, 0.28942302524836183
60, 2, 1, 0.0023569142932679753, 0.003056771871908574, 0.9932795594208715, 0.001306754413951873, -0.35698873277633725, 0.28658165059897034, 0.13366167632612275, 0.19025594073644664, 0.09481578006100559, -0.12979177298048875, -0.14906661828142714, -0.14718631685434377, 0.24162250913890726, 0.14364520473708448, -0.08165119660041195, 0.0008002819910422185, 0.0013190481703366196, 0.0016393582421278534, 0.0599325342844339, -0.0006243164573997008, -0.00028972171829685673, 0.00022963542068756335, 0.28942302524836183
61, 2, 1, 0.0017756680692817281, 0.0032624989187315834, 0.9934770157052358, 0.0014848173067508505, -0.44490696584632, 0.2304132022836808, 0.08697910331510941, 0.43396346458927526, 0.1920668463868106, -0.23032281804209473, -0.25646016675187433, -0.11882131451447539, 0.059318488029372105, 0.12662804216922122, -0.036185402734250104, 0.00025008600401281726, 0.0010481365652725014, 0.001597271384493612, 0.059997366743553195, -0.001870354992337634, -0.00016008755534973224, 0.00026917585102163876, 0.28942302524836183
62, 2, 1, 0.0017715236504896377, 0.003266222697040648, 0.9934780321573534, 0.001484221495116181, -0.18846860319569708, 0.20408766925893285, 0.26401251763431044, 0.15196838745553473, 0.05395065225062914, -0.14197462131501104, -0.33965951164649794, 0.008122718103904835, 0.03628515647572622, 0.06896632896300975, 0.1769787504510662, 0.00035407364064724873, -0.00012256283472807876, 0.0009390311173530889, 0.05822685112889271, 0.0006589553386078681, -0.0005104045822994685, 0.001091994121545104, 0.28942302524836183
63, 2, 1, 0.0016491585122325428, 0.003358412075201573, 0.9935196640015872, 0.0014727654109787185, -0.33848358698907466, 0.03295433151553249, 0.18573009486876696, 0.2852020934774656, 0.18088934308734028, -0.29146103606094226, -0.17889513739278395, -0.009052248222351355, 0.11518723263096717, 0.09613891229037284, 0.013206607464196751, -0.0001476991335149266, -0.001964839910298263, 0.0013521961734890176, 0.0625001514987495, 0.002214005392368337, -0.0017328011313979218, -0.00029855228691623746, 0.28942302524836183
64, 2, 1, 0.001418834376257588, 0.0033769268559161033, 0.9937603396933172, 0.0014438990745090255, -0.11132028330161954, 0.07192901329328409, 0.3555325807333859, -0.002232140574473718, 0.018739139279964477, -0.028218992028873124, -0.3413162069252047, -0.11878254115088875, 0.13161884591589737, 0.16733032659947794, -0.04252482831619965, 0.00031204276781100526, 0.0017108041838761034, 0.001726596058070029, 0.059959955463365314, 7.041561647669255e-06, 0.0010953021690899504, 0.0008389484498449538, 0.28942302524836183
65, 2, 1, 0.0019575525015035687, 0.002791898659367692, 0.993818858249483, 0.0014316905896458157, -0.11837035280805704, 0.1876007224149972, 0.2690640014197517, 0.14921476376407872, 0.0032837083455341753, -0.09541655044649208, -0.11310047498803073, -0.13635616906941977, 0.13270068998513224, 0.12234869604804803, 0.11235269613347668, -0.00023653067868299724, -0.0013081138624678095, 0.0006847431732077463, 0.059614988173054065, -0.0002891360051814069, 0.0021915994172645994, 0.0004273139552692824, 0.28942302524836183
66, 2, 1, 0.0039160721192448705, 0.0008207267635929133, 0.9938335150809139, 0.0014296860362482833, -0.2353470414510182, 0.2474320221400812, 0.2162004252074016, 0.24180688253571528, 0.07220514293005867, 0.011869245489844448, -0.16093133848273253, -0.21319493787530258, 0.22860660388636486, 0.0783600879817794, 0.19661822577418236, 0.0012876923332000901, 0.0015536742894021523, -0.0008035761673174463, 0.06073446312699814, 0.00192017262907269, -0.000553725112202085, 0.0009024356268098855, 0.28942302524836183
67, 2, 1, 0.003883395878875739, 0.0008654476079737648, 0.9938591520104855, 0.0013920045026650984, -0.0006582848147977493, 0.4118084605738822, 0.37779974977056235, 0.3927379259170106, -0.14166818280309418, -0.13603747970406826, -0.08194823537941032, -0.21320415532732717, 0.013203305980547508, -0.03183571313067015, -0.10744813890965528, 0.0003411276103623116, -0.0006705456008729358, 0.0002704515579912966, 0.06107606213493046, 0.0018574506703743123, 0.0018357747025694975, -0.0006974001737247654, 0.28942302524836183
68, 2, 1, 0.0036875272600645015, 0.0008774210042357039, 0.9945883000980249, 0.0008467516376749627, -0.1472510085943069, 0.20616045359826002, 0.22497629341317635, 0.43541891486381895, 0.18952898969799986, -0.0020021916998002264, -0.14611053581012257, -0.22583146614099991, 0.10479279180581906, 0.1036776198868908, -0.11196568488907983, 0.00048519079478923235, -0.0004043734124349851, 0.00025261865891558044, 0.05816375801175807, 0.0006616170948777434, 0.001390600801375494, 9.91798326975037e-05, 0.28942302524836183
69, 2, 1, 0.003908067958414363, 0.0010430569565998721, 0.994608436089803, 0.0004404389951826946, -0.3479736276303916, 0.12890272572827383, 0.3832240908172674, 0.1513766426618251, 0.1326214112718491, -0.10015637725070248, 0.0779590980080505, -0.08396316120041869, 0.07192367587450722, 0.06545731261255486, 0.06456323778407166, 0.00033074044060859897, 0.001508316243117768, 0.00021502470650720785, 0.060714246440633834, -0.0006230975137891777, -0.0014004813332898218, 4.607958177305961e-06, 0.28942302524836183
70, 2, 1, 0.010492263888846255, 0.03415377441308057, 0.7947286061998613, 0.16062535549821194, -0.04126521359880277, 0.26549615860956177, 0.06450007542368956, 0.21526048103619058, -0.024225424016602725, -0.16425692229851324, -0.10494157330682732, -0.0644699685913576, -0.03870504781832033, 0.06432505077467625, -0.08484320398244702, 0.00011613972839673006, -0.0005034004552268826, -0.00041809915084740814, 0.05895784497639258, -0.0005862511852382694, 0.0012479622643843877, -0.0001687749392054399, 0.28942302524836183
71, 2, 1, 0.011364623461534074, 0.03222650053069219, 0.795914969734679, 0.1604939062730948, -0.04124429298822323, 0.20589381488712927, 0.24422170279236116, 0.32310717529935695, 0.04925209894121796, -0.1546939345883201, -0.15328798597679946, -0.12467118633610293, 0.07926125040892129, 0.1309185579719067, 0.025838408238084636, 0.00027070927665573993, -6.145357217481124e-05, -0.0005509508295130471, 0.059420933084407754, 1.2064512185217402e-05, -0.00024025167987592124, -0.0006455541031827343, 0.28942302524836183
72, 2, 1, 0.020670747808288904, 0.019752381884382175, 0.7987456353282606, 0.16083123497906843, -0.052059380202618376, 0.35850517728045755, 0.21454385754607172, 0.2461522873860725, -0.041607489117524876, -0.018462585587289283, -0.05680576071819071, 0.0026416284064168516, 0.2337285060230478, 0.1330692872584585, -0.04554078084206326, 0.00021936430428605002, 0.0019207204178822192, 0.0006675890640060427, 0.06054482084793907, -2.0712115089252914e-05, 0.0001444361440132408, -0.0006018794032291041, 0.28942302524836183
73, 2, 1, 0.016478706206783298, 0.02080493668475984, 0.8035326308676177, 0.1591837262408392, -0.08518489481842831, 0.1577299544979088, 0.31760905315945914, 0.1940121875042254, 0.10891435350963799, -0.07457113751402855, -0.28784881573476245, -0.08577217663642239, 0.2524315355889276, 0.1172339348450006, -0.04278207782686311, -0.0016788071306475672, 0.000444754195193716, 9.361473379925099e-05, 0.05901699400295181, -0.0001545133549893355, -0.0003172724276366863, 0.00047065549287621516, 0.28942302524836183
74, 2, 1, 0.01855495266797384, 0.02163698270664687, 0.8040236466664896, 0.15578441795888956, -0.1831541193020979, 0.050738146209125534, 0.25993206005383207, 0.14818550960034746, 0.09550188373944972, -0.06962161511363973, -0.18404691622043948, 0.026392031370165804, 0.05498669666947879, 0.1204760449699381, 0.10714011746658783, -0.0007363445296415916, -0.0015152776905817849, -0.0006330360191861412, 0.0595937432659799, -0.00019046424120322249, 0.0008284762060886918, -0.00024536402157854475, 0.28942302524836183
75, 2, 1, 0.017993464818402728, 0.021916139000571513, 0.8043016222864814, 0.15578877389454443, -0.026092316795723058, 0.1883603149764615, 0.10434880094626497, 0.1328917351186054, 0.08421465324858317, -0.29037576542326954, -0.21542102805408786, -0.00032949956973262753, 0.08906647759408204, 0.2637659721698261, 0.07382525556879228, -0.0007854963348185855, 0.0017443597564502783, -0.001065014363206387, 0.05909858410632653, -0.0009340129782938701, -0.0008288105295075135, 0.0005770114200218125, 0.28942302524836183
76, 2, 1, 0.07119779643544799, 0.02291437622218601, 0.804510489336812, 0.10137733800555407, -0.2272490638316555, 0.09113230288815045, 0.145075500899494, 0.3247889040581126, 0.1696097607306873, 0.08234394105270862, -0.027417851981060004, -0.14915179994084232, 0.07365306683769421, 0.16442827570763438, 0.19774625687124806, -0.0028473950218065687, -0.0013848657678321632, -0.0003218917949918102, 0.06132719560062151, 0.0005163656391909399, 0.0006826340552684547, 0.0012978494618183687, 0.28942302524836183
77, 2, 1, 0.07122002061950428, 0.023110190063102654, 0.804426619502417, 0.10124316981497598, -0.01371866861098614, 0.04317261515119177, 0.178647195674165, 0.3269184200849614, 0.22096560389145878, -0.1682582768383019, -0.060846455406178224, 0.04085955686707147, 0.10512227240404123, 0.19774866690940512, 0.04045816516778386, 0.0004099485505754394, -0.0012871101928739273, -0.0013173552289121675, 0.05942906296673243, -0.00012288004989997528, -0.00010039306755712507, -0.0005327885274123413, 0.28942302524836183
78, 2, 1, 0.07042560689100241, 0.020836872831692183, 0.8039579511976145, 0.1047795690796909, -0.18264807656719378, 0.10513079644260122, 0.08007074174192085, 0.1817313523132154, -0.030317514269096523, -0.1376300667973226, 0.005713071272452108, -0.09389877161279367, 0.1289950528851122, 0.04294493339721357, -0.05088817510265533, -0.0007027626018709027, 0.0017741828985899516, 0.00030749466475938584, 0.059211194179638285, -0.0011391860923730996, -7.546334921821978e-05, -0.00020455785063583934, 0.28942302524836183
79, 2, 1, 0.07524719848597819, 0.016364690826752317, 0.8042421718298746, 0.10414593885739483, -0.12574437300477148, -0.05068750568172853, 0.10594058147859356, 0.24933806427421928, 0.10971149211058404, -0.019231528052772173, 0.04136642536884716, -0.20014563024113768, 0.08966094892255021, 0.19936602531827768, 0.051991099983112056, 0.00025554701145546067, 0.0013501391682949149, 0.0009437209975558002, 0.060459797527791445, 0.00035333407764013956, -0.0002718111953087077, 0.0013408856627123514, 0.28942302524836183
80, 2, 1, 0.07730768280261201, 0.007152672688982248, 0.8112187241790486, 0.10432092032935715, -0.28830778496844645, 0.06848927201278328, 0.13946638407757359, 0.42515761595925544, -0.02477596320072952, -0.05287006084260461, -0.1407090089362005, -0.05269594640528617, 0.01267124672319595, 0.3242623896804099, -0.0345479669168107, 0.0005172362537726975, -0.0017209228309251559, -0.0009777477453064597, 0.06170567490544253, 0.0003723908525848269, 0.00021063525541722218, 0.001920554545050039, 0.28942302524836183
81, 2, 1, 0.07299445377040119, 0.010424310274492678, 0.8118697393967246, 0.10471149655838155, -0.14729566961396276, 0.08296432866061433, 0.08758733221225971, 0.2635596616639537, 0.13815323790232895, -0.0664434716221571, -0.2415241945228744, -0.14707458784920058, 0.1775992185922856, 0.06254908188685311, 0.07939762554404542, 0.0011940817980904811, -0.0011463069277365685, 0.0009230462232517802, 0.05979372294703267, 0.00012937690876301555, -0.00011177756962378753, -0.00048356956416555953, 0.28942302524836183
82, 2, 1, 0.07455808331600451, 0.010931462881419943, 0.8123128323790882, 0.10219762142348733, -0.14292958466183353, 0.11108976412770251, 0.30526831007238897, 0.395150552228933, 0.039320147186800304, 0.0638252958649865, -0.12642960503426343, -0.06969919068549779, 0.06346108265483591, 0.12097022423120771, 0.05812490527927129, -0.0005180369035503848, 0.0013617384318088967, 0.0009772777861278168, 0.05954279689006239, -0.0010768292900847003, 0.002171042753801447, 0.0016920131847296099, 0.28942302524836183
83, 2, 1, 0.04542453387157348, 0.02275172822894071, 0.8083806043107917, 0.12344313358869415, -0.26904004423108957, 0.047053609330523924, 0.05501437821215362, 0.24130688457649585, 0.09719587994705252, -0.019672676855654492, -0.07322401854164967, -0.06775657555033947, -0.007910552138785965, 0.062454421615846724, -0.0015904385559469755, -0.0002682899728159917, -0.0007453788836430374, -0.0012034168479663615, 0.05909214737278279, 0.0010364734771553387, 0.000621252420385701, -1.887770970152541e-05, 0.28942302524836183
84, 2, 1, 0.04192233119864055, 0.02397082221167175, 0.7850149762670909, 0.1490918703225968, 0.13587292485408917, -0.13381440487714955, -0.04351545626780018, 0.2896650506309115, 0.25557892590033593, -0.16993935372497387, -0.211466896893543, 0.013122078182388374, 0.14428819820149513, -0.0019654031483888777, -0.14274360578059292, 0.00043939117458813493, -1.2918878751497865e-05, 0.0015195618327184936, 0.05894751523244616, 0.0007785653317082652, 0.0005678322244342156, -0.001105080668199433, 0.28942302524836183
85, 2, 1, 0.04377769085252367, 0.024960878690133848, 0.7821836619685926, 0.14907776848874976, -0.19862474798859658, 0.041783735623648566, 0.03559517490426285, 0.24405673828919908, 0.15501733557011085, -0.11611753358674855, -0.08310369585522154, -0.11560632912690978, 0.09389680584686791, 0.07528064895028444, 0.08923378998872804, 0.0007477225256178975, 0.000607584319458456, 0.0007712589009577702, 0.06034007677138081, -0.0005116639395452931, 8.756967968470166e-05, -0.0009040158600903262, 0.28942302524836183
86, 2, 1, 0.043784952137520504, 0.02498499157987355, 0.7821874100868237, 0.14904264619578234, -0.10497397703668532, 0.06515705498862592, 0.11456228965305304, 0.2060199040779016, 0.31910109163114886, -0.0994763048002567, -0.04875403552129407, -0.24607351268582942, 0.19226167733393007, 0.08860238067999877, 0.00775571069861899, -0.0018603934344819328, 0.0012891132575702058, 0.0006155231685250629, 0.061143899527474774, 6.55191092315028e-05, -0.0012085462589187035, 0.00024823175723716, 0.28942302524836183
87, 2, 1, 0.043760897818922256, 0.025044851001259763, 0.7821288887130918, 0.14906536246672622, -0.16457606362484178, 0.031227631842092228, 0.05281734093323241, 0.21050967281383817, 0.1279317275186898, -0.13378003695834154, -0.010372609423413958, -0.019687813129161957, 0.2174177522238066, -0.08716133288721009, 0.031196450001197657, -0.0013966673318468196, -0.0011700520083197381, -0.00048760913504913904, 0.05972047487025835, -0.0024359086040314005, -0.0006152026826671628, -0.000552262919232651, 0.28942302524836183
88, 2, 1, 0.03962746670864058, 0.01794455266260692, 0.7644432682331799, 0.17798471239557268, -0.11708501613415956, -0.002134469165403563, -0.0015158767829160924, 0.27967037934074, -0.10294960193054133, -0.11311083543877784, -0.15644160847849178, -0.05845096119442108, 0.05646568290120988, 0.04675397656353289, -0.019481725740202203, 0.00097871822060525, 0.0008416180270326516, 0.0018946155833262051, 0.0605512940778283, 0.0001316469524123588, 0.0003774829664089892, 0.0005828706174258256, 0.28942302524836183
89, 2, 1, 0.038803497543147214, 0.01867932915420577, 0.7644627350904838, 0.17805443821216305, -0.21361217723273423, -0.11285776786967276, -0.03964001526592751, 0.19704417311867445, 0.12185757046507525, -0.11750449701518115, -0.33786181308615854, 0.04235181133807631, -0.1208839645732213, 0.019254771256691755, 0.1464522514448759, 0.0009483073623835983, -0.0016060878796762626, 0.00018450583373434047, 0.060874692257080344, 0.0008678718695911532, 0.0018956452452577957, -6.154958150066788e-06, 0.28942302524836183
90, 2, 1, 0.039127102357809605, 0.018989958291951544, 0.7635249713413023, 0.17835796800893663, -0.2025817970006131, -0.06360714137455747, -0.08547769629733985, 0.20167381241969692, 0.17400109855393026, 0.04697504387167768, 0.11041353872474997, -0.03685192294266326, 0.07783588392558173, 0.051406624883668005, 0.0006248257549719409, -0.0001031924455950645, -0.0008295261225609067, -0.001250907036704042, 0.05911529547344078, -0.000828273469758479, -0.0014917754016315716, -0.002600355581946927, 0.28942302524836183
91, 2, 1, 0.03913947263043021, 0.0191767050846358, 0.7615365903333875, 0.18014723195154642, -0.10242667883706125, 0.02326158128927542, -0.1731817956542198, 0.3034851486376101, 0.16251773136154224, 0.07534773839270845, -0.07370676608525543, -0.02346460952813495, 0.14671960591778369, 0.06352638359788258, -0.05538810579044788, -0.0006552235651080376, 0.0003610810720645368, 0.0009321916717089689, 0.059448943644805616, 5.943665682996499e-05, 0.0008142606872508232, -0.00032464236363426613, 0.28942302524836183
92, 2, 1, 0.03966744017548214, 0.019234593603987226, 0.7608804282623495, 0.18021753795818124, -0.1269704064371852, 0.06170613083595964, -0.08327325390977487, 0.18893487858879385, -0.03179638542870198, -0.1129849239073776, -0.2091960623624188, 0.020813358198322994, 0.03812369804542317, -0.06778595812605802, 0.19844894934587715, 0.0011916692143072436, -0.0017285455384059459, -0.0002626731609685732, 0.06047832046036061, 0.0005848590433014405, -0.0015244496632998224, -0.0003370036269615388, 0.28942302524836183
93, 2, 1, 0.0380176583349957, 0.020024968371518983, 0.7592976720374149, 0.18265970125607045, 0.037948365443976215, 0.052536796409909214, -0.1513415339627206, 0.29930576492636324, 0.0028149192106105224, -0.09801211360132928, -0.005182019153603145, 0.0017750458168674821, -0.032866108122297996, -0.072872841605147, 0.04504433863780609, 0.0005462877229733293, -6.886305468538912e-05, 0.0014100602509150325, 0.060450931955490936, 0.0007038189434291147, 0.00027325667178966983, 0.0013335817265076545, 0.28942302524836183
94, 2, 1, 0.03795358793881696, 0.0197201422872595, 0.7561748936339824, 0.1861513761399411, -0.14722336622738483, -0.03088211998457816, -0.08816179998894827, 0.2281542867272195, 0.0049472175436721996, -0.07482209860109687, 0.08250051016364228, 0.06996007334841788, -0.09456084195360057, -0.05275584306843697, -0.11846142927617213, -0.0008243421919097021, 0.0003559868830481689, -0.0007986184285268061, 0.05918609415945849, 0.000163759368742346, -0.0014211719273557553, 0.0018053254437931348, 0.28942302524836183
95, 2, 1, 0.036966058390751205, 0.022992067266528856, 0.7344767629045457, 0.20556511143817424, -0.17838632613084793, -0.08146240434499248, -0.028922152436708214, 0.39038054811489087, 0.14603941243579913, -0.32827911263315573, -0.0020537598296119564, 0.07792554269670654, -0.09137779321721504, -0.025053449694123243, -0.06629045084423055, 0.0010657245103117808, -0.0008782739805322487, -0.002263920428291393, 0.06075511975042811, 0.0007797010605808606, 0.000475107601799747, -0.0015921334282098785, 0.28942302524836183
96, 2, 1, 0.03151365091259448, 0.02486332413744796, 0.732795695147442, 0.21082732980251553, -0.031911734124897236, 0.02380568448711408, 0.03839103422473082, 0.36926493284202466, 0.045837271425728944, 0.001596585963182595, -0.3071331497968648, -0.11697674102606463, -0.021241202376945722, -0.06164517514205199, -0.07481112352355603, -0.0003953935858309117, 2.7888058534089188e-05, 6.009074588032194e-05, 0.05918399022700767, -0.0001830581170165867, 0.0005445849151961581, -0.0006066649387441233, 0.28942302524836183
97, 2, 1, 0.03200091099266544, 0.024633850788179666, 0.7328433124994062, 0.21052192571974876, -0.11751301632001172, 0.08453378827987476, 0.1145512762064892, 0.32429171009048113, 0.051942940400806936, -0.031769365527853755, -0.056285632111953296, -0.32381435331492103, 0.07619112555737569, 0.15080899394779096, 0.0032195216693292, 0.000581220069011009, 0.00037781657030639944, 0.0010788740151619575, 0.05876708241525114, -0.0003455603337573746, 0.0013079889660461553, -0.00046425865173175385, 0.28942302524836183
98, 2, 1, 0.03192236104044156, 0.024933116333115856, 0.7320203777366632, 0.2111241448897794, -0.0512726476528248, 0.09385924507196694, 0.005642957392835574, 0.2862653595687209, 0.31786097548856407, -0.14554765711672749, -0.043372082251961507, -0.03508062790378577, 0.05760111865193708, 0.19637460509836174, -0.07849703777167406, -0.0018021268918239994, -0.0015592811626047181, -0.001767286104658941, 0.05960929631680253, -0.00045105828331422235, 0.0005025255295640276, 0.00043539211171161174, 0.28942302524836183
99, 2, 1, 0.026355018332643913, 0.02506410823081877, 0.7307801886502497, 0.21780068478628753, 0.029977604056164363, -0.08522513441250058, -0.19358654645115247, 0.15967956749070653, 0.057224865938123995, -0.1978389251170142, -0.033334015517526516, 0.05378332520299789, -0.14868301205726042, -0.12206572794199713, -0.11459962146043319, 0.0002616540918997332, 0.0003112023858061804, -8.964780956428053e-05, 0.05993609918419831, -0.00047210251195603325, -0.0014770236518151165, -0.0007702516922870404, 0.2901653018222748
