t, Event, Policy, P(still), P(random), P(reach), P(transport), o(t), s_a 
0, 2, 0, 0.979236364364624, 0.020691080018877983, 7.25794889149256e-05, 4.257493468884377e-09, 0.6503816757810916, 0.6508203952929217, 0.6937868260369403, 0.9394159090011749, -0.05416357009133421, 0.031359148541881064, -0.014475195744667314, 0.23938224931266988, 0.23710027308244613, 0.37049162374002187, 0.132541653233898, -0.029231261342102625, 0.023819570766927846, -0.014436695896368121, 0.12226758530733406, -0.0450811594504394, -0.09250931262339289, 0.20840411616266574, 1.0
1, 2, 0, 0.9793714985334748, 0.02055591538707738, 7.258600757578569e-05, 7.187207465693086e-11, 0.5685476407373402, 0.5678149193830625, 0.6392622937497089, 1.0000954182913908, -0.11117532323420762, -0.11023577006923928, -0.12474005239095554, 0.18940990966328833, 0.15054028833569533, 0.20293334088139062, -0.0024953723062598855, -0.03373400091937734, -0.11702919981094322, -0.07137445649244548, -0.06246374370779188, -0.03500640582116181, -0.2479831650443598, 0.17045835596514905, 1.0
2, 2, 0, 0.9793714976666565, 0.020555916259325797, 7.258600964879722e-05, 6.436881928176226e-11, 0.5647662428260015, 0.5632297405021667, 0.6324772940301256, 0.9987322223750675, -0.11107128534365737, -0.11148327790683625, -0.12469745509936299, 0.15539329822328732, 0.33089281622359823, 0.4900910677290227, 0.23873978303462637, -0.18849652771883665, -0.004798320805051473, 0.03643628655358451, -0.02622563361934719, -0.11558486756611368, -0.18148001930056865, 0.02169975635903764, 1.0
3, 2, 0, 0.9793708647622291, 0.020556519289163813, 7.261594763174183e-05, 9.753691910237103e-13, 0.556865744871683, 0.558350828024172, 0.6242164901293469, 1.0001131857519074, -0.11251700891375176, -0.11185041214689653, -0.12467527283079823, 0.27966713675783195, 0.29663319034465907, 0.2620399342495182, -0.11895031396332727, 0.17044769778912608, -0.03083264252516687, -0.1436537093501403, 0.16365884554100413, 0.176710082953088, 0.05215596121662319, -0.059218974353064904, 1.0
4, 2, 0, 0.9786342948753673, 0.021291506389592253, 7.419870624296324e-05, 2.879747855765466e-11, 0.552615078075532, 0.5514750602454678, 0.6206985886291138, 1.0015793426563282, -0.11131436135105588, -0.1102491870236763, -0.12421830580150484, 0.2572994722267096, 0.3672856344069083, 0.3910114170601671, 0.10493075052797148, 0.1278338865770969, 0.060620163306567686, 0.055636662689887414, -0.1142860308445818, 0.10763982574525947, 0.15369894868361084, 0.15104062568903784, 1.0
5, 2, 0, 0.978634293298865, 0.02129150793299983, 7.419874719420638e-05, 2.0941069290493812e-11, 0.5466558044815795, 0.547755247982794, 0.613250995102242, 0.999328079536339, -0.11118283594209502, -0.11347652363157212, -0.12338074784200878, 0.2709378066574292, 0.28785196906772087, 0.28992554361458817, -0.00876414559365607, 0.14768199790509945, 0.3225431648422814, 0.014839912964439853, 0.021538670269782467, -0.148007867595718, -0.12546430721480392, -0.06953902213240518, 1.0
6, 2, 0, 0.9786285369103481, 0.021297220747958548, 7.424229618948618e-05, 4.550382897970923e-11, 0.539304339357129, 0.5406245970095073, 0.6080586589379451, 0.9996163704764115, -0.11051478748506427, -0.11049954208594877, -0.12516212008965938, 0.23798789774025408, 0.1720307718294913, 0.25272926352592767, 0.08178195081246353, 0.041939727521783196, -0.03827605191360038, -0.1557128498463161, 0.029305342914325128, -0.05411564098064721, -0.04927746521802673, 0.04154669443464508, 1.0
7, 2, 0, 0.9786283924140419, 0.021297363675278513, 7.424386498180713e-05, 4.5697689729429815e-11, 0.5362165029195202, 0.5355274408411321, 0.6008868482562112, 1.0003001825566566, -0.10901385903206025, -0.11045082529793034, -0.12426706348646907, 0.29829279495759065, 0.3513098842265804, 0.3119341372943389, -0.001163144821122264, -0.036985172803165184, 0.03381689299470437, 0.24677799397774206, 0.07940611535270951, 0.08296599596214511, 0.06364576607481433, -0.0046549984446464165, 1.0
8, 2, 0, 0.9786283923838296, 0.021297363704878586, 7.424386566778583e-05, 4.5624062297756e-11, 0.5296884896115296, 0.5300027880012046, 0.5944271122174148, 0.9990223461564736, -0.11249812848584624, -0.11114038933985829, -0.12583494976894213, 0.41583187514671094, 0.4117792727245896, 0.35439254969519524, 0.052568002256139314, -0.10436928295040312, 0.09202135626404631, 0.04185013443797201, -0.02701669967383381, -0.07564606810134754, -0.14142781122621897, -0.08905702510525901, 1.0
9, 2, 0, 0.9786279538481724, 0.02129779995140958, 7.424618783270595e-05, 1.2585350891639871e-11, 0.5242396758060501, 0.5252152780516546, 0.5882567844337736, 1.0004808857893166, -0.1106632880764122, -0.11164452537736944, -0.12341010145562051, 0.18566677086394293, 0.34341595596413366, 0.28247389891845953, 0.05166264754440558, 0.09019370617726422, -0.18630330334594453, 0.14986873865871433, 0.13738754644696732, -0.0883100894599718, -0.014621876607105242, -0.019557016404059675, 1.0
10, 2, 0, 0.9786276507691457, 0.021298096496744072, 7.425272488302122e-05, 9.227283466047923e-12, 0.5178112008155674, 0.5199528494108581, 0.5811070925416664, 1.0017374115138946, -0.11133437696248198, -0.11281765419525569, -0.12352843071972364, 0.3427916913732577, 0.2624898339816225, 0.36521011116109187, -0.03350153342458384, -0.02589375116933291, -0.19222568109233257, 0.09338601567693153, 0.046320873632508724, -0.09040211314769794, 0.02885087373622149, -0.03348535233534223, 1.0
11, 2, 0, 0.9786276505361675, 0.021298096734196675, 7.425272959318595e-05, 4.2673251884613395e-14, 0.5143362238029454, 0.5128743436537374, 0.5754765876709567, 0.9999356007020124, -0.10981427839072674, -0.11140467602546442, -0.12454112628388178, 0.3699398256224701, 0.3460805325852652, 0.27150907887718706, 0.025022685631205126, 0.13552357898401302, 0.027185341190384005, -0.05501710607972846, -0.020719761940580127, 0.06636502092339544, -0.22621718800385304, 0.003736440568656163, 1.0
12, 2, 0, 0.9786256595742021, 0.021300077449972726, 7.426293349609203e-05, 4.232902354043565e-11, 0.5079761077595812, 0.5083628866675574, 0.5705884437063166, 0.9996220908917415, -0.11143446214696576, -0.11255650275724086, -0.12493250549393456, 0.34039386791742304, 0.23979865424571267, 0.156884081962996, 0.04090943830876464, 0.05549564491808341, -0.09671404455859947, -0.03729616704204997, -0.07216437800363903, -0.09940490880358079, -0.09027180291133752, 0.12498399213566669, 1.0
13, 2, 0, 0.9786232196020808, 0.021302480762067345, 7.429959292538327e-05, 4.292650899175105e-11, 0.5039339712821583, 0.5032100870485212, 0.5619375751762762, 1.0002133543355156, -0.1121951302124375, -0.10988010143228907, -0.12497402283428671, 0.23604206221655147, 0.2362044522596122, 0.37716203229080447, -0.10378494101160296, -0.0320946343483911, 0.11751585909078263, 0.08081818151018248, -0.010503429740123948, 0.03553482135750183, 0.1832572352852001, 0.05837545162136486, 1.0
14, 2, 0, 0.978618986194913, 0.02130669583643512, 7.431785311916028e-05, 1.1553268955309161e-10, 0.4978386005952329, 0.4969434817446737, 0.555635955225889, 1.0004448997428175, -0.11211668635983651, -0.11113925932184945, -0.1244029866962987, 0.18229219995526363, 0.37625616317981264, 0.31581216801555617, 0.08725219551405938, 0.052239555284262995, -0.016791239994817846, 0.1963748808222317, 0.1542771357126344, -0.03725837394190112, -0.02480377137679076, -0.002941080192910784, 1.0
15, 2, 0, 0.9737645840239356, 0.026152252528577072, 8.298968606077071e-05, 1.7376142644929343e-07, 0.490019719582704, 0.49129138485451074, 0.5496815963721923, 0.998175296991754, -0.1106771114473151, -0.11072778222569835, -0.12205135213193341, 0.0400419035358456, 0.17019700129039594, 0.27232906576293475, 0.09317878951586153, 0.1266550502390734, 0.13770896507572877, -0.05291200490791156, -0.10928348077749321, -0.09750134458979537, 0.11502536402763859, 0.12486188659039113, 1.0
16, 2, 0, 0.9721137937738664, 0.027781388902206175, 0.00010463737631657767, 1.7994761076946456e-07, 0.48468949524194116, 0.48757780552272906, 0.5444051610623506, 1.0002088032277006, -0.1099439647876912, -0.11145213264722602, -0.12504740125740138, 0.18551713895592098, 0.13274475423921386, 0.3038657460916339, -0.05355212333063013, 0.10008297838287195, -0.10099399017605529, -0.051199105521524915, 0.11919463550108626, 0.09004930101865742, 0.02947946460135159, 0.1085302822407785, 1.0
17, 2, 0, 0.9721134425571574, 0.02778172985744149, 0.00010464792560901934, 1.7965979212284828e-07, 0.47849529475868363, 0.4816212530367013, 0.5381845582806071, 0.9975423419403044, -0.11067694341501717, -0.11084068058258686, -0.12356021149338685, 0.36796805071762867, 0.21283669058479857, 0.18912184184762132, -0.073026678833774, 0.10931703638871855, -0.06178185280814633, 0.04294368401784505, -0.04410146714920991, 0.05971384634130442, -0.04353074934213179, -0.09446506706848555, 1.0
18, 2, 0, 0.9721123080764155, 0.027782856670008807, 0.00010465526450941815, 1.799890662358505e-07, 0.4748668819076186, 0.4763012891290243, 0.5312828159379823, 0.9984552682633583, -0.11105331246405419, -0.11158694272281859, -0.12345442725638749, 0.3009674902193781, 0.11748618649571776, 0.24732025751488415, 0.09284016674572794, 0.08653827218322616, -0.026433828817396372, 0.08582151194132547, 0.022875764733537425, 0.0448860371808691, 0.04827040919539678, -0.08048190863920826, 1.0
19, 2, 0, 0.9721122845106953, 0.027782880000627935, 0.00010465559425947287, 1.7989441737142822e-07, 0.470286950578737, 0.4687807595100667, 0.5234893631785742, 0.9988241022065173, -0.11026139396368217, -0.11171165148751741, -0.12428901799369658, 0.2929841751334226, 0.18068811131498985, 0.4533538612872984, 0.0968288494595193, -0.02932683215605762, 0.16058333111513445, -0.04820930310353465, 0.035698827263784996, -0.014846976194181044, -0.036261954904250396, -0.024579236728019534, 1.0
20, 2, 0, 0.9721122483085953, 0.027782921268060957, 0.00010465654160014732, 1.7388174345821363e-07, 0.46396368648844694, 0.4637529798978668, 0.5203153058818446, 1.0003507579245965, -0.11167505127268398, -0.11145506122468636, -0.12285300554381831, 0.2668228217550924, 0.2724249392693749, 0.25840263881314574, -0.03297720800221474, 0.08007886410207013, -0.12285009803767652, 0.0011299915548397892, -0.10501688773475584, -0.05473406760762658, -0.16428664384913685, 0.011853807584757048, 1.0
21, 2, 0, 0.9721098842430438, 0.027785282901793346, 0.00010469796741428645, 1.3488774844509045e-07, 0.45948046029048106, 0.45850268848863, 0.5155827790488883, 1.0008349074906349, -0.11031388110207599, -0.11085300824846041, -0.12432894051597705, 0.17445091082640238, 0.1699134214920352, 0.3771589017357379, -0.01918089117497148, 0.04950187610457178, 0.01983907434620933, 0.02262453493543803, -0.06380449064629368, 0.015135269067959664, 0.07620351653194693, -0.10373239105472194, 1.0
22, 2, 0, 0.972072927385988, 0.02782213374286509, 0.0001047826985928764, 1.5617255391291517e-07, 0.4522876246630858, 0.4529845516492873, 0.5068774526794052, 0.9999417541661005, -0.1117469465029702, -0.11028822064946706, -0.1243277654736259, 0.12810209916864876, 0.2878753344400224, 0.21782390125646733, 0.1478026408917615, -0.11883466431289909, 0.16347245007107428, 0.09691013204842006, 0.1519609361630267, 0.17067626041033637, 0.024403586255208994, 0.0034226573263918267, 1.0
23, 2, 0, 0.9720722140313466, 0.027822840244465817, 0.00010478998150648902, 1.5574268117607118e-07, 0.4463604175286228, 0.4481014504635116, 0.5006431737639144, 0.9994764060796776, -0.11236845484702881, -0.11043383147998809, -0.12291007727248729, 0.252196540396614, 0.24126600133385714, 0.2041966783199954, 0.03532873242133895, -0.09946944768936389, -0.07874547584988897, -0.0350549354866226, 0.00247082044480037, -0.08930721091869658, 0.0004134223024485486, -0.10819992920691264, 1.0
24, 2, 0, 0.971902838240707, 0.027991817078720463, 0.00010519140586703446, 1.532747055341341e-07, 0.44264282895413354, 0.4424087196321399, 0.4946257123449616, 0.9997354572580376, -0.10908003152379916, -0.1108186488086615, -0.12290760932789613, 0.27089543792842746, 0.23535616038067456, 0.19054332771877025, 0.02826533784068088, -0.12141274807522165, -0.06829309886550153, -0.007541629110205676, 0.09309115797381406, -0.05743766190456012, 0.03832107992168328, 0.24525822004083375, 1.0
25, 2, 0, 0.9719018481937275, 0.027992802538729638, 0.00010519550106528506, 1.5376647766772506e-07, 0.43608468520735133, 0.43707038030124384, 0.48950465732431486, 0.9992029288152414, -0.10874457795527233, -0.10941717594831961, -0.12485860499103991, 0.3297054871640468, 0.22442530612434833, 0.07628643517588363, 0.02419574800831546, 0.09537318262964252, -0.2020194451423003, 0.01308037181340605, 0.08179730481648906, 0.18910488200389303, -0.12213001655589562, 0.09941084005924247, 1.0
26, 2, 0, 0.9718821106788984, 0.02801250008858985, 0.00010522670585032818, 1.6252666154226014e-07, 0.4297131440774809, 0.431281755868392, 0.4837615613809957, 0.9993957120957357, -0.11084877590174676, -0.11050159510658186, -0.12405681326394224, 0.09787112330463794, 0.2705037799593034, 0.2723316177993347, 0.1250792338825376, 0.1871468408353881, -0.1996009570512999, 0.05510911113021868, 0.09477564887676353, 0.06304936704740395, 0.1513367289904155, -0.1008992364938659, 1.0
27, 2, 0, 0.971877850844393, 0.02801675631242059, 0.00010523024989159294, 1.6259329469926526e-07, 0.4243467969144962, 0.42351997022031435, 0.47482388432250644, 1.0015741461978624, -0.11043318237373441, -0.11013851289215473, -0.12203993411695375, 0.38577876536240296, 0.27938391485697683, 0.3074273856095739, 0.21075849319962242, 0.15383453713101358, -0.05572667469473781, 0.0035564900297979105, 0.0407978275503609, -0.00036143430210991824, 0.2479668199725384, -0.015551698147872004, 1.0
28, 2, 0, 0.9718778523006469, 0.028016755763094186, 0.00010523025457272758, 1.616816861831737e-07, 0.4198324299071715, 0.4197317220708353, 0.47134615003098473, 1.0006085010063068, -0.11040722101358422, -0.11087136011738616, -0.12564873473992572, 0.21682899499968578, 0.339013056358766, 0.159615595089186, -0.2384287750646797, -0.09547219726620103, -0.08050041389212606, 0.1150325900785708, 0.20847559640551103, 0.1181602133312595, -0.05535366085056934, -0.08047559273120604, 1.0
29, 2, 0, 0.9718579262710431, 0.028036376683870313, 0.00010544032879995828, 2.567162866672639e-07, 0.414569582055978, 0.4142109012425911, 0.46254602275828605, 0.9988057812104996, -0.11037183199745033, -0.11053444182534092, -0.12331068377087206, 0.20408369732449297, 0.1025393674800461, 0.15465530324335422, -0.09807532720560261, -0.07517173462961628, -0.09992964918286491, 0.06702535840176543, -0.06421664555957729, -0.06911363366346449, 0.03738021101908293, 0.085075951272876, 1.0
30, 2, 0, 0.9718575266834615, 0.02803677508496966, 0.00010544108390687111, 2.5714766192720825e-07, 0.4076202822895996, 0.4097831520056647, 0.4579015885591791, 1.0001704558967277, -0.11048314951625211, -0.1111842264263222, -0.12373634207577233, 0.24031219561659536, 0.3147364130485848, 0.19021018954673652, 0.09007955134273646, 0.058617551184685826, 0.07766791804431752, 0.1542266331724259, -0.0007409510134676278, -0.05716086069259759, -0.12247874056670349, 0.15472946280393776, 1.0
31, 2, 0, 0.9718402315270505, 0.028054000492708626, 0.00010548009275783008, 2.878874831448732e-07, 0.4022596137396775, 0.4037754327525357, 0.45134167614262716, 0.9990409642059186, -0.11061002344420434, -0.10950049909215427, -0.12387724310879696, 0.20944422403540233, 0.26384236961500035, 0.1359198057602377, 0.11657095564308961, -0.012806357254158263, -0.18094110815509076, -0.027701689331439273, -0.1226496157296892, -0.056801862924563296, -0.0006418746449554115, -0.01685744689735673, 1.0
32, 2, 0, 0.9709802997837413, 0.028911498486567443, 0.00010785748971866157, 3.4423997250482266e-07, 0.39882642277138974, 0.39684814443341826, 0.4434245109019381, 1.0010224551756979, -0.11175918657538828, -0.11148309718693403, -0.12354455449074273, 0.06380047138326868, 0.2839995165901116, 0.18362580483209523, -0.07121133040620149, -0.05258987167917083, -0.010758310759638137, -0.07741102867515806, 0.1453244643644712, 0.02018284008889008, 0.14415613517308332, 0.20111843908252686, 1.0
33, 2, 0, 0.9709803109337466, 0.028911500245590773, 0.00010785792754254451, 3.3089312017563356e-07, 0.39112126339759035, 0.39164770368091395, 0.4386504996529399, 1.0000023188231992, -0.11058059962309372, -0.11298189419568978, -0.12416649991481918, 0.13147888369673816, 0.20220669044283074, 0.2879982989572155, -0.14849933824074954, 0.07301610955918623, 0.1098215808039527, -0.0400522992285489, 0.06019891815785731, -0.05993487986943143, -0.08709810850795725, -0.13369031207483195, 1.0
34, 2, 0, 0.9708599259692879, 0.02902812334857144, 0.00010813590719753075, 3.814774943252531e-06, 0.38482053514451015, 0.3852785348392279, 0.4317689744080682, 1.0004378275767, -0.10953243079653438, -0.11161339569609471, -0.12379472830845166, 0.05559802206407671, 0.19106331728362905, 0.09304535698853571, 0.0802778444717221, -0.04635734596659624, 0.03704572372829584, 0.02578122238439799, 0.11678907957253648, -0.05332911209083598, -0.02245370673721893, -0.05998567424437949, 1.0
35, 2, 0, 0.9707936442022949, 0.029093603881907695, 0.00010873263937437766, 4.019276423108366e-06, 0.3802848803615738, 0.3801868674199177, 0.4257428481335723, 0.9995039347398809, -0.1112854193246869, -0.10907623661610466, -0.1251878637053565, 0.2481264292000886, 0.09249115792664035, 0.230792249905093, -0.02046075006279222, 0.16526706855260181, -0.03676210369980792, -0.05871118239926695, 0.004483139632266558, -0.0031938268957776906, 0.09693735745663604, 0.007909705123616464, 1.0
36, 2, 0, 0.9707936441156, 0.029093603965717498, 0.00010873263963313601, 4.0192790492585165e-06, 0.3738549048114151, 0.37459128359439064, 0.4199215661494147, 1.0024906193561736, -0.10970313994770617, -0.11191634338039629, -0.12489293934503558, 0.21066584976912578, 0.2826181308293215, 0.19809768547525844, 0.15254414631744623, -0.007938363829392284, 0.13775534848365695, 0.21440917761437808, 0.03547753198809344, 0.06989657305683529, -0.032118401947633254, -0.20021552626899147, 1.0
37, 2, 0, 0.9707935286410488, 0.029093715385168795, 0.00010873309207032104, 4.022881712039004e-06, 0.3704605431240287, 0.36741618693949174, 0.41438642224416844, 1.0006038264114223, -0.11231238906297644, -0.11054398161133358, -0.12356081848534232, 0.2282879469378639, 0.17311613508285237, 0.2306315685344603, 0.11480216216102232, 0.1028970242537431, -0.08490467974363128, 0.11814952974130773, 0.14448146171712997, 0.13239108829569274, -0.059162586375383276, -0.0471636810902775, 1.0
38, 2, 0, 0.9689814143823493, 0.030882049605543013, 0.00011008418407536148, 2.6451828032454775e-05, 0.365180331210684, 0.36330540253928484, 0.40765053139216956, 0.9983294720787391, -0.11029408447844058, -0.11102947374623454, -0.12447080688847931, -0.02526580669025027, 0.07448484739937496, 0.16185550299386592, 0.1670380069858673, 0.1269544549144627, 0.013663690422030158, 0.08043930562229237, 0.014555915716588258, 0.0576956492185398, 0.0285496505767161, 0.07272317118671576, 1.0
39, 2, 0, 0.9689000919066593, 0.03096267140037503, 0.00011059014421970228, 2.6646548746128244e-05, 0.35844153359328523, 0.35706156662225835, 0.40272271933489934, 1.000861502763004, -0.11010737503554666, -0.11090403568640606, -0.12493406359907336, 0.2588974679211698, 0.13370321259917392, 0.1725686925989394, 0.005010586316556783, -0.18934826225379947, 0.06042707249426118, -0.1223332956959295, 0.22140588304788583, 0.07216761425006699, 0.03592420317071128, 0.1343121987575671, 1.0
40, 2, 0, 0.9688940681961294, 0.030968667685338694, 0.00011063672262145898, 2.66273959104398e-05, 0.3530362428712034, 0.3521726122693368, 0.3943428547875154, 1.0015245964580555, -0.11102343559572722, -0.11138955033376385, -0.12694954381180218, -0.020976493499883064, 0.14230930597356026, 0.0170502699088833, -0.03656362706019887, 0.01902424314011109, 0.17448441707484288, -0.12809871824050012, 0.005293176488843148, 0.013375125856532832, 0.03121127745808876, -0.14149001238845943, 1.0
41, 2, 0, 0.9677652962616293, 0.03208171550347232, 0.0001135645372251099, 3.94236976731505e-05, 0.34797197681024394, 0.34611708303104766, 0.3888787194866635, 1.000475898911831, -0.11110333776698711, -0.11182688407917452, -0.1238208474347446, 0.2376890168220717, 0.06451365502405763, 0.11827844336299462, 0.011374608201289117, 0.16445203648597267, 0.039788024707908584, 0.03359902019677047, -0.06751942656310131, 0.023140114169406905, 0.15346983801392494, 0.047812075731495304, 1.0
42, 2, 0, 0.9677608568337266, 0.0320855463575692, 0.00011358249421589828, 4.001431448827805e-05, 0.34103661323426854, 0.34034493053596127, 0.38207312148505823, 0.9997525524792594, -0.1101903059836973, -0.11156751726722314, -0.12360743463396351, 0.09257445882910002, -0.019636711832302534, 0.18478292539353006, 0.06597833614616896, -0.09774933286525937, -0.15228203595611658, 0.0471416901657689, 0.3709096376737408, 0.09449370884202034, 0.06648670121176979, -0.1436213107038905, 1.0
43, 2, 0, 0.9677604376337849, 0.03208584031820408, 0.00011358354159966578, 4.0138506411365825e-05, 0.33528479456333493, 0.33652151310256767, 0.37654237630694, 1.000998651072424, -0.11096035647527984, -0.11182333241640104, -0.12389187884614627, 0.16271919998189227, 0.0902193084533141, 0.22170629778916068, 0.14012944878067127, -0.07530334085818144, -0.08497096207267689, 0.012291011232559485, 0.16088719737008622, 0.09447142596010788, -0.1531793678883386, -0.07491975070277747, 1.0
44, 2, 0, 0.9677604373899744, 0.03208584050997116, 0.00011358354180552728, 4.013855824879981e-05, 0.33115866312820474, 0.32926646736709025, 0.37071685978924623, 1.0005464840721752, -0.11264756802463158, -0.11064828998537253, -0.12509420076328456, 0.12981909867888464, 0.09493177303771713, 0.3223381350133425, 0.2584211867234093, -0.021305336426833944, -0.06873605001687909, 0.2430754492334263, -0.04435121611172629, 0.12015502185671649, -0.1621256523175335, -0.016898095103293626, 1.0
45, 2, 0, 0.9677571454377594, 0.0320891037696595, 0.00011359616348985992, 4.015462909132786e-05, 0.3246915842169637, 0.32420025847846473, 0.3656950789310971, 1.0009189015533582, -0.11206253949484676, -0.11046606022249865, -0.1242521860317762, 0.22912835472381268, 0.18739423575035694, 0.2182662363867427, 0.1267372389259256, -0.09680605479997696, 0.11060414110191537, -0.21564474433697733, 0.1599894988393235, -0.10590890568468372, 0.01588547062743969, 0.02204617672689742, 1.0
46, 2, 0, 0.9677762993089617, 0.03206466279737031, 0.00011363946145286254, 4.539843221520759e-05, 0.31995775424072337, 0.3177640982940543, 0.3567996581261067, 1.0002562632143108, -0.11076987126413793, -0.11101143994972348, -0.12235608135208623, 0.1744783883045748, 0.04564359052985116, -0.02833543469082367, 0.07004946215676373, -0.07436385620579779, 0.04180465733595813, 0.0499134659912365, -0.0645607000758307, 0.030785957208059933, 0.07899474046631885, -0.13150199994336983, 1.0
47, 2, 0, 0.9677749732039557, 0.032066297825496484, 0.00011364683744985588, 4.508213309798758e-05, 0.3151648961989542, 0.31557829480616295, 0.3519975868672923, 0.9996594447543833, -0.11008319459604873, -0.11072147449936405, -0.12545634951447687, 0.07887609047615833, 0.25703278412260094, 0.15015441907538918, -0.013704364495094906, -0.029460845970849518, -0.13297790353895916, -0.027308335695988773, 0.08784295690517711, -0.12097471149180934, -0.020271288963392357, 0.0183018034440404, 1.0
48, 2, 0, 0.9677724282530523, 0.03206857617488943, 0.00011364980773531988, 4.534576432286839e-05, 0.30812901019727057, 0.30711133740367996, 0.3451365334975195, 0.9994455182025591, -0.11170206042059998, -0.11163913760875124, -0.12356176523079121, 0.2606914865267031, 0.011552193823751078, -0.13169260982692688, 0.01747257918379126, 0.034720757507304544, -0.055497724573284904, 0.01563101524011843, 0.09824524191835216, -0.2046402664501746, 0.027324094270908806, 0.0670018209261781, 1.0
49, 2, 0, 0.9677724283309942, 0.03206857720224181, 0.00011364983004890528, 4.534463671512459e-05, 0.3017318456182208, 0.30263096872201617, 0.33799659144715555, 1.0017882800094566, -0.1096859973851764, -0.10985086901888368, -0.12607941456204755, 0.2839127855867119, 0.2170443503351195, 0.28650399892532497, -0.03753142554306983, 0.06552780794170353, -0.006085360538103457, -0.04290555735571068, 0.238806693217572, 0.04125979159562907, 0.039419353449635555, -0.12930303904139615, 1.0
50, 2, 0, 0.9675395256524842, 0.03229545143621611, 0.00011454929490995062, 5.04736163897641e-05, 0.2990178189100117, 0.29767427725595225, 0.3348287196895423, 1.0003900983244471, -0.10969019056996739, -0.10955566814417927, -0.12421163467484522, 0.031634204164755354, 0.2630412429603403, 0.08197641912941701, -0.04350109568495623, -0.03876840400223558, 0.07916187875778721, -0.10249868545174452, -0.15332836849504114, 0.04040745133140827, -0.04009296751346311, 0.08540575860577147, 1.0
51, 2, 0, 0.9675391527480183, 0.032295662970671636, 0.00011455174447180618, 5.063253683819034e-05, 0.28980150065621024, 0.2913933041342009, 0.32700529918665755, 1.0010556489099456, -0.11187882057891377, -0.11283532297916572, -0.1227665119457747, 0.16224940621990516, -0.07482221481796578, 0.14970429233618404, -0.022399313530855593, -0.14317351302064402, 0.17913282162293992, 0.1447806599551003, 0.11932367302075286, 0.020034960173402522, -0.06064933894677712, 0.00965614034198112, 1.0
52, 2, 0, 0.967539075582211, 0.03229568270811755, 0.00011455361867798665, 5.0688090993531395e-05, 0.2852727903917208, 0.2861280184424277, 0.32336859719041805, 1.0014333044128976, -0.11103942689120767, -0.10879401850714698, -0.12362012694027569, 0.168334064094419, 0.1576770581384787, 0.1696822263874024, -0.072954381427621, -0.03082833597568498, -0.07374484766568146, 0.054650372716409525, 0.1078572855998837, -0.12081456769486924, 0.06933888564018717, -0.08423986013186768, 1.0
53, 2, 0, 0.9672336237867585, 0.03259647326168527, 0.00011506395983999532, 5.4838991716338274e-05, 0.28209219157244975, 0.27988483715836676, 0.3148307398655145, 1.0005979710304147, -0.11107174973645025, -0.11074362208238604, -0.12399608724197173, 0.2139078845910607, 0.23660238089164257, 0.13882852654112798, 0.06273590082077912, -0.16865755208962835, 0.0599403385631994, 0.01238895803820106, -0.1477405268970626, 0.07824082734545536, 0.1163968603866771, 0.07685096361135706, 1.0
54, 2, 0, 0.9667081886722656, 0.033119750105915176, 0.00011592200672923591, 5.613921508992494e-05, 0.27662618599667826, 0.2751380062280006, 0.30866754702116594, 1.0000506341935598, -0.11064649397407063, -0.11249056039747965, -0.12432969472014041, -0.03341270126032112, 0.1891121110409407, 0.377853995651124, 0.08662320490771239, 0.05989238695545716, 0.010260560660277125, -0.07271622240802342, 0.19885484926336733, -0.009440281622471436, 0.04538791706167711, 0.16314930511583356, 1.0
55, 2, 0, 0.9667058410583594, 0.033121543336267885, 0.0001159273264615309, 5.668827891111807e-05, 0.2704028781301858, 0.2691822927627907, 0.3033273338260577, 1.0008372698448675, -0.11114118013098304, -0.11135173315584779, -0.12414108352265892, 0.07174342612497994, 0.3137273985962664, 0.12845368648064678, 0.05604360248420707, -0.12610778255988236, -0.042446093246506715, -0.043834407635655874, -0.14732081441733041, -0.2016846093624945, -0.06508059892308277, -0.08191736203718672, 1.0
56, 2, 0, 0.9667056585149045, 0.03312169212247582, 0.00011592780501629484, 5.6721557603275566e-05, 0.26361723895025885, 0.26274388865365345, 0.2963485649809876, 0.9997213117455415, -0.11200589092311916, -0.11209380161312263, -0.12400596275460077, 0.17505633145074118, 0.3301052194987296, -0.005427488201536601, 0.05428127184331605, 0.14458100429984813, 0.006470383361615704, 0.06968048204081592, 0.03684676729008586, 0.12068583654071652, -0.07097129711500812, -0.06464721138229544, 1.0
57, 2, 0, 0.9667056656526688, 0.033121684142716, 0.00011592802035118602, 5.672218426404835e-05, 0.2583888085545997, 0.25882511386905377, 0.2895740506558005, 0.9992567799113715, -0.11326025819269407, -0.11056006266047205, -0.12553193223556497, 0.17574447082489209, 0.11016718566632096, 0.141816005622733, -0.07963633263053913, 0.005131308414278306, 0.041345569410835, -0.2117849979557529, 0.18805955661819385, -0.1359876368890799, 0.03732475488253473, -0.0488359871918251, 1.0
58, 2, 0, 0.9666659398074094, 0.033152305809447724, 0.00011595122506544838, 6.58031580774414e-05, 0.25228292725501594, 0.2530028123249089, 0.28561846752805575, 1.0003208845316578, -0.11136804506445827, -0.10913737519359501, -0.12362924073579817, 0.10073729435709991, 0.12034527751588511, -0.047770054645694435, 0.044679880227145044, -0.04589777217250838, 0.1902680451608068, -0.002774097988923957, 0.029331012298521263, -0.0002587138973717595, 0.20810022272933537, -0.10027066497757339, 1.0
59, 2, 0, 0.9664251191370145, 0.033388489187513325, 0.00011637180395768261, 7.001987151437406e-05, 0.24924301794348752, 0.24786150128631368, 0.27647785081143533, 1.0005662005237193, -0.11059482670868079, -0.11258393808597096, -0.12398560422856028, 0.1354656962514389, 0.23698413864625265, 0.1329720157222521, 0.0013434887878502528, -0.23110124135416582, 0.04708642257781489, -0.09619885419753967, -0.14302797445664034, 0.07445891048708075, 0.18297595894977495, 0.07719360941979057, 1.0
60, 2, 0, 0.9663258319001763, 0.03343517285809645, 0.00011666153824234071, 0.00012233370348500874, 0.2436145574083064, 0.24093258124528982, 0.27028979025831223, 1.0014216671190321, -0.10913827583288727, -0.1111226876245112, -0.12533381779018776, 0.08475872139787081, 0.05845404685885134, 0.11132444572476888, 6.01395678547556e-05, -0.03615925703630688, -0.00990981852002535, -0.07795196168026873, -0.04416590937047625, 0.08837384128472556, -0.09618188052805472, 0.021894077151514934, 1.0
61, 2, 0, 0.9656051845158853, 0.03411710976954968, 0.00011856827282098085, 0.00015913744174391297, 0.23653278727700658, 0.23680271537670028, 0.265299794639237, 1.0004278861435147, -0.10920684842929232, -0.11070802004092173, -0.12457739128590532, 0.05447424598557231, 0.16776084659699092, 0.23506935756783415, -0.016279743219390026, 0.09366171682166635, -0.015710321383614313, -0.021757127109057396, -0.06198739620006808, -0.07733015332089865, 0.11207233889973009, 0.0706413351035043, 1.0
62, 2, 0, 0.9655875427407977, 0.03413363887707048, 0.00011875700573426315, 0.00016006137639752022, 0.23240003703353027, 0.2298078792532967, 0.259981495752794, 1.0008174934270575, -0.109759602570953, -0.11129670803700245, -0.12581855309601436, 0.16265077972600558, 0.2573019158241074, 0.24658508806277818, -0.09043367244746034, 0.09447638851560089, -0.07654221069920783, -0.06085860911887427, -0.019833108563651846, 0.07182599674716518, -0.05547176833583598, 0.060550272401356534, 1.0
63, 2, 0, 0.9655522236700393, 0.03415593321497201, 0.00011881058674657886, 0.00017303252824203976, 0.22388598778472604, 0.22656601750244104, 0.2544594657234863, 0.9996469114011111, -0.10944746797518354, -0.11140140367146478, -0.125240418159282, 0.08902709037483403, 0.21796972173597737, 0.14546754955161384, 0.0552532835567043, -0.03294988126530159, -0.1603107765804157, 0.0995433052977387, 0.16886644360449043, 0.05799487034247095, -0.03615341030782357, -0.07292872993913124, 1.0
64, 2, 0, 0.9655474356926763, 0.03416054273727568, 0.00011881954392954546, 0.00017320202611849583, 0.22210725715797713, 0.2197038151634251, 0.24695292679488573, 1.0010032754403742, -0.11027702070701892, -0.11058416963210944, -0.12454290389371156, 0.2109970180426309, 0.15536813988018291, 0.23792875951358977, 0.12549946337714019, 0.11321606288248254, 0.05130330545483064, -0.11952875039345698, 0.08914135554506616, -0.084053737099589, 0.09618653013529586, -0.0005102284608998426, 1.0
65, 2, 0, 0.9655651291677472, 0.03413382304101283, 0.00011882919578861802, 0.0001822185954512848, 0.21260578211555142, 0.21254611406021834, 0.2399926169459506, 0.9998623059320784, -0.10927695649007199, -0.11271472262950502, -0.12457330625178356, 0.14078981643445143, 0.057282596067490955, 0.09000023254231057, -0.017824688090503756, 0.015779743649131185, -0.2649535114472402, -0.019064266126696348, 0.04127529631620073, -0.0943818234156788, -0.1677478192738086, 0.0746759886400324, 1.0
66, 2, 0, 0.9655650692400686, 0.03413383203931952, 0.00011882921828850959, 0.00018226950232337537, 0.2091553588750255, 0.20853167563386799, 0.23385796563042266, 1.0009438854776662, -0.11138974448962784, -0.1119044704067946, -0.12425382880783926, 0.09331243518519435, 0.18483069051280465, -0.047726090180188765, 0.049952408133659865, -0.002896864754254144, -0.008992464932152486, 0.12225056009333979, -0.020405299112581952, -0.12648030157739681, 0.09409834236694943, -0.19521072938877462, 1.0
67, 2, 0, 0.965568478702858, 0.03412905857904711, 0.0001188300562380184, 0.00018363266185687614, 0.2013407823407344, 0.204050161682874, 0.22865576050286066, 0.9997412369818516, -0.11151421204249057, -0.11004722013361952, -0.12565763982050435, 0.07072487016523328, 0.06851041791969217, 0.09304381123624544, -0.034145952429213824, 0.022944074711946226, -0.10559996750912877, -0.010046147060734374, 0.089888061043403, 0.11668764862206087, -0.1593883778588488, -0.052178120089830235, 1.0
68, 2, 0, 0.9655665413951382, 0.03413095032025629, 0.00011883675630077526, 0.00018367152830478452, 0.1969058231806495, 0.1966570570103753, 0.2204517503371668, 1.0009189794943982, -0.11191685383652114, -0.10835479601979574, -0.12389534792566201, 0.3356875504297959, 0.23343055612242763, 0.20271360611749384, 0.02376070866458403, 0.04872807496162269, 0.011170876749231244, 0.022853491797564678, 0.06345408651261117, -0.016906591812465573, 0.12702589172117193, -0.013275359629848705, 1.0
69, 2, 0, 0.9643394494194952, 0.035300964285193366, 0.00012130053935308333, 0.00023828575595829574, 0.19207435242888607, 0.19154799040914042, 0.21327160048344815, 1.0004542842344395, -0.11123513334770652, -0.10983367589210205, -0.12357172423862439, -0.04048720587633827, 0.03908890622085344, 0.09800090834543754, -0.05913400569522918, 0.17003764218626022, 0.013340441463747332, -0.195876440673867, 0.044870845635364344, 0.09000092343104243, 0.1676677028177233, 0.08412965666683404, 1.0
70, 2, 0, 0.9643392964807579, 0.03530108243093917, 0.00012130177059972027, 0.00023831931770323562, 0.18669808293037096, 0.18628651557911494, 0.20801203919924566, 1.0003217354853267, -0.11186573748561027, -0.11045209657340727, -0.12561007492206494, 0.08014245999232508, 0.1799419358846686, 0.2083604018482501, -0.08120331222289552, 0.025950593584609955, -0.16371390457812515, -0.158756426774853, 0.15559456720702908, -0.029810788994440778, 0.0882023833380892, -0.17260523337530592, 1.0
71, 2, 0, 0.9643382716145572, 0.03530203260899065, 0.0001213027846998471, 0.00023839299175221638, 0.18054475974964232, 0.18163369644583488, 0.20251843584021248, 0.9987224594556962, -0.11060528354442385, -0.11227289507023233, -0.1254106932621695, 0.30396948079627834, 0.2002906456147981, 0.0034275008965487298, 0.10421239061139213, 0.08333208460671897, -0.014455019251365312, -0.1472733587042468, -0.19746669944982811, -0.19648137047759723, 0.07525212374190633, -0.01634574062403102, 1.0
72, 2, 0, 0.964276511452892, 0.03535137034992011, 0.00012151464626494941, 0.0002506035509229716, 0.17767737944269427, 0.17488192532419275, 0.19845312738205617, 1.0003584445366664, -0.11040019269990084, -0.11010843835480696, -0.12329258059841323, 0.1163994184930647, -0.007262839052956038, 0.08684150768334939, -0.023724616187561793, -0.04414391490956017, -0.034410993579033516, -0.11700623713710276, -0.07374647406870975, -0.014939138319832767, 0.0844556460960537, 0.07194249044548437, 1.0
73, 2, 0, 0.9642711305039078, 0.03535270964036978, 0.00012151770793623547, 0.00025464214778622956, 0.16878619583957313, 0.17223822742965922, 0.19085908318352596, 0.998555366584481, -0.11104643009947521, -0.11236354544096672, -0.12359724607470175, 0.1534679514110719, 0.05375779721648401, 0.05805830908228994, 0.014886700421807291, 0.07458167614687274, 0.1401963423948746, 0.20156857391816474, 0.11480505312643682, 0.13358436636120957, -0.052691319461002716, 0.02704177171220524, 1.0
74, 2, 0, 0.9642181722291616, 0.03540107118441586, 0.00012156718067794482, 0.0002591894057446511, 0.16366501914825826, 0.16600457342068262, 0.18496104471918812, 1.0007826441534304, -0.11123343454666805, -0.11115271774779564, -0.1225621236094833, 0.1192921729495628, 0.12593879675491937, 0.059081225550732454, 0.010607875086432914, 0.041564048210106494, -0.10748026642194482, -0.1163178145570853, 0.08222920183391491, -0.12247959762114809, 0.04412224932411535, 0.16955705622558892, 1.0
75, 2, 0, 0.9641483778917838, 0.035431446870301565, 0.00012160892359136156, 0.0002985663143234202, 0.15994751823624873, 0.15883755538296537, 0.17916750082446123, 1.0020338107631013, -0.11119859268633006, -0.11099139656339545, -0.12402922788130381, 0.1463604320269512, -0.018673171144422195, -0.016398340981643146, 0.05327918379301635, 0.13515602010743372, -0.042520114700418034, -0.10416622301565107, 0.10990920662231903, 0.0452359150691032, -0.14414565721701128, 0.07905642569084259, 1.0
76, 2, 0, 0.9641530353598121, 0.03542082770579586, 0.00012162440597557422, 0.00030451252841639685, 0.1524217706058844, 0.1537038791186238, 0.1741122038635168, 0.9979262966168463, -0.11051144363615642, -0.1106497563523492, -0.12380244154791942, -0.1478050513479149, 0.013293249215005687, 0.039727031058179194, -0.09090253599949273, 0.04389268253146686, 0.0634899706368234, -0.03146046636436019, 0.12936970904332107, 0.007938957651050165, -0.10969754197513819, -0.004492967458811974, 1.0
77, 2, 0, 0.9641302413907608, 0.03543140115491104, 0.00012164610698736227, 0.00031671134734080267, 0.14836039393648806, 0.14751155949614203, 0.1645954596037265, 1.000221048017592, -0.11014038286599122, -0.11236507202098238, -0.1252057090978041, 0.12528318103574385, 0.1161721852426411, 0.18816049016015737, 0.10653714988882748, 0.0759060434524878, -0.0414012592041917, -0.041894393088352674, -0.008220362077322973, 0.07559494097047353, -0.09545719414822999, -0.023326647614153356, 1.0
78, 2, 0, 0.964105394784276, 0.03544967614659447, 0.0001216779964617777, 0.0003232510726678182, 0.14084011150730527, 0.1449511809506552, 0.15936039572603972, 0.9997033008218563, -0.11046600747608788, -0.11226748236584783, -0.12269908339324383, -0.12249758901202693, 0.10983972610721944, 0.10884413016223689, 0.043906188723658104, -0.07014923292644443, -0.07863811871192364, -0.11461091817855718, -0.018241535149673582, -0.04863867361489905, 0.08835461676234257, -0.1359119755045754, 1.0
79, 2, 0, 0.9639193848526211, 0.03559976150780641, 0.00012180963053984713, 0.00035904400903271385, 0.13676767184291744, 0.1379776210518973, 0.1546051931460114, 0.9991641031772476, -0.11105583912957324, -0.1112086135584067, -0.12445379416479312, 0.17794563998152507, 0.05556645250213974, 0.11530287478953141, 0.059215366276595585, 0.06714417342165906, 0.023053828996319196, 0.09116023338328526, 0.09306686386174927, -0.019559004089759115, -0.017121906468242874, 0.19504273457097196, 1.0
80, 2, 0, 0.9639107632654074, 0.035597142349668535, 0.00012181582215579287, 0.0003702785627683346, 0.13026622968965723, 0.12960483792808503, 0.14655493541444173, 0.9974143512286823, -0.11125109212563355, -0.11069799535138485, -0.12292117802677127, -0.009318812838261793, 0.20564962157691977, -0.013411761745929418, 0.022713204869531885, -0.05513637642521706, 0.0785587366862442, -0.01089123136458067, 0.10169012721253916, 0.03842024995286897, -0.1441303317486803, 0.0024846394279252363, 1.0
81, 2, 0, 0.9637461983559885, 0.035747881315733865, 0.00012187646956814492, 0.0003840438587094762, 0.12730101003581987, 0.12706769256542363, 0.1400240413736546, 1.001571870732717, -0.11276957115951378, -0.11001623287124487, -0.12410211100900614, -0.17903200198503852, 0.12093349311601394, 0.15606472856642442, 0.15867699194302115, -0.03435845742903927, 0.006430612839229996, 0.015045364031185685, -0.031481422699518126, 0.0313019056812523, -0.03408739813684394, 0.09207167544957424, 1.0
82, 2, 0, 0.9587008216382851, 0.03940571407701314, 0.0001259561006704776, 0.0017675081840313497, 0.12046991386754176, 0.12044199547800054, 0.13414959857725847, 1.0011610101272952, -0.11096515940022618, -0.11028051470848751, -0.12345260521487429, 0.05802418250360376, 0.06900145207327882, 0.1026458920014544, 0.034368267467853604, -0.020214827350782723, -0.3095219331927604, -0.002579493876116616, 0.06257326832206343, -0.009836566296679424, 0.04164120109841511, 0.04409788029672765, 1.0
83, 2, 0, 0.9585105547503479, 0.039530911558137, 0.00012627001869511552, 0.0018322636728198964, 0.1133279023738254, 0.11436828091879991, 0.12716146774249165, 0.9992497565116908, -0.11145620967005047, -0.11187623884970199, -0.12529000779090727, -0.019096604701293485, 0.014780942022860987, 0.188927661246525, -0.018443801245111545, 0.10878541028114493, -0.05550532637898855, 0.04470528151688102, 0.14582051289446485, -0.015673581128952535, 0.08109070728813299, -0.005545181393625469, 1.0
84, 2, 0, 0.9559622413716199, 0.041557904038516946, 0.00013452618997228684, 0.002345328399890853, 0.10841312839173442, 0.11006002752554966, 0.1218991184494838, 1.0005221733163334, -0.11083776132726438, -0.1119405246431013, -0.12247727917079068, -0.06023531817667085, -0.16074726413967794, 0.1896606617206989, -0.03605603276222168, 0.010302116816287591, -0.07564224345224965, 0.048907222703820724, 0.03111954856010906, 0.050575084096312464, 0.026861398360596155, 0.04133805666587441, 1.0
85, 2, 0, 0.9539141249148845, 0.042958450597231156, 0.00013632858802682397, 0.0029910958998575848, 0.10479400524382758, 0.10430958498075849, 0.11521841974259017, 0.9988598466450561, -0.11078265971883734, -0.11141724499135386, -0.12476352788971501, 0.14062455701461, 0.150506376340022, 0.07026898164188881, 0.05220960000975711, -0.04646737576055642, -0.0530386745223108, -0.007634937460268648, 0.13917609662210126, 0.1026015248066364, 0.008735497701521969, 0.024174959189504953, 1.0
86, 2, 0, 0.9538475219332732, 0.04299375524889229, 0.00013635717140835884, 0.003022365646426236, 0.09944588892930173, 0.09717302550467553, 0.10866058769887343, 0.9994859768690707, -0.11142639340002876, -0.11167479811877382, -0.1233256863592214, 0.09890177401448481, 0.10900074354253339, -0.001982978249788425, 0.03879806649018849, 0.21170534020512424, 0.05153026468487831, 0.06241440386904643, -0.041956238319395614, 0.15387539695230545, 0.08048223997001887, -0.010593187202538542, 1.0
87, 2, 0, 0.9537967957832946, 0.04304220398456427, 0.00013636188011459296, 0.0030246383520265785, 0.09115856596242305, 0.09448680835578124, 0.10349555425588688, 1.0000580481557744, -0.11109960737032196, -0.11161254815238755, -0.12522464167309694, -0.10930216381905826, 0.06388005880725718, 0.06569200451742588, 0.24180610644266057, -0.02468842801444701, 0.0235693765993837, -0.04925795001196538, 0.17510548292096081, -0.05372800312531388, 0.05067927551133931, 0.15708173242809334, 1.0
88, 2, 0, 0.9537964818420298, 0.0430423936433482, 0.0001363620053082436, 0.0030247625093138544, 0.08362586817734978, 0.08590162805473035, 0.09760458745241504, 1.0001267381036747, -0.11437885090842918, -0.10957838213868813, -0.12398370038580983, 0.13167528391274447, 0.24938985862016372, 0.003488406333467481, 0.08660230407650994, -0.08239061336444461, 0.009375316911178527, -0.004097700738065892, 0.12707816124840346, -0.1899231702163749, 0.08401789562710574, -0.06491168652563886, 1.0
89, 2, 0, 0.9537977756684003, 0.043041048604588565, 0.00013636241142682081, 0.00302481331558428, 0.07953456059922627, 0.08026438565996771, 0.09074714416075998, 1.0003049614611512, -0.11027953222287383, -0.1089489556743154, -0.1240408147057362, 0.23549608101364178, -0.15239459213797601, 0.06968254581056395, 0.09725850501725086, 0.05379045258211827, -0.006374437977941671, -0.18892253414304783, -0.007907728673180393, -0.05816293442823149, -0.0493335645302516, -0.12495267984931271, 1.0
90, 2, 0, 0.9530724808920016, 0.043666833205144626, 0.0001365452781508175, 0.003124140624703003, 0.0758947368367601, 0.07422840394327493, 0.08538780825812255, 0.9985585125004158, -0.11125809563517615, -0.11057441046954056, -0.12422713167283747, -0.07265056076169746, -0.01803470865528469, 0.02412815258449569, 0.09798702322681213, 0.12079985522527366, -0.13555909649338185, -0.06455042549514302, 0.2331985436475768, -0.1346481952357587, 0.0922167712380548, 0.08630772937002927, 1.0
91, 2, 0, 0.9530644219994064, 0.0436699482127418, 0.00013654886432566557, 0.0031290809235261017, 0.07021860290529006, 0.07024621619646862, 0.07975950649211025, 0.9984617589759903, -0.11139764897919091, -0.11142161657405966, -0.12289884891406086, 0.13243081034340287, 0.15585853317293702, -0.028851581145502618, 0.01903236400642757, 0.060748542214116616, 0.12416034316852202, 0.031120943930943647, 0.06402803102382337, 0.2169050284510023, -0.007094954921257122, -0.0006071172335378905, 1.0
92, 2, 0, 0.9530639569776566, 0.043668634465428846, 0.0001365520851049217, 0.003130856471809659, 0.0632453297365357, 0.06391194514533213, 0.07097510768195657, 0.9991312477924783, -0.1100984507969593, -0.10838314321449324, -0.12446199951465937, -0.00485123188638994, -0.12849984042904206, 0.06998533463417178, -0.07066802609216609, -0.053643111975136416, -0.036313555275659395, 0.04833286653488815, -0.05667517403131526, 0.15954038716971028, 0.23313848857492422, -0.06856745702065643, 1.0
93, 2, 0, 0.9529417758749509, 0.04378814123519394, 0.00013698265865114934, 0.003133100231204038, 0.05849476632065761, 0.05875777378707274, 0.06554895280388155, 1.0000236477554947, -0.10990988417725867, -0.11067941548942424, -0.12412068822564899, 0.07505140584558126, -0.23013474488341265, 0.09528187303730909, -0.08691262071672541, -0.1402560207848475, -0.16722507099844544, -0.17219476439711984, -0.012461238807005337, -0.032914151247862275, 0.022530235397766933, 0.21445844062594227, 1.0
94, 2, 0, 0.9529284081270905, 0.043801163376547436, 0.00013700542012432372, 0.00313342307623774, 0.05403425255856954, 0.052492887952154246, 0.06102790779111124, 1.0005492813224013, -0.11119240497138916, -0.10970554088311238, -0.1231349799861011, -0.010419722504717049, 0.22893419981580485, 0.0006329697313738003, -0.1695700282638558, -0.15936167523553202, -0.037110265948797364, -0.18026540420325396, 0.11889244901773802, 0.03314654487090476, 0.18782526294763124, 0.08449530399526047, 1.0
95, 2, 0, 0.9529286817251975, 0.043799935174855115, 0.00013700561980223408, 0.003134377480145135, 0.04883460720803529, 0.04906928425872466, 0.052433319981562296, 0.9987760136286395, -0.10997268772892208, -0.11178754247644067, -0.1261007055880046, 0.06440972154588823, -0.008388644350527589, 0.020034386049557262, 0.18165840211679124, -0.10628882312977281, 0.11749639190517505, 0.07573292296748069, 0.20227029352748094, -0.07153113451812679, 0.0957620176357452, -0.12644866697366594, 1.0
96, 2, 0, 0.9529323348238051, 0.043792668729880524, 0.00013701117936062922, 0.0031379852669537788, 0.041969119980487704, 0.04252514552983047, 0.047623411458068074, 0.999504580063807, -0.11001517704213074, -0.11250140902192526, -0.12402837344878795, 0.20949958280102576, 0.052605747210311346, -0.06484227699404066, 0.06684835476273125, -0.032201635945541165, -0.11661756215048555, -0.11608102222450396, -0.07649310974336379, -0.151265032877747, 0.12090316526332998, -0.08722442023757494, 1.0
97, 2, 0, 0.9529323354634417, 0.04379266716304347, 0.0001370111781895496, 0.0031379861953253806, 0.036802639304259255, 0.03498919796103479, 0.04249414612245826, 0.9998452161905199, -0.11162562805705198, -0.11146223962629317, -0.12641690660359634, 0.20642828354867113, 0.09415948226911389, -0.03700307272214024, -0.07933300106162963, -0.04127400353587081, 0.09074626406734654, -0.09603013532747906, 0.11141737996161072, 0.2855062259881832, 0.021679723244045546, -0.18703385419081567, 1.0
98, 2, 0, 0.9529382392200579, 0.043780950883674744, 0.00013702011515306567, 0.003143789781114181, 0.03120196639862712, 0.030392245586571016, 0.03532884492560096, 0.998571756215382, -0.11081338915591028, -0.11018823806353176, -0.12348905261449147, 0.15193600355763334, 0.03457946362678399, -0.04333686561051218, 0.1083208424431041, 0.07247486548638311, -0.053519691039340636, -0.05828495691929621, 0.19638936511212757, -0.03432282236946855, 0.040371804637487976, -0.009779071925863492, 1.0
99, 2, 0, 0.9529071989399375, 0.04379625617545907, 0.00013705606193524218, 0.0031594888226682523, 0.026724946660585874, 0.026033149416765867, 0.029381177506160622, 0.9982871987604781, -0.11001410406978107, -0.10874206666183843, -0.12442365393713603, -0.1297483654193982, -0.07502008021088402, -0.0014770624242220003, 0.05425615257708499, 0.04883652911781226, 0.07207990371176447, 0.0398218325132597, 0.01054505757998066, -0.05970796397053905, 0.06269194409230776, 0.012160601479176861, 1.0
