t, Event, Policy, P(still), P(random), P(reach), P(transport), o(t), s_a 
0, 2, 0, 0.9798840284347534, 0.013128027319908142, 0.006987911183387041, 4.1185753474337616e-08, -0.617009051834249, 0.51919925126388, 0.5830008267339328, -0.0593782897148473, 0.07885528812761523, -0.13774294440860055, -0.15015379483015745, -0.3785818610995212, 0.23771237452223676, 0.33941231671096583, -0.17458543209041055, 0.020440656229283184, -0.059073931805601165, 0.05840306930105142, -0.014501908837990607, -0.11932042943754709, -0.09150853273534937, 0.0416748903254949, 0.01
1, 2, 0, 0.9676798556317743, 0.0208771667952783, 0.011442977543568853, 2.937840791247045e-11, -0.5676925061483342, 0.5667701246517629, 0.6362582129501089, 0.010600714173087382, 0.11029825819616153, -0.11094481992933632, -0.12336200281059931, -0.2755417641725114, 0.29273493509476645, 0.3881864938057623, 0.20797516591986698, -0.03659631918610958, 0.027341586710983017, -0.1762634982055072, 0.10623500057101003, -0.06289059145668721, -0.012338413701353522, -3.009412239667926e-05, 0.01
2, 2, 1, 0.30537242983928736, 0.1466705104230286, 0.547957058999032, 7.386520100586322e-10, -0.5653391467835365, 0.5623676529817532, 0.6310757711719801, 0.010256545061952766, 0.11057163170094941, -0.11068948799389844, -0.1252696526807067, -0.22542989842047811, 0.3660605475559545, 0.3055363031809153, 0.05443162060244707, -0.020247400848310275, -0.08687768018054756, 0.04132695308701952, 0.05317837473661539, 0.010217122022832564, 0.010888080834586446, -0.07869261985586339, 0.01
3, 2, 1, 0.3053446936898856, 0.14668040782140737, 0.5479748865726339, 1.191607313118378e-08, -0.6218607862473589, 0.6897803030874301, 0.640537361137717, 0.0846428592007517, 0.13196853391454705, -0.01404460660893796, -0.3034799921591857, -0.33574916437880914, 0.1901722429728543, 0.285940243105333, 0.010831574253941984, -0.0015334744140405815, -0.001303477663551374, 0.0013532049576135874, 0.04023076970488695, 0.0007998840812927608, -0.000758131452246729, -0.000547070659302576, 0.01
4, 2, 1, 0.3053241176980774, 0.14668867291068383, 0.5479871925865499, 1.6804688844192777e-08, -0.5141503547698348, 0.6413994199713933, 0.5827431808588723, -0.0012127148838724441, 0.08789876800764372, -0.08899405686032721, -0.159172762077805, -0.22576611556600462, 0.20811250854096128, 0.3857290167766367, -0.04500572571938196, 0.00011108218510002812, -0.001472345020723229, -0.0007622070697907162, 0.041336173532576084, 0.00020423254848232547, 9.200773620094606e-05, 0.0005583327029051106, 0.01
5, 2, 1, 0.30532169197040043, 0.14668806351994793, 0.5479902276872094, 1.6822442206161237e-08, -0.4572299315129169, 0.5936758478200679, 0.5433473472981747, 0.037252466865141054, 0.05006954687654584, -0.08464715431453969, -0.2099041469656794, -0.026725173174920826, 0.45754304434425846, 0.4146552552726638, -0.1367174844593212, 0.0005215552933305946, 2.7132897355315344e-06, 0.001583773688398521, 0.03969343114328616, -0.003263786349034, -0.00021569043787973713, 0.0004858182528242427, 0.01
6, 2, 1, 0.3026349796087106, 0.14779638504359544, 0.5495636108946617, 5.024453032434165e-06, -0.43922297815266004, 0.41844694241337094, 0.5471720727539093, 0.09875974400079252, -0.12324281954089744, -0.08803400229050858, -0.1517512954559625, -0.12513876772633437, 0.33816580201497476, 0.24885954836269236, -0.1040500939927433, -0.0025608563621462082, 0.0005161469324023874, 0.0005169965558131786, 0.040953916964249396, 0.00029062858786978017, -0.0007022663913466169, 0.0006917093672459315, 0.01
7, 2, 1, 0.3026345744547343, 0.147796431574075, 0.5495639695179851, 5.024453205506115e-06, -0.5142968836349094, 0.6023020922478458, 0.635777622547487, 0.16417701774296972, 0.16939289125342463, -0.08337599614445593, -0.3177591725217339, -0.302147019145809, 0.15157662390670637, 0.5352935348068447, -0.07091108883673655, -8.464740503094573e-05, -0.00019697461538728268, 0.0006291738660319901, 0.03969286044700272, -8.400595059832772e-05, 0.0009322412602535499, -0.00023643642121825474, 0.01
8, 2, 1, 0.3026045238620746, 0.1478184157924977, 0.5495711226949025, 5.937650525353809e-06, -0.43322430141401763, 0.6217584364459398, 0.398827907938584, 0.25654111510262984, 0.09065797803974088, -0.18835104616836973, -0.05607140235549376, -0.33422622550589864, 0.3092571371868903, 0.2257219395691677, -0.009498669826234823, -0.00018763207581235013, 0.001212059402344577, 0.0007855072503857991, 0.039909413752741825, 0.0010608761770459119, 0.0008508048211202863, -0.00047576643003704983, 0.01
9, 2, 1, 0.3091773438617072, 0.14122992412147062, 0.549586573187666, 6.158829156231233e-06, -0.42460295405971327, 0.4717415188094492, 0.526390586949459, -0.11658801267216708, 0.041650669599696565, -0.016892873152467958, -0.054695183416258356, -0.13607532702049227, 0.19762646360927122, 0.3038382981067467, -0.05137496640952897, 0.0004234240772005511, -0.00078543132599411, -0.001163975308660668, 0.040962767201484576, 0.0009965292733639234, -0.0015968312104739882, 0.0001178808329622385, 0.01
10, 2, 1, 0.30919612796999335, 0.14120898401816992, 0.5495887291451845, 6.1588666522606974e-06, -0.5231622463294044, 0.4709760419873275, 0.5843188965735632, -0.029290610426601492, 0.14501675189550797, -0.1294900135923223, -0.0864809114841845, -0.26127416482583554, 0.2859069967009936, 0.44306457295749413, -0.09085895258307564, 0.00016499095119925378, 0.0007834272394603301, 0.00018631511260626814, 0.039267286021301744, -0.00032722232899628324, -0.00021669858537112083, -0.00011476815055698566, 0.01
11, 2, 1, 0.3091798657793203, 0.14121860970923725, 0.5495953283630498, 6.196148392787347e-06, -0.5525217142566324, 0.6241891756299232, 0.5117155847652493, -0.0795975940727845, 0.059207110410972597, -0.10726124833142925, -0.07557734060267689, -0.30278874835620034, 0.2385525890409866, 0.3435145648240538, 0.015469573181542278, 4.1491490034384774e-05, 0.0013051008774074978, -0.0007348276606164016, 0.03894329864888922, 0.0012750923505609577, 0.000765226448739891, 0.00017061611554403724, 0.01
12, 2, 1, 0.3091952092975893, 0.14120304130636058, 0.549595450174236, 6.299221814116926e-06, -0.5388285882971922, 0.39453311897207477, 0.6565298534953108, 0.05243683976445381, 0.10162841884877176, -0.17198419456703504, -0.12727478495680297, -0.18722186047030842, 0.17214401654947237, 0.18144541659214916, 0.21495953544283383, 0.0003426692322892681, 4.4071865343706764e-06, 0.0002886548645225806, 0.04012577926247739, 0.0016048720884005827, 0.0017013608803453234, -0.0020665953238842303, 0.01
13, 2, 1, 0.3090770378197382, 0.14129105161248454, 0.5496233125452719, 8.598022505492463e-06, -0.3219844366293852, 0.5303863469049847, 0.5242096258760935, 0.02655836773365905, 0.000706961625410174, -0.20607108993662707, -0.18083707934596124, -0.1989353715403629, 0.31340681068439286, 0.2797553923340552, 0.10120443860548886, 0.0007816363119940155, -0.0004873153462971701, 0.0007749273945618913, 0.040019240489803806, -0.0002982537737022649, 0.0006602384064712983, -0.00042265950102498656, 0.01
14, 2, 1, 0.3095343795685191, 0.14083132928089592, 0.5496256930699651, 8.598080619923731e-06, -0.38466092298077365, 0.31631412251648394, 0.5908087801906788, 0.10659174254464668, 0.05933671642951442, 0.07337478977081743, -0.09824851127764142, -0.2864537728180131, 0.30974858538337013, 0.41538665872225655, -0.08618641227319541, 0.0008764309214452403, -0.000943900158710714, -0.000728487197008593, 0.03898082523510711, -0.00015868176207033997, 0.0008722004622913632, 0.0006138952860068852, 0.01
15, 2, 1, 0.30953681317667997, 0.14082879186547304, 0.5496257754474488, 8.619510398188581e-06, -0.6097243606880943, 0.4836766435209724, 0.641324196357678, -0.020956420284108136, 0.06163834564710626, -0.2644033616223697, -0.21417422097747893, -0.16102873636742904, 0.19751614780948046, 0.2014063423015689, 0.1629855968486097, -0.000457628995188094, -0.0004375448672918737, 0.00016988257430346036, 0.041409888581434365, 0.001750689174009557, -0.0020656053793329295, -0.0005387086264564681, 0.01
16, 2, 1, 0.30953688435857885, 0.14082871952957343, 0.5496257766014494, 8.61951039834551e-06, -0.4067867667835733, 0.3250104025482349, 0.6768442118176627, -0.03780811147902781, 0.0281805497349093, 0.07229532582319942, -0.06451458235324996, -0.2557250046864393, 0.397188365281528, 0.5908076205298807, 0.08389162373641794, -0.0011897936399279058, -0.0020356247599841552, -0.00016487607846534723, 0.03910582808879573, -0.0009339574994103492, 0.001074482550594649, -0.0001716318228430139, 0.01
17, 2, 1, 0.3114161841612876, 0.1389402520514285, 0.5496349345139551, 8.629273328935348e-06, -0.3530481731037479, 0.45781851814485225, 0.49771813106104695, -0.09331660056679002, 0.10369328014445219, -0.09549956560530623, 0.007503355724521566, -0.2196992522572438, 0.2414822602638901, 0.4501778996604585, 0.023260110188798675, 0.0012944555017688866, -0.0005449827101173661, 0.0017292215538382036, 0.04057859322633044, -0.0012369912469256733, 5.45137948880035e-05, 0.000555645771446662, 0.01
18, 2, 1, 0.3116523930400938, 0.13870061749535162, 0.5496381942010942, 8.795263460458187e-06, -0.23602416948419197, 0.25337935306552406, 0.6300340401269684, 0.0017077635264963627, 0.19198790122860182, -0.07894795105755052, -0.21007500783198294, -0.37823002780675086, 0.13224628713789804, 0.24179457649027586, 0.16150940236763345, -0.0015626824480803262, 0.0017390658705099325, 4.6502879327063674e-05, 0.04188450849464999, 4.693756719293681e-05, -0.0005547529046196361, 0.0003125641402702866, 0.01
19, 2, 1, 0.31165238684631813, 0.13870061892982702, 0.5496381989593104, 8.79526454451403e-06, -0.6007103134212435, 0.5843580637151371, 0.5633067355285324, 0.16285379999765967, 0.17356240588353036, -0.17416181878080744, -0.231266211373919, -0.22421613269250412, 0.4270870944892019, 0.29928281532027656, -0.05038103070150115, 0.00047033287296868834, 0.0007023943718608832, -0.0016098532834637712, 0.03902820868938695, 0.0016894460195061589, -0.00024964104140865666, 0.00011892267534301701, 0.01
20, 2, 1, 0.3116510144015732, 0.13870175587176217, 0.5496383345548006, 8.895171864078687e-06, -0.542159103197777, 0.3742433273373364, 0.5409512202796656, -0.0529956564564076, 0.27515370982711035, 0.025802428788156927, -0.2003864262913071, -0.31005981571325736, 0.262086347477739, 0.18293291573840578, 0.15062519152315806, -0.0016198335501415276, 0.00020314917166744804, 0.0002460513804440767, 0.03838687312972742, -0.0018202692357803744, 0.0008323539801741032, -7.438505802376479e-05, 0.01
21, 2, 1, 0.311655049280468, 0.13869416741695548, 0.5496412495853146, 9.533717261875143e-06, -0.5823547685243398, 0.40706415423749265, 0.3926814602037621, 0.09102600293860738, 0.08255358442098308, -0.08983143426330234, -0.02550015740464919, -0.1302312642513024, 0.23404425988403857, 0.23718183522212583, -0.09179018697866932, -0.0009347289880289701, 0.000636048465796955, -0.0003006956242895896, 0.03933028706255916, 0.0005061348677561655, -0.001402718632580948, 1.3736586959528215e-05, 0.01
22, 2, 1, 0.31147378763594147, 0.13829892632361324, 0.549648357805506, 0.000578928234939358, -0.4734467817956557, 0.30942152362576686, 0.27305377910349554, 0.14262202606967136, 0.16619434117721132, -0.06869527385056214, -0.1278504971326737, -0.1456828572281419, 0.3037424850057001, 0.16179402369012172, 0.10128785786239618, 2.595383705266324e-05, 0.0012199004561930513, 0.0012414067073146966, 0.04043445800808227, -0.00043897700794912585, -0.0014799980178646548, 0.001539256053991654, 0.01
23, 2, 1, 0.31175056051430117, 0.13800271814775183, 0.5496668399764443, 0.000579881361502845, -0.3241239962308309, 0.4677155843629287, 0.6015045661591686, 0.0013035314795105473, -0.06804516488048125, -0.07713368300481219, -0.15103999836381202, -0.2632180227220244, 0.19755937957132003, 0.19542936243212236, 0.029418288065248394, -7.95512933612257e-06, 0.0014317912431358372, -0.0009482797028744488, 0.03985389237492672, 7.988827330232374e-05, -0.001042988207750868, -0.001167036204904398, 0.01
24, 2, 1, 0.3125408116907126, 0.13720389496434468, 0.5496700597381209, 0.0005852336068217654, -0.33357973150399334, 0.374455122650286, 0.5941692995784442, 0.0943469462680227, 0.07792216917788201, -0.07410638670073119, -0.15755928120935522, -0.07381030583578982, 0.3191271534464339, 0.05600641746475965, 0.11264726587052953, 0.0014412115752837126, -0.0010078664143494454, -0.0003605630217578187, 0.03895519175399302, -0.0009568195366468893, -0.0007313942239174052, -0.00012633589347177553, 0.01
25, 2, 1, 0.3125413926057484, 0.13720324291839325, 0.5496701305499441, 0.0005852339259142385, -0.47899819773211466, 0.40975123550162207, 0.6602684833821257, 0.21078806542540152, 0.07646191244370644, -0.026474812876524943, -0.21238189269924637, -0.05712368995410275, 0.20190771357299817, 0.3747741838113857, 0.15721199491225482, 0.0005319222671155056, -0.0009104924787355839, 0.0017727727965646978, 0.03982328052444427, 5.26282468301528e-05, -0.0009634208078853375, -0.0005382428704100502, 0.01
26, 2, 1, 0.3125151667682416, 0.13722363024381962, 0.5496758318435219, 0.0005853711444169453, -0.37644473292682146, 0.39611827799673055, 0.46306398412174665, 0.011610523351996327, 0.2966252924815057, -0.10810853682063751, -0.16697438654920166, -0.13093751633726108, 0.14295688997927414, 0.4180839797306134, 0.04622394770218644, -0.0007395282174337901, 0.00012631843683668238, 8.559786374076712e-05, 0.04093180270443873, -0.0007981382525745605, 0.0007693405331606885, 0.0007060420725759567, 0.01
27, 2, 1, 0.31245675922331995, 0.13723270952554076, 0.5497250490773358, 0.0005854821738034556, -0.30886855011386144, 0.40216393805035927, 0.36459193448171756, -0.06656337154167932, -0.10391001037087588, -0.0786485190937374, -0.3528610162770637, -0.283346473957027, 0.35892687724293404, 0.26158191257338703, -0.17484753021942623, -0.00016679526982045243, 0.001006241563862426, -0.0002964575090558262, 0.03882046878132143, 0.0016627731488774206, 0.0013808129448853836, 0.0005361840704674559, 0.01
28, 2, 1, 0.3124534912410933, 0.13723496986400466, 0.5497256965087447, 0.0005858423861574673, -0.6499861399508754, 0.47656199666479865, 0.38732546794336187, 0.20564067365531408, 0.13964062223518847, -0.2825897739147706, -0.1302406927088423, -0.2569688343190476, 0.07569692648877438, 0.25580113523064163, -0.032904505496594544, -0.0005724174650022805, -0.0008961923409773404, 0.00030547410283344697, 0.03923379901228435, 0.001741603562750221, 0.0016379594313044178, -0.0005940542340552975, 0.01
29, 2, 1, 0.31343583333706104, 0.1362460171326482, 0.5497306489346625, 0.0005875005956283224, -0.4774031253429244, 0.3828198152397621, 0.632600504204929, -0.08766517987303105, 0.08858406011387346, -0.10017294347669889, 0.07796696082793364, -0.004582717492919164, 0.19489950783784582, 0.12598257163197596, 0.11030839642247889, -0.0009530009886916503, -0.00046479224217280514, 0.0003889629144783993, 0.04009402117463268, 0.0018697249586440395, -0.0012929647898369484, 0.00012868729799437396, 0.01
30, 2, 1, 0.31332709514860024, 0.13631363954381182, 0.5497708561340103, 0.0005884091735777105, -0.348900673065499, 0.19835300899922897, 0.5264729908609652, -0.06552021396441957, 0.26667680842721964, -0.14463423977652595, -0.09705512018029713, -0.2842873439537802, 0.13342668221185403, 0.2698784396358732, -0.050280935235448646, 0.0002021018498866227, 0.0005238480983031304, -0.0003721771829632651, 0.03948214079063379, 0.0009011095060615816, 0.0006427045500659584, -0.0005432069621229797, 0.01
31, 2, 1, 0.31332621793511206, 0.1363141441379426, 0.5497712275281661, 0.0005884103987791265, -0.3270273198783592, 0.31762808714871615, 0.4825111457951924, -0.041372150425990364, 0.26390343308648295, -0.0075719400616954145, -0.1103506415005214, -0.21564680850039358, 0.311332068392289, 0.34518949544617133, -0.060114276566332434, -0.0003649686095659259, -0.0006167443010782802, -0.0012690365188568619, 0.04013413340483425, -0.0006136850475957198, -0.0002721484204019274, -0.00024055991382964832, 0.01
32, 2, 1, 0.31333161158007067, 0.13630864388012448, 0.5497713337096084, 0.0005884108301964063, -0.34431782227485275, 0.48332201590870066, 0.44419560668713826, 0.17487235583198302, 0.12068850852846694, 0.026824786725438733, -0.055605172232728595, -0.13390819002075477, 0.20864584992049323, 0.4852904816730689, 0.05006534344429896, -0.002718635120858035, 0.0006079913820729884, 0.0011117553887832732, 0.03937306408175837, -0.0021358721517464765, -0.0015122578982595773, -0.001825314817393005, 0.01
33, 2, 1, 0.35733611098991486, 0.09214576481561143, 0.5498990186376135, 0.0006191055568603603, -0.33184227381052356, 0.25728577890591897, 0.4241522397675378, -0.0024529597082406803, 0.09156716357284303, 0.027903736766972866, 0.02038903908169971, -0.146254546237037, 0.08625891623765436, 0.23133160891013133, -0.1130521444074161, 0.0007915137984130391, 0.00048205524385739267, 0.0009558235856063618, 0.04095597092165167, -0.0006036405968645357, -0.0006055793015774674, -0.0008582008568297609, 0.01
34, 2, 1, 0.3584341213200421, 0.0909395621973951, 0.5499058315459654, 0.0007204849365973831, -0.2850895384249287, 0.3840168660297117, 0.48675650513117014, 0.13495937513353118, 0.14114824821698108, -0.19137062632762564, -0.1896994584645763, -0.023192358502758047, 0.030678888825935835, 0.14915886138692058, 0.09846470743171634, 0.0008875605972654091, -0.000981480955935385, -0.00015769089950442165, 0.03989264108629268, -0.00041923652618503903, -0.0004167736847520623, 0.00028624502352299174, 0.01
35, 2, 1, 0.3584328273651044, 0.09094006661238392, 0.5499066201057223, 0.0007204859167894702, -0.5062542866319808, 0.1857581655518554, 0.49759219035086444, -0.03589751059092274, 0.273164542367583, -0.06739122574135994, -0.3086082123453905, -0.15741150862747683, 0.24374061219865287, 0.3900381575411148, -0.046693474698804416, -6.39586466944486e-05, 0.0012313410509973846, -3.441810354767212e-05, 0.03834007428496132, -0.0005518342428002955, 0.0014107846985454554, 0.0009616278666529862, 0.01
36, 2, 1, 0.3583110473418997, 0.09104096442140445, 0.5499195564365053, 0.0007284318001904693, -0.43861456742719707, 0.2457228519506372, 0.37511230497005604, 0.0051670442790603555, 0.0541120487257867, -0.21789855486902382, -0.20794508850101226, -0.1016350666054651, -0.019226324213568978, 0.3935239981692343, 0.10282469911168077, -0.00023742590841560463, -0.00048801538975540813, 0.00012920492063571806, 0.03932800181602987, -0.0023022438722914004, -0.00042004727155970105, 0.00030370635253872575, 0.01
37, 2, 1, 0.35812565353632064, 0.09108537587812766, 0.5499211873026909, 0.0008677832828607518, -0.23313595511661617, 0.3356757239798991, 0.3387479810553983, -0.05839142665828412, 0.33561422213123776, -0.13277262575160836, -0.10315884863033746, -0.0959625379806428, 0.09533748728638812, 0.15312211962679698, 0.05638140840770559, 0.000677854802559779, -9.03038530044393e-05, -0.0006153967638743786, 0.04123946883206243, -0.0012276768820317497, 0.0003897216124919237, -0.0009573483100701427, 0.01
38, 2, 1, 0.3581255310945388, 0.09108548177760059, 0.5499212035582062, 0.0008677835696545725, -0.39416429959839805, 0.2940370358880114, 0.6591313023842951, 0.029532596516069536, 0.02013226672252346, -0.30898557699869944, -0.12686409493575038, -0.2359429901417882, 0.1250307050191301, 0.30432995190169726, 0.13601257379143433, -0.0019420385395174287, 0.0013332608457061268, 0.00015004148461524315, 0.04064339463311646, -0.0004107314623849309, 0.0009602773975476112, 0.00034214339681803166, 0.01
39, 2, 1, 0.35842275583158767, 0.09077988813276512, 0.5499219925105262, 0.000875363525121053, -0.46327531725466053, 0.4939939241717185, 0.19102557107843152, 0.04285416248182798, 0.07220801959419887, -0.011596786164259631, 0.01850088057353161, -0.1563782615895137, 0.3019807650276027, 0.2204587305619949, 0.019035649732937202, -0.00030291840674506634, -3.064872000997705e-05, 0.00038879342934348884, 0.04089137293489301, 0.002553419320292664, -0.0009098508394270565, -0.0012071034192072565, 0.01
40, 2, 1, 0.3587689463709667, 0.08409612559509644, 0.5499225099910241, 0.007212418042912756, -0.5103489871382019, 0.39897922035172717, 0.2970493465171131, 0.014203345454109109, 0.07630681324976893, 0.050187833625371533, -0.08807568405976812, -0.10397742215846276, 0.02652418856821446, 0.23684865390699494, 0.3772519384200223, 0.0005223878241138014, -0.0006093342519135506, 0.0001255898183655715, 0.04015388088878728, 0.0002301130931567726, -0.0008438150400264064, -0.0006875395489499482, 0.01
41, 2, 1, 0.36942247670299, 0.031279353372639894, 0.5499452513538127, 0.049352918570557514, -0.21521541967702892, 0.5490959209969107, 0.27705007699057427, -0.0020512592468897584, 0.09613128606996578, 0.000874153339609296, -0.15356994773901703, 0.02414078425613071, 0.027826148307321375, -0.09671204909039785, 0.006955015362570427, 0.0019225894419718378, -0.00023817762487851596, 0.0010619621483012667, 0.039500835434833965, 0.00029744153109446524, -0.0012407909471749752, -0.00027212438741406903, 0.01
42, 2, 1, 0.36941641509140705, 0.03128387312436312, 0.5499464122952675, 0.04935329948896235, -0.4117010038563917, 0.3730191873716907, 0.4512106582582377, -0.13207691323265258, 0.18611212157788912, -0.14855807211333752, -0.018053701529836118, -0.1889002526380484, 0.18568141060184068, 0.07732363326474108, -0.18869520688489036, 0.001209315253664822, -0.0006562658918389462, -0.000653864150541419, 0.04086323364405588, 0.00072921977642463, 0.000705201802494354, -0.0009970308243511918, 0.01
43, 2, 1, 0.3778301909254239, 0.011439671389477796, 0.549961364376825, 0.06076877330827343, -0.20216169036168186, 0.3883377840234977, 0.29518900845573803, 0.15879708166934217, -0.13185733314712275, -0.03520389446727294, -0.09919752767130416, -0.03989613734416504, 0.15608101362744767, 0.0829565797144618, 0.10210924814088809, -0.0005217375973839084, 0.0011212858988323706, 0.0015502472983603256, 0.03921941314417102, -7.902435900376765e-05, 0.0004284436473717303, -0.0007406556351153824, 0.01
44, 2, 1, 0.3771733182798277, 0.010746182386886327, 0.5499773486254672, 0.0621031507078188, -0.3763173905335858, 0.2309233978178115, 0.3762621201501037, 0.02050742428512849, -0.10249392960431006, -0.10393860956526135, -0.18092769150145785, -0.10419951716548832, 0.2729061210216995, -0.037809762598355376, 0.008673038541383682, -0.000745464377596473, -0.0008315642096219315, -0.0006564712941534215, 0.03979411602130018, -0.0005632173974490656, 0.0006163975911936458, 0.0007524754882451857, 0.01
45, 2, 1, 0.37706962519273496, 0.01068822870001697, 0.5499785962932797, 0.06226354981396841, -0.35279811082620516, 0.2440970691311563, 0.337973932609518, 0.25909469941098345, 0.10746566918899247, -0.07891197498646844, -0.13019717943012893, -0.2275470084269203, 0.005784118538489702, 0.18645655505582126, 0.12526107195766611, -0.0017255575765566915, -0.0005987664510486171, 0.0013616004847673093, 0.04088893950022492, 1.912486595249422e-05, -0.002130295122052136, -0.0002468630417479161, 0.01
46, 2, 1, 0.37706328880089907, 0.010692862252976497, 0.5499800945758178, 0.06226375437030654, -0.3990845790336305, 0.46646627522120443, 0.41696727078348506, -0.04907347229005177, 0.05048529881069622, -0.08480469424952831, -0.22235040058855365, -0.14639699096454012, 0.1913556242992917, 0.382298842358876, 0.08075264223272863, 0.0008286417210582547, -0.00041610283346123374, -0.00017172334305794626, 0.0394336993391456, -0.0005234879845548053, -0.0004426491329514383, 0.00037569779870031946, 0.01
47, 2, 1, 0.377469777976054, 0.010130190036926306, 0.5499842028655527, 0.062415829121466884, -0.21791781056506113, 0.23771480000499107, 0.49280815806351974, 0.04397322047517158, 0.11753848468937014, -0.11507563928070282, -0.061214946068115464, -0.1181800250226642, 0.052882623697663125, 0.09841572202447242, 0.10042603998718022, -0.000833343022707702, 0.0006749978546186047, -0.0016928293221531898, 0.040373336885125066, -0.00023545764802531942, -0.00040831938995683405, 0.001065588902339973, 0.01
48, 2, 1, 0.37723012075761975, 0.010307792709246, 0.5500119608710783, 0.062450125662056, -0.3666253220744188, 0.25360753105888967, 0.2974775356903012, 0.23373730623528596, 0.054189611576313634, -0.1512977342945025, -0.06597189599581482, -0.12446683420234592, 0.0436536105577604, 0.2991136838161984, -0.0647752119327428, -0.0010473335380004496, 0.0019600702120188074, 0.0012746861472663152, 0.04119197501105453, 0.0009037449290026291, -0.0021976511875246864, 0.0006027355871925812, 0.01
49, 2, 1, 0.3770989799804975, 0.010393408545428086, 0.5500324114761357, 0.06247519999793888, -0.45550023860031097, 0.49123046254432035, 0.4027717098888818, -0.04065790320490035, 0.10755560991276188, -0.22726401697979073, -0.16275500419578676, -0.17943665325240477, 0.2182878905726109, 0.24321017136623876, 0.02071598878609137, 0.0007792510777639466, -0.0009851908418848224, 0.0012691885588582363, 0.03860147029673423, -0.001465640238022048, -0.002194604459175094, -0.000595769189655393, 0.01
50, 2, 1, 0.37723336339029157, 0.007004905857417586, 0.5500330028901018, 0.06572872786218899, -0.4569014178916098, 0.20274363015624539, 0.27827361407304857, 0.070211634702057, 0.165821499446431, -0.04204443452124747, -0.04223413060238881, -0.07946262081458513, 0.13359396646420532, 0.10892888199536284, 0.21952741447588422, -0.00103771657178918, 0.0005872331150564581, 0.0004538000806341017, 0.03972113223387328, -0.0017902140091527283, 0.0022192602927287265, 0.0008020715335011475, 0.01
51, 2, 1, 0.37722832139639606, 0.0070038558717415, 0.5500384227719021, 0.06572939995996041, -0.3710948708222679, 0.3590135834073653, 0.34546096279661126, 0.09649176451497002, -0.23848700888169935, -0.07726204296519526, -0.01776527384105029, -0.2541490609444749, 0.408160508095497, 0.08968332664660619, -0.16640171686556082, -0.00023575887362344076, 0.0008640135003279608, 0.00012612627669751639, 0.04058922165303323, 0.0020438412506348785, -0.0009615068564945036, -0.0004335965884711304, 0.01
52, 2, 1, 0.37705169484624523, 0.006266478533906982, 0.5500398311027784, 0.06664199551706936, -0.376901007183589, 0.2876213407066789, 0.06704164928980974, -0.028962880126213196, 0.18189181839251528, -0.13409523176154195, -0.03446468887756764, -0.1833311412518443, 0.053253686993286066, 0.18200753209646875, 0.06901413161461846, -0.0007604891962602798, -0.00020870533461163988, 0.001631296953182883, 0.04093725832080825, 0.0003320703918995148, 0.0004414844902197286, 0.00033798273356797895, 0.01
53, 2, 1, 0.38325130466246143, 5.188110561909493e-05, 0.5500515233756217, 0.06664529085629782, -0.26385579573818263, 0.3636521342705251, 0.43129282461401236, -0.004336793849705314, -0.01572607899688432, 0.032109836931966784, -0.0037614000877112196, 0.06566221150310629, 0.088967099684904, 0.256640296364786, -0.04416956832572486, -0.000632928587203713, 0.00031731301780361167, 0.00022013466979059324, 0.04171334569542159, 0.0004977984703187271, -0.0007546222442114919, 0.0010088150192567652, 0.01
54, 2, 1, 0.33911197614576566, 0.0016559002243504487, 0.550066922496213, 0.1091652011336709, -0.04788691320222242, 0.31412332907025176, 0.18781191758139787, -0.09502808114285875, -0.0881698753705783, -0.07516586163573136, -0.0886004435013874, -0.20242697659932798, -0.027473832719281742, -0.04685950585516348, -0.03875742346876791, 0.0007598041332397866, -0.0003749430358166498, 8.357052380341557e-05, 0.04116960922596844, -0.0013110647387139121, -0.0022784096316232193, -0.0018423030567783672, 0.01
55, 2, 1, 0.33905153812730204, 0.0016732748259543043, 0.5500698776917717, 0.10920530935497187, -0.20219594131405186, 0.2510492075132465, 0.4065687086482443, 0.023081886283272908, -0.03968772174669799, -0.17331977848282926, -0.25116604265334536, -0.15221544112727986, 0.21910254855464312, 0.1552370131274487, 0.07972986567016056, -0.0005941443186407503, 0.001047493755734349, 0.001113734003439068, 0.03907837855009397, -0.0006815600851517471, 0.0017337020702325313, -0.0005642868110586018, 0.01
56, 2, 1, 0.3389922767276385, 0.0016984481689579867, 0.5500738937646427, 0.1092353813387609, -0.3243318190150867, 0.2829442823842438, 0.36062759319889864, -0.03999521607909736, 0.1275733173458995, -0.30314195372262837, -0.11451434271979925, -0.20036011299779838, 0.05566635752274014, 0.10589612662482177, -0.10179750055856082, -0.00024218599543580688, -0.0024989941853315817, 0.0006774983801465646, 0.0401584345125126, -0.0014220039959418512, 0.0020920690945421005, 0.0009748571086417365, 0.01
57, 2, 1, 0.3388045156014353, 0.0018230674392425204, 0.5501042925042291, 0.1092681244550931, -0.3839878514010209, 0.08776001999428747, 0.12234871631516886, 0.00693849985686007, 0.11998812348871009, -0.23627222463281639, -0.0891820150771766, -0.09938089802613048, 0.16772592995917818, 0.26025532482565117, -0.19759496510073998, 0.0007488925932531114, -0.0009687615275773857, -0.0014202865659471051, 0.04018966740031786, -0.001088508245662541, 0.0010943046379367387, 0.0016451023952456564, 0.01
58, 2, 1, 0.3380545899080947, 0.002291472456392361, 0.5501836938687956, 0.1094702437667172, -0.25696891893052276, 0.1710200506252753, 0.4259010820868629, -0.12115208435543043, -0.0472457695299864, -0.1255971033423696, -0.10334340067047816, -0.1318237370664599, 0.13753978870953484, 0.15794818508757408, -0.054765631180616545, -0.0018630882562386403, -0.000488699135863001, -0.0005331420206851058, 0.03967249201453129, -0.0010315298669973916, 0.0006017377319256537, 0.0004454213702764485, 0.01
59, 2, 1, 0.33807908272948933, 0.00206948185788764, 0.5501840737233168, 0.10966736168930623, -0.319165257898333, 0.03504888890145517, 0.23480108736003563, 0.07695017385685551, 0.09530783738413673, 0.03955153830458249, -0.3157871374342601, -0.37950514510689964, 0.0701747133548409, -0.055123548974104056, 0.06494175210839297, 0.00038283656000870434, -0.0005829624539002218, -5.755410994922049e-05, 0.03931085788994425, -0.00038052451288439373, 7.864994097479465e-05, 0.0005874689556054898, 0.01
60, 2, 1, 0.33723475274259845, 0.0021836426365549537, 0.5501938261041586, 0.11038777851668813, -0.11494132004317363, 0.19247886157497726, 0.22676182261457298, -0.05621139997595135, -0.05292493151009248, -0.10920150235485386, -0.21736126794761654, -0.15032014179819383, 0.2314799561586601, 0.1830384513996023, 0.06247364935102847, 0.0010106878572747344, -0.000816713764608046, -0.0005003507832347503, 0.040789002494199623, -0.00010187478003063873, 0.0007032577899819502, 0.0014940689983084375, 0.01
61, 2, 1, 0.33720617770271527, 0.0021811799682709266, 0.5501938268529181, 0.11041881547609576, -0.411227712949149, 0.33206713105198904, 0.23725856611160273, -0.00843000304656645, 0.09968604855223337, -0.22970145565280572, -0.12732644169266316, -0.03754794824252974, 0.18675873786695069, 0.028007796922737783, 0.2641052978747875, 0.00011480496882721127, 4.377388458558136e-05, -0.0008119276496543415, 0.04059490942376602, -2.696261920375911e-05, 0.0009166999294206515, 0.0008282799040980726, 0.01
62, 2, 1, 0.33733183128859134, 6.036906101856062e-05, 0.5500545577613055, 0.11255324188908465, -0.07027085264233542, 0.273365036869813, 0.17060672438006796, 0.18604300195838133, 0.19028265405042158, 0.10670421415871875, -0.06868743887813404, -0.10648810925770051, 0.0705296858769141, 0.11870889294008422, 0.08192382001534129, -0.0003821378941162557, -0.0006303870247756314, -0.0005117053055010677, 0.03760892412043433, 0.0010282121028068283, -0.000521978709089801, 0.001177697858908088, 0.01
63, 2, 1, 0.3372537476364976, 6.936291847870712e-05, 0.5500547214965432, 0.11262216794848048, -0.07127292296472468, 0.27853935340952196, 0.29531625715006404, 0.005106200557912684, 0.29047280594184277, -0.15560446634076802, -0.056040673147692274, -0.13220073456050171, 0.11065895828037804, 0.0012063544926812276, -0.02937521330055955, -0.00046885263755090293, 0.0002303644679101298, 0.00017813172396095547, 0.04183841409953802, -0.00013667797184345562, -0.0012128767305554192, -2.9173424247305973e-05, 0.01
64, 2, 1, 0.33715207943937625, 8.057082605221785e-05, 0.5500552085461577, 0.1127121411884138, -0.3292676143202408, 0.22184512437240245, 0.20987796370337747, -0.04996260863951346, 0.15885833668498073, -0.1277518485286168, -0.20532419412480096, 0.012373827802464233, 0.033841327760078296, 0.17369974649298348, 0.05267190419347949, 5.097263509039349e-05, 0.0020758335052620145, -0.0010567928482121476, 0.040278883853891126, 7.651933248886439e-05, 0.0014698984206614053, 0.0006085619596818273, 0.01
65, 2, 1, 0.3109197574740202, 0.0036418687869990396, 0.5507060609802993, 0.13473231275868144, -0.2867367702612046, 0.24848342481033292, 0.17023868782016313, 0.03116888790842316, 0.16779436861246952, -0.1504857409393084, -0.26878590720386486, -0.17094769059776063, 0.17798408478024724, 0.1430529938417721, -0.0579346415008997, -0.00031169147641481565, 0.0003988862618914023, 2.923710650054654e-06, 0.04069405432136315, -3.108497666395954e-05, -0.0006360158379121734, -0.00037668606415303, 0.01
66, 2, 1, 0.31014498693986087, 0.0038293405885667835, 0.5507245052519121, 0.13530116721966037, -0.33478307868768004, 0.17858284314660466, 0.35010905415496796, 0.06327040395491715, -0.05794973865812438, -0.16899074076773418, -0.11677794362442376, -0.09227124742981375, 0.1963355480478427, 0.009651092901000502, -0.09254624822593677, -0.0012993721300704436, -5.5448223486781966e-05, 0.0005665161960095111, 0.03932507078377877, -8.91745262620736e-05, -0.001464830604371152, -0.0005541512764434033, 0.01
67, 2, 1, 0.33787481658701135, 0.004587796088547186, 0.5112256220672033, 0.1463117652572381, 0.0504674077000641, 0.12402475555043316, 0.2771977718413719, 0.06995352353328073, 0.04769195027072341, -0.06282741655564444, -0.14421335762857862, -0.012654084271002907, 0.09045477624915435, 0.08307214860075691, -0.09906407934514756, -0.0006302766129210542, -0.0001307806168793123, 0.0007311165104205981, 0.04144273046186514, -0.0007217766604079701, 0.0006117784305518612, -0.00036952421366672763, 0.01
68, 2, 1, 0.33618784117044914, 0.004368907235414732, 0.5112274127956117, 0.14821583879852446, -0.3642235865281136, 0.030101895583641514, 0.1624258344092074, 0.01559895111775542, 0.11949008256795737, -0.1086777151055552, -0.1789580701596452, -0.2002472178530786, 0.014062597031784562, 0.11131757076514599, 0.057429191279444715, 0.0009168027961000315, 0.001221460439716304, 0.00036597751582426126, 0.04052426178121128, -0.0003577871618219722, -0.0011634791781650587, -0.0005593462804002191, 0.01
69, 2, 1, 0.32905130364200935, 0.005572200204237987, 0.511308238765435, 0.15406825738831767, -0.1780745654363023, 0.10781574184122236, 0.2436549057119009, -0.012192926279230121, 0.04371721128424867, -0.059832987561801165, -0.12187651071287572, -0.19987066425722205, 0.087650828202084, 0.16387372923003668, 0.0011193677214003425, 0.0012848822131605714, 0.0017962633238457904, -0.0016694409990999353, 0.04193713432034395, -0.0002521364968251514, -0.0007841957562473572, -0.001328941851047596, 0.01
70, 2, 1, 0.32913291387064536, 0.0015024307080297886, 0.5113100095495856, 0.15805464587173929, -0.2047076980005679, 0.32822038019118266, 0.2787949762747598, 0.15361887773395325, 0.19562398394078911, 0.17485758120634406, -0.12676385070870805, -0.1067315020814322, 0.1979356467760356, 0.07769367324402757, 0.14616887625414124, 7.839489128865139e-05, 0.0006524732745328908, -9.187972456456833e-05, 0.03984123625530811, 0.00038260106737679565, -0.0012236481975531448, 0.001439091728473636, 0.01
71, 2, 1, 0.360786434199732, 0.0021419062189707316, 0.4788798913208717, 0.15819176826042558, -0.10206105816696849, 0.06657897581293766, 0.29509537357153354, 0.002532344303215922, -0.0901055222272995, -0.17669646743985368, 0.02629458819811854, -0.08321185078574858, 0.05333571231218004, 0.21112866384108653, -0.09775635487255313, -0.001863480309355587, -0.0018636767269258666, -0.00016435342396643382, 0.04143089927538223, -0.0004523562027121013, 0.0010989501817300455, 0.0007731126305914264, 0.01
72, 2, 1, 0.34953776962677113, 0.003506571211810478, 0.4790834512088533, 0.16787220795256502, -0.43406933472896225, 0.2716046118476195, 0.19946893496181706, 0.10176997297273471, -0.07775572204319958, -0.06219315870653119, -0.1755327490107307, -0.08131771619775986, 0.025708541699056342, 0.17734064356286935, -0.043071218609442324, 0.002519540147946708, 0.0015374292627237764, 0.00015304076194658358, 0.04043474575837682, -0.0007400547469696878, 0.001618621198278469, -0.0004966865156418193, 0.01
73, 2, 1, 0.3487077428419339, 0.003447804749301491, 0.4790831907223492, 0.16876126168641545, -0.28949853500458594, 0.14200209262514019, 0.16182366933640951, 0.08180480563357671, 0.22856952449984275, -0.20561153500093235, -0.19069977827266835, -0.11429974598288203, -0.04241808073616714, -0.006882966758784181, 0.11983856232396742, -0.00029266720644559676, -0.0018822927101624707, -0.000408255167749908, 0.04112081943744857, -0.00021644372436040453, 0.0007226961497094429, 0.0016837947354932845, 0.01
74, 2, 1, 0.3440779841925495, 0.0036017343045230328, 0.4790921039227017, 0.1732281775802258, -0.1168092182480209, 0.14054537644969695, 0.27095255204104063, 0.019270703188753565, -0.08725895218988597, -0.020794699521486826, -0.280095894231691, -0.14858875750776163, 0.2157349182422653, -0.027267177644492026, 0.032299706507607974, -0.001101698731313498, 0.0010327763666627605, 0.0006102894046790009, 0.04233382074986557, 2.7691225511178385e-05, 0.0023520393845051024, -0.0001557911030858401, 0.01
75, 2, 1, 0.3440523564299569, 0.0036069587871842466, 0.4790219317514966, 0.17331875303136224, -0.20378183583615023, 0.006206311486049265, 0.15455413902829682, 0.017667331001060518, 0.10573479044475831, -0.11903474586300619, -0.1316383599845224, 0.05735607707327002, 0.15484116226633637, 0.09483599108113089, -0.19792295524611297, -0.0005823909129604904, -0.00029273036010116275, 0.0007672350947013873, 0.04233175359162915, -0.0005759460251847494, 0.000445003166608734, 0.0013027489814946692, 0.01
76, 2, 1, 0.3333817443750056, 0.003710965715938118, 0.4790222396155235, 0.18388505029353286, -0.14327517493585037, 0.22833779468979537, 0.18581082175030747, 0.014310679326517703, 0.2482523936096543, -0.10477335496402333, -0.17366247203566948, -0.13505332259679473, 0.06800362024315433, -0.09308268461692992, 0.029460145870792237, -0.0003453380718406118, -0.0021010965134374638, -0.00025446477837380815, 0.03908202796621753, -0.0005724102055802862, -0.0009752227354068501, 0.0004081009770072006, 0.01
77, 2, 1, 0.32155174084320226, 0.004119110212219, 0.4790207311065208, 0.19530841783805805, -0.08976804539322338, 0.12308326581144473, 0.1435716498203784, -0.0073140358533531095, 0.10271025299172616, -0.07331442216728282, -0.17743159778507128, -0.16380943502385809, 0.03409078977153433, 0.10773959699232924, 0.041905850359624415, 0.0022819776553635977, -0.0004256771288429971, -0.0007882463488637383, 0.041408894725592456, 0.001766419608439386, -0.0005546484620838387, -0.0015272338346732028, 0.01
78, 2, 1, 0.3214985598979492, 0.0041169452447508345, 0.47901890012811027, 0.1953655947291897, -0.0941301639690618, -0.011824058265011294, 0.09542775925389262, -0.09315804287823562, 0.34551714990904425, -0.0019300697579243131, -0.2447203967782042, -0.09112085077667158, 0.13650292031179706, 0.09097691945695807, -0.035889192466787234, -0.0006317052708642931, 0.0019565604350162964, 0.0005632675315007757, 0.039412216144917, -0.00017555421003335697, 0.0011074609632765568, 0.0005207770348929166, 0.01
79, 2, 1, 0.32195174472562704, 0.004245417495069431, 0.47810852788415664, 0.19569430989514702, -0.04352525243085009, 0.11313482690946022, 0.21687190565399755, 0.0771050201917006, 0.16817658865610838, -0.12175962503255795, 0.0003351818568043452, -0.0327871796184009, 0.2073328020541212, 0.05834348924351329, -0.06655748757732212, -0.0007669565148341617, -0.0001236825990691168, -0.001591204457077085, 0.039405936669269274, -0.0005437984387413317, -0.0011928522705686995, 0.0013172708803325097, 0.01
80, 2, 1, 0.32183016845280427, 0.004266966860001124, 0.47811350104012573, 0.195789363647069, -0.3377868756014776, 0.30897976073580796, 0.2108487510018519, 0.01784156410099453, 0.017583065160020894, -0.293202734112862, -0.20616255579507148, -0.08024508438884359, 0.06305917184293744, 0.10742892639285233, -0.15663867609631443, 0.001131470541019855, 0.0002965735346421204, -0.0005181575753625881, 0.04004938945319545, -0.00042488350007262164, -0.0006229843103167123, -0.0017397249043444956, 0.01
81, 2, 1, 0.32481335053229166, 0.0003620962386973166, 0.4779444803804735, 0.19688007284853767, -0.26787171778725627, 0.009620642280085768, 0.2993022356445336, 0.11371336427793396, 0.16188191800563237, 0.032540757978477795, -0.14335341578957575, -0.005156700766528743, -0.06628531823543021, 0.12382932858733668, 0.0016141397760659794, -0.00015125266167211542, -0.0008778673468424871, -0.0015116299550857343, 0.04125440476387842, 0.00020474230772418587, 0.0009364523292230623, -0.0003353668314708749, 0.01
82, 2, 1, 0.3126663922371946, 0.0024372197584426707, 0.4667063017159495, 0.2181900862884133, -0.11938961149098457, 0.1860753688487924, 0.06628929713449225, -0.0858938056486962, 0.08053027456414948, -0.19733613728870408, -0.014558088488916132, -0.09381977580073254, 0.07737848641921549, 0.05713937778407384, -0.056026730133687495, 0.000780274182323802, 0.001062833664016495, -0.0012220933581158775, 0.03986310636190636, -0.001104724453441339, -0.00014086992254586726, 0.0016365838456111465, 0.01
83, 2, 1, 0.3124249368964685, 0.002424141103928283, 0.46645985491540054, 0.21869106708420266, -0.01179992587350891, 0.04390651082263296, 0.05243790448580016, 0.13746156636703383, 0.04556290310521227, -0.26692683475197965, -0.16007041236350278, 0.006309312560954783, 0.09023216486983296, 0.004704468647739657, 0.2810834450744808, 0.0005574910107773955, -0.0021058761784150965, 0.00067960360057965, 0.04103595075646468, -0.001540919622277628, -0.00045829434428903683, 0.001272478008061093, 0.01
84, 2, 1, 0.3034186067664745, 0.002685693043028684, 0.4664628556154104, 0.22743284457508645, -0.2297041774193062, -0.01860304207753354, 0.13476094695727092, 0.11008689741241848, -0.13111487516670817, -0.09358825529006684, -0.1851409114902603, 0.020838989563023526, -0.012793792657195824, -0.027685927065837012, -0.05252041571316825, -0.0009126624188918588, -0.0005383615971955735, 0.0006751228870421082, 0.04009377881407396, 0.0005742942542730821, 3.8537049804803335e-05, 0.0008422518518192973, 0.01
85, 2, 1, 0.22336757036559485, 0.0033288641493181195, 0.46647213169178026, 0.3068314337933068, -0.03939775183394113, 0.04815498503616712, 0.16601739124295936, 0.3021201848009877, -0.024102923805152242, -0.09990621297812041, -0.28285576542998914, -0.22202641234772616, 0.09231882169078022, 0.03368175135186313, 0.1527935396099937, 0.0010013027917385006, 0.0009458114572020619, -4.839896801947474e-05, 0.039134258865117844, 0.0011981962829689964, -0.0009690494968525807, 0.0005879919943774089, 0.01
86, 2, 1, 0.22085654000334165, 0.003362852955325488, 0.46631163700965167, 0.3094689700316812, 0.06981376038898646, 0.2596476529489701, 0.08368697896971489, -0.1169021084053538, -0.00810039991616116, -0.2673902472149005, -0.10294719686038378, -0.059720267756896206, 0.10638805837146263, 0.10970645206435195, 0.18647289726570554, 9.745401312837953e-05, -0.0004168292213250881, -0.0007777574476398865, 0.040720034042682804, 0.0002892561640301619, 0.000985458823476237, -0.0016298105511092322, 0.01
87, 2, 1, 0.22083286192508814, 0.003344632951502636, 0.46631146731195244, 0.30951103781145667, -0.02997987217859992, -0.025334141322486115, 0.22361803909153927, -0.03353054722747397, 0.13278553926303144, -0.13870026827818616, -0.311338300341269, -0.06986259672551418, -0.026523066624114883, -0.0497356432648719, -0.16503602532287726, -7.594622096443328e-05, 0.00181147552710233, 8.036838699341124e-06, 0.04007364658610607, 0.001204474255005973, -0.002023745865752534, 0.0016868231306649425, 0.01
88, 2, 1, 0.20140904173568938, 0.005626255665606719, 0.4663450805653674, 0.32661962203333655, -0.13563371135260358, 0.11112879499964556, 0.06769729178021389, -0.049799275919811314, 0.06842360375818606, -0.21036040081018886, -0.1440924668547594, -0.24592055356194162, 0.09230915490390364, 0.13621100260106164, -0.053139030456206694, 0.001748593003510423, 0.0003229698654841828, 0.00043581361614489645, 0.03849443344489066, 0.001007986300721892, 2.298039736812573e-05, -0.00013727207468813444, 0.01
89, 2, 1, 0.2014799916724401, 0.003288953899037224, 0.46621269545340627, 0.32901835897511644, 0.10823688567107444, 0.25938677846163244, 0.16888193984639738, 0.11027124592092141, 0.13962849861761478, -0.12002833008941269, -0.0506042281370926, 0.015484582151334475, -0.10510723692606531, -0.1457923885083771, 0.06659190536333645, 0.0003858348187901233, 0.00037728241478754995, 0.0006288038326752836, 0.03937758253206209, -0.0008584328387678693, -0.0006431184822006227, 0.000406489883250249, 0.01
90, 2, 1, 0.20141737398326104, 0.0030797438685026025, 0.4662038840500767, 0.3292989980981597, -0.2245843289445145, 0.17949045760597537, 0.16063500631979868, 0.11666481269946812, 0.04023655710545406, -0.11885144853808483, -0.03178102463349153, 0.016864181015626867, -0.014354161119466446, -0.10686866640267616, -0.003926700770800982, -0.0002887102956686029, -0.0016769119442530934, -0.0011378984343101924, 0.039770118062529405, -0.0007306768188248055, 0.0006432351310602721, -0.0015594915530471464, 0.01
91, 2, 1, 0.19743686060716417, 0.003843499179635458, 0.4625894102879846, 0.3361302299252158, 0.03493391258744798, 0.18616237790707646, 0.05268557245494131, 0.14762823487878032, 0.09377901361600355, -0.20974759796338635, 0.037855918746050474, -0.13709450500851683, 0.07638969140273974, -0.003404049407622989, -0.061476202442296644, 0.0011742340086700765, 0.0006363591412598401, 0.0005410160784865899, 0.03838630457540217, -0.0012354691045760834, 0.0003172333382811089, 0.0003931856810287, 0.01
92, 2, 1, 0.1994622550944573, 0.004898058650752772, 0.45484818919204845, 0.34079149706274137, -0.08935474829601517, 0.07367484683304608, -0.0034197097674884326, -0.04975286319026738, 0.23175188104632571, -0.1784761505150498, -0.02750266664111687, -0.028262711473620233, -0.023318514690550175, 0.12293746470386886, -0.039580091966788196, 0.00040273790061756454, -0.0009475712075324326, 0.0012787667657083984, 0.04002861341138741, -0.0001579355579028457, -0.0011218553464031025, -0.0013160995013997018, 0.01
93, 2, 1, 0.12040792322340266, 0.006842585256103645, 0.4549344201054317, 0.41781507141506197, 0.09089775157218594, 0.16446721426177874, -0.013545544243710605, -0.10969209086056689, 0.13994804151492019, -0.07739387768021788, -0.2824730981174139, -0.17163907627509117, 0.10475769007135823, -0.03451216526746463, -0.08866104341581332, 0.000903992115847065, -0.0005307190234375695, 8.151716495603998e-05, 0.04015268469623513, 0.0006311574202329059, -0.0011686257583845973, 0.0008329300006213955, 0.01
94, 2, 1, 0.12036742393691831, 0.00684792133420587, 0.45493214452727654, 0.41785251020159925, -0.29459081814842897, -0.09913262188530861, -0.043721380651843514, -0.07420436768695035, -0.05076995467853531, -0.1720323616635399, -0.20180766089034652, 0.028673092186793862, 0.04002589437048752, 0.19358227380993945, 0.032059560413590614, 0.0014278560135924908, 0.0014072877920378933, -0.00043767173607272105, 0.03925913989692363, -5.9529061515972606e-05, 0.00018436802196895985, -0.0016428606919035606, 0.01
95, 2, 1, 0.12015406099928676, 0.006870079410604838, 0.45493270405754366, 0.4180431555325647, -0.13564535412070236, 0.01949580868474073, -0.09235822404301189, 0.062473945802596485, 0.04505375551644318, -0.11188765166331735, -0.1811004612496001, -0.019970096812984277, 0.1392667895265059, -0.14849299071538358, -0.25106578952075986, 0.00033598407541540634, 8.142389936826366e-06, 0.0017437046246344822, 0.041156334856961484, -8.86999686033192e-05, 0.0009473111377633428, -0.0005493024973759835, 0.01
96, 2, 1, 0.12089062576378369, 0.006997836389525659, 0.4504951536254317, 0.42161638422125897, 0.09829583000257953, -0.08387647732802136, 0.05172728110921928, -0.027739996702532733, -0.010695277315891327, -0.18071287130348504, -0.03158188590373505, 0.0931998868387913, 0.180126483709078, -0.1594748411704066, -0.003074851421109955, 0.001540968519476341, 0.0009868398814831436, -0.0010860988421819808, 0.039911914358581616, 0.00030460310132599715, 0.0008010765185603267, 0.00025011477086676176, 0.01
97, 2, 1, 0.12102091647069652, 0.007000816254989327, 0.4503590864479185, 0.4216191808263957, -0.0017871686227220352, 0.0032080562198568362, 0.15078769685335827, -0.01918015335285616, 0.18381057141552057, -0.11612139741476982, -0.32190582889719427, -0.02919263029936419, -0.08655334959465029, 0.23904986054837662, -0.11416652704768845, 0.00022351086003149465, -0.001393461752339558, -0.0008501480243374764, 0.04095431477629853, 0.0019333165333241318, 0.0005827178104262201, -0.001063598974081952, 0.01
98, 2, 1, 0.12199785631767132, 0.0072607984696300325, 0.448164434932294, 0.42257691028040467, -0.10344788248138619, 0.1956430439148134, 0.038544822633930255, -0.013922328182911567, 0.1269471151106099, -0.2777221248270991, 0.030922992305840325, -0.2519801801422275, 0.013876502023001358, 0.05159472008872522, -0.07321206880196614, -0.0005829034320866074, 0.00028338177508200333, -0.0004058926391975479, 0.039553338279950286, -0.0007160689872482416, 0.0015767138285247041, 0.0008248682682701427, 0.01
99, 2, 1, 0.12267408560318532, 0.006554051064489944, 0.4481475009959638, 0.42262436233636097, -0.20921409883051437, -0.07155336257392647, 0.23570622781260023, 0.1877274827266417, -0.07502767283846708, -0.24504272036289337, -0.17631254243355068, 0.06292048301681777, -0.055728098761270294, 0.05591454712360737, -0.102799952006178, -0.00030166407222074413, 0.00027229046247201864, -0.001810799270406781, 0.03899395093686708, 8.286813446247991e-05, -0.0006337181549331453, -0.0006065656539735044, 0.01
