t, Event, Policy, P(still), P(random), P(reach), P(transport), o(t), s_a 
0, 2, 0, 0.8848769664764404, 0.10490012913942337, 0.010222251527011395, 6.462353780989361e-07, 0.57999125309643, -0.7067114505829036, 0.7530224136409687, 0.8708277149391815, -0.22645944985107286, 0.0422462787353982, -0.2567956264709002, 0.3307186207761082, -0.3571023044330911, 0.2629097463693356, 0.14858164047710043, 0.0128014534703915, -0.04873432295752865, 0.03589310755227859, 0.23436590398948537, 0.18224946318255206, -0.024399722297454886, 0.01935716509539222, 0.7682195053424634
1, 2, 0, 0.873532907174491, 0.11616432976720892, 0.010302115808376368, 6.472499237104628e-07, 0.5693007146001371, -0.5684051346260681, 0.63721350304727, 0.7694065149056215, -0.10951580986728922, 0.11175061958104962, -0.12440951340690472, 0.3303021491462531, -0.1966483118329266, 0.42771230835434526, 0.1369206365653984, 0.15440755538542691, -0.2235580461372435, 0.07466926988016558, 0.10613036370063833, -0.029179466881160836, -0.01784966000050073, -0.1296582482024318, 0.7682195053424634
2, 2, 0, 0.8735235984433429, 0.11617364089471484, 0.01030230916668989, 4.5149525242446745e-07, 0.5634075226453953, -0.5628321804095953, 0.6302374950606974, 0.7681156751137497, -0.11272874506617421, 0.11004737293074474, -0.12510957257047547, 0.42311712950148406, -0.2536972660842993, 0.2623445609350425, 0.16175286964565655, -0.17503177562006172, 0.006189273261643387, 0.030372609048052623, 0.051611951497298025, -0.15225475043787373, 0.039022223350620035, 0.014002973149388013, 0.7682195053424634
3, 2, 0, 0.8735237094169431, 0.11617352707510487, 0.010302312010212393, 4.51497739648305e-07, 0.559300530438178, -0.5572891405132063, 0.6237640901387301, 0.7681034755643573, -0.11032980555208563, 0.11156530008629066, -0.12319102094760026, 0.2196578915407227, -0.24300963340219184, 0.23017044119498484, -0.07915161713674473, -0.1160700425741115, -0.2889774701073571, 0.037050197996450054, 0.2333725008873651, -0.20498622166825703, -0.008267103986327991, -0.1350797433676858, 0.7682195053424634
4, 2, 0, 0.873524144852901, 0.11617352860308669, 0.010302312260058672, 1.4283953727089582e-08, 0.5506673371316011, -0.5526536301245505, 0.6194448020715769, 0.7682927212338637, -0.1117633506269297, 0.11085984009335088, -0.12502656034783105, 0.24423480129942815, -0.3628234561871698, 0.27975922481086063, -0.11457873680859579, -0.08859707916335482, -0.05076142470722824, 0.153974015819514, 0.02414166159054242, 0.07809903354907238, -0.02769003276575399, 0.09796598363980921, 0.7682195053424634
5, 2, 0, 0.8727946659584651, 0.11690249941298934, 0.010302816537545318, 1.8091000273074197e-08, 0.5472323300791675, -0.5463810714222616, 0.613791467560459, 0.7673972119895113, -0.11120839437701549, 0.11127157442910922, -0.12224099057766549, 0.2937183934968628, -0.28195363425342884, 0.3167124241007075, 0.0013610860451333585, -0.1043121646970867, -0.14981764836315234, -0.1199258830995237, 0.0677043368112292, -0.15290028854044152, -0.18333001492066886, -0.12529710318853615, 0.7682195053424634
6, 2, 0, 0.8727946871647584, 0.11690249386061011, 0.010302818960717561, 1.3913782430270453e-11, 0.5399903505884074, -0.5414539325823904, 0.6078876232187008, 0.7667590965880089, -0.11172223547786427, 0.10866291824939911, -0.12297185801345083, 0.1625416845820671, -0.29018582003371163, 0.332846124168559, -0.06017252941158324, 0.05045759963654288, 0.1488095497765164, 0.09792410889471177, -0.012567747722069256, 0.11790294080082445, 0.161951030614414, -0.02596601347279647, 0.7682195053424634
7, 2, 0, 0.8699132236799992, 0.11977643011940259, 0.010310345985997468, 2.1460072618938288e-10, 0.5343305121066815, -0.5353095084061049, 0.6016252314133582, 0.7682609279667966, -0.11147341097970284, 0.11331324016969306, -0.12385496586986944, 0.3740846955327271, -0.30443873958434226, 0.28255842690758437, -0.04740275335541312, -0.011379516641281779, -0.03042944061769074, -0.08918186049966036, 0.15143251272940134, 0.15331908509347186, -0.020111944334053226, -0.002311408946747375, 0.7682195053424634
8, 2, 0, 0.8129374024820077, 0.17596132209413254, 0.011101275075984074, 3.4787578083042534e-10, 0.5307272941256105, -0.5292470694367033, 0.5931487555282325, 0.768285294325312, -0.10968313604610432, 0.11163244067418335, -0.12435446457415969, 0.33024423941403097, -0.35454162824099095, 0.369842175267037, -0.004422085361372197, 0.021332323199843527, -0.08371768253226491, -0.17777351413211262, 0.0853720546394402, 0.017221260329454778, 0.2260648524124665, -0.13659314055865251, 0.7682195053424634
9, 2, 0, 0.8128593973347211, 0.1760389358270408, 0.011101666489764126, 3.4847399275414513e-10, 0.5238935833919501, -0.5238430294633096, 0.5888789552434883, 0.7681044918292737, -0.11124938967442352, 0.1114325885312776, -0.12408369784867448, 0.3209049869817194, -0.33068908758909893, 0.3054642261804314, 0.2153363089498077, -0.05056438243999754, 0.1740275566382012, -0.10973012716440118, 0.003330927341341161, -0.04317065232583746, 0.11226432704384456, 0.131810311079884, 0.7682195053424634
10, 2, 0, 0.8126406601665405, 0.1762560618676979, 0.011103277595380733, 3.7038087503800294e-10, 0.518160421181171, -0.5214653948674065, 0.5808700734908391, 0.767529033446022, -0.10963914600567493, 0.11016487999445909, -0.12515672562830132, 0.3590986341129234, -0.36025213219453855, 0.2593334305505582, -0.031344180950729536, -0.14599717181039146, -0.12098971979126827, -0.07608551496657792, 0.09454122649835754, 0.03882702774437314, 0.03457909388870883, -0.08550498017252547, 0.7682195053424634
11, 2, 0, 0.8113038598515071, 0.1775894472763884, 0.011106692330157401, 5.419471326412192e-10, 0.5141964631006578, -0.515406911188482, 0.5759221524559093, 0.7677128050337755, -0.10888819349080256, 0.11247344468556761, -0.12327637935646299, 0.15948819826475286, -0.36209618068987914, 0.12061386543441448, 0.11025118340098117, 0.03434850712077681, 0.05086735980481457, -0.17514686345625907, 0.19263836846307386, -0.052584596472029864, 0.08753071529698196, -0.06377114759482969, 0.7682195053424634
12, 2, 0, 0.8113038410060102, 0.17758946397236952, 0.01110669448250044, 5.391199416611011e-10, 0.508480190486834, -0.5075922929304533, 0.5701243303832004, 0.7688437346048185, -0.1103991607105939, 0.11090185096575718, -0.12462612995332409, 0.35757306659971366, -0.212624262022447, 0.3611682543756798, 0.08861178256559528, 0.09651781923130046, 0.0615662901908197, 0.05625569046479777, 0.061879296035224976, 0.10804559407202718, 0.08893078841025714, 0.21252693843560558, 0.7682195053424634
13, 2, 0, 0.6881190747486643, 0.30074786635063605, 0.011132809743774737, 2.491569250668949e-07, 0.5015160900586941, -0.5032362194276928, 0.5635290603506804, 0.7677102441459296, -0.11089722164067484, 0.11083790084773422, -0.12447651804821291, 0.23502732068741988, -0.030655082560023406, 0.169468313148937, 0.02490067221903965, -0.09037427368700388, -0.035032472419946406, -0.22743931345870377, -0.13837164885331882, 0.2318151122755634, -0.026110784154100664, -0.03887963571150119, 0.7682195053424634
14, 2, 0, 0.6881318268249123, 0.3007353542116093, 0.011132818657813256, 3.056652988632496e-10, 0.49840114895327536, -0.49761817740270403, 0.5563486872645614, 0.768436266500987, -0.11218185039071023, 0.1102752216797415, -0.12330263156662906, 0.2512241875281862, -0.2046132695542945, 0.29776800262702696, -0.016893095085462478, 0.12547084021776517, -0.047080147182023746, 0.05748805674187922, 0.1070608214118018, 0.04572756749472429, 0.003169660782978771, 0.07029834374420371, 0.7682195053424634
15, 2, 0, 0.6874942615837558, 0.30135593257824644, 0.011149805102399924, 7.355979609200128e-10, 0.49111374776728445, -0.4903360357776947, 0.5518541095937832, 0.7697092178441858, -0.112649213633224, 0.11156094147967917, -0.12389383466892376, 0.06625932510183405, -0.351488134718749, 0.3871550568664035, 0.009565597729987515, -0.09114659318834857, 0.12596116761487414, -0.10417662802582939, 0.03985985805630105, -0.14843883398593927, 0.09183168315254468, 0.041196188205307974, 0.7682195053424634
16, 2, 0, 0.687492094979945, 0.30135805762905304, 0.011149846655306203, 7.356958338698042e-10, 0.4843812883263089, -0.4873764859638463, 0.5443100134415532, 0.7682468352357039, -0.11150417334792675, 0.11115862861035533, -0.12477756998005438, 0.08584596015936977, -0.548967630641757, 0.23197781343897467, 0.00037855930165863193, 0.027347222448813026, -0.04192381060772597, -0.05483447134239598, 0.14212158348521559, -0.019798828305171084, 0.08093949855923635, -0.018190321889319905, 0.7682195053424634
17, 2, 0, 0.6874914086905831, 0.30135874207468366, 0.011149848527025026, 7.077081212831596e-10, 0.480472787335738, -0.4803640989480564, 0.5398276834584157, 0.7680800952676331, -0.11304693937637374, 0.11058229907838572, -0.12460843630424363, 0.31026069275555035, -0.3056824540130183, 0.28775513712574813, 0.13103370901492012, -0.0350039477964638, 0.06658102525767627, 0.010839357686001356, 0.13376829122315045, 0.08691895606455217, -0.09567448987838412, 0.20205214204327837, 0.7682195053424634
18, 2, 0, 0.6875372427252647, 0.30131290729710114, 0.011149849397809861, 5.798242882164463e-10, 0.4759566899704427, -0.4749384818931672, 0.5305290741061983, 0.7689619074266785, -0.11099070206213177, 0.11086577154243635, -0.12422655338075092, 0.23896371997792804, -0.24652736618168083, 0.40915661429699596, -0.020095245605358192, 0.11963707830892518, -0.06166525284272095, 0.06367189981586827, -0.1290888099869093, -0.07230730639636973, -0.14672501282771394, 0.08506918320625248, 0.7682195053424634
19, 2, 0, 0.6875020370819332, 0.3013480380685119, 0.011149924129845109, 7.197098262112265e-10, 0.4714815658716033, -0.4685437653460987, 0.5253835680908503, 0.7683616106686197, -0.11060768567940404, 0.11169027629939914, -0.1237668824669869, 0.31073485976291054, -0.35895062573667535, 0.37104205622073966, 0.04061219489724331, -0.03353604597581768, 0.05435820360764183, 0.03839865448451586, 0.1590161313744435, 0.026494106921395377, -0.13273226892077172, -0.061380474950546215, 0.7682195053424634
20, 2, 0, 0.6874930136251972, 0.30135698631283614, 0.011149999255834011, 8.061326268829769e-10, 0.46269529064461806, -0.46329040701300056, 0.5185194526221565, 0.7684440771602253, -0.11089144922714175, 0.11106114388902218, -0.12561717301148104, 0.5152129054187856, -0.2928924177408826, 0.25052924609279165, 0.0337411262639095, -0.14120722332948626, -0.15357064726890873, 0.09447728280648389, -0.06643286038822165, 0.06624455592556225, -0.0701438825416799, -0.11896554060277091, 0.7682195053424634
21, 2, 0, 0.6875014586098381, 0.30134836759938216, 0.011150161015442351, 1.2775337478784062e-08, 0.45865163079159804, -0.45785632522216, 0.5140752240334246, 0.7670651721476599, -0.10925368935353426, 0.10968912343257772, -0.12430646054545044, 0.3540778622537514, -0.1189093609461062, 0.2879680109851595, 0.15449388321874044, 0.043568453478555494, -0.14701484013338614, 0.10608922595284731, -0.09740160507859166, -0.1551669413130889, -0.03664596581006213, -0.16619520220105333, 0.7682195053424634
22, 2, 0, 0.6874969786627508, 0.30135233196035544, 0.011150675328981209, 1.4047912582216356e-08, 0.451606133788391, -0.452993434802866, 0.5068607875152891, 0.7665830531819802, -0.11352127467535285, 0.10975946098252717, -0.12440049576548204, 0.35260416559845853, -0.16928896719020553, 0.07616261241998823, 0.05981254022675209, 0.03810842322973128, -0.1285477286595968, 0.06519770446844805, 0.07783553241190243, -0.04012248392446099, 0.15433030521970487, -0.025509551518857237, 0.7682195053424634
23, 2, 0, 0.6874969840401609, 0.30135232658199423, 0.011150675330372208, 1.4047472657674374e-08, 0.4467941549027685, -0.44714602882245646, 0.4996871940122668, 0.7676572174075572, -0.1106794473284757, 0.11188018601883223, -0.12298997132366121, 0.2939432744604561, -0.39325838127865287, 0.21964448674699483, -0.10948539442672307, -0.025698094289016992, -0.09088338773935181, 0.2086271496450096, -0.02221871360051748, -0.09857888631018352, -0.053294122777539, -0.05720251284945049, 0.7682195053424634
24, 2, 0, 0.6874491406256268, 0.30139741697172895, 0.011153426124162083, 1.62784822525817e-08, 0.44237447340148767, -0.44168296478281477, 0.4954962667901964, 0.7684181579692801, -0.10942458084566013, 0.11143982083860773, -0.12430117373114276, 0.16907207881915554, -0.21093884098513388, 0.25205511354795557, 0.08696825586870952, 0.047729506000847764, -0.009947201843885334, -0.05101194565030524, 0.12990239962210262, -0.0707534379890728, 0.12379132867267975, 0.19812546457242972, 0.7682195053424634
25, 2, 0, 0.6874483507778035, 0.3013982063088475, 0.01115342694191089, 1.5971438079514187e-08, 0.43527006058515827, -0.4363225639494467, 0.4902230714819019, 0.7686606466217993, -0.11164389323022131, 0.11236263180949554, -0.12492030493861181, 0.22028226329647568, -0.3103551987692786, 0.376286941810578, -0.09003439239282915, -0.08795788836448563, -0.14896369900344691, -0.06736649047451167, -0.07833296509661707, 0.18703022213642534, -0.1297854477832357, -0.08123842395920837, 0.7682195053424634
26, 2, 0, 0.687441731291099, 0.3014047260592258, 0.011153537735176812, 4.914498354380713e-09, 0.43055955160572407, -0.4314476987167681, 0.4829568343114696, 0.7678863858574887, -0.10882221731857118, 0.1123747273341722, -0.12515502401814338, 0.4287857518623993, -0.2716211757759461, 0.24959689749691072, 0.18718111957703756, -0.11618641668051721, 0.15345066553966907, -0.054842793477479, 0.13544675676960885, -0.16987528751904668, 0.09603112123409693, 0.09399664703976536, 0.7682195053424634
27, 2, 0, 0.6857535625558799, 0.30306391274432976, 0.011176856246099065, 5.668453691171673e-06, 0.4256175011871225, -0.42618160867262384, 0.4743865729311222, 0.7682565217451213, -0.11006173012609424, 0.1103699191665497, -0.12392340637858545, 0.16685467513392555, -0.055737596467165716, 0.22575796429168582, -0.011099644880973203, 0.07972205007041597, 0.1100908994876314, -0.10013304325387071, 0.1173355582685284, -0.08393832823677166, -0.018394780688428345, -0.037135072880295425, 0.7682195053424634
28, 2, 0, 0.6855244445248604, 0.3032968683778089, 0.011177369676668675, 1.3174206620858744e-06, 0.4198907371217362, -0.42010494362242523, 0.46986168521254845, 0.7678408977377374, -0.11256701602470365, 0.11079118628117454, -0.12570399201439125, 0.2826584629485497, -0.1788338033371364, 0.3274486812665033, 0.03029911751082015, 0.06701186611228849, 0.06166735848450313, -0.0025890254885452494, -0.011403935377493768, 0.002821897979285478, -0.1664100941186612, 0.006769108109931002, 0.7682195053424634
29, 2, 0, 0.6853657109396071, 0.30345572170886626, 0.01117784575002922, 7.216014975133634e-07, 0.41195702507849685, -0.41404669712236963, 0.46447332317791384, 0.7697595530212047, -0.11179311458144466, 0.1100776739446749, -0.12403471911919103, 0.18264968723605784, -0.289597214345094, 0.04108102164754353, 0.017384559312925877, -0.057715349418816696, -0.14341580315922067, -0.04316332891268402, -0.008014876189531228, 0.0937007081773455, -0.024156840019741242, -0.05067941885027734, 0.7682195053424634
30, 2, 0, 0.685136897350689, 0.3036836379752576, 0.011179053222258815, 4.114517946858422e-07, 0.4085904691359348, -0.4109686944296553, 0.45616401532402095, 0.7682169945575412, -0.11146842616300567, 0.11037865006999732, -0.12582339924943992, 0.04568179005596158, -0.20966755190993291, 0.29106426518985784, -0.05776430562585836, 0.034216539939340304, -0.17247066712163023, -0.13233940407795552, 0.2432861807456736, -0.0903523762727577, -0.05361593180141675, -0.04858717714826266, 0.7682195053424634
31, 2, 0, 0.6849805938274042, 0.30383760564674417, 0.011181699916858828, 1.0060899282139161e-07, 0.4018210731550956, -0.40225854227212593, 0.4531564597321608, 0.7698375567603769, -0.11095390382303043, 0.10957601990938097, -0.12494511410425388, 0.23921029211711745, -0.21699321269086105, 0.23510236130812948, -0.015398519523974094, -0.20325962592214766, 0.034551551563629324, -0.04936043215977688, -0.01860486161169187, -0.05819453132685315, 0.01989569874401809, 0.016233437779746035, 0.7682195053424634
32, 2, 0, 0.6849865951163873, 0.3038315497810141, 0.011181754777003202, 1.0032559540282753e-07, 0.3986275372571294, -0.3959517967609799, 0.44497580636829365, 0.7670020650682912, -0.11359242311802642, 0.10931424480039328, -0.1242554907426118, 0.3805818890388687, -0.060474485804131575, 0.3064093144429797, 0.09936785548649248, -0.031230371607100828, -0.0470706659482189, 0.13878494994953888, 0.08319832210591276, -0.07859661322059917, 0.031251491369656596, 0.02203815001640255, 0.7682195053424634
33, 2, 0, 0.684996154083981, 0.30382195701465176, 0.011181786982273853, 1.019190933805182e-07, 0.39087812173081865, -0.38975968687349244, 0.4391370350977251, 0.7690645268058419, -0.11107809473577117, 0.11174223859708428, -0.12343613983690749, 0.17629018735654223, -0.24086861768924814, 0.24906601902519196, 0.028008920077023148, 0.1580136900898973, -0.1885486645216809, 0.05214842200324153, -0.02354304706745901, -0.11953544984220503, 0.04026181912535746, 0.01817984172713555, 0.7682195053424634
34, 2, 0, 0.685012065842188, 0.3038060947010706, 0.01118179037555836, 4.9081183003526585e-08, 0.38596507066442465, -0.3853746243838045, 0.433801453981984, 0.7675449996087959, -0.11078771342101879, 0.10923348665194887, -0.1243979762206352, 0.09607937141661077, -0.1385708042662254, 0.2727616515476746, -0.16554650694284492, -0.05947872588713708, -0.021869080630133927, -0.07886727843476671, 0.04347919764613598, 0.02510218651665831, -0.18491591613603983, 0.018784087096113962, 0.7682195053424634
35, 2, 0, 0.6850120759289354, 0.30380612518529765, 0.011181790887983465, 7.997783533922894e-09, 0.3807392705114355, -0.3777618443350469, 0.42435297477768474, 0.7684334797807348, -0.11120820549759454, 0.11125629816661295, -0.12511030070075144, 0.2715700960823466, -0.2572026756165827, 0.10352626335726804, -0.15188708097238884, -0.04828813144496481, 0.057474047460067956, -0.1354709252077047, 0.09682185026256582, -0.029427683378393653, -0.009471591954337843, 0.09325127390958998, 0.7682195053424634
36, 2, 0, 0.6826396930175842, 0.30617773251181424, 0.011182490217303455, 8.425329810935193e-08, 0.3755729890459706, -0.37281236427814146, 0.4192745993766004, 0.7698807446618805, -0.11060424274176321, 0.11024800733093316, -0.12520911561040748, 0.1468274198269855, 0.02637442718509799, 0.39205909236673697, -0.029385528927132788, 0.011917581002408117, 0.028779262422736228, -0.26179127229340204, -0.050468545315131785, 0.15837663154659776, -0.047339999469719306, 0.0036962531881136497, 0.7682195053424634
37, 2, 0, 0.6826089098629341, 0.30620815837732107, 0.011182898234421992, 3.352532292702877e-08, 0.36967852931389056, -0.3708519353701766, 0.4137992616006724, 0.766649857611968, -0.11307092511936176, 0.11050077583032011, -0.12202680658500369, 0.05183461560668978, -0.315409409046802, 0.2160609263476862, 0.14353135340012332, -0.06216688209757478, 0.12301806175042489, 0.0730368564996067, 0.3201297817802294, -0.002662056153912107, 0.024471096354701558, -0.008704125090049416, 0.7682195053424634
38, 2, 0, 0.6825874932487989, 0.30622920612086507, 0.011183164538918546, 1.3609141752018498e-07, 0.36230559920524896, -0.3639289840311887, 0.4091222104754687, 0.7677196627335187, -0.11047370326683839, 0.11168211389251245, -0.12345336449454744, 0.13450082923745366, -0.14890319281886194, 0.2244984410320084, 0.16590107062089976, -0.011617986970261902, 0.1492696985349035, 0.08572368771457875, 0.18716196958444614, 0.07853586496857093, -0.007081761757896614, 0.1464246223597424, 0.7682195053424634
39, 2, 0, 0.6825874934493508, 0.3062292061040468, 0.011183164541441802, 1.359051606937928e-07, 0.3588442479493858, -0.35707659743698367, 0.40088345129178976, 0.7693582549633702, -0.1103942680409469, 0.1110711306622874, -0.1254833357387257, 0.39756416344842294, -0.3079221128171697, 0.3755028576055073, -0.13945140237816483, 0.0646803267921871, 0.011585557328515305, 0.09291862973700107, 0.16959422218431858, 0.1751332377596695, 0.0723659624679915, 0.19524224735106627, 0.7682195053424634
40, 2, 0, 0.6627861386798677, 0.3251274426949955, 0.012084710621888525, 1.7080032483713968e-06, 0.3522340764698676, -0.3533240213021515, 0.3943990924418215, 0.7681439217489909, -0.1104642882036444, 0.11083440097351568, -0.12315023318987439, 0.10289196596471761, -0.23031670828855955, 0.3708027516624587, -0.024146846179634737, 0.027991286638014583, -0.10248243632854034, -0.11791750948874709, 0.22058849612644238, 0.0060129201121154295, 0.18967254863272778, 0.08358803863126085, 0.7682195053424634
41, 2, 0, 0.6627862290323686, 0.3251273507300535, 0.012084712816925157, 1.707420652704778e-06, 0.3470137726859547, -0.34795611446210134, 0.3895378356843047, 0.7688754689683129, -0.1101891882490496, 0.11044498394332777, -0.12387325147313817, 0.13776489671366285, -0.17168312073805297, 0.3091096109221315, -0.28185548187824244, 0.14054895321627198, 0.09784914099788829, -0.04924417883724533, -0.17812547181456326, -0.11265911717877938, 0.09323887571974462, -0.0787988705607277, 0.7682195053424634
42, 2, 0, 0.6626756175477091, 0.3252321861502375, 0.012084789539730233, 7.406762323189463e-06, 0.34124779179039777, -0.3421763054964354, 0.3822840510015103, 0.7677024623358797, -0.11008079259106655, 0.11037478574851027, -0.12546316127131837, 0.3373660718095648, -0.24865594414893438, 0.12105048181468676, 0.03914474994637078, 0.036942310415064954, 0.17622024111179213, 0.04586327357434591, 0.06819962613701694, 0.11578342354810359, -0.20920287925434417, -0.0012983785659089983, 0.7682195053424634
43, 2, 0, 0.6626758386150269, 0.325231974112875, 0.012084790482980093, 7.39678911797854e-06, 0.3365590252852654, -0.3365642256076929, 0.3760546210236744, 0.7676693306543597, -0.11095025174379311, 0.11063974480045262, -0.1247991645957586, 0.291728931120929, -0.2559723541067102, 0.2724816759862225, -0.15107388875395358, 0.10075390445434747, -0.0608111846658286, 0.1882755656187855, 0.04821597812135352, -0.08810218659848269, -0.012867467545618091, -0.09528776528449684, 0.7682195053424634
44, 2, 0, 0.6626725946312411, 0.3252346782509307, 0.012085081655093418, 7.6454627348718e-06, 0.33167634678703783, -0.33047222044209845, 0.36969148036696287, 0.767388828301581, -0.10950641967299465, 0.11224845353019708, -0.12400372678835084, 0.0488787083069929, -0.26226662200163453, 0.08433170160100607, -0.024628453446299013, -0.13715659499127297, -0.08774477819208476, 0.03211954169032721, 0.3064204059580028, -0.1359855039607247, 0.026237697282811705, 0.08875693633259812, 0.7682195053424634
45, 2, 0, 0.6626384669899644, 0.32526926103909914, 0.012085173124933712, 7.098846002619184e-06, 0.32470494528572386, -0.32477121447432594, 0.36532637284902897, 0.7668487241508861, -0.10967492066567615, 0.11072542488124686, -0.12507294946850508, -0.09493493132102385, -0.09457445423285517, 0.248831845281792, -0.14500206428588647, -0.04943862432537567, 0.03112922869341566, -0.32280747613147487, 0.1897420099348076, 0.04763194134504154, 0.056201668621757295, -0.035613765758689055, 0.7682195053424634
46, 2, 0, 0.6616542385363543, 0.32625864547958827, 0.01208615947009769, 9.565139596834796e-07, 0.32077475950870366, -0.3188343938194468, 0.35782367131953546, 0.7679341430555416, -0.11235720978794246, 0.11125838106157471, -0.12258458467582992, 0.2115270673709067, -0.14334011849631184, 0.42889028812970986, 0.09231586719197707, -0.11041054721365869, -0.005089677497318775, -0.05135713611127607, 0.05495618051792576, 0.05210315384074543, -0.08427726411463259, 0.0068088500123956435, 0.7682195053424634
47, 2, 0, 0.661126041429359, 0.3267072829017313, 0.012093018840312825, 7.365682859679066e-05, 0.31373379213779834, -0.3145662536786324, 0.3531223833528624, 0.7673858182379169, -0.11373583903146689, 0.1115270452132275, -0.12402754190590741, 0.17986990613328596, -0.012915475644437601, 0.31368749881379865, -0.0357838738016354, -0.1490316423977919, -0.03109896303195106, -0.06083592589843946, 0.02486192063434643, 0.051107325126301506, -0.0892884532668509, -0.09815466612919743, 0.7682195053424634
48, 2, 0, 0.661131375359999, 0.32670800641567777, 0.012093166821313325, 6.745140300996038e-05, 0.30731911851794297, -0.30866855514460145, 0.34623503026305297, 0.7684298054375249, -0.11054816375374658, 0.11169625557884175, -0.12361224243787365, 0.09184577492225834, -0.30000402982367824, 0.2119372414841026, -0.19198016815962768, 0.08704767342730438, -0.03997039467630378, 0.0672727027404291, -0.10992845588656111, 0.07914179413344971, 0.10562464165714269, -0.07660606864013944, 0.7682195053424634
49, 2, 0, 0.538229986259946, 0.44825638108556304, 0.012847325309599951, 0.0006663073448909074, 0.3029971570380184, -0.3038827105147689, 0.33816488381907156, 0.7675045572843291, -0.11188748558716961, 0.11110501445396075, -0.12528001331317065, 0.13820518567940057, -0.06446863712764697, 0.27946776656672323, 0.012757805406419987, -0.029818099457547993, -0.01363685134661847, -0.15033577461613587, 0.18280988280193824, -0.0460277519319778, 0.014932578495684612, 0.09232798549093349, 0.7682195053424634
50, 2, 0, 0.5383369951687884, 0.44829167139335446, 0.012847533176548943, 0.0005238002613082403, 0.2966807303643558, -0.29533083712373, 0.3329520913303049, 0.7674654365797269, -0.11090057219617142, 0.11111188186612822, -0.12499415352502623, 0.20184177923087798, -0.22640645043109622, 0.13158599523844466, -0.05092896437662416, 0.0357963116218317, -0.09714330613439648, -0.0783339911757823, 0.09721454788997477, 0.11414460788773953, 0.020461005154237984, 0.002667561573702163, 0.7682195053424634
51, 2, 0, 0.5387546852178906, 0.4483373853961649, 0.012848019760574049, 5.990962537038134e-05, 0.2939392982095016, -0.2925427422856175, 0.32751000653660794, 0.7673900059057324, -0.10953969231448143, 0.11166337371476642, -0.12321849163208518, 0.2701708673320794, -0.11391297216108018, 0.16355963245963384, 0.08897858162943544, -0.2409928379584124, -0.018395033602472775, 0.0390999073042045, 0.09092259652448893, -0.07673789499783085, -0.0743741517677701, 0.08899122168354145, 0.7682195053424634
52, 2, 0, 0.5387572982341935, 0.448337409399125, 0.012848019978865005, 5.7272387816505346e-05, 0.2850338257468235, -0.2867634163229623, 0.32001618781101554, 0.7677288431745422, -0.11044266899246, 0.1103351888658836, -0.12360085475101305, 0.3490779328978807, -0.3082318642046284, 0.21172487134610835, -0.036781776943110155, 0.15137716328404555, 0.1583989609046505, 0.0070194194815088855, 0.08713199615851694, 0.1254860464820937, -0.08482916089717175, -0.049271511723333064, 0.7682195053424634
53, 2, 0, 0.5217242093365843, 0.46034012176526073, 0.015985358677499662, 0.001950310220655408, 0.27970398853508877, -0.28094648821306817, 0.3133710912958623, 0.7684926022395843, -0.11114401625049611, 0.10921072731864549, -0.12417953585643866, -0.008798051513705185, -0.1147761872719643, 0.1424149768082674, 0.014546056960411249, -0.0035656497450210606, 0.030626257336459073, 0.09283259350101454, 0.14581005462621152, 0.04011030990260915, 0.17431717043468342, 0.019112517012449814, 0.7682195053424634
54, 2, 0, 0.4455321987520869, 0.5306909496915128, 0.01661800296601037, 0.007158848590390034, 0.2741962239495087, -0.27496834668404535, 0.3105838879879939, 0.7706880002513645, -0.1110594647253895, 0.11049088216759609, -0.12354323687632267, 0.1592994890847172, -0.07108223213391553, 0.1919451084097892, 0.10422000829504405, 0.14263501727046574, 0.009865550559308073, 0.02310181167689663, 0.06978364028684543, 0.008921534327459546, 0.015051418101345868, -0.03387136965059586, 0.7682195053424634
55, 2, 0, 0.4458144940792812, 0.5329976578525503, 0.016629129564679712, 0.0045587185034886915, 0.2699575354929948, -0.27099776258036534, 0.3015403518285372, 0.768473107496152, -0.10929378519590174, 0.11206659795214857, -0.12440704762791259, 0.05492082315630166, -0.10542941567298594, -0.06798432212488119, 0.007979892081091785, -0.10518824283948439, -0.08008436896739088, -0.06921113617449781, 0.008894688876230438, 0.10873517787683522, 0.014482929182900062, 0.015928056894222917, 0.7682195053424634
56, 2, 0, 0.45009459070604657, 0.533237600336256, 0.016629751822280683, 3.805713541686405e-05, 0.2653135235502956, -0.26217173035407504, 0.29369015331092496, 0.768602144562818, -0.11014179352680542, 0.1105011346394896, -0.12244083932433054, 0.12372486272044067, -0.08231667329123302, 0.20423403298523207, 0.03468548887796889, 0.2711807165037866, 0.12604461306041104, -0.09753401634191225, 0.016667410690695127, 0.0708672657719479, -0.0400124027264785, 0.07602237196495479, 0.7682195053424634
57, 2, 0, 0.45002033594216273, 0.5333158768139754, 0.016637234767728364, 2.6552476133516795e-05, 0.25671160020123496, -0.25759440154782837, 0.2904897103845217, 0.7683704364381565, -0.11160772701757042, 0.11233790386773154, -0.12358078050455976, 0.12249990580228158, -0.1812635228096298, 0.19758503664053886, -0.1829289233853221, -0.024787258268885705, -0.03164364956874256, -0.025167691276729236, 0.0371212637862102, 0.057895220544367874, 0.09671594051088642, 0.015046522564652557, 0.7682195053424634
58, 2, 0, 0.45001912647797937, 0.5333164298633606, 0.01663750578276887, 2.6937875891303128e-05, 0.25226349121064195, -0.25358525322755127, 0.28277957012232235, 0.7671666499987239, -0.1112680003813384, 0.11154624840734428, -0.12480404697023499, 0.10157369581733329, -0.223774669994105, 0.08544940517220666, -0.021104278809769846, -0.04611391508361051, -0.039213392795908186, 0.09741229621850986, 0.09489594671565946, -0.0885082171174709, 0.1294529840076558, 0.07667495956204966, 0.7682195053424634
59, 2, 0, 0.4500191281909716, 0.5333164298558648, 0.016637505782825093, 2.6936170338574295e-05, 0.24578338688797632, -0.24707919237249104, 0.2771803953712225, 0.7692449853979912, -0.1110784666937182, 0.1107521168239137, -0.12443900453108914, 0.16541739668957423, -0.13853704126865402, -0.13153176461976496, -0.11604924720742434, -0.08955576415344996, -0.07645247063880599, 0.262654551392433, 0.10175839319200412, 0.05061741908229824, -0.15360685823179537, -0.12616605971207182, 0.7682195053424634
60, 2, 0, 0.45001992926298934, 0.5333140592870973, 0.016637562926478274, 2.8448523434957073e-05, 0.24103261437781764, -0.24215178580435254, 0.2700240490590909, 0.7676506514442099, -0.11379906541620122, 0.11074888433206483, -0.123689821465192, 0.18599219815344453, -0.1563663890178065, 0.19986226348661054, -0.05560956757473299, 0.034858913230703045, -0.04520337193095754, 0.13441747154881972, -0.02181309526118589, -0.1403675851950022, 0.01672565665133461, -0.057934881939362456, 0.7682195053424634
61, 2, 0, 0.42747380809442437, 0.5543843799642664, 0.0173035523158005, 0.0008382596255087543, 0.23615286661782742, -0.2363828383231706, 0.2649763651552169, 0.7676856849057871, -0.11237814877669972, 0.11024444004221275, -0.12545728124775063, 0.15742802627355412, -0.16899473459198597, 0.20591186580378418, 0.047512432271867494, -0.03999573132912465, -0.12917575761957914, 0.0125897248005402, 0.01958203972366961, 0.014992317674410716, 0.12059605066500059, -0.05452612279489745, 0.7682195053424634
62, 2, 0, 0.4274577615845641, 0.5543966146224125, 0.017304709137989593, 0.0008409146550335542, 0.2328447528550345, -0.23011719542585177, 0.2585352859497853, 0.7685634368859042, -0.11160385799367858, 0.10966587697060844, -0.123504107702995, 0.09264804227894605, -0.08602230227115451, 0.08549394936601208, -0.04402924347274613, 0.13161230317523026, -0.011983951550616146, -0.008073253284817757, 0.16499015427560124, -0.07890475848246024, 0.04507815026495136, 0.016812583818763528, 0.7682195053424634
63, 2, 0, 0.4274567082112879, 0.5543975647632935, 0.01730514142626205, 0.0008405855991567186, 0.22500076867344573, -0.22623934743407942, 0.2515455790244743, 0.7690964605414997, -0.11094147880592534, 0.10974856781709223, -0.1236944373588961, 0.2749724735620482, -0.02266244232139465, 0.06454438216690399, -0.2727076676378603, -0.05760081622021923, 0.05053961209086123, -0.07579950523439262, 0.14938875297407672, 0.03072461988598505, 0.20284592063767065, 0.05325228750618542, 0.7682195053424634
64, 2, 0, 0.4264533440147795, 0.555356393338865, 0.017310822681106567, 0.0008794399652488316, 0.2206600624605386, -0.22032484878726044, 0.2451414482785368, 0.7694279759097453, -0.11177278776805422, 0.11253802941986543, -0.1238806994310823, 0.10565697382901999, -0.23771406342499696, 0.05395794019438714, -0.053202191334360015, -0.1756730637272458, 0.0635751607718307, -0.141460081811523, -0.152291358740934, -0.04808980879539617, 0.004941351164901862, 0.005022829522389946, 0.7682195053424634
65, 2, 0, 0.425632817597331, 0.5559825895614794, 0.017352358251744467, 0.0010322345894452343, 0.21526478406377744, -0.21406476931333057, 0.24115219624137135, 0.7667046271653087, -0.11274181776320513, 0.11156756197281081, -0.12384496667724736, -0.007198735189551031, -0.07484321272109648, 0.0510105989665657, 0.04067798235755234, 0.0709262353092677, 0.11515214899947912, -0.010303038296974903, 0.139713127998833, -0.015406177992122804, 0.12966682529052687, 0.05281477024945878, 0.7682195053424634
66, 2, 0, 0.4254716618212956, 0.5559845516254661, 0.017362020455601052, 0.0011817660976373076, 0.21012760629875982, -0.20891732998613738, 0.23296370584786613, 0.7694297319392319, -0.11001289586754832, 0.11073751706455617, -0.12403309539887361, 0.03972288426818119, -0.14042548741663002, 0.23106202138561774, -0.037386915551731646, -0.07071950709020225, -0.05776077454668751, 0.11275727060279248, 0.08955510314202501, -0.05045239948486878, 0.03798488325047761, -0.09438718065033, 0.7682195053424634
67, 2, 0, 0.42578468341112624, 0.5559750403625753, 0.01736217025201512, 0.0008781059742833826, 0.2056126167718059, -0.20525937842466374, 0.22875892036246373, 0.7685629275455014, -0.10929754242485912, 0.11301706213816631, -0.12386395226593343, 0.19952444587187504, -0.030736084047248237, 0.20143640310769717, 0.04460035153363986, 0.14014485549421257, 0.10680254552465492, 0.0312823107787519, 0.22961980877071708, 0.015470017736117508, -0.1331161600505199, 0.001744139271751539, 0.7682195053424634
68, 2, 0, 0.4147406152441432, 0.5606155675390698, 0.01756656206572011, 0.007077255151066927, 0.19638129923335224, -0.1970489008758312, 0.22135682100394188, 0.766680044412783, -0.11089621380405024, 0.10896142183566168, -0.125283057289654, 0.04286815749641939, -0.07283925447506888, 0.06924678661967838, -0.07568680728362887, 0.01449204314975007, 0.1063804134444172, 0.05676881172293428, -0.14265980017880756, 0.0631027984965564, 0.05335491713921155, -0.22315056503345096, 0.7682195053424634
69, 2, 0, 0.4159116780050308, 0.5605849227312877, 0.01756663380973789, 0.00593676545394354, 0.19315972410124527, -0.1924164773960068, 0.2160007750512433, 0.7682856037391202, -0.11048170235791448, 0.10958619332347116, -0.12566229827650127, -0.075572727134294, -0.030270545278912032, 0.17310668390216283, -0.19272444745967693, -0.0757560068223056, 0.05396583951866059, 0.06544743640610048, 0.11690214627701363, -0.009783963023502205, -0.15859688715554662, -0.02158878465993083, 0.7682195053424634
70, 2, 0, 0.41579304085533036, 0.5607029158846438, 0.017567591943872928, 0.00593645131615298, 0.18604163282169822, -0.18697394049206334, 0.21126129650925662, 0.7683945858763447, -0.10987580590874772, 0.11042013785107667, -0.1250202189505927, 0.22532619354555777, -0.35283439367743014, 0.17458768378281367, 0.18517321512490156, -0.022502115101785052, -0.071559378802441, 0.011275116898454722, -0.06763836448158178, 0.10015361879703841, 0.16238263095839256, -0.016589318394091227, 0.7682195053424634
71, 2, 0, 0.40709351508482405, 0.5682073926138793, 0.017837649075396197, 0.006861443225900503, 0.18087587626751694, -0.1794812804298949, 0.20292253272406904, 0.7684532282500698, -0.10949314623116493, 0.11244731799070484, -0.12294833641136285, 0.12400701506344533, 0.06192641286129983, 0.06661114536723431, 0.10675125090868143, -0.06501667784154974, 0.22814260295392214, -0.0022512016947812664, 0.070274594968987, 0.09669290688285029, 0.17049990985689695, 0.0826871661874877, 0.7682195053424634
72, 2, 0, 0.4082126958516092, 0.5681736952180186, 0.01783822850858582, 0.005775380421786481, 0.17597529660674954, -0.17764573406755763, 0.19576346397620972, 0.7689309780711808, -0.1139917197314005, 0.11064752780797656, -0.1258897180343891, 0.12920956632135733, 0.09937775041941686, 0.10723024112117412, -0.08752140942096918, -0.019538490317723388, -0.14884029962517595, 0.11853753187124502, 0.031364021177163956, -0.07993197272300047, -0.03448045156552852, -0.029235636318320202, 0.7682195053424634
73, 2, 0, 0.40447838981606493, 0.5684665700074603, 0.01783834992972747, 0.009216690246747407, 0.17063548429133327, -0.16931756460173816, 0.19245644510212798, 0.768485514382738, -0.1129069504128934, 0.10913739059190039, -0.12412913150771683, 0.10716545497254948, 0.04497476339760925, 0.07648717513916342, 0.06504311588680432, 0.07059637462107785, 0.006263669664841477, -0.09332170119272205, -0.10232630539889627, -0.13056323830943062, -0.1711351639914863, -0.04383429962803364, 0.7682195053424634
74, 2, 0, 0.3945169050112555, 0.570811641432871, 0.01784325729324416, 0.01682819626262917, 0.16282314770064257, -0.16373237607642765, 0.18352773876790812, 0.7687872261104954, -0.11087676064278688, 0.11187582082691536, -0.12317649114860876, 0.050638277658954456, -0.16815713841672864, 0.06608867409018068, 0.013607623718448692, -0.1528558509530555, 0.05320151955098953, -0.030745260071336815, 0.03723608886691991, -0.06908956229584019, -0.12573297315766793, -0.15237063504991233, 0.7682195053424634
75, 2, 0, 0.3945255835902627, 0.5708056204941987, 0.017843245439252933, 0.01682555047628562, 0.15881550967225505, -0.15872674092069908, 0.17685238141623796, 0.7665554248419553, -0.1112029635785304, 0.11092559210764412, -0.12466543398550922, 0.2148371294771425, 0.24887782330701014, 0.09646841078286703, -0.10925677433930776, 0.0503946911505019, 0.1533876526111477, 0.05903475256658843, -0.02358904376890154, 0.01690049503596964, -0.11458603408918304, -0.07886007386497687, 0.7682195053424634
76, 2, 0, 0.3586381494896547, 0.603417183929182, 0.019835522529314503, 0.018109144051848797, 0.15200300477006737, -0.15309568018522762, 0.17135401301309527, 0.7692714915003526, -0.11104006112766755, 0.10921939023049013, -0.12454500446452081, 0.07651170590419422, 0.05407539116404839, 0.2081330705119826, 0.053671904007216796, -0.014649974017350756, 0.024142465980572778, -0.011511640118588958, -0.13917078244959724, 0.04104576024980422, 0.17019198122301418, 0.04448770345232582, 0.7682195053424634
77, 2, 0, 0.3586120423583467, 0.6034308749204182, 0.019835564446765593, 0.018121518274469395, 0.14624098779358202, -0.14738672012417198, 0.16579597317300215, 0.7670022243048146, -0.11196030641737387, 0.11051604230853022, -0.12404821784160289, 0.21096560073886406, -0.15949578923310467, 0.1680300075038972, 0.012470986749151711, 0.18275575491567433, -0.049925601561147434, -0.11254448382345286, 0.13366397619945042, -0.18711617571193867, -0.054073606722277935, -0.02599172801763352, 0.7682195053424634
78, 2, 0, 0.3554286720955505, 0.6051175863882909, 0.019839713054786975, 0.01961402846137158, 0.1412690556041782, -0.14110222384090504, 0.15974376576166643, 0.7690644421513182, -0.11061068054622669, 0.11026556502000037, -0.12329016971869713, 0.10746467367288219, -0.14193663490247038, 0.11114088316344532, -0.004261407018737196, 0.056910653904531615, 0.038106874552131735, -0.012913528530703305, 0.08993929693653877, 0.08854984954975695, -0.08759369144447912, -0.03910280633010674, 0.7682195053424634
79, 2, 0, 0.3569338058830519, 0.6048570951638683, 0.01984000028537808, 0.018369098667701703, 0.13463062678301635, -0.13768215688481242, 0.1510176788914937, 0.7663428437526856, -0.11170984552075776, 0.1119218488632435, -0.12350904648119354, -0.008045611106003681, -0.04591672007794163, 0.18872860266350364, 0.004160326542668509, -0.11984167127436522, -0.08923428928302923, 0.14463566689313168, 0.034028901403128343, 0.12902552003733153, -0.07233406569968934, 0.01249447834644449, 0.7682195053424634
80, 2, 0, 0.3569338118674779, 0.6048570960742248, 0.01983999914985429, 0.01836909290844296, 0.13065903453218788, -0.1304763430031411, 0.14807075929916289, 0.7669783231963961, -0.11017554297159422, 0.11063157858724486, -0.12536769724497157, 0.13907078417022425, -0.30897775436563124, -0.2380167025636463, -0.04231780485035351, -0.2220254711851528, -0.08767134743157672, -0.018688857187436167, 0.11102512039076665, 0.26880409719054565, -0.028306410574028246, 0.03586189551237819, 0.7682195053424634
81, 2, 0, 0.35614129055573723, 0.6049535832966958, 0.019839996286691367, 0.01906512986087556, 0.1273031447691651, -0.12506765094830044, 0.14096072718511488, 0.7680811771158648, -0.10951126903326644, 0.11082773134254198, -0.12444580763778815, -0.021709156139943443, -0.022718779201243332, 0.04775647294503911, 0.1625398876114629, -0.04858899335766394, 0.12078282436683326, -0.02039112269057728, 0.1396684928249099, -0.10135141466067898, -0.15279086103045922, -0.16883857964675666, 0.7682195053424634
82, 2, 0, 0.3561429758940299, 0.6049530024428037, 0.019839996348346784, 0.019064025314819717, 0.12055194956819548, -0.11919522571068215, 0.13520298177931436, 0.7669420636421151, -0.1109058040789355, 0.1112197504918893, -0.12500999504503293, -0.01401667619725705, -0.08045368143962958, 0.1077569916737737, 0.3164749957030847, 0.11103459769679995, -0.10118273171733398, 0.07889431516174632, 0.10659997848816327, 0.18940864358941906, -0.09934007347965296, 0.029214863370216632, 0.7682195053424634
83, 2, 0, 0.35614513664965497, 0.6049544528568177, 0.01983999664611809, 0.019060413847409304, 0.11313348658072404, -0.11549556239128016, 0.12803660716378795, 0.767253947933386, -0.11124281183692442, 0.11194429685216889, -0.12376496760024361, 0.26633810939526914, -0.19185209855801605, -0.15058927206312536, -0.008600780381838855, 0.009741529701508551, 0.1327595381987397, -0.12818594102288336, 0.12515230384218132, -0.14759696683653095, 0.05457893534247151, 0.08569510772838353, 0.7682195053424634
84, 2, 0, 0.35636633573413923, 0.604952406967909, 0.019840008088390912, 0.018841249209560894, 0.10880294295842159, -0.10827477202140753, 0.12204071796961413, 0.7674442219819059, -0.11192990936967177, 0.11126885270592857, -0.12390721712506528, 0.09269744254506229, 0.02139457164771661, 0.06387058191215773, -0.07343547936646641, 0.009880152744189862, -0.12897016511004186, -0.09200050819429947, 0.035887201341820156, 0.03437030306131979, -0.0853738095578441, 0.1729935731706405, 0.7682195053424634
85, 2, 0, 0.3570032960232021, 0.6050121303039989, 0.019838958836278682, 0.018145614836520288, 0.10558613073800638, -0.10304710355663124, 0.11466772472801749, 0.7675794552331761, -0.10859173515848894, 0.1095325644458502, -0.1247344625747681, 0.1698402012498248, -0.039100713028027353, 0.061702482859733135, -0.01762014329647386, 0.016305291728852662, -0.05639354751586741, 0.01508909632007677, 0.1095643341752783, 0.04803009219751179, -0.04903281832016234, 0.0321922727522566, 0.7682195053424634
86, 2, 0, 0.35705750144623777, 0.6050131271874313, 0.01983895135487157, 0.018090420011459413, 0.09890575016835504, -0.0995432227737863, 0.1098655884753155, 0.7675756833424485, -0.11014433667924342, 0.11053076098195902, -0.12544369036797992, 0.1676371037388063, -0.15415618783666601, 0.09648803371679397, -0.17704391507896253, 0.04488542233490859, -0.06035360908476399, -0.03720630182403968, 0.11092669138925207, 0.062872065248921, -0.019040175864375626, 0.1676817038720227, 0.7682195053424634
87, 2, 0, 0.2834916068490774, 0.6545746110638405, 0.02182359863510135, 0.04011018345198085, 0.09166380376933314, -0.09256899084278164, 0.10428389892944309, 0.7699589379851053, -0.10986651453677088, 0.10983507300700905, -0.12413354458889421, -0.011818086692799462, 0.09190524362596937, 0.14980633888692801, -0.0735245831747638, -0.030191938231519177, 0.05597401067196177, -0.049986087124280806, 0.12769892787642387, 0.0366339930591723, 0.08482392496540081, -0.02664610246104713, 0.7682195053424634
88, 2, 0, 0.2754444572773536, 0.6610297471415052, 0.021914692365122078, 0.0416111032160191, 0.08672154995852922, -0.08481873047070557, 0.09677020549271018, 0.7675500426064674, -0.10945920259413171, 0.11163262309430491, -0.1233459977051357, 0.05437630287344262, -0.14507973896985693, 0.03370817753156128, 0.08550223516042127, 0.07707494933023946, -0.08169635945412833, -0.022706352157986776, 0.005653260870200749, -0.02606208227111185, 0.0977137976393464, -0.07044456260392327, 0.7682195053424634
89, 2, 0, 0.2748393839349995, 0.6612890322998877, 0.021915926702923798, 0.04195565706218908, 0.08034437640838445, -0.08097948303023701, 0.09049434562461009, 0.7672046584932432, -0.11083048867844063, 0.11051265728130728, -0.12329010841196877, 0.021856116030758696, 0.1906452172774551, 0.049785309058311654, 0.015201690090831183, -0.020959023638219977, -0.11798728916833208, -0.06469000516665512, -0.12070834423664804, -0.02513697048809113, -0.012939856052128587, 0.062000677987231544, 0.7682195053424634
90, 2, 0, 0.26963211565092865, 0.6661180693460583, 0.021928049150273743, 0.04232176585273922, 0.07504703628397594, -0.07539780408962052, 0.0836233965196445, 0.7669142889114233, -0.11094721020880716, 0.11031737528452823, -0.12601843454201828, -0.06589478679528354, 0.023867441356806407, 0.0686790296122179, 0.09102975066685585, -0.1117396925045802, 0.1889989145936969, -0.17606855141258565, 0.13997627267599647, -0.0706055636655921, 0.01626460635357623, 0.009756806203383357, 0.7682195053424634
91, 2, 0, 0.26966210253409717, 0.6660292255616316, 0.021927985783325495, 0.04238068612094582, 0.07166601220477342, -0.06963812603006955, 0.07850328031364896, 0.7675417678087553, -0.10936327053275074, 0.10990713410782342, -0.12524971082047046, -0.05081902521777785, 0.019803002893589515, 0.1445120766192794, 0.09901128916316697, 0.031747951328627885, 0.021848666173215993, 0.03582276826122206, 0.17957551295602883, 0.1544441238860918, -0.1321900255516471, -0.04181825917747793, 0.7682195053424634
92, 2, 0, 0.22513700280716398, 0.6936228877154875, 0.02457648461566612, 0.05666362486168244, 0.06559050145141392, -0.06474508382869922, 0.07150333552322055, 0.7670259070919602, -0.11104674470424063, 0.11189441678730941, -0.1239100545499218, 0.05341226589349848, -0.03994363973654064, 0.14443899346370373, 0.0857401187742581, 0.1008629738013583, -0.07181465948479876, -0.008939923889872598, -0.01251470042450925, -0.08935713366024431, 0.23303601865355636, -0.07690950964947516, 0.7682195053424634
93, 2, 0, 0.22513828228672794, 0.6936218761222469, 0.024575832627078846, 0.05666400896394638, 0.060696910837475006, -0.059353611854027676, 0.06578770243577754, 0.7679397743651741, -0.10980145676508384, 0.11075128097143291, -0.12457329845296057, 0.0909519195868406, 0.10133802887013399, -0.011588042244124214, 0.027014826428061488, 0.06435989556720838, -0.09234493140177032, 0.26681683251561117, 0.18709796076600363, -0.00934840898110471, 0.08294478308508697, 0.0691934343135168, 0.7682195053424634
94, 2, 0, 0.22518505333386168, 0.6936221445769951, 0.02450571381395009, 0.05668708827519325, 0.053372113514766915, -0.053630271871766874, 0.06121328582965281, 0.768051769212536, -0.11000844399102702, 0.11159661775388355, -0.12382960105641731, 0.06183991121722561, -0.08526794208950528, 0.05009620024838163, -0.020478992734110777, -0.05139030090474326, 0.10161485295641312, 0.08670563392055822, 0.2453697232873037, -0.14566041276054184, 0.0644175825893955, 0.04555049626620298, 0.7682195053424634
95, 2, 0, 0.22518843155898602, 0.6936184375165154, 0.024505596112341158, 0.056687534812157485, 0.0474197655230464, -0.048294624352751295, 0.0535332098424964, 0.7678966271679484, -0.11282281049257847, 0.11292830910689525, -0.1260494368755844, 0.056136870924476834, 0.08580862160408079, 0.0006623811329558693, 0.08514950876482684, -0.05931486025141065, -0.01599051218479216, 0.2435859749704091, -0.014683820485146593, -0.004344815401540388, -0.07648568837637952, 0.018564126902012097, 0.7682195053424634
96, 2, 0, 0.225321804584895, 0.6936196918378756, 0.024360458349667335, 0.056698045227562034, 0.04222166048860186, -0.04406517028136571, 0.04767982975762346, 0.7680798970726139, -0.11222616494757473, 0.11100766319411841, -0.12209417490430916, -0.06263385075713901, -0.0989676269873785, -0.03868839852084984, -0.13176742865258298, 0.1670742654277114, -0.12465685175709702, 0.03930553963585282, -0.1518645022088234, -0.0906587727538049, 0.051793540402477536, 0.05759454095861841, 0.7682195053424634
97, 2, 0, 0.22516698851167388, 0.6937708729762813, 0.024361877830948904, 0.05670026068109598, 0.03784083301277007, -0.03692397961934961, 0.04188338606948044, 0.7696587168003312, -0.11029088456640931, 0.11081965217999215, -0.12409704987642896, 0.06363096553100303, -0.30307664995812866, -0.02193537033526492, 0.0032960341005178868, 0.16082596682973316, -0.1826831656693869, -0.07651817219808851, 0.2345327622439381, 0.05215760510494705, 0.09010909128033016, 0.046112768429811025, 0.7682195053424634
98, 2, 0, 0.22338123954209074, 0.6947976206951323, 0.024395923401447063, 0.0574252163613299, 0.03152397307165292, -0.031412022199589176, 0.03686440601389311, 0.7677360343137611, -0.110233086624273, 0.1110042055007098, -0.12589419592547318, -0.05730584552655734, -0.05531133653702176, 0.06578691025405162, -0.0358972230607203, 0.05282096355515059, 0.05863769649733262, 0.07659977676943125, -0.07547625660321866, 0.17494334524890381, 0.13662260171421628, -0.06690506474795334, 0.7682195053424634
99, 2, 0, 0.21594579791346066, 0.6995831839723732, 0.024407354409226176, 0.06006366370493998, 0.02565035593362853, -0.026157060418507395, 0.029545124246030136, 0.7663201488405967, -0.11093467780754698, 0.11081743626382612, -0.12457144323860356, -0.1055229077664713, -0.13787609571032383, 0.0439626942498132, 0.01394760213348585, 0.11402691378397545, -0.11721939694218939, -0.085666006177091, 0.26746772182574563, -0.07058625644397734, -0.07220501136094253, -0.1876761015894142, 0.7361763610189309
