t, Event, Policy, P(still), P(random), P(reach), P(transport), o(t), s_a 
0, 2, 1, 0.9969525337219238, 0.00045325394603423774, 0.002594240475445986, 1.9248549976147444e-10, -0.5429491528252808, -0.5488549210151491, 0.702116206109335, 0.39539820218620003, -0.02063864732971621, 0.2424260676229352, -0.16272428376464845, -0.3561277203969654, -0.4701832500939897, 0.48349598199206323, 0.11779456192236437, -0.04065498905115498, -0.20643018802421223, -0.23401127777759276, 0.060850177733162036, -0.10781275985548085, 0.05033129668201859, -0.11373444860081157, 0.2961781233024703
1, 2, 1, 0.9969525128016244, 0.00039288605417542224, 0.0026546011316802625, 1.2520083979667447e-11, -0.6609162064282598, -0.5283819795095926, 0.6633658268625269, 0.2783616210034089, 0.3913932115135217, 0.1253587334377535, -0.11931344728001884, -0.2533001568163659, -0.14485207006128914, 0.4071825202317868, 0.08563777853059187, -0.0011297739417079088, 0.000985153039865012, 0.0010572866482956463, 0.01937291739453289, -0.00024036482570502396, 0.0003133086261542145, 0.0009199584168218032, 0.2961781233024703
2, 2, 1, 0.9454096690184978, 0.0004173774016736267, 0.0541729485073293, 5.07249936323713e-09, -0.5779314703735392, -0.38578565929300374, 0.5306752509667658, 0.2958258103516282, -0.1857964992319711, 0.10905820143051956, -0.20184406239348487, -0.2402842131242146, -0.4050251783847011, 0.3874756114377961, 0.011560241336448993, -0.0012092069277462678, 0.0005680546268805299, -0.0002915062413679854, 0.01915235891654641, -0.0004257431354623726, -0.0001423213971453136, -4.131826407497593e-05, 0.2961781233024703
3, 2, 1, 0.9454076091913953, 0.0004173346814182324, 0.054175056013640976, 1.1354539441920681e-10, -0.6463020653231457, -0.5926491082203421, 0.6753557018817122, 0.35227007500266116, 0.25271251527000577, 0.09076487268731777, -0.17876204356062816, -0.33455301957216627, -0.1352400305025661, 0.3269206693522989, 0.19389813531324268, -0.00038196078700295205, 1.0416183319858408e-05, 0.0012351211681684263, 0.020258824236017242, -0.00037130418882662484, -0.00018009268582281114, 0.0012272047019312516, 0.2961781233024703
4, 2, 1, 0.9451317528406792, 0.00041743030808501355, 0.054450816075793544, 7.754422993212166e-10, -0.6944030722795119, -0.5565404127759924, 0.5650913322122101, 0.35091952825355166, 0.17526166177510188, 0.08906995746003737, -0.2243901302288068, -0.2001698484866524, -0.2354021110033126, 0.32346435205409974, 0.03298150097226763, -0.0006125175392431737, -0.00015034366488397675, -0.00027960156726037684, 0.02095276436986108, -0.00030844840347477563, 0.0008004709380563856, -0.0022506586262498697, 0.2961781233024703
5, 2, 1, 0.9445763818298971, 0.00041831609076749845, 0.055005299150408214, 2.9289272622237307e-09, -0.6172574380570984, -0.7596765185034471, 0.5836108688932733, 0.4195229523731319, 0.004339288623344162, 0.2735007133921125, -0.2098777508574147, -0.2301358002877393, -0.2758515520135341, 0.1584544034895421, -0.055343417983494604, 0.00041500193460549187, 0.0002876430475208203, 5.6844762000011836e-05, 0.01975671759968028, 0.0011160207370396627, 0.000810106706002779, 7.425550672435192e-05, 0.2961781233024703
6, 2, 1, 0.9445667213939599, 0.00038855790876649173, 0.05504472065127422, 4.5999477455963794e-11, -0.8069033204710779, -0.4769211550202964, 0.7169573161183985, 0.3201170238094444, 0.1229501712792574, 0.03541057459818577, -0.05946399934007631, -0.14602614237751177, -0.18153214527253408, 0.20455046343153724, -0.0349839209842378, 5.3803868740212776e-05, -0.00046353845136815324, -0.00022962370030246362, 0.020265798217146823, -0.001041795933515367, 0.0010962743941062161, 0.0022910886179391392, 0.2961781233024703
7, 2, 1, 0.9440944570544771, 0.00038828145287004055, 0.05551726149132289, 1.3299170566516432e-12, -0.4865386843649092, -0.533246483223839, 0.7961350842913738, 0.4320487865675674, 0.01620815420031828, 0.055621730239294544, -0.012233484963353103, -0.3444696095946684, -0.25711933745913335, 0.329694211578856, 0.28371631725332996, -0.0007292190475560827, -0.00034692353130629037, 0.0006424506410879361, 0.019269942615905863, -8.082012780039601e-05, 0.00028293400943054617, -0.00013981476705298795, 0.2961781233024703
8, 2, 1, 0.9439524624207378, 0.00034324375692108806, 0.055704293509929614, 3.124115869836797e-10, -0.5447089356895936, -0.6075743327888783, 0.5821299742020334, 0.32141732457705263, 0.21205582257181793, 0.0602842066734236, -0.1135732332537878, -0.30073346113817867, -0.2296644401562346, 0.3360216055001778, 0.11786129001762588, -0.0007165894110336632, 0.0005832516931649326, 0.0017991579317953184, 0.020588551305134217, 0.00040918336348205536, 0.0017668728262932591, -0.0009241776453678893, 0.2961781233024703
9, 2, 1, 0.9438775478389346, 0.0003423513868503341, 0.05578009797479295, 2.799421981684144e-09, -0.42721180485965055, -0.44874997371532055, 0.5542503209170773, 0.3590840485975574, 0.037873850580136245, -0.14063107983443848, -0.08469926739513886, -0.3409549709313662, -0.0650047141646906, 0.2533598879476139, 0.004761408931306837, 0.0010851023835117372, 0.00010293444204903174, -0.0009751667809051479, 0.019105927492709084, -0.0011517058731121473, 0.0011943881155352404, -0.0008101393932469596, 0.2961781233024703
10, 2, 1, 0.9436473709374532, 0.0003420098017955115, 0.05601061784998202, 1.4107693339604558e-09, -0.496618328647456, -0.5566517065825947, 0.718370291411061, 0.38601653094474264, -0.002899631872709696, 0.19653663376798033, -0.2732510673259806, -0.3906817235658867, -0.29220530250416943, 0.21555268651164763, 0.04358783836293508, 0.0009504046647888188, -0.0005944589944659981, -5.1428357469872106e-05, 0.020093094129975148, 0.0001307087214148462, -0.0010363750370649444, 0.0010187121192901673, 0.2961781233024703
11, 2, 1, 0.9436077091209795, 0.00031669487911468563, 0.0560755954049136, 5.949923393032316e-10, -0.32813457643713306, -0.5557693021535804, 0.6364676830918324, 0.3981683604787576, 0.23357559875943928, 0.08343434105593162, -0.10343137854157576, -0.2331255454410614, -0.22013269852693637, 0.16907310430285807, 0.03590547318615379, 0.0018408143636433143, 0.0006380528860970629, 0.0014662321124557023, 0.019670497449509737, 0.0007891475441127451, -0.0004794457596493117, -0.0008289778204722271, 0.2961781233024703
12, 2, 1, 0.9436063228708955, 0.0003166665067918204, 0.05607701059365046, 2.866219185462591e-11, -0.5972822663969076, -0.33732752324929854, 0.5822360431801485, 0.3483081563678941, 0.1256410441390076, 0.20155836942896, -0.14123370781683706, -0.22128279469826923, -0.20618909638327015, 0.3592742001421218, 0.15507356346325096, -0.0007340411489216634, 0.0005886783363678225, 0.0006889511435483877, 0.0192958189317574, 0.0013806503406383062, 0.0005588861699131278, -0.00011592660293045461, 0.2961781233024703
13, 2, 1, 0.6520300524475598, 0.00040656575008223, 0.34756337485836697, 6.943991100001967e-09, -0.3923068716540037, -0.5335610178897275, 0.6584931660811286, 0.14092219818272672, 0.056288917084540514, 0.08504200032231596, -0.17164869423565304, -0.29425190397572687, -0.27143447117051245, 0.3978513974251869, 0.09893554514388885, 0.000454393006130132, 0.00167975280906312, 0.001480345340874138, 0.01842213800470561, -0.001084971872624798, 0.0008851394193541664, -0.0003586670996977246, 0.2961781233024703
14, 2, 1, 0.6520300225366877, 0.0004065643955197425, 0.3475634080344429, 5.033349558018686e-09, -0.41624237358084937, -0.4296657981424947, 0.6309077862828739, 0.16414609768483088, 0.2506401832882285, 0.07718175154554352, -0.32876444961733464, -0.3317390913424481, -0.27829928818972216, 0.3436573982185339, -0.1552098598504185, 0.0006828896304604188, 0.0005005228800604967, -0.0004198713881331527, 0.02123597686844387, 0.0005474512805731098, 0.00010343258461229435, 7.367091137002515e-05, 0.2961781233024703
15, 2, 1, 0.6506539415066216, 0.0004080375581425004, 0.34893789909092243, 1.2184431355217404e-07, -0.6682580470221156, -0.4974021261633901, 0.4037547138525025, 0.3996121100633893, 0.12393120033681448, 0.2181979832508108, -0.0014166143676299869, -0.2524813627326475, -0.2640849001616484, 0.3622987032943173, 0.05498871658322648, 0.00011830358581302982, -0.0011247995468330392, -0.0007873662511254844, 0.018672984702745563, -0.0004916718476353269, -0.0022643019959275217, -0.0007593897992399857, 0.2961781233024703
16, 2, 1, 0.6465665868617507, 0.00041097345474393285, 0.3530223660451884, 7.363831706210187e-08, -0.48729050635209836, -0.5215367687193515, 0.40680574304664174, 0.32431377103095604, 0.024219278021486844, 0.18077448821717562, -0.24410045580095646, -0.2523370031601989, -0.31172241285587987, 0.34345818603611694, -0.047873760617489894, 0.0001014441083112265, 0.0010879020767252977, 0.0011268675108826985, 0.0186506633800668, -6.148572850968171e-05, 0.000683386260982316, 0.0020752324873480883, 0.2961781233024703
17, 2, 1, 0.6465460220234497, 0.0004109777687881961, 0.3530429399790333, 6.022872878938417e-08, -0.365868896308327, -0.4955521019248786, 0.546604263012971, 0.3818236104914675, 0.10882113882609434, 0.14201250315644434, -0.25065761341307324, -0.006793672570189768, -0.13087127359335532, 0.4212149974650308, 0.19504522265435223, -0.00011029323454787741, -0.0001689075736169464, -0.00024784996128003454, 0.019352428191879906, -0.0004784827444797057, -0.0001384214239293166, 0.00017715550375195266, 0.2961781233024703
18, 2, 1, 0.6422292067434975, 0.0004158012221155711, 0.35735493024430764, 6.179007922945006e-08, -0.5037937838031548, -0.427267231483272, 0.601841414969537, 0.3001501495157771, 0.08788078542590502, 0.15022674571940925, -0.24314485384715495, -0.12071112251421816, -0.4033302772633901, 0.141334149912556, -0.023039248812477153, 0.00041219619022170393, -0.0002588694487831593, 0.001093929839508802, 0.021494816094718046, -0.001507248869787753, -0.00045448085875745723, 0.001365252798896786, 0.2961781233024703
19, 2, 1, 0.6422290866397674, 0.0004157925812911045, 0.3573550952047514, 2.5574190089206498e-08, -0.4547881425603949, -0.6452567099681873, 0.41214122133792597, 0.1594195496737129, 0.21627246007508258, 0.1320608824922916, -0.19474277479385285, -0.0929993417168123, 0.032018151139462735, 0.378134292923946, 0.19613912531932018, 0.0016284192461158097, -0.0005608859531081222, 0.0012770886348902823, 0.020998899068599242, 0.0006237539875018402, -0.0013726601269862461, -0.00041579924904905016, 0.2961781233024703
20, 2, 1, 0.6422280987097576, 0.00041541892860671987, 0.3573564810559318, 1.3057038166598865e-09, -0.21328751009443372, -0.464484465653518, 0.43953595111585886, 0.12552283659864039, 0.15923890688750103, 0.11955045712397298, -0.21299700979063285, -0.2543419722025909, -0.04678718837177094, 0.2503437741649831, 0.0845336786411656, -9.134562531451074e-05, 1.8563084043939022e-05, -0.0005977479014126564, 0.020646103171989234, 0.0008162001831095768, 0.0019311069844706076, 0.001313057263708103, 0.2961781233024703
21, 2, 1, 0.640952927782987, 0.00041724726174441394, 0.3586298179763154, 6.9789533202211795e-09, -0.541795050070192, -0.47579612121385717, 0.5541471476999487, 0.2575014773573323, 0.02733750556663469, 0.11070698309373928, -0.08850278446866353, -0.37239164851506973, -0.11515007284188224, 0.30716153859839046, -0.07073950376154428, 9.81397559433724e-05, -0.00024409890005695252, -0.0003431821835629545, 0.01859943563891624, 0.0018061358061019085, -0.0012338234628887963, 0.000151750256481925, 0.2961781233024703
22, 2, 1, 0.6358233951321826, 0.000415704829832528, 0.3637608403028215, 5.973516337319869e-08, -0.3116763613959706, -0.5530753776224797, 0.5095505437958021, 0.30999098394993657, 0.15458263809082728, 0.12109989365477511, -0.1354322632184252, -0.17040193068490347, -0.21275290437957411, 0.3887893253050215, -0.03404278272729862, 0.00046726333739323796, 0.0023754937153245355, -0.0006349138046026369, 0.021532081461477982, -0.0017970971219383586, 0.00021008746766652825, 0.002130600904251705, 0.2961781233024703
23, 2, 1, 0.6358180204694127, 0.0004156734244551222, 0.36376628160592367, 2.450020848147154e-08, -0.5939590359504925, -0.36623458225549166, 0.451512621889267, 0.33118691666216055, 0.0950235501748481, 0.0697665739959866, -0.029727401525818244, -0.21534797581078607, 0.0056754962309574445, 0.30002088248976355, -0.10792080945523926, 0.0010187264295511, -3.706281268085999e-05, -0.0007099086950565511, 0.02222086674637256, 0.0008312328249908801, 0.000758003349964422, 0.0004987468993154194, 0.2961781233024703
24, 2, 1, 0.5568465847211205, 0.00043580106958004744, 0.4427175880251595, 2.618414004052918e-08, -0.646374669435955, -0.48317499135532876, 0.5813321261426175, 0.2982271597067794, 0.044220780926213545, -0.05443281586474726, -0.23575816480678932, -0.37811258533735315, -0.2764206060268527, 0.41163426873991343, 0.08812208359463373, -0.0009209312395009013, -0.0014431752978828149, 0.00023216583822534978, 0.018641268052074986, -0.0006345352190774414, 0.00022120644525669067, -7.976357839431941e-05, 0.2961781233024703
25, 2, 1, 0.5515792500679884, 0.00035930114436574816, 0.4480588461887633, 2.602598882632547e-06, -0.4271051318090434, -0.42178201315022273, 0.576826016210319, 0.3851949651119838, 0.07148352796541897, 0.07679117419549483, -0.014534294026609062, -0.1796456158877759, -0.20454333972114833, -0.006664670558209585, 0.06135220807808657, -0.0009885884118203715, 0.0005612354953483055, 0.0012450130059338221, 0.020355980959126174, -0.001723846760962037, 0.0021124326054451806, 0.0001829497158013438, 0.2961781233024703
26, 2, 1, 0.5515791672878467, 0.0003592934172095017, 0.4480607030324659, 8.362624777814471e-07, -0.45103694415602325, -0.5221113993699891, 0.6188098131647619, 0.3366109758267968, 0.15397602496173896, 0.27860965525722303, -0.32463170603579855, -0.32809242621483997, -0.19934310328422872, 0.22627466930970086, 0.03099739808358944, -0.00039387759070494876, -0.0006926095220008208, 0.001263020835036635, 0.019617277957796143, -0.0004032023420663223, 0.0006223400314494757, 0.0008259958406035064, 0.2961781233024703
27, 2, 1, 0.5515678320366247, 0.00020938988768068393, 0.4482206023388077, 2.1757368868397137e-06, -0.25236728943260206, -0.34770648317749236, 0.4273306785981587, 0.27905019389061125, -0.026732211489333402, 0.15871431267659947, 0.019617022486672277, -0.17457457707335727, -0.05253504402944067, 0.18809867843825184, 0.037089338659510564, -0.00022771616419887294, 0.00011504361023973548, 4.227104137515163e-05, 0.020839215554557068, 0.0012385996541825345, 0.0001661280392036675, -0.0013095210745767047, 0.2961781233024703
28, 2, 1, 0.5512796711850481, 0.00021037610985770298, 0.4485077780429717, 2.1746621225661117e-06, -0.4499349000246992, -0.5446453286282942, 0.6734439918405537, 0.17196900489886155, 0.214860868786548, 0.19766083544310703, -0.10383193238685748, -0.19089599454176862, -0.2637890840023382, 0.12351124663463506, -0.11328519218045044, -0.0006524664386541162, -0.0012308154989604126, 0.00042568615294757614, 0.019903754995404567, -0.00028989561596025874, 0.0014948885620748378, -0.0007961822819382198, 0.2961781233024703
29, 2, 1, 0.5510132923609498, 0.00020770475966869794, 0.4487785267437208, 4.7613566078395044e-07, -0.4093735821010358, -0.41097187533387397, 0.4513421643573384, 0.35220962844424913, 0.06732437088023144, 0.16761754998079237, -0.1347726684878521, -0.17451121637259023, -0.2105403485559672, 0.25657587160574125, 0.08806798283427397, -0.0010144335582221323, -0.0003415901987141454, 0.0011865973076925385, 0.020002480686337927, 0.0019088805524294303, -0.0018857276778352836, -0.00010967082585756575, 0.2961781233024703
30, 2, 1, 0.5509682044806695, 0.00020770365779819547, 0.44882357756806235, 5.142934700327034e-07, -0.41581147948500474, -0.38014327406833776, 0.4014131510503752, 0.3500418988034092, 0.06472801261852335, 0.29184053990594877, -0.15819674942266088, -0.25351869034501634, -0.2205490827986715, 0.13418957736033948, 0.13995287703501277, -0.0010339790780347546, 0.0011352053386562027, -0.0002321104251866998, 0.02024387488109855, -0.0005966484522905791, 4.974725822392708e-05, -0.00025338800534355796, 0.2961781233024703
31, 2, 1, 0.5353151426213434, 0.00023887950099174324, 0.4644158788417367, 3.00990359282068e-05, -0.19399561488695372, -0.6895821226496928, 0.4465206260858964, 0.2171092131160714, 0.16977008841549693, 0.014239013379624655, 0.02859789402330599, -0.22271422473573854, -0.2600363507057573, 0.1373587075450797, 0.20676765563861355, 0.0004407851698866175, -0.000470801680832225, -3.7738558758753286e-05, 0.020557275857589367, 0.0007484360157534172, 0.0009869221161002972, -0.0008224444094445657, 0.2961781233024703
32, 2, 1, 0.5344575973787967, 0.00023625309543318058, 0.46529577315308585, 1.0376372684197371e-05, -0.37092560138564623, -0.37322838653316875, 0.45126548664877075, 0.3517132195664255, -0.01521870952954003, -0.02483331878881203, -0.1834934853337818, -0.1532531092429094, -0.3247641309293375, 0.3368443293241585, -0.037193836493316215, 0.0006808864230692772, 0.0004941159219087991, -0.0012263478352597368, 0.02017187976809017, 0.0013605908090485966, 0.00037651184049199865, 0.00033283948422047473, 0.2961781233024703
33, 2, 1, 0.5313790162976254, 0.00022173864301889784, 0.4683897675826288, 9.477476727020748e-06, -0.3169387665103559, -0.3369619662501765, 0.40673274218691374, 0.5341768743702662, 0.12560474298077723, 0.20366471183951007, -0.08187911526746224, -0.2699737342583678, -0.2956619576491371, 0.312771472488052, 0.08533832806470706, -0.0011241966191376821, -0.0006052517869865785, -0.0016392331931965227, 0.01929431023000809, 0.0015143939765746542, 0.0006539430007488451, -6.687638828205778e-06, 0.2961781233024703
34, 2, 1, 0.5218108513269504, 0.0002681625525163548, 0.4779063992752137, 1.4586845319620677e-05, -0.4762749762467813, -0.42631297954826053, 0.4943048415393056, 0.38691046967074016, 0.11507614656742597, 0.1149107873783165, -0.044483928302346654, -0.10977961206097189, -0.09102245945052367, 0.2783133265921598, -0.146106741768696, 1.928895181343448e-05, 0.0005645691802935971, 0.00021921923556107438, 0.020849909800991256, 0.00020443128532037294, 0.00019651314168670606, 0.001002514978041841, 0.2961781233024703
35, 2, 1, 0.5161080784661958, 0.0002652704451349178, 0.48360536956046635, 2.1281528202997435e-05, -0.43974183951546564, -0.2729654712755708, 0.5598843218827223, 0.11031076440246854, 0.04012228024919916, 0.08263563672889666, -0.14611268712423692, -0.020280603029786803, -0.05898370052266082, 0.1322409243341049, 0.13331375999670608, 0.0019536815377409348, -0.0017354238110693543, 0.000586329831409431, 0.01853059747950015, 0.0001262646779157399, 0.0005873847157704174, 0.0010404874321467469, 0.2961781233024703
36, 2, 1, 0.5100017587483665, 0.00011830903228482772, 0.48983321713528916, 4.671508405944356e-05, -0.4217079504418632, -0.412548590088406, 0.3766747560551645, 0.25944004955122896, 0.24510074101512974, 0.07165618729855477, -0.11518291053907988, -0.034838178954939146, -0.3603902950309575, 0.025531691232650134, 0.07582465647484299, 8.56489222080128e-05, -0.0020916751914442817, -0.0018506006563560149, 0.01823902039313923, 0.0001246953347379792, -9.13372126219556e-05, -0.0007580140601489866, 0.2961781233024703
37, 2, 1, 0.5068521217984433, 0.00012205169777309142, 0.4930152581636382, 1.0568340145323574e-05, -0.30255146375630093, -0.280461056587757, 0.42278074272386473, 0.3980861311108341, 0.00188559924061511, 0.119010505700657, -0.24645815420715617, -0.14959636166932466, -0.223205617125568, 0.2347671527479127, 0.010681696772791668, -0.000942429252716984, -0.001024253641788306, 4.627544146187178e-05, 0.019184509876542653, 0.0007024444801687236, 0.0008735793991824193, 0.00038274702498138953, 0.2961781233024703
38, 2, 1, 0.5055564147620295, 0.00011523894929085969, 0.49412268115021085, 0.00020566513846866522, -0.3843023374505913, -0.3948902030400906, 0.2680806975502147, 0.43278405155144617, 0.21012168747674265, 0.10366086576365277, -0.09035641278608453, -0.1019665717301685, -0.043483446050217055, 0.24344482569210074, 0.11349185722665514, 6.790783332199131e-05, -0.0011396419062891943, -0.0012011072715298664, 0.01963031154368356, -0.0015504990741030257, 0.00030097971075753805, 0.00111001212733784, 0.2961781233024703
39, 2, 1, 0.5054961593442465, 0.0001154284340803379, 0.49418534829361604, 0.00020306392805713599, -0.4441810480373423, -0.41359942657449944, 0.3316502638400693, 0.32281401442831836, 0.3318675883731387, -0.047215207550017645, 0.059133930070226784, -0.25839581063473466, -0.28714892837724776, 0.24416031269289076, 0.04283231656789421, 0.0018139875789074163, -0.0007554716306003462, 0.00014285619215058395, 0.02088308821918537, 0.0008518273486797017, -0.001441044358929788, -0.0005140136472923434, 0.2961781233024703
40, 2, 1, 0.4949371224985816, 0.00012503594126969482, 0.5047554275791765, 0.00018241398097239026, -0.5271192285041264, -0.37891207438578367, 0.22075333788431575, 0.4103039397692883, 0.11158013579882724, 0.0694330511177905, -0.1483627964216639, -0.2195342420938063, -0.23638628020815852, 0.3831053089690513, 0.04381191038704761, 0.0004591087919637335, -0.00021112047443166499, -0.00010976454284799819, 0.018993013041252168, 0.0005457155720213435, -0.0011126667793896696, 0.0006211722981385385, 0.2961781233024703
41, 2, 1, 0.4949362875699546, 0.00012511055157065428, 0.5047761080843274, 0.00016249379414735713, -0.40794442733129993, -0.3953319634656359, 0.3885506158796098, 0.20021628787343576, 0.22929657444096235, 0.19555537987541768, -0.0960656052608582, -0.23705938619810024, 0.04919073427952134, 0.26560349476532447, -0.13784421919466075, -4.748502637489323e-05, 0.0006799932746907323, 0.0007253556317204412, 0.021127279598435057, -0.00018351492697716803, 0.0006253547386238376, 0.00016349867198978788, 0.2961781233024703
42, 2, 1, 0.49426676259924746, 0.000126694824777602, 0.5054022015174989, 0.00020434105847602228, -0.3622976485582995, -0.3307190378129644, 0.24570721401044607, 0.20472274713778474, 0.17658210785158843, 0.09890888018763197, -0.09971081716137684, -0.2175374402888262, -0.006938663491251451, 0.24631545450787007, -0.03974874077602435, -0.0008541568348244414, 0.0008197721683087207, -0.0008884616020250289, 0.01874080263786798, -0.00023329166847937732, -0.0021469723142149037, -0.0004532559455834368, 0.2961781233024703
43, 2, 1, 0.35843644360714116, 0.00032165663800127456, 0.6385071293726099, 0.0027347703822476407, -0.400942470933931, -0.431233594858626, 0.2075354116516069, 0.20444306216058755, 0.0964804592859375, 0.09589729747672611, -0.05327571591263132, -0.2484720929638009, -0.19507359182494344, 0.2861209151917426, 0.10305442948988768, 0.0005300669728998152, -0.0005347648493911454, -0.0011078435675866119, 0.020509143316178764, -0.0005715521267554353, 0.000930166506457036, -0.0009801787544706363, 0.2961781233024703
44, 2, 1, 0.25760454863567034, 0.0004806155999405288, 0.7377058071708814, 0.004209028593507808, -0.36164320266757205, -0.4362926924486848, 0.33055467572131964, 0.05462453558687015, 0.05766858388648447, 0.09794563350534571, -0.11877291578852214, -0.09649077910362643, -0.20348180425339826, 0.2091533682145652, 0.07627937128347351, 6.906034762858775e-05, -0.0013314575014434966, -0.0007028629462518695, 0.022716722244816794, -0.00039811023640148635, 6.742364379704841e-05, 1.903262024637154e-05, 0.2961781233024703
45, 2, 1, 0.25662863069718606, 0.00047849017527611993, 0.7395935563012405, 0.0032993228262973074, -0.32703418271673645, -0.24384800221695305, 0.501911352755171, 0.3061833885729557, 0.10237731786356988, 0.09090929116430596, -0.1452856324713732, -0.13453734227797629, -0.08296283080785136, 0.17795198144568022, -0.011337124119493247, -0.0001026973580901622, -0.0006507475176837623, -0.0008788229849657049, 0.020617293214597546, -6.669384862201285e-05, 0.0003345337233230188, -0.0016775275719278216, 0.2961781233024703
46, 2, 1, 0.11645539198984996, 0.0006771836808235121, 0.8796047399312582, 0.003262684398068292, -0.3876012536674212, -0.4229185586360635, 0.5971861275980863, 0.2978220698424423, 0.07171347962702651, 0.02719892232574298, -0.12727916651782462, -0.17835879008072544, -0.12557912789280729, 0.2017761133573412, 0.06551070497751016, -0.0016868352428838784, -0.0010891963122365235, 0.000542584762977163, 0.019674956225258753, 9.617415664221845e-05, 1.4080390911642694e-05, -0.0019523609426037522, 0.2961781233024703
47, 2, 1, 0.11645119379066969, 0.0006713324666622276, 0.879739210443821, 0.0031382632988470912, -0.3898865313304457, -0.29108010348498314, 0.20914300763275132, 0.2641735395665055, 0.1043379084166591, 0.1272649419616437, -0.22436949673488255, -0.36406712505332123, -0.16008391638159158, 0.2728189432746996, -0.122414608541167, 0.000834684591580825, -0.0017429662735882877, -0.002197691188083372, 0.018891744674606928, 0.0002892741038045026, -0.0005588263659406614, 0.0008550560903712838, 0.2961781233024703
48, 2, 1, 0.08620088878148936, 0.0017119282704224255, 0.908504562668348, 0.00358262027974026, -0.22310466578366284, -0.28450883038304886, 0.3416919000063408, 0.33275144913560883, 0.10976520178169044, -0.036718979248595775, -0.06308833369954221, -0.09486720258250542, -0.3639578018501332, -0.20616369993034306, -0.14645160729014925, 0.0009522692430377064, -0.000576035372399331, -0.0004002031333291731, 0.01877773644046158, 0.0005213158654537761, -0.0014347149451433632, -0.00024063525155667455, 0.2961781233024703
49, 2, 1, 0.08612659939693455, 0.0016905370542675603, 0.908669828895238, 0.0035130346535599787, -0.3349118243629424, -0.36943531647820543, 0.35677728003178755, 0.38847904781714865, 0.26541914546823814, 0.1115721001792799, -0.019118848301444325, -0.2086819565434174, -0.14837527645757492, 0.2381825855225035, 0.026467866944280105, 0.0024284492363639693, 0.0016097400748698975, -0.001026331167214938, 0.020936586792292333, 0.002300249656435421, 0.00020892163462071485, -0.00045859834477303727, 0.2961781233024703
50, 2, 1, 0.08555885964095511, 0.001692600291806644, 0.9106134511622543, 0.0021350889049839305, -0.2230200968929814, -0.3327570709156105, 0.422579226840356, 0.36692128155280146, -0.0797402696388658, 0.1952267482640392, -0.16154487566688894, -0.3084091351581632, -0.2626392613815501, 0.12282333776534296, 0.09161672923323629, -0.0010175813122458963, -0.001585956398694494, 7.887000334853496e-05, 0.020522523541099597, -1.0418233803959177e-05, -0.000653469272166309, -0.0012843219608011814, 0.2961781233024703
51, 2, 1, 0.08555887913836542, 0.0016926354203090966, 0.9110353494798468, 0.0017131359614787917, -0.4034171828219857, -0.3316225235440994, 0.37446146000353336, 0.1611167629850029, 0.14889646525423975, 0.3048490081081166, -0.18761645413211334, -0.12795807056056827, 0.0062526337264164015, 0.21462974600486132, 0.16727338478029535, 0.0009100389276653122, 0.0006432974753580957, -0.0005138187671797653, 0.020313139449435566, -0.0002005145914726224, -0.0011937662246606505, 0.001395544487976213, 0.2961781233024703
52, 2, 1, 0.08553315994864254, 0.0016928040928908849, 0.9111741031203212, 0.0015999328381454403, -0.2890943394812688, -0.2541550264923933, 0.522867260953151, 0.21575591954420464, 0.21060229577476997, 0.2167611088453893, -0.12182644741512842, -0.23456161563525407, -0.1852638925733583, 0.15289208218916617, 0.08750470830960513, -0.0016740201608809245, -0.00015880458875632122, 0.0010315079177170541, 0.019464780905622772, 0.00017427072663986237, -0.000713920714142344, -0.0005434305437911599, 0.2961781233024703
53, 2, 1, 0.08110277836503328, 0.0016901888971733987, 0.915448163855402, 0.0017588688823912632, -0.13538206927915813, -0.3321020484820897, 0.34498013934508437, 0.304630419793012, 0.14313833964709355, 0.123941290595374, -0.15220880235880413, 0.002083886053526318, -0.22800447470015056, 0.025313329895338032, -0.006362075613412038, 0.0009498973608909262, 0.00017017738193320908, -0.0003821449513457027, 0.020828400426268514, -0.001518150009620239, 0.0006761981502882703, 0.0008795627129854275, 0.2961781233024703
54, 2, 1, 0.08075259793349147, 0.0014698339581491985, 0.915951986780729, 0.001825581327630329, -0.23990910666733475, -0.14787877817229012, 0.16745444057283773, 0.18366592654019107, 0.18633657852064128, 0.09823932722601172, -0.11860224512884635, 0.034997608645879905, -0.12507964696486595, 0.26018320003728973, 0.028680292607187234, -0.001280082090572206, 2.4618745159579525e-05, 0.0011014947188056712, 0.020835819587176042, -0.0019430905559563322, 0.0011882500281829751, -0.00022012187856628368, 0.2961781233024703
55, 2, 1, 0.08036445773468602, 0.001470494153725984, 0.9163508462552672, 0.0018142018563207614, -0.4475069756865788, -0.21746438359961692, 0.31648370800214476, 0.5096274291592862, 0.13633041938166834, -0.08950051865418232, -0.2545472595999435, -0.1603687085746452, -0.17073802291805454, 0.16524655267793215, 0.049596562716743675, -0.00016834356749621386, -0.0003288751335018414, 0.00043478022080494557, 0.018650835856298644, 0.0013407747288008073, 0.0010282909413521064, -0.0003854504306278989, 0.2961781233024703
56, 2, 1, 0.05381735770844064, 0.0010259113930738307, 0.9245690162075675, 0.020587714690918035, -0.22387557719154044, -0.2961194053142206, 0.192181177930651, 0.41494590100751666, 0.1282451667053748, 0.1176820417072292, -0.06682432653497017, -0.00523819729816224, -0.060120867992092444, 0.06362040756168504, -0.07337473362961024, -0.0005339900579411778, 0.0015353336722295275, -0.00042426404783836493, 0.02041433738468388, 0.001340004290761943, -0.0005832930083872478, 0.0014200386715550453, 0.2961781233024703
57, 2, 1, 0.042665382731986244, 0.0010631422120717998, 0.9356578853471118, 0.02061358970883019, -0.30745181716227143, -0.4393230502555875, 0.28145646085220627, 0.2682829746371826, 0.033454093105666646, 0.11272906097619521, 0.08491795151001594, -0.23714706966891264, -0.17537260819383088, 0.20930177756278784, 0.12239635678086136, -0.0001359867746866016, -0.0004948137641384304, -0.000385332657014491, 0.019928924947678683, 0.000231868027443992, 0.0006721390513092986, -0.0015791466436324655, 0.2961781233024703
58, 2, 1, 0.042656848883690195, 0.0006370261636467662, 0.9363631305478977, 0.020342994404765436, -0.31342639467934647, -0.13020924704965758, 0.3426101054154968, 0.4057146344051179, 0.10503771009649257, 0.14023689484281016, -0.16160972689374287, -0.012626349898492161, -0.08405854698689974, 0.042098303318077644, 0.0008839581435884064, 7.79673010070297e-05, 0.0006429950537980026, 0.001868799913351012, 0.019804788139140356, -0.0009071608596874613, -0.0008837374452743999, -0.0002129443978764493, 0.2961781233024703
59, 2, 1, 0.04264383532437148, 0.000634519352833594, 0.9368651501546296, 0.019856495168165317, -0.13898379162034216, -0.403371224019622, 0.33600571519513395, 0.25358841523519804, 0.25093121981637284, 0.07447322685816649, -0.19034153986240546, -0.07968137837087655, -0.04816784135147186, 0.13984013101524476, 0.16830330975338167, -0.000982255363858505, 0.0003539572659295738, -0.00020490269895036563, 0.021298451340329087, -0.0010630762093523662, -0.002440617216900457, -0.001001070598830728, 0.2961781233024703
60, 2, 1, 0.04217865373368128, 0.0006446423343160668, 0.9419954423187833, 0.015181261613219327, -0.23130905367065133, -0.18079549003286832, 0.5078995367499702, 0.424624565226393, 0.0724755657340213, 0.10327060853409102, -0.1301219584464467, -0.15915999144794163, -0.1454154831582565, 0.14830224856943275, 0.04773540863380636, 0.0018081407294866848, -0.0006867984729413258, 0.00023591084675532868, 0.019524438211996432, -0.0001349071066801768, 0.0003201425145510262, -0.0010070150531526609, 0.2961781233024703
61, 2, 1, 0.04215594665579889, 0.000644773667823891, 0.9420116642588038, 0.015187615417573413, -0.3008596380855918, -0.32226313784963334, 0.35738270169955444, 0.21790656179178916, 0.17856145692068348, 0.14836086332197246, -0.05679215708331552, -0.09292629170167369, 0.06604924433046311, 0.007834619468804815, -0.16365149696595235, -0.000958703313637207, 0.002133395847452755, 0.00040963800514217725, 0.01900500938260174, 0.000415271085848652, -0.00018055287957524942, 0.0012401988147384758, 0.2961781233024703
62, 2, 1, 0.038181485542987656, 0.0006409597195733506, 0.9459964500149239, 0.015181104722515071, -0.2717298399453851, -0.10351645888828742, 0.36215438529607447, 0.3872538494453224, 0.17338612244533796, 0.022630904277199337, -0.029844561548269487, -0.11394377439432883, -0.23195245341793475, 0.23597422626717268, -0.048481414300362534, 0.0006403962805663835, 2.1379788983430773e-05, -0.0004103686344295203, 0.022499117976168187, 0.0013741584342971042, 0.0009281683926302806, 0.0003864343194634086, 0.2961781233024703
63, 2, 1, 0.03094165270599241, 0.0006701656324051953, 0.9499405440519294, 0.0184476376096731, -0.3014794677112098, -0.17861201366916507, 0.18150060169035725, 0.3201697469041115, 0.11765522346366679, 0.09928456437963473, -0.10332960747567266, -0.13548686956804984, 0.004573522886104797, 0.1612960599702207, -0.10401648312354239, -0.0004328277214829603, -0.0007322391260517044, -0.0006356408456854111, 0.019478976504423207, 0.0009089869151608501, 0.0016329514342282368, -3.941968019493767e-05, 0.2961781233024703
64, 2, 1, 0.03070051540947549, 0.000670821305693158, 0.950135798427215, 0.018492864857616278, -0.14940546002231367, -0.22594790468206633, 0.3980711057058729, 0.49232529711647866, -0.014214249840836723, 0.1608769557145001, -0.163538858556373, -0.18948342056762826, 0.021270614661473154, -0.1033900336793302, 0.13041318855893902, 0.00048136295706970614, -0.0011582519983423156, 0.0005545124486906298, 0.021301668830864606, -0.0005795415577780681, -0.00014910367883204568, 0.000602806411592937, 0.2961781233024703
65, 2, 1, 0.03023032514645303, 0.0005742138500680851, 0.95070943256994, 0.018486028433538897, -0.29132541121296096, -0.2920680495730215, 0.4027188133535752, 0.22144117219627324, 0.18627214841656364, 0.046826469229663936, -0.006941302382244307, -0.22694360122168877, -0.18834592660972327, 0.041152113493219844, 0.012424152292352773, 0.000867557796995088, -0.000601963258833161, -0.0017271742617728995, 0.020565230967241326, -0.0005961784133722474, 0.000783597680457782, 0.0005526244287332769, 0.2961781233024703
66, 2, 1, 0.030198926270342912, 0.0004647001613398271, 0.9508286750660186, 0.018507698502298667, -0.1392592398479437, -0.14682655396453798, 0.13426864532418206, 0.24398296517199528, 0.23618628063301203, -0.08015098223674948, -0.10848361393068189, 0.04521169251182824, -0.13256839297993178, 0.247897248392093, -0.13554018950598185, -0.001100665625428049, 0.0016689522483971085, 0.0004091622368667128, 0.019085237748942573, 0.000542785136559118, -0.0009270745435964029, -0.0017642780473452319, 0.2961781233024703
67, 2, 1, 0.030102763288857436, 0.00046512369519823834, 0.9509061488607662, 0.01852596415517811, -0.2835274798103782, -0.23105434232793076, 0.0195576029892933, 0.367076835898699, 0.14801692852710535, 0.21952780953596457, -0.2244534325693804, -0.14453988142149396, -0.19262517784288463, 0.08676837163641099, -0.07263118071194992, 0.0012719559601444435, -0.0005392399050323049, 0.000536312756683242, 0.01949082229870568, -0.0008138500862966969, 0.0014912164780537438, 0.00015585245157455054, 0.2961781233024703
68, 2, 1, 0.008349819658777012, 0.0005362269310659064, 0.9617332339145995, 0.029380719495557484, -0.13903917217825587, -0.2881966204158717, 0.2635193791882387, 0.2774858650939188, 0.026561520374934998, 0.1688496889231434, -0.09121397781915208, -0.023092283289563965, -0.018105145107343013, 0.07943384486293022, -0.02571765527281749, 0.0008547808668815278, 0.0020931154534593573, 0.0002677034656755363, 0.02013092918826942, -0.0015679135380950427, -0.00012027984809792722, -0.00026808236739254726, 0.2961781233024703
69, 2, 1, 0.00828049340116706, 0.0005279975612253097, 0.9618235757776885, 0.0293679332599191, -0.07089139424823714, -0.18067275924475915, 0.21976998812535906, 0.2908533323002435, 0.1905477900399409, 0.07978900633491126, 0.0003573007695161001, -0.1956273206508523, -0.12218341616736336, 0.16393610875434197, -0.12286019718175294, -0.0010376012537356661, -0.0011643252296377718, -0.0010066635422708214, 0.020336390352441842, -0.001761024911574021, -0.00023358321150613426, 0.0017751263741006052, 0.2961781233024703
70, 2, 1, 0.008268014976084611, 0.000529087830241411, 0.9617830799663082, 0.029419817227365797, -0.0847201507256061, -0.08316546174013972, 0.27095274008409126, 0.21398367400985574, 0.17132589836455545, 0.0329047382617926, -0.20295207336983578, -0.1505145258351463, -0.052335716420972636, 0.06257225738693695, -0.040827361801423996, 0.0016331941979695036, 0.0020232921009483333, 0.0003117847659146797, 0.017396747866812702, -0.00010934395692778078, -0.0005566822283069788, -0.0009855714971874225, 0.2961781233024703
71, 2, 1, 0.008268013763072372, 0.0005306338940146216, 0.9619078533507891, 0.029293498992123787, -0.1290490443345323, -0.1964993863197982, 0.13290255409039126, 0.18203559882746906, 0.1669149926817512, 0.24818761283237203, -0.4055835642022517, -0.06918625396858906, 0.04738332352908474, 0.07183310747121416, -0.05032446683232478, 0.00047644447076288594, 0.00024974382730037135, -0.001065633475695081, 0.02088481546499632, -0.0019243747147257343, 7.05916811389859e-05, 0.0013041948377183002, 0.2961781233024703
72, 2, 1, 0.0036518441513332203, 0.0005472933100790913, 0.9648615692697768, 0.030939293268810897, -0.09836502487987808, -0.16166391586274026, 0.22963247947616186, 0.255957569246741, 0.05642113744312806, 0.12041505854173866, -0.04985036849047775, -0.17625325058816027, -0.11728254335444965, 0.09796852943139481, 0.05883779370113357, 0.0014053523854923248, 0.0012662328084025662, 1.4394424825950056e-06, 0.019074230119596587, -0.0012041385735448646, 0.0002205452378032728, -0.00029247425489605693, 0.2961781233024703
73, 2, 1, 0.0030103169377240124, 0.000546915710447646, 0.9651027255550375, 0.03134004179679087, -0.07989871667206722, -0.23515038780408482, 0.08019215034365232, 0.26516753987303693, 0.08867578062423011, 0.11378399032505944, -0.11917416766491713, -0.13259892681449897, 0.00013377411682021778, 0.20548012612437766, -0.11044110362524615, 0.0008641089652168957, 0.002004218825393788, 0.0008656230812471825, 0.020570527636769757, -0.0006268199208948165, 0.0012434684955827838, -0.00014252828415460046, 0.2961781233024703
74, 2, 1, 0.0028876047394797108, 0.0005476628782022478, 0.9648317790709625, 0.03173295331135544, 0.0031077413427539778, -0.145816650088008, 0.2732907446068291, 0.1479713199852295, 0.1278724502646222, 0.1898868899268414, -0.15934594685672832, 0.08898871581465403, -0.10650371583743154, 0.029260463932912983, 0.0195814975036806, 0.0002926126873048579, -0.00015751651789039882, -0.0011138958989980515, 0.01956245471630643, 0.0002567972358485136, -0.0010353493508364854, -0.0003577401174999132, 0.2961781233024703
75, 2, 1, 0.002660847510237561, 0.0005533649744794736, 0.9625109898384637, 0.03427479767681931, -0.2147542296093456, 0.06899703305065796, 0.15931764962891512, 0.314367569517414, 0.05905212542610103, 0.1625892783700144, -0.02973721555603829, -0.11165124114362339, -0.013581118303701923, 0.07586253225175484, -0.015139558791147048, 0.0018389606423765592, 0.0007101615528499174, -0.0012398106251685713, 0.018823688576820735, 0.0007385996472736422, 0.0008700918622977451, 0.0005786751306876912, 0.2961781233024703
76, 2, 1, 0.0016795999684847808, 0.000552202830808832, 0.9626026786743648, 0.035165518526341664, -0.19163672293163675, -0.14912934682852988, 0.27634073061888936, 0.3170908640715475, 0.11578226963719426, 0.25030132060081867, -0.027154230918769708, -0.048106509126975484, 0.015511424381489957, -0.02182302324849188, 0.13921995910438761, -0.0010101365330083974, 0.0006391089643259156, -0.0005031629587751847, 0.02049092307743919, -0.0013577713521109275, -0.0017120108209013728, -0.00040441762954268617, 0.2961781233024703
77, 2, 1, 0.001636406438935031, 0.0005453469787220091, 0.9633887445239415, 0.03442950205840146, -0.15730625686435432, -0.16079833428011592, 0.2691107282827071, 0.3916264700383499, 0.12199190006730709, -0.002640944252271993, -0.18877069316328238, -0.15388950501011645, 0.02983752911460652, 0.16620903066197354, 0.010082225270909986, -0.00028101848439276013, -0.0006105077377490497, 0.0009391901564042054, 0.02029441015340829, 0.0005530205254583737, 0.0005968517540256152, 0.0009537510589101601, 0.2961781233024703
78, 2, 1, 0.0016331857078210347, 0.0005390721254336173, 0.9634113940907612, 0.034416348075984135, -0.19525330665901125, -0.0884508027350641, 0.08422647183471782, 0.2837267206864209, 0.0597211051667421, -0.05016795162736787, -0.29241177703072163, -0.20400158163562132, -0.2129830700981712, 0.15618895382734807, 0.027969054690273876, 0.0008036660632734423, -0.0009403532799018988, 0.0013027140072470029, 0.022512529449589817, 0.00021599000822633687, 0.0012027514295069135, -0.0017389731002991013, 0.2961781233024703
79, 2, 1, 0.00041451225191585836, 0.0005228313197754046, 0.9638822519686036, 0.03518040445970516, -0.3083941828733198, -0.2404766782054339, 0.13437212865352605, 0.047944020712295685, 0.09721532551933794, 0.06663261162640668, -0.13000269529213726, -0.0352213066182004, -0.12242081323610228, 0.09521246652057161, 0.01894896748952519, -0.00014158364858804902, -7.556121693453013e-05, -0.0003097291952373717, 0.02038128815663446, -0.0003295849753320855, -0.0004972425193294882, 0.0008382293918811504, 0.2961781233024703
80, 2, 1, 0.0004145372363942917, 0.0005117821714476847, 0.9630316335049253, 0.03604204708723283, -0.11781187663895029, -0.16420314151282414, 0.004986675570678889, 0.19463127028298405, 0.27399476150839547, 0.19780109398780393, -0.18372858591361615, 0.04340408601683682, -0.15625589027395206, 0.07829254209710082, -0.0957390381234353, -0.001201920349232874, 0.0012662959953551062, 7.94861974293268e-05, 0.020485665711181707, 0.0019394765597267841, -0.0004911268766757335, -0.002530171563955676, 0.2961781233024703
81, 2, 1, 0.0004778634468428374, 0.0006536561185023842, 0.9533638009811516, 0.04550467945350324, -0.10255749267841988, -0.05260110614874457, 0.3221285321836403, 0.30384399890873215, 0.18694285157424712, 0.046621533971584764, -0.06952760126908844, -0.11185867462916432, 0.08043294219723082, -0.0032252400359236155, -0.09071129762737443, -0.0004745051422006659, -0.0007203352950969609, -6.71265542760328e-05, 0.017247196630551957, 0.0002521556007463359, -0.0005020094084239713, 0.0003007836242928675, 0.2961781233024703
82, 2, 1, 0.0004558307777355698, 0.0006605896514901031, 0.9509811747140979, 0.0479024048566764, -0.15030838305090471, -0.1467807673916234, 0.032013087799770835, 0.3944856292446783, 0.07527297916819459, 0.06064305139055317, -0.24133306795941536, -0.1439553715959206, -0.06061926665591698, 0.11084060667423438, -0.03521183711109435, 0.00037745118773883305, 0.0003771512091521444, 0.000314122721197387, 0.02057583553004908, -0.00034378554282616454, -0.00037599981681138027, 7.394857940950055e-05, 0.2961781233024703
83, 2, 1, 0.0004558300241118047, 0.0006592558522527529, 0.9509376827248662, 0.04794723139876921, -0.1397348660502727, -0.13439114224015133, 0.06188687587935634, 0.3602734013206613, 0.30431376085238127, 0.03680453660140324, -0.18173317113547388, 0.03476113257809706, -0.09433435187262282, 0.18456431693430356, 0.2595215261290099, 1.6391581062610282e-05, -0.0012464934666179279, -0.0001836247151889892, 0.020351129235095317, -0.001205395131186188, -0.0014212997525607522, -0.0008253184462249253, 0.2961781233024703
84, 2, 1, 0.0002527498628485087, 0.0006583526235408155, 0.948162899725599, 0.050925997788011705, -0.1410616166667014, -0.2060149461932447, -0.023262592966974416, 0.43586236407799717, 0.08776247765146843, 0.05091976125327743, -0.17646403353278237, 0.054075747355017655, -0.07237833730369893, 0.05253387280608037, 0.04245862075208714, 0.0010061721873496528, -0.0009060763533276376, 0.0007004958969027808, 0.017575061223919282, 0.0006123875899865703, -0.0001369511120180241, 0.0008463204027232621, 0.2961781233024703
85, 2, 1, 0.00021943061674055438, 0.0007081947706968189, 0.9185108190638367, 0.08056155554872602, -0.11782620256006089, -0.12248083883305634, 0.03353397473945256, 0.21295163007482926, -0.17751011378236306, 0.00033120248552456213, -0.1422092614986042, -0.1482459720432721, -0.08093908717572999, 0.004147742842821644, -0.011025782072112536, -0.0019844942433249195, -0.0012812604797511268, 0.00013988477374761907, 0.018712549651034697, -0.0005618956550009529, -4.963697555794548e-05, 0.00032287074643447386, 0.2961781233024703
86, 2, 1, 0.00014557621248364685, 0.0007274194344887622, 0.8982377183389878, 0.10088928601403988, -0.1035083296020934, -0.13960693385555395, 0.04419475522872317, 0.21928835412570774, 0.021240664508628705, 0.0589037469614756, -0.10502214043805365, -0.12428879958783674, 0.19242051409094624, 0.06678070476662872, -0.0925930227209649, -0.000651664387440802, 0.0005157107765143899, -0.0004302440399187123, 0.02022292747014391, -0.0006364932118001224, -0.002360611380884034, 0.0013188127965503677, 0.2961781233024703
87, 2, 1, 0.00014474209871246166, 0.000718831023368229, 0.8982024589728514, 0.10093396790506785, -0.01940676422771782, -0.021439193275172387, 0.08144823993239697, 0.3771048703079435, 0.040641560799572665, 0.07362284427463534, -0.20807527598470696, -0.1308815579159287, -0.2557146421448536, 0.04551482046755446, -0.04574575847087909, 0.0006268079615309615, -0.0016312561700377887, -0.0004296635529883907, 0.01933686679184699, -0.00027620770072118094, 0.00042202650367579724, -0.0007978767538126374, 0.2961781233024703
88, 2, 1, 5.970748907889755e-05, 0.0007345245097167671, 0.8507742574309929, 0.14843151057021137, -0.06521436117445335, -0.195739690719111, 0.12580612025779933, 0.3729131617121408, 0.1277958136245646, 0.14423712187631327, 0.05339474862959894, 0.03888167266790948, 0.08742161053076795, -0.13399230973956142, -0.0071577585034806445, 0.00045830257617487816, 0.0010387277408501982, 0.0011565709580204555, 0.019567675198981657, -0.0004684223724199934, -0.00012944591947234543, 0.0017478833332370675, 0.2961781233024703
89, 2, 1, 6.001208067723172e-05, 5.3063036702775296e-05, 0.8516573429226624, 0.1482295819599576, -0.006138959388297549, 0.15350682652580733, 0.42389685807899735, 0.43393752691478504, 0.16821031374579448, -0.05218348562204589, -0.1276650633011578, 0.06071787212430015, -0.1540608373446167, 0.03440901220760119, 0.10175905146643094, -0.00022972054345752596, 0.0015033091417240327, 0.0008883085065847132, 0.020229079239797547, -4.961707567455463e-05, -0.0014703117500534765, -0.0011406656354525243, 0.2961781233024703
90, 2, 1, 5.998418604179041e-05, 5.352883160908526e-05, 0.8519280633699585, 0.14795842361239073, -0.14477104951392442, -0.03552796839569054, 0.24371485034362408, 0.41801722292363996, 0.20794714998806985, 0.03891069488645534, -0.2953918564791771, -0.10119229998584581, -0.05566455195129707, 0.32399777155658555, -0.0672986118290538, -0.0006032016331897284, -0.0016562503536071845, 0.00041234144803092355, 0.018752294855012265, -0.0010179460895142745, 0.0005147251258089103, 0.0014560315321191794, 0.2961781233024703
91, 2, 1, 5.998788464296347e-05, 9.020748243387095e-05, 0.8495694394108176, 0.15028036522210547, 0.0058566096320857184, 0.00318382884355769, 0.002615250132054758, 0.42922794789011487, 0.38598229510291016, 0.30345593955269207, -0.3054343706901609, -0.02420347071841519, 0.05778431207048629, 0.1452690613688099, -0.2512019572619424, -0.0011645743987100607, 0.00026881280905026027, 0.0012744569953854717, 0.01877035632628649, 0.0001776667736126197, -0.0019141611961004585, 0.00195938760728369, 0.2961781233024703
92, 2, 1, 5.320042026805161e-05, 9.243447753415179e-05, 0.8493023360737615, 0.15055202902843634, -0.1326977850544758, 0.01665788796116856, -0.0029309448643823344, 0.36313763403508253, 0.09255323770075474, 0.11824688696267996, -0.22760111042155612, 0.08433639713043553, -0.12860317291841544, 0.07027662132193468, 0.0696691646877412, 0.0002666863605993318, -0.0005328719866088538, -0.001504892488343109, 0.020049828752721224, 0.0001697645240197743, 0.001560720956161306, -0.0012011132986297934, 0.2961781233024703
93, 2, 1, 4.71802918435597e-05, 0.0001179147443674919, 0.637460464118266, 0.36237444084552295, -0.05333711539330969, 0.075389409019635, 0.03923278784808483, 0.4762426755752845, 0.028293062607659635, 0.08840236883640958, -0.11996754535485987, -0.0737341964642935, 0.07481294363097811, 0.10321091420900264, 0.22585997770125538, 0.0009496945543152972, 0.001135041878307515, 0.0001395537554240388, 0.019029582480781782, 0.0007797757113631387, -0.0014244767061292727, -0.00047413453735263794, 0.2961781233024703
94, 2, 1, 1.586949901485721e-05, 0.00011246513997926131, 0.6375312090934807, 0.36234045626752526, -0.01881754482015808, 0.04052008244995968, 0.07051639250761377, 0.32302311856399213, 0.0648987362731485, 0.11381409290746261, -0.08421101512621543, -0.023228444567101124, -0.0002543569865948281, 0.4445118483899032, 0.0859375207025557, -0.0004993628664005616, -0.0009747980148649001, -5.171418628877514e-05, 0.017886313159979895, 0.00013663356576906454, -0.0009255825743595769, -0.0013244455276400144, 0.2961781233024703
95, 2, 1, 1.8020722113559615e-05, 0.00020797712257239562, 0.4909439944694039, 0.5088300076859101, 0.029599359473833704, -0.14171268394007036, -0.00772676495221839, 0.16146383390947933, 0.19135589360283908, 0.08950139048380627, -0.17075673700925098, -0.13925459750467958, 0.09003790227507744, -0.0422121135229984, -0.04338965093042442, 0.0010867838517473504, 0.0013646534835418396, -0.0003404183765644298, 0.019854404554935975, 0.0010915274900014339, -0.0009839971775812515, 0.0012794782126394418, 0.2961781233024703
96, 2, 1, 6.013181174258091e-05, 0.0002326227115767103, 0.39582894425050885, 0.6038783012261719, 0.024222169191788656, 0.08153115731499223, 0.024511663077947353, 0.4393218564972633, 0.054699787394459666, 0.05708895429504549, -0.0029897857076414793, 0.1359328856815135, 0.08018022437975895, 0.019228131086990903, 0.042360502442955104, -0.0008842599411725286, 0.0005327592529242835, -0.0013914474054864216, 0.018525180947495876, -6.478983589062727e-05, -0.0003713838779226811, -0.00019842517016376054, 0.2961781233024703
97, 2, 1, 3.299849085463699e-05, 0.0002544229130882102, 0.37572202994828663, 0.6239905486477706, -0.07681462561089343, 0.036026906247916435, -0.05778499439901191, 0.4860110333878109, 0.00034208135331841304, 0.18897127880632317, -0.011881388820444427, 0.05283596630686375, 0.1254548591818394, 0.08815450036592817, -0.07925972925843516, 0.001378596777125437, -0.0017308106729217031, -0.00023021292274929796, 0.020405781948667896, 0.00021760473986389767, -0.00013662628210569762, 0.0003653582184468708, 0.2961781233024703
98, 2, 1, 3.304825103669659e-05, 0.00031626951154543453, 0.36573190639712544, 0.6339187758402925, -0.0007262751700116532, -0.17171966302184352, 0.03894710870324837, 0.47624781133461846, 0.19207780999200907, 0.04684464124229726, -0.30336174228810125, -0.2005331930503668, -0.07467679943516758, -0.05442597115767202, -0.05148797602032921, 2.2718553758116552e-05, -0.00026646253598228495, 0.00011845744348552766, 0.020892136452654482, 0.0004435744628068044, 0.00020168334526151046, -0.001057724806874484, 0.2961781233024703
99, 2, 1, 9.587104081445314e-06, 0.00029315067768258436, 0.36573236800504616, 0.6339648942131899, -0.18071245727333865, -0.109391691969845, -0.1283498938963969, 0.351766654376263, 0.03621813168512679, 0.0584280734761369, -0.03360241932104272, 0.14408226970748758, -0.09241485940974285, 0.025947710037212596, -0.05293286151156098, -0.0005892255187287094, -0.0027332320561469473, -0.00013396183396525204, 0.020819908943031113, -0.0012669110462170722, 9.008991218457554e-05, 0.0013849954581382883, 0.2940414069909095
