t, Event, Policy, P(still), P(random), P(reach), P(transport), o(t), s_a 
0, 2, 0, 0.8893073201179504, 0.08075853437185287, 0.02993416227400303, 2.913035324070279e-08, 0.412885970459077, -0.6654410869454652, 0.435624315446635, 0.708042697362403, -0.15425603219708592, 0.0371542106416949, -0.16069665296950156, 0.4038719968801284, -0.2075642460804939, 0.36538363084666736, 0.3271509942189811, 0.07105028500967661, -0.06223722809646087, 0.024230016281919297, 0.15840486983844188, -0.04188574863233435, -0.08716885065071492, 0.018629241366339606, 0.7423113207083128
1, 2, 0, 0.8893072981505431, 0.08075853156687512, 0.029934170280516967, 2.064744871431655e-12, 0.5684531776505459, -0.5693475708388678, 0.6368389364048004, 0.7422557949375823, -0.11046079103288123, 0.11148826757989978, -0.12456571761402191, 0.2958302494633239, -0.15745371925231447, 0.3939587615987001, 0.18016894670013847, 0.07253157770658358, 0.04060261472371669, -0.01974040582678546, -0.16551680953344297, -0.10454249577142027, 0.021238794416158266, 0.03220030598533578, 0.7423113207083128
2, 2, 0, 0.8893059925908369, 0.08075884289961582, 0.029935164507485297, 2.0620224164135865e-12, 0.5636137762400943, -0.5634883463700062, 0.6321239748175829, 0.7426216233509724, -0.11043913679930699, 0.11149110452329991, -0.12369352831819684, 0.20813596612156093, -0.05880031101013712, 0.2647042134807669, -0.11283570658673732, -0.07603237835252413, -0.1385256263790927, 0.016289850584513033, 0.016125662334277223, -0.08424901371081445, -0.028886171853467014, 0.18209995934962542, 0.7423113207083128
3, 2, 0, 0.8893059662760182, 0.08075886811903042, 0.029935165602889384, 2.0620172304650556e-12, 0.5571380384776983, -0.557541545378818, 0.6248278762294135, 0.7435282814839489, -0.11124034594249088, 0.11055591703016428, -0.12618961744239215, 0.3194300240650581, -0.2745273430606763, 0.29471413737661595, -0.17302092125915478, -0.11661553664872279, 0.08652740967573258, 0.05557417455238959, 0.042125206564686275, 0.10225594289399338, -0.13034335107551726, -0.16902692333830138, 0.7423113207083128
4, 2, 0, 0.8893059663625243, 0.08075886714406096, 0.029935166491352843, 2.061911472547674e-12, 0.5531653988608027, -0.5536773400800582, 0.6177096668212861, 0.7435012244467883, -0.11158978524369015, 0.11257843818351754, -0.1240615482883984, 0.04829568497387573, -0.31634840591200203, 0.26930586636374476, 0.16233853935016035, -0.060176244106709964, 0.03093050369908379, 0.1569105304633307, 0.060771397388559634, -0.144575676614001, 0.11348459174342367, -0.08807294732111401, 0.7423113207083128
5, 2, 0, 0.8893059493682651, 0.08075887955760702, 0.02993517107206572, 2.061906946466394e-12, 0.5461162815951642, -0.5461257238750842, 0.6127207171435625, 0.7413489656909058, -0.11140485764160638, 0.10924070940428365, -0.12664128976596759, 0.34359239517331314, -0.39342664612396555, 0.3382373333633306, -0.040076710107089235, 0.019127488880245173, 0.030259434008796732, -0.09476627199890042, 0.13872240334959757, -0.10631485845346475, 0.08055978102707635, -0.07871223237670218, 0.7423113207083128
6, 2, 0, 0.8893059098001483, 0.08075890864589426, 0.02993518155189558, 2.0618912359720974e-12, 0.542078459577502, -0.540906211574326, 0.6051661573137108, 0.7425148682940865, -0.1117840920410351, 0.11224072332185542, -0.12336126309221665, 0.40086784826425303, -0.11484073941062997, 0.23308848204243998, 0.03360698235886284, 0.05180474488669723, -0.11643649384551322, -0.06454745751954695, 0.0742065900590581, 0.047101372336895195, 0.19544483179253208, -0.02513887941464931, 0.7423113207083128
7, 2, 0, 0.8893059027072233, 0.08075891398477507, 0.02993518330593995, 2.0617497436804274e-12, 0.5348391580808844, -0.5367841850283351, 0.6010646243716582, 0.7413775480861183, -0.1103849916307282, 0.11113628547190475, -0.12234671087519174, 0.16522824467135128, -0.3270916350722098, 0.21405741043754026, -0.0539651869525001, -0.16935324957129352, -0.040308576328996655, -0.10933380400978307, -0.007596123175269831, 0.0686955061441804, 0.052652998165337236, 0.15712820328095484, 0.7423113207083128
8, 2, 0, 0.8893059027494652, 0.08075891267235785, 0.0299351845761151, 2.0617497211333487e-12, 0.5314271900554755, -0.5302981200803167, 0.5949976668469119, 0.7435763387330084, -0.11112382848554321, 0.11098481152281939, -0.12364029529975777, 0.3435955027542322, -0.010572782744355491, 0.3578268967422288, 0.0794998972205427, 0.17833115998476937, -0.04504366074872263, 0.012556544160381511, 0.083035129807696, -0.22769334919399498, 0.006859945432991517, 0.09022822693688771, 0.7423113207083128
9, 2, 0, 0.8893057051083189, 0.0807589528030975, 0.029935342087181058, 1.4026466071031703e-12, 0.5249692408659573, -0.5257437799073901, 0.5885537297959962, 0.7437178640806081, -0.11072606107237663, 0.10935556032650458, -0.12411435402522683, 0.109785089215836, -0.2142945160146919, 0.2125773030417491, 0.17838954254087766, -0.017390742719833492, 0.02976128865294021, 0.040351461904924765, 0.10057781572391497, 0.043346038393286414, 0.13111107560544508, 0.07213115568902134, 0.7423113207083128
10, 2, 0, 0.8893050303889398, 0.08075937996170335, 0.029935589647955136, 1.4017527509395802e-12, 0.5191808392583632, -0.520023051909572, 0.5819773867536038, 0.7425596191012794, -0.11065477602997661, 0.11114702911499748, -0.12254977230695929, 0.22101624833993044, -0.3086682676610031, 0.2731587992669749, 0.012712613369271186, 0.06129677466902811, 0.0740700069088837, 0.004660689762423053, -0.022484477019345927, -0.06398147107567335, -0.07416863578355526, -0.06672517933899207, 0.7423113207083128
11, 2, 0, 0.8893050228516638, 0.08075938058773292, 0.029935596559201604, 1.4017527068498967e-12, 0.513216098763183, -0.5132849343320885, 0.574410024058603, 0.7432345863734244, -0.11017171263334799, 0.11182095813463078, -0.12244920972208422, 0.4088295098427688, -0.33581087035090273, 0.3734096559813927, 0.33040879913621757, 0.08550184425164438, 0.10778154305206664, -0.03824629182069705, 0.13107995914270704, 0.09808087051806703, -0.1150036152888535, 0.08746093229875537, 0.7423113207083128
12, 2, 0, 0.8893049617782379, 0.08075938638490085, 0.02993565183545959, 1.4017192110020974e-12, 0.5085159003883148, -0.507897235689508, 0.5699880524717331, 0.7414464010966099, -0.110476817590123, 0.11116197622742771, -0.12317414658532433, 0.23547499665730925, -0.3080740910093306, 0.43371257929949614, -0.04374427749119748, 0.11158616136254958, -0.11390718052167233, 0.20780148457598968, 0.134033058888614, -0.070827518393302, -0.07534784595858332, 0.030373826611533712, 0.7423113207083128
13, 2, 0, 0.8893040935140615, 0.08075886993648723, 0.02993703654804968, 1.4017252133462298e-12, 0.5028726603428357, -0.5021746887779297, 0.564252786476745, 0.7420962349145435, -0.11129924519019807, 0.1098857019541305, -0.12261046111014799, 0.13722609187342302, -0.2969525434426055, 0.31533664472457906, -0.048116198151440845, 0.06685144771585273, -0.08754689467047758, 0.002489802149551373, -0.04372842897829132, -0.11056828850928771, -0.01924972925815595, 0.054892634909450386, 0.7423113207083128
14, 2, 0, 0.8893040403108385, 0.08075891960909092, 0.029937040078668653, 1.4017251920709281e-12, 0.49736838592409843, -0.4988566011788692, 0.5569629697351285, 0.7414856945560284, -0.11132799275425065, 0.11102956093853729, -0.12464589976785168, 0.3945139390392668, -0.34852799717244887, 0.2928433115573652, -0.0788096800722337, -0.19128789754670592, 0.08016271255688198, -0.2093940308455219, 0.26484135515368623, -0.06836829836040596, -0.09133734200926538, -0.09920424030614472, 0.7423113207083128
15, 2, 0, 0.8893038190630782, 0.08075881040489657, 0.029937370530623515, 1.4017262027962697e-12, 0.4908122140040369, -0.49106870357370164, 0.5503003843599166, 0.7419549288515332, -0.11178757151130754, 0.11102086941084502, -0.12439845303997996, 0.21307573403087873, -0.20257141408392867, 0.4101533995002481, 0.08045134299790427, -0.09000186777709077, -0.2902728849946223, -0.012895538946428744, 0.08911054763605804, -0.07632851251547725, 0.01572258416907041, 0.08964125456529748, 0.7423113207083128
16, 2, 0, 0.8893201856597241, 0.08074168159567995, 0.029938132743196424, 1.3993853328398362e-12, 0.48647022823289454, -0.4874210124561363, 0.5440094569121136, 0.7436017481170158, -0.11221969432728329, 0.11144469541386, -0.12271087900296498, 0.09300553823968698, -0.1317461060120674, 0.2646618147935751, 0.16829159306068392, -0.07784602390066461, -0.10215874133285503, -0.08535514914291527, 0.09633435227769188, -0.002641109177780603, 0.05234133755327695, 0.023708196314612764, 0.7423113207083128
17, 2, 0, 0.8893201870360535, 0.08074167899400421, 0.029938133968544896, 1.397290225811404e-12, 0.4817321355824375, -0.4792868909658544, 0.5369929382251255, 0.7417211211549068, -0.1106079938300119, 0.1108712681275618, -0.12471082104415601, 0.09842037650299244, -0.2709184573105606, 0.21941228252858197, 0.10571663208372253, 0.1350505281601599, 0.04444646574145568, -0.12644988964915, -0.06554403453898175, 0.019659539577678894, 0.025011517650152804, 0.128476413824838, 0.7423113207083128
18, 2, 0, 0.8893163589162442, 0.0807453887864785, 0.029938252295880218, 1.3971024066280639e-12, 0.47355717824585364, -0.47502621268999645, 0.5331581082205674, 0.7417858585468851, -0.11221829760264228, 0.11094346922977563, -0.12466343510153519, 0.20034674169155148, -0.3617704580307982, 0.2043291493133673, -0.05886976129848581, -0.07718788611316967, 0.027694989008728403, -0.00502820751625528, 0.10537885213982756, 0.20379036559055255, -0.11147702419939218, -0.04605397130027437, 0.7423113207083128
19, 2, 0, 0.889316414460652, 0.08074526118100452, 0.029938324356946367, 1.3971042659410912e-12, 0.4705555996391064, -0.46942774795733816, 0.5256563011040114, 0.7422178496447523, -0.11013861324158299, 0.10939292877668942, -0.1246738175707794, 0.18096896840546858, -0.1731062262254191, 0.29581921643264736, 0.07227397113091394, -0.02008294861347052, -0.0463124003163868, 0.0706313949812796, 0.037883207143474686, -0.14912654844525638, 0.141739374438216, -0.2279548869336181, 0.7423113207083128
20, 2, 0, 0.8893163622769947, 0.08074529802998189, 0.029938339691639313, 1.3840441584671472e-12, 0.4637341629550874, -0.4627538545330009, 0.5201604397131315, 0.7421170340341742, -0.10952374329253034, 0.1130009164670985, -0.12514052682491827, 0.12121376368699636, -0.2909097096539054, 0.1698313292843398, -0.008521318619800372, 0.08249971336789257, 0.2315965912212976, 0.08732266426811365, 0.03971522327845049, 0.03218253744864652, -0.041670625451606005, 0.0006256215854305775, 0.7423113207083128
21, 2, 0, 0.8893151121623262, 0.08074559537950982, 0.029939292456780286, 1.3838365953086701e-12, 0.45928503444011426, -0.45769545766726916, 0.5135874410487097, 0.7414712939899182, -0.10980619836119972, 0.11124230294839284, -0.12577015149486667, 0.06426514285244278, -0.306443630025594, 0.38192614053102875, 0.021030757489997144, -0.16479820363597883, 0.08304353419524026, 0.013979359054750451, 0.06509262088537132, -0.01298591684663875, 0.07444123645064302, 0.14251379032169273, 0.7423113207083128
22, 2, 0, 0.8893133423357037, 0.08074623397091296, 0.029940423691999448, 1.3839174146294666e-12, 0.4517375796611892, -0.45245844244367167, 0.5072186916132375, 0.7411168981408716, -0.11009167016241897, 0.11186497314842618, -0.12385044367855598, 0.28323585938562007, -0.267104032181889, 0.256148565389879, 0.00818804460819941, -0.00035797018190390686, 0.03989647928601506, 0.046469907601492166, 0.03135650513828066, -0.041259645375857676, -0.005140286397090627, -0.06675701632228806, 0.7423113207083128
23, 2, 0, 0.8893133364083399, 0.08074623864028206, 0.029940424949994018, 1.3839662417451649e-12, 0.44445056532022253, -0.4466584380961292, 0.500285545984993, 0.7422034048833399, -0.11168260620828645, 0.111013844962497, -0.12411452667382414, 0.454963902224592, -0.3309677365526125, 0.13176633779096725, 0.034033610030859265, -0.0201081022556739, -0.06522370526896176, -0.22318818222957826, 0.0525524998865009, -0.044315992291782055, 0.1136088202499305, 0.07520227975327075, 0.7423113207083128
24, 2, 0, 0.8893127398568244, 0.08074680782017118, 0.029940452321620334, 1.384135788674546e-12, 0.440647244201305, -0.44170725034814007, 0.49594000651694153, 0.7441515912879677, -0.1111655738658291, 0.11297163396768768, -0.12447696357158256, 0.1880094149712072, -0.14331908258203457, 0.2463601131348215, -0.05221250083357467, -0.09049270311535274, -0.09690413349814908, 0.04806637529930777, 0.12672497508119102, 0.19674054643260325, 0.03959691583427573, -0.2087947134853735, 0.7423113207083128
25, 2, 0, 0.8893126557262818, 0.0807468766141794, 0.029940467658154713, 1.3841491590834856e-12, 0.4349872173416121, -0.4379724800640544, 0.48802425611917977, 0.7434557882277415, -0.1114383885489136, 0.11082947510965817, -0.12441502454130945, 0.18019874518786255, -0.26947514956616836, 0.34185015614662617, -0.07195861296962947, 0.0369632385014612, -0.013460567459267093, -0.0740343816459905, -0.08050743292382807, 0.014732610151956973, 0.020583815580213192, 0.020553586794117153, 0.7423113207083128
26, 2, 0, 0.8893115962120786, 0.0807476334798342, 0.029940770306701954, 1.3853111634173426e-12, 0.4287775215050679, -0.4301479735531767, 0.484120754532859, 0.742570122920136, -0.11210453292736448, 0.11115258393365857, -0.12446131753226326, 0.24393128803307026, -0.23576754392539628, 0.27648085261332755, -0.07692788954005714, 0.08104205355031574, -0.037237946672397125, -0.04540290995814294, 0.11865984688064528, -0.12804466469303205, -0.06964568178717914, -0.1616408302003219, 0.7423113207083128
27, 2, 0, 0.8893087380463567, 0.08074992154337768, 0.0299413404088677, 1.3980174569102905e-12, 0.4248432321276939, -0.4251357103989511, 0.4765765623809989, 0.741528144725396, -0.1128905133456822, 0.11008736511519057, -0.12358474386153662, 0.13693676755225773, -0.22128889196334925, 0.22060979004812525, 0.026244079087109122, 0.14002715771592833, 0.1208539578414765, 0.035231929866530134, 0.19260632146270668, 0.07806766583555179, -0.14301005085485444, -0.08764326894662135, 0.7423113207083128
28, 2, 0, 0.889291797199296, 0.08076611059709599, 0.0299420922021916, 1.4164912271491607e-12, 0.417906610607263, -0.419351419147204, 0.47148403377228953, 0.7421998403729021, -0.11110930314103103, 0.11051529126658377, -0.12461203537573566, 0.1842996610036995, -0.2637241330033161, 0.1614819333039335, -0.12720738630770864, -0.0018479644268426707, 0.04217608911820557, 0.06144990332608724, 0.1451078508853556, 0.0999179885975697, -0.08031173523451736, -0.07503272411028182, 0.7423113207083128
29, 2, 0, 0.8892917468545923, 0.08076615657880179, 0.02994209656518941, 1.4164995370819424e-12, 0.4120365827255821, -0.41355236149819896, 0.4632632091854769, 0.7407910198997263, -0.11103624768219729, 0.11014668618913781, -0.12497679609631145, 0.2610085731744689, -0.34516401183405243, 0.3578218811473852, -0.10735029779340363, 0.18172233753148143, 0.004731622577218151, -0.04738323538290768, 0.13374303702469895, 0.15717515190647036, -0.03674959872966175, 0.07638770858587515, 0.7423113207083128
30, 2, 0, 0.8892917184666721, 0.08076616652850035, 0.029942115003405247, 1.4222839698743533e-12, 0.4081849888912591, -0.4081442182574736, 0.4574723380037152, 0.7435494154629608, -0.1124161179968924, 0.11196228914231161, -0.12657435852343554, -0.00525133709411123, -0.18224251481798417, 0.2637081516383089, 0.010178082275083777, -0.058572233356723416, 0.13103933565305295, 0.028247194800194626, 0.1178083883452938, -0.016905244810508556, 0.2497501520516941, 0.12116891375519948, 0.7423113207083128
31, 2, 0, 0.8892916997831458, 0.08076618435780503, 0.029942115857626805, 1.4223528530092836e-12, 0.40336446241179047, -0.4016002774211442, 0.45326766497080007, 0.7450701496491903, -0.10926045887384447, 0.11167410853295667, -0.122563081487622, 0.5289984446745102, -0.16395170514896953, 0.23692587436291013, -0.2251168659061916, -0.08459409083812083, 0.20548943735539466, -0.12946305555244364, 0.17906784010668558, 0.11491957088694497, 0.08523992446778086, 0.09809207785233982, 0.7423113207083128
32, 2, 0, 0.8892915544269984, 0.0807662138242762, 0.029942231747292547, 1.432911819742313e-12, 0.3983330504693032, -0.3967810533541304, 0.44556770434217485, 0.7406390002972503, -0.11081599773020918, 0.11155182385168112, -0.12425163841040623, 0.2010628051210798, -0.0507753475401731, 0.20960322353005445, 0.01225483286943314, 0.11436103278520264, 0.0596019836147505, 0.10953531513683443, 0.19425781106796275, 0.028110709483008412, 0.0007630543094705293, 0.16557078763590588, 0.7423113207083128
33, 2, 0, 0.8892867415724234, 0.08076787549288249, 0.02994538293325912, 1.4350428554318244e-12, 0.3905527449990921, -0.39000951753415003, 0.44045131280787136, 0.7413604769845723, -0.1099233520760338, 0.11005965205347927, -0.1242996591885123, 0.48602306646529403, -0.24037271919635833, 0.268043914220481, -0.002115348969205305, -0.1036401296646231, -0.15579182125048785, 0.0991170743263893, -0.11011943659813446, 0.020880400907567327, -0.2258781539009958, 0.07877271942110561, 0.7423113207083128
34, 2, 0, 0.889286580219471, 0.08076757132840554, 0.029945848450675727, 1.4477580439948598e-12, 0.38623154346033195, -0.38753188614775497, 0.4325527694188741, 0.7435980207740487, -0.11097938573037433, 0.1112717513211741, -0.12295671382693527, 0.1334174472161685, -0.0726942560513503, 0.329330422115534, 0.016084082118954807, -0.011231438634932114, -0.2186375993130248, 0.09328818743847037, 0.14949559161561796, 0.039510401682742335, 0.07211746199662508, 0.20305568925729967, 0.7423113207083128
35, 2, 0, 0.8892866894222724, 0.08076744858899297, 0.029945861987234777, 1.4998113409556817e-12, 0.3809983006030438, -0.3803149009867503, 0.4260844542257159, 0.7428769045495708, -0.11208029507417476, 0.11081127177474726, -0.1247203952831929, 0.06559739854575083, -0.2822906144319742, 0.12920659250752714, 0.025516926031213506, 0.15451560529459238, 0.019116330939558335, -0.051081233415644134, 0.04577020560108193, -0.09519513543504822, 0.11424805544361787, -0.13051234995715816, 0.7423113207083128
36, 2, 0, 0.8892866757192959, 0.08076745450488679, 0.029945869755196437, 2.0620942693801374e-11, 0.374729290735659, -0.372447545674924, 0.41960996567377984, 0.7410180829076476, -0.1093329000640815, 0.10888134121626565, -0.12524682677849386, 0.1245006313410831, -0.1191420768974036, -0.030132417022692648, 0.05572021250438504, -0.1669457855395053, 0.013633175520844074, -0.0679533524529308, 0.057730599399804114, -0.281419263977701, -0.07068103342118494, 0.06999636084495084, 0.7423113207083128
37, 2, 0, 0.8892861124741694, 0.08076794814658286, 0.029945939358590266, 2.065755328525165e-11, 0.370504341900887, -0.36922129669744386, 0.4138124845103267, 0.7432047759464249, -0.11158103550811949, 0.11149171405623223, -0.12378446824864442, 0.18565384986470854, -0.23861633030702162, 0.16935354121369928, -0.057705312046631166, 0.09503384167546515, -0.07199365215058917, 0.03602655364845892, -0.028528069006513855, -0.011134702166288004, 0.060333312869375134, -0.12063372010995059, 0.7423113207083128
38, 2, 0, 0.8892843850697351, 0.08076940819585723, 0.02994620670425153, 3.015621575235219e-11, 0.36451286395644267, -0.3647247907614851, 0.4097413733780817, 0.7422996007585815, -0.10768102186448152, 0.11035851941356112, -0.12462064185900854, 0.13022664960996116, -0.1962524897826318, 0.14019170058224645, 0.0023179742819021353, -0.13365159870519033, -0.055008490198717064, 0.006057054872840424, -0.24268404207119793, 0.1933157941194656, 0.02671008600147684, 0.1361680251491775, 0.7423113207083128
39, 2, 0, 0.8892846918646382, 0.0807690926575001, 0.02994621544535541, 3.2506336352390745e-11, 0.36026405369252223, -0.3595524027688286, 0.40184231970353945, 0.7431305960936256, -0.11269282384621135, 0.11223515854291392, -0.12435643245798447, 0.27457028272347883, -0.11228145417684576, -0.01937660597822908, 0.10719979024728161, 0.07300605422093603, 0.052029531021970776, -0.06870783415171283, -0.07511968069044976, -0.0553233938100301, -0.05985297522068108, -0.07495333815115574, 0.7423113207083128
40, 2, 0, 0.8892845887421532, 0.08076913835909988, 0.02994627286599834, 3.274858422909102e-11, 0.3544782265689659, -0.352515717256383, 0.39569008140626505, 0.7416504063593842, -0.11210703911244821, 0.11137595360928176, -0.12528509692516812, 0.13636210126242823, -0.251988046961763, 0.26723346919573115, -0.06889478567407833, 0.0812618943281072, 0.04886971217791374, -0.06657636116431388, 0.09593375803312416, -0.11424732528083599, -0.08322465405348098, 0.20094085074354234, 0.7423113207083128
41, 2, 0, 0.8892688283745986, 0.08077981636298476, 0.029951355197520263, 6.489636628531872e-11, 0.34724914954932184, -0.34761789875447546, 0.3897835836053316, 0.7418685224580839, -0.11143387756440715, 0.11213911725680066, -0.12652953979818987, 0.11676961137888861, -0.09520569756196569, 0.06345076683542969, 0.0002670135566214454, 0.098706501067751, 0.055805088299823724, 0.15848286911336645, -0.02198117940045663, 0.014238522111841765, -0.09056898704886106, -0.054411132715268574, 0.7423113207083128
42, 2, 0, 0.8892675992276953, 0.08078102708044592, 0.0299513736082179, 8.364092879270635e-11, 0.34321966382988667, -0.34344877690730424, 0.3826029010199325, 0.7415933818544639, -0.11086396466180355, 0.11163718122117476, -0.12303733234937857, 0.21149138167066392, -0.10513562741444671, 0.17434946866257203, -0.031586286703747496, -0.10478996867757957, 0.0635772499209028, -0.24421302178925974, 0.05661665050929392, -0.02426389591247944, 0.04177844316798633, -0.16941051090208872, 0.7423113207083128
43, 2, 0, 0.8892588991594956, 0.08078872889749075, 0.02995237184253977, 1.0047393115790276e-10, 0.3344614045383865, -0.3367102525669825, 0.37594873916230875, 0.7437366554839313, -0.11138119810653017, 0.11032268479310699, -0.12632660233061124, 0.21557580048142516, -0.11823007837130009, 0.19195677950193843, -0.10907210165530182, -0.01164530496015958, -0.0540609829317603, 0.027155061712415655, 0.12299554986087728, 0.041899165830182966, -0.14616244540134643, 0.014705193081766006, 0.7423113207083128
44, 2, 0, 0.8892579138721758, 0.08078881104069136, 0.02995327498560654, 1.0152631809684493e-10, 0.33073535961241407, -0.3313545342133599, 0.37076780775007456, 0.741303808940003, -0.11161456534132655, 0.11074317386828539, -0.12393527590333986, 0.2063021637539563, -0.02998858927753705, 0.21013431834208016, 0.22308938850059415, 0.1492443474775944, 0.00372169927471941, 0.13002525520612576, 0.2329185338659819, 0.06898522606593327, 0.055702620857766935, -0.009451272922750146, 0.7423113207083128
45, 2, 0, 0.8892578173878711, 0.08078890329687358, 0.029953279188374635, 1.2688061540724604e-10, 0.325073074050192, -0.3249296699795399, 0.3630191505388891, 0.7421971292808844, -0.10971067479018289, 0.10857706437011379, -0.12335515721476911, 0.07438649389817933, -0.24733081451539726, 0.025273816232276935, -0.1363064050879893, 0.009421967842423799, -0.10828410453563793, -0.08292354535794837, -0.11644535326469332, 0.13102010915854184, -0.006284569586879831, 0.18362263396596684, 0.7423113207083128
46, 2, 0, 0.8892567114632633, 0.08078877543242019, 0.029954512958752302, 1.4556419961966614e-10, 0.31906583003846084, -0.31963272221564754, 0.35867617702411037, 0.7407912280939567, -0.10965544271914937, 0.10996401423083058, -0.12464370963100677, 0.044412033446537436, -0.11122718539590729, 0.2907025577935488, -0.027140943112378368, -0.00848119965960501, -0.18163028078824775, 0.01962966848114875, 0.11783397693367323, -0.01805218647719215, 0.16981797259479606, 0.04680702420384569, 0.7423113207083128
47, 2, 0, 0.8892566383453878, 0.080788841035572, 0.02995452030241391, 3.1662641338773976e-10, 0.31303388284354655, -0.31235082496247357, 0.3509893171529247, 0.7417310928165659, -0.11057356620766864, 0.11033221533121074, -0.12400870274324305, 0.17959067704685086, -0.07156201976438188, -0.13336374187355254, -0.03719101385721588, -0.12280472009094649, -0.29072360350383786, -0.018531807670679714, -0.09461655514374842, 0.021840863500995452, -0.018599642783135577, 0.0728762240811339, 0.7423113207083128
48, 2, 0, 0.8892564325181388, 0.08078849638013362, 0.029955070784989435, 3.1673823387483086e-10, 0.30735752327914845, -0.3080831553642039, 0.346079438792137, 0.7413547551242279, -0.108958942131967, 0.11073801702414196, -0.12418886669053597, 0.29929668391164094, -0.01217962364799039, 0.31267075887089596, 0.060096359288503966, -0.002327920728112904, -0.17414208119326724, 0.09599292184700028, 0.030101945775821048, 0.025161411965404584, -0.007432441381200458, -0.14845619971204513, 0.7423113207083128
49, 2, 0, 0.8892557168887385, 0.08078820361814092, 0.029956079170040124, 3.2308046096245904e-10, 0.3035986052954101, -0.30094459070500523, 0.3381842596724376, 0.7420062077760438, -0.10974988623552118, 0.11033506034142164, -0.12336355924224099, 0.038925080575634506, -0.0734691953606032, 0.2732756844944224, -0.011418618724872626, -0.03543812090752774, 0.1295343211389164, 0.11475128165439122, -0.02524701501680946, -0.09679137876801945, 0.056371613234607675, 0.09094554442601724, 0.7423113207083128
50, 2, 0, 0.889248396337539, 0.08079536142356061, 0.029956241571739876, 6.671605203322659e-10, 0.29733745246180854, -0.298137610109481, 0.33299877810790224, 0.7426051927489493, -0.10922657338861896, 0.11190552634378444, -0.12432393449435389, 0.16128198110795333, -0.1649006856427615, 0.06473279120568924, -0.14990913819257198, 0.041801281471924114, -0.12321321508676257, 0.05886860445702715, 0.19999537006936308, 0.13727270965341296, 0.1882678483514525, -0.03807446445031951, 0.7423113207083128
51, 2, 0, 0.8892480890585673, 0.08079561476276396, 0.029956295230263122, 9.484055357031338e-10, 0.2914982122969919, -0.2900119425939246, 0.3290759386431125, 0.7405093662274685, -0.11067100393342615, 0.11044265513769487, -0.12422127773959332, -0.15485259034141957, 0.0058264579981690545, 0.14531799081472047, -0.1756327346973787, -0.04468542401127207, -0.2208757989862562, -0.11353984581254886, 0.07373960425695454, -0.038947091667914616, -0.09197325020153146, -0.05827135255432599, 0.7423113207083128
52, 2, 0, 0.8892470692769076, 0.08079657057128298, 0.02995635764482634, 2.5069830067327354e-09, 0.2855271852709191, -0.28614602410688794, 0.3223020998071955, 0.7428532431874308, -0.11099471580782286, 0.11177952949888743, -0.12379308536909636, 0.27404533969705397, -0.0009060214680208789, 0.0436785541462966, -0.02510870169996422, -0.1450235439973535, -0.09184064366786307, -0.11649242726707468, 0.15220277811118627, 0.02561319667208046, 0.044401625196271347, 0.001613886334662942, 0.7423113207083128
53, 2, 0, 0.8892470332234421, 0.08079660356872646, 0.029956360698350205, 2.5094812693412912e-09, 0.28182862700089817, -0.28019538984777237, 0.3139078081313784, 0.7408036263450614, -0.1122987224976008, 0.11261107389674171, -0.12352460782817618, 0.30319401942707797, -0.23804507087841884, 0.0686270845037764, -0.07690481697984668, 0.05113111511596817, 0.05442160049371557, 0.03066065936605119, 0.07501436157543448, 0.03988113554683652, 0.19214836009276187, 0.02459741977218656, 0.7423113207083128
54, 2, 0, 0.8890622067929296, 0.08085855865075914, 0.030079230969451663, 3.5868595903059578e-09, 0.2758315308999178, -0.27513208919067095, 0.30737065429271626, 0.7429063165001359, -0.11132732312762168, 0.11097923148255011, -0.12590489083564546, 0.24138981369143364, -0.11098657542097161, 0.2872495482118717, 0.10875147544551853, -0.054474426539227495, 0.01663170219242136, 0.08704439132589377, 0.035936608106377096, 0.06863068747435588, -0.10372886108584092, 0.08767687927574982, 0.7423113207083128
55, 2, 0, 0.8890622221471856, 0.0808584441146272, 0.03007933015123991, 3.5869474530504154e-09, 0.270031912657148, -0.270538939642297, 0.30226532273276513, 0.7402475005267385, -0.11121776134308684, 0.11042895735590993, -0.12464840683671477, 0.09740016567214962, -0.28351802060863396, 0.23131072484543364, 0.04921952917567638, 0.20781271780876134, -0.16546962701854911, 0.12245604541831256, 0.2006741517921104, -0.054780626040858794, 0.15625042612940873, -0.16072056411578808, 0.7423113207083128
56, 2, 0, 0.8890622182916738, 0.08085844789979166, 0.030079330216933854, 3.5916007377136805e-09, 0.2667028262239993, -0.265149659055277, 0.2965896843049044, 0.7430627976394747, -0.10911951370211939, 0.11137810196808844, -0.1257750084834129, 0.1246605839404665, -0.32333749868815176, -0.008718126005544714, -0.0929055880878126, 0.0518780641433433, -0.030361256964582556, -0.07258734559585438, 0.1897248896105917, -0.054219445528072355, 0.28257008490000135, -0.1031419068516927, 0.7423113207083128
57, 2, 0, 0.8890123877453303, 0.080904208872613, 0.030083310464072244, 9.291798451634005e-08, 0.25741779575169754, -0.2603694943701911, 0.29021750637861354, 0.7439776290239812, -0.11101097236718098, 0.11024838602101046, -0.12577703075301577, 0.2995699911524051, -0.09756406822163126, 0.09961171394940918, 0.0022282380467680803, 0.038038799663629747, -0.000904272464720974, -0.1347857214313671, 0.10833473832833188, -0.08687146804088783, -0.07092925906617693, -0.047806916623976216, 0.7423113207083128
58, 2, 0, 0.889054465498462, 0.08082649566790492, 0.030118922729263958, 1.1610436918014572e-07, 0.25341204069545115, -0.253597726996234, 0.28371118929907496, 0.7407936593626381, -0.11037356828455216, 0.11031614894115264, -0.12341624231004052, 0.12647724607657448, -0.0965471670509788, 0.2136674734607355, 0.039897348183982, 0.06343684417204856, -0.018103096162228202, -0.013089924284334592, 0.07885674615158413, -0.08539714794482464, -0.01941672053139063, -0.13497855660743022, 0.7423113207083128
59, 2, 0, 0.8890983193113915, 0.080767390557919, 0.030134105249023428, 1.8488166588819314e-07, 0.2450679470873396, -0.24844306068537766, 0.27618587314123544, 0.7417190462064681, -0.11245973622608078, 0.11139579519195622, -0.12417246611268998, 0.1348364804595445, -0.10166569442443874, 0.167911744154071, 0.09161742676148502, -0.07773309120546738, 0.03057635789993835, -0.025070909171755217, 0.01802960813493113, -0.20502192983276712, -0.037832928107112834, -0.11849760576719578, 0.7423113207083128
60, 2, 0, 0.8890096539689971, 0.08080797580876492, 0.030182184991635212, 1.8523060282035941e-07, 0.24094940511030533, -0.24336759443203948, 0.2720638937456258, 0.7422112191455037, -0.1100569754425019, 0.11007861757726978, -0.12431897445628828, 0.260601233538644, -0.12285626012285229, 0.2879596074479637, -0.02416610388648202, -0.07193476112770028, -0.11015870245683648, 0.13224980438705053, 0.032339680881232624, -0.024430587336020014, -0.10078317118985372, 0.012096200958264592, 0.7423113207083128
61, 2, 0, 0.889006912493362, 0.08081004937565744, 0.030182852215847315, 1.8591513336987506e-07, 0.23518541465037832, -0.2363178686542282, 0.2647392297443085, 0.7422376922917991, -0.10986248239310112, 0.11111203010827811, -0.12197234991677423, 0.08135203580788188, -0.01359316412480458, 0.15500404731924333, -0.16086802352902324, -0.10687527582163658, -0.05805690154918066, 0.1618384314244893, 0.04116705622777052, 0.11859495956563197, 0.037779578261362814, 0.11584042597152897, 0.7423113207083128
62, 2, 0, 0.8890075184816644, 0.0808084973184359, 0.030183690295204783, 2.9390469499572554e-07, 0.22999256806871454, -0.2292952313351831, 0.2595881281560265, 0.7435498426410281, -0.11155811589295495, 0.1111714736614717, -0.12221212181569414, -0.015445693490747248, -0.06411166641561959, -0.00267919444982756, 0.06027757377176818, -0.09931543339094193, -0.09000698456074198, 0.06267843960730321, -0.03348190674064224, -0.18140456079101183, -0.16066710548473587, 0.08499944867641673, 0.7423113207083128
63, 2, 0, 0.8889905279826561, 0.08082166213589463, 0.030186683129998188, 1.1267514509844393e-06, 0.22488135721239608, -0.2251362061458432, 0.25065427807246965, 0.7428860322500632, -0.11241852442349043, 0.11029392458800129, -0.12342140484030036, 0.0635217991572224, 0.13316248903507807, 0.018594635690158512, 0.0140203135434158, 0.07959505927973146, -0.04209791182693307, -0.029429584399560827, 0.08182484868240875, 0.06588019325195839, -0.026623552475457158, 0.00542280681067376, 0.7423113207083128
64, 2, 0, 0.8889904621504582, 0.0808216692714384, 0.030186741825341017, 1.1267527624768805e-06, 0.21840834215582622, -0.21972652356555572, 0.2454196888342668, 0.7423958715804255, -0.11165268021816895, 0.11023331611686289, -0.12397060664304474, -0.015321589837483173, -0.2444060175213222, 0.24577995210732814, 0.02810306333063465, 0.040560022565441486, 0.010255698594388227, 0.16175814997774146, 0.06539799422705836, -8.642442194110624e-05, -0.014333729825720575, 0.1774916810932145, 0.7423113207083128
65, 2, 0, 0.8880915833016745, 0.0814375470478026, 0.030466361280422204, 4.508370100695657e-06, 0.2142947664091716, -0.21480492797872458, 0.24097859280126435, 0.7432778235977577, -0.11066532848717751, 0.11107257905279162, -0.12320155914230083, 0.14214577293261024, -0.0970197068574565, 0.1453866367040855, -0.01885875439054048, -0.10634401586331257, 0.1013566390635338, 0.028494226813838293, 0.08415503624843867, -0.029785390230130153, 0.04652593300996731, 0.07580997247000892, 0.7423113207083128
66, 2, 0, 0.8881499429151126, 0.08136130817526785, 0.030484107423055958, 4.641486563614162e-06, 0.20923929271011743, -0.20828420867419667, 0.2365334023351069, 0.7436532679041409, -0.11028144435249683, 0.11164068513786314, -0.12362706859586645, 0.022962221721663033, -0.05945995913729831, 0.1663763534300016, 0.07430604420783253, 0.1675722356567913, -0.059601341698033716, 0.043334133841861834, 0.1221577243746527, 0.045441900535504356, -0.0824425514458867, -0.05658840254114537, 0.7423113207083128
67, 2, 0, 0.887839797398098, 0.0816600940794169, 0.030493185043434932, 6.923479050209506e-06, 0.20371956940371883, -0.20197046611483885, 0.22812259041103072, 0.7432918461633381, -0.10983790105076403, 0.11174157851583581, -0.12261607333988611, 0.13622748810197072, -0.06769473573803507, 0.1448518352312369, 0.044385972774055905, 0.1085424234685051, -0.12063522596974799, -0.1168153657167131, 0.23921304887763437, 0.08409713205926425, 0.024286370703471002, -0.10838349296601806, 0.7423113207083128
68, 2, 0, 0.8877091956670554, 0.08177019498221043, 0.030504627739590114, 1.598161114412798e-05, 0.20017457012520712, -0.19626599652900656, 0.22003844498582348, 0.7429363650060801, -0.1091962851212368, 0.11045300523834287, -0.12582305660397158, 0.034831556929531285, -0.10216493687869502, 0.024471959984624668, 0.022810460478222015, -0.12247645291127358, -0.16269737935326803, -0.06941702870583698, 0.2020320888603528, -0.06799752905476195, -0.014395952114905583, -0.06746239839344495, 0.7423113207083128
69, 2, 0, 0.8877135959001575, 0.08176564109634081, 0.030504780948444284, 1.598205505743385e-05, 0.19128329402476535, -0.19105468591139085, 0.21534697200113379, 0.7424485572226992, -0.10999539739746853, 0.1105656776436433, -0.12457687381997766, 0.056535063570330876, -0.10114929421214088, 0.13336255089965837, 0.15300485969072306, 0.024380728445819937, 0.07177368021813846, 0.08376122828170547, -0.006705940493768747, -0.06326631532042011, -0.08948103317371733, -0.21368842768509455, 0.7423113207083128
70, 2, 0, 0.8877003572397051, 0.08177626989859889, 0.030507388439246306, 1.5984422449811743e-05, 0.18794802237070246, -0.1866966700695321, 0.2088903559661604, 0.7423140611262606, -0.11154091556158881, 0.10942233399058614, -0.12268768771663696, 0.23693034380797706, -0.19938524418863585, 0.20113163556377928, 0.006772751750653344, -0.018830145178031325, -0.09279468358814848, 0.029760365838491294, -0.03390072568602949, -0.12390129534188496, -0.05133222112864559, -0.18766716861074761, 0.7423113207083128
71, 2, 0, 0.8876968577253744, 0.08177758030358907, 0.030509185636814574, 1.6376334221974786e-05, 0.1808226380708094, -0.18073331785958102, 0.2039864480788965, 0.7409252054416707, -0.11167729446899619, 0.11117381785357779, -0.12370731744273973, 0.08282238990574137, 0.02198264895183295, 0.2509490782946232, 0.022771066429048283, -0.14114866678925767, 0.012286037452317, -0.057702731652194236, -0.05319796977312437, -0.031898082259125264, 0.24468021928400704, 0.12199323308836171, 0.7423113207083128
72, 2, 0, 0.8876853273610672, 0.08177976734496435, 0.03050931363130525, 2.5591662663125415e-05, 0.1757409451813898, -0.17412050569429666, 0.19516895916542168, 0.7427370082914366, -0.11091777614288142, 0.11256878821737207, -0.12234931753461682, 0.06732861286421335, -0.15095249469787547, -0.10360876618169676, 0.03541082471246358, 0.023770842125760253, -0.15782967607073695, -0.12894118231044824, -0.13412694977238254, 0.029187980055594094, 0.10378446729742971, 0.11094838210382622, 0.7423113207083128
73, 2, 0, 0.8876853728743702, 0.0817797170442613, 0.03050931601288608, 2.5594068482422657e-05, 0.1702548818925396, -0.1705048928830467, 0.19002993873972168, 0.7427730952345908, -0.11078825184312402, 0.11180354256648442, -0.12713408836221596, -0.02545032413807523, -0.21808756074502803, 0.20799477302936129, -0.017056028872488374, -0.038339528391711286, 0.16801867348009472, -0.19981255585428112, 0.28715284746769515, -0.06804806880689442, -0.05572691841543763, 0.04084484335600455, 0.7423113207083128
74, 2, 0, 0.887619879116472, 0.08183583965391615, 0.03051257490329804, 3.170632631377892e-05, 0.16375876802433773, -0.16386853287682468, 0.1854252478877645, 0.7417334063546104, -0.1112645035075572, 0.10775164411663289, -0.1271614865402229, 0.06919637974160356, -0.12936673523682476, 0.11261613460438329, 0.01673194847524272, 0.10596567410257647, 0.09536913381517453, -0.030218915544691815, 0.2605347057053999, 0.08336999660413501, 0.21889495144337615, 0.002603520010908654, 0.7423113207083128
75, 2, 0, 0.8859054711747135, 0.0833161647653844, 0.030679870380171437, 9.849367973066305e-05, 0.155760999736362, -0.15834270670619177, 0.17753939690672024, 0.7406645601808884, -0.1091044377490024, 0.11196444688307813, -0.12413267212857215, 0.04986372185571087, -0.06698045871827872, -0.013299492813797387, 0.05926147585726922, 0.10913468882573182, 0.05909864267130201, 0.06722188451585479, -0.09792802708354428, -0.018258535799939322, -0.02551023228433596, -0.09080651893919035, 0.7423113207083128
76, 2, 0, 0.8859045061838716, 0.08331699366910544, 0.03067995048012119, 9.854966690180519e-05, 0.15453516311748455, -0.1526857465797872, 0.17194449866726275, 0.7429452794423363, -0.11191852344043347, 0.11161219673226512, -0.12590845415443158, 0.13579354101491795, -0.19112073909018848, 0.05163643574814175, -0.1220780629902229, 0.06910701870570059, -0.14345187146073396, 0.0908684755221949, 0.14824722495925763, -0.07271682624514651, 0.29119703557104437, -0.0052474894605602, 0.7423113207083128
77, 2, 0, 0.8859042716434903, 0.08331712016438718, 0.030679954677176442, 9.865351494604948e-05, 0.14552631074801933, -0.14812883852002365, 0.16384721539102287, 0.7435148294445757, -0.11226069776479768, 0.11029982669163252, -0.12353547711257593, 0.09153779085322772, -0.1758547018709009, -0.060644170653657424, -0.15377205404364078, 0.07300332383846705, -0.06815100340426493, -0.0017293980328866969, -0.025247553814870927, -0.09269976521832075, -0.07326217785471753, 0.15821184263241467, 0.7423113207083128
78, 2, 0, 0.885743476649885, 0.08342163112654064, 0.030697240047779618, 0.00013765217579467733, 0.14353472362791692, -0.1424195415509598, 0.15821138057805628, 0.742108605830718, -0.11086836553378207, 0.11027413676026791, -0.12413799544523323, 0.12514420651004418, -0.03128254130889857, 0.1188727529272677, 0.008007897512458256, 0.011677540629841348, -0.05306818793136795, -0.03662307815972919, 0.023063397081421806, 0.11412285670063609, 0.02722226726136483, 0.14072619080631774, 0.7423113207083128
79, 2, 0, 0.8843097863395176, 0.08439673396847944, 0.031066877165903926, 0.00022660252609893586, 0.13473737774016287, -0.13621936568040338, 0.15352663837427458, 0.7438774561134578, -0.10949011728804534, 0.11029097261339156, -0.12386656883642873, 0.07520341395721618, -0.031105494701410902, 0.1004686470721956, 0.1306847783375425, -0.06621565638188281, 0.04704286126651836, 0.033775056036074516, 0.07753999113831782, -0.011833162492920301, -0.08235563190919996, -0.05553482692712038, 0.7423113207083128
80, 2, 0, 0.8843048033587962, 0.08440105516729726, 0.03106740506684694, 0.0002267364070595772, 0.1302217212489617, -0.1310131547706809, 0.14688674878772873, 0.7428184515496631, -0.10942323488829057, 0.1101463840138378, -0.12377095953162365, 0.06552348583732531, 0.046714087924955426, -0.04420791355018709, -0.12226221270432396, -0.0698344111899086, 0.005410330142490936, 0.19790732584802145, 0.16241277564933393, -0.001515408405267006, -0.10894325327318266, -0.004627634864452558, 0.7423113207083128
81, 2, 0, 0.8843022518481544, 0.08440262141937321, 0.031068255549215284, 0.0002268711832571226, 0.12667229086369813, -0.12467439701934244, 0.14081943913840717, 0.7437589290246309, -0.10791224814226481, 0.11085843538990847, -0.12391847253552901, 0.2118941391691386, -0.07655034542107239, 0.04834867147333928, -0.13404578535484823, 2.7838652572456867e-05, 0.06936529331503563, 0.13443669903505803, 0.12550741242355562, -0.18754557703858263, -0.04692545344969303, 0.05085831164213991, 0.7423113207083128
82, 2, 0, 0.884285280981398, 0.08441831896148437, 0.031068547118396957, 0.00022785293872070703, 0.11978779395021837, -0.12055146481117873, 0.13320613754135474, 0.7427886641277033, -0.11267020323854327, 0.11224005653387732, -0.12412088191159601, 0.018586714551841122, -0.3557666057273088, 0.05630048513821142, 0.0018912437066641613, 0.002804652981174505, -0.13230629242233322, -0.11590701384398554, 0.058418860464782604, 0.14953941672242083, 0.08912741706371477, 0.05050373720267916, 0.7423113207083128
83, 2, 0, 0.8842828069303359, 0.08441924626987644, 0.031070089288784068, 0.00022785751100367867, 0.1143306904325619, -0.11648154389904808, 0.12838413681776079, 0.742534225570323, -0.11086695390818371, 0.11193638340470431, -0.12507069061331114, 0.13945736952905588, -0.10733108628891012, 0.12355616107518719, 0.26342821857226817, 0.10500152680757817, -0.14932180166366454, 0.20309835792081973, 0.1221060020389323, 0.05755500940145677, -0.026142988840192803, -0.09289159710074493, 0.7423113207083128
84, 2, 0, 0.8843300700429136, 0.08441950077963055, 0.031019367591884204, 0.0002310615855716189, 0.10745262651890848, -0.10937925103555797, 0.12105151205656302, 0.7437029303753611, -0.11124277182542468, 0.1103494214174282, -0.12169280731520934, 0.12297802957010848, -0.15586807410881276, -0.04488003658277954, 0.28458456532922827, 0.1318200839085474, -0.1897945403040357, 0.008750371387539852, 0.003258042135922723, 0.1583484126216717, -0.21081609675405155, 0.1355196465313821, 0.7423113207083128
85, 2, 0, 0.884301575277828, 0.08443336083457931, 0.03103130020389513, 0.00023376368369752208, 0.10390428632884847, -0.10286925203648503, 0.1160236496752022, 0.7409431106891937, -0.1103441552878575, 0.11271561048851612, -0.1250277159595002, 0.10859608028335763, -0.0008937351520397763, 0.16401639544054283, -0.041964547247589225, 0.05563285726526081, -0.04586644218771933, 0.018828656023701158, 0.06745372234048308, 0.02573776472284301, -0.02709898744337804, -0.15217838278996035, 0.7423113207083128
86, 2, 0, 0.8843015606281767, 0.08443337582364009, 0.03103129844116455, 0.00023376510701874885, 0.09748957503760008, -0.09789830652598484, 0.11107401791621326, 0.7423665264163174, -0.111235302701209, 0.11049739196393202, -0.12423375338760514, 0.16442451309437162, -0.2067633429047052, 0.04476259891728843, -0.29140927003968364, -0.11440555162914434, 0.13395571159843705, -0.16826046411585932, 0.07364494922844614, 0.12500451470396312, -0.04892240033861903, 0.014774329706223315, 0.7423113207083128
87, 2, 0, 0.8834815887752863, 0.08501801230633793, 0.031109784866423365, 0.00039061405195248535, 0.09370731454586044, -0.09196862280187552, 0.10375196884395241, 0.7431407068272978, -0.11227989572096853, 0.11139317947192699, -0.12500995546515753, -0.0013499960824411461, -0.16730077554021358, 0.19605248796621552, 0.022276167175873978, -0.1651964854245, -0.05728064899981977, -0.1005514946519858, 0.2146089273120289, -0.019424024473182616, 0.13415447973909475, 0.010738711092991283, 0.7423113207083128
88, 2, 0, 0.8827792873850613, 0.08518004229281217, 0.031117217173702163, 0.0009234531484242484, 0.08750775677477272, -0.086312801406767, 0.09755384617838833, 0.742730919213993, -0.10894691482747987, 0.11172548162715941, -0.12551600893790382, 0.04681391361297248, -0.14017158828530013, 0.0013577658032981554, 0.051986990810661306, -0.28673629698531383, 0.09276797322777727, -0.07310012225753057, 0.12582561939289483, 0.04168802781928089, -0.04294354875831633, 0.06369549814085508, 0.7423113207083128
89, 2, 0, 0.8827793106901205, 0.0851812649156319, 0.031116901960372163, 0.0009225224338754439, 0.07954409539057442, -0.07924191188337412, 0.09102167210439302, 0.7429145669649138, -0.11213073878791135, 0.11019903645343261, -0.1245844452122942, -0.06374638387435672, -0.018158566933325848, 0.09404822645807376, -0.2055740166050946, 0.23371090181304593, -0.039765596723199695, -0.040873699853598955, 0.14284596931393445, -0.0034266210707012065, 0.005997206777253787, -0.05590210735983743, 0.7423113207083128
90, 2, 0, 0.8806331420518018, 0.0852078920976109, 0.03111718225516488, 0.0030417835954224502, 0.07582393629877263, -0.07493098768289333, 0.08420715645221823, 0.7429160141042953, -0.11192579643943021, 0.11127830632792728, -0.12441820226296965, 0.04404748172390713, 0.1429714460714775, -0.036779101936747126, 0.05972079048428088, -0.02016653546276614, -0.03122501615043602, -0.08644240579723952, 0.16020303836846517, -0.164611653517646, 0.08258686114741803, 0.06631607175840432, 0.7423113207083128
91, 2, 0, 0.8800564637378953, 0.08541296120752562, 0.031223788250444976, 0.0033067868041341017, 0.0694881075809333, -0.06955633386096366, 0.0784055451272113, 0.742299122771626, -0.11022009485415185, 0.11100225394146042, -0.12278942487843188, 0.03241041336829835, -0.06924046543088438, -0.05034449868594937, 0.1659669672130943, -0.08081099345794186, -0.05025942788581541, 0.14759458058530128, 0.010909758746267595, -0.02761255663588479, 0.14657822306470866, -0.030427315885345113, 0.7423113207083128
92, 2, 0, 0.8791676869922788, 0.08593411042483005, 0.031246725100541668, 0.003651477482349555, 0.06493378639523587, -0.06363931044469524, 0.07282691471728225, 0.7429060242499133, -0.11012127966388116, 0.11041446659304241, -0.12415951600093614, -0.02084879029777653, 0.18224098256630683, -0.012795900781882414, 0.07693860998116019, -0.05945928890216443, -0.01818994583490275, 0.042594325919270266, 0.00042291438265951165, 0.1038091215310766, 0.08842537204101497, -0.06568466269513151, 0.7423113207083128
93, 2, 0, 0.878766233285768, 0.08596957926503725, 0.03088282521151253, 0.004381362237682261, 0.0602868932631029, -0.05952329773846173, 0.0655925166210653, 0.7433438377322262, -0.11280999567573077, 0.11083343860195313, -0.1254498539105876, -0.030316028270723817, -0.10678994521102984, -0.0022394061333611214, 0.03722752235422997, -0.10275829251683415, -0.049090729863226046, -0.10248394776071082, 0.10217665489620524, -0.08729346266821204, -0.006968654695764033, 0.06873730543979689, 0.7423113207083128
94, 2, 0, 0.8786904667270743, 0.08604003379286512, 0.03086019148311631, 0.004409307996944117, 0.05215400232187219, -0.05599830279500566, 0.0610662899002342, 0.7431019113336388, -0.11150853606775671, 0.1110273372277664, -0.12462104199399053, 0.04675459490750069, -0.07591056999724659, 0.09683431275686734, -0.19145872290174673, -0.04668635474854988, -0.19086820996213588, -0.06677061281749978, -0.02029677773710281, 0.04272488504936372, -0.0008843389985139421, -0.0020425198518372783, 0.7423113207083128
95, 2, 0, 0.8786854428852702, 0.08604350032077791, 0.030820239772593464, 0.004450817021358416, 0.0466203610848444, -0.048789599894804685, 0.05402015443735638, 0.7419257421608998, -0.11073639969257099, 0.11045751548577376, -0.12499997065468652, 0.025315094104883307, -0.11314225286374828, -0.016379963188974344, 0.06462536829717189, 0.0992369100489367, 0.11651476907356165, -0.05787423309683769, 0.04939754806145073, 0.04608171142916183, 0.11295840650820596, 0.03535308083483575, 0.7423113207083128
96, 2, 0, 0.8553425544179928, 0.08627341344459222, 0.0308754726611281, 0.027508559476286918, 0.04348214739303291, -0.04059275018159921, 0.04884960078536564, 0.7418510001503285, -0.11069923043566651, 0.11120738047585695, -0.12444773602436972, -0.02972161217669823, -0.03322824782181385, -0.02942263435127316, 0.124966813219726, -0.05967424762129757, -0.08627281512975235, -0.01793522292003542, -0.04352954148239367, -0.13248714964828986, 0.07185106992531262, 0.12491135566042097, 0.7423113207083128
97, 2, 0, 0.8548424110148004, 0.08662031329017762, 0.030407362086576177, 0.028129913608445876, 0.037407621194669005, -0.03709612697124244, 0.04156621290223179, 0.7414509541727039, -0.11258525192198368, 0.1120039197882087, -0.12309735202766395, -0.0615018100760187, -0.07040098524989549, 0.07134578478572705, -0.03599207650069451, 0.018795639484342142, -0.03695773799319608, -0.018541807403766528, 0.1975185556458574, 0.04152677112104352, 0.10101390947607805, 0.018098568064017793, 0.7423113207083128
98, 2, 0, 0.8542044669428138, 0.08671966555341452, 0.030265113727563384, 0.028810753776208342, 0.03170496084142248, -0.031162643217076614, 0.03637778092656942, 0.7438229722487238, -0.11137372886130022, 0.11163226147512653, -0.12423383342886178, -0.10814279239670765, -0.01389288321362507, -0.15601404577026584, 0.0689284383255448, 0.09803213508782721, 0.04649410606654339, 0.01977693141867522, 0.050341930360216655, 0.10729305051346583, 0.04797759542141737, -0.030869248665843858, 0.7423113207083128
99, 2, 0, 0.8538584831859575, 0.08698334750580618, 0.029873598839324517, 0.029284570468911846, 0.02659420914663165, -0.026212348470243407, 0.02894835940957368, 0.7412311847269198, -0.11094970144959179, 0.10970537341624635, -0.12428524786452333, -0.07317124692290602, 0.061140065472951165, 0.0413878470436473, -0.033842770628955535, 0.029077886911280472, 0.07128787219261619, -0.09813578037416369, 0.03627298243319501, 0.2081076710021959, -0.0359527727801414, -0.09438840862907721, 0.7323617587435831
