t, Event, Policy, P(still), P(random), P(reach), P(transport), o(t), s_a 
0, 2, 1, 0.7647010684013367, 0.22178566455841064, 0.010935320518910885, 0.002578010316938162, 0.558145101927544, -0.6420954179562626, 0.7129669538590819, 0.7114092875402436, 0.13348282497321837, 0.16412686216074998, -0.0590098817529666, 0.3098500126367282, -0.293591935713602, 0.2576802259889789, 0.08106383507091226, -0.03676358915332302, 0.07666415489498431, -0.10682848519249714, 0.08722477927473367, 0.06174437417245263, -0.07677242842033705, -0.04830773250559196, 0.5753298889782547
1, 2, 1, 0.7647008531843196, 0.22178581090190214, 0.010935325484067152, 0.0025780104297112127, 0.5340923822764794, -0.5394280682120272, 0.5046614592899001, 0.5362476460822168, -0.07029580150663875, 0.0905185995012646, 0.02993026565912249, 0.4061632210004461, -0.4330461570735979, 0.35090645550203, 0.024770933123779714, -0.0007324462736928094, -0.0005250056567758858, -0.0009331168286910092, 0.08006406599254356, 0.0010338402351187266, 0.0013425007958319324, 0.0005481436594937935, 0.5753298889782547
2, 2, 1, 0.7647007907039564, 0.22178587180738352, 0.010935327262959026, 0.0025780102257010897, 0.669052327819682, -0.6907028805619999, 0.6334633571436834, 0.523565579849848, -0.1439950389950875, 0.10648351296291891, -0.10016219896332759, 0.17168112662020013, -0.21730586353161296, 0.41643061377705737, -0.11027441408967997, -0.0002708695858962679, -0.0019035472124378841, -0.0012203380514519114, 0.07899259307306408, -0.0002624365342708506, 0.0006022856524513276, -0.0010056504006332916, 0.5753298889782547
3, 2, 1, 0.7647007912527658, 0.22178587193429797, 0.010935327267084533, 0.0025780095458516764, 0.6099543796950458, -0.5450726052125072, 0.5505652412021059, 0.561185209499624, -0.25617608154715493, 0.2852273992060772, -0.20878408538069765, 0.15183046956200436, -0.3995554266372073, 0.30997811441071027, 0.00670929738182457, -0.0002929459186777434, 0.0005216635927440107, 0.0005990135441633253, 0.08126722277966489, -0.0006543247868160081, 0.0002817549226311152, -0.0013523514983662117, 0.5753298889782547
4, 2, 1, 0.7647007871290176, 0.22178587645509693, 0.010935327406449332, 0.002578009009436317, 0.6219223978577244, -0.4640587935284864, 0.716855913930164, 0.6111535934287085, -0.15496586423347072, 0.2777674944425101, -0.1424984903601833, 0.23207130873308307, -0.27410094369982707, 0.3439540007883668, 0.07872056630685405, 0.00015145202161069845, 0.002655963231269165, 0.0025852586383557437, 0.07742189359017705, -0.0004953348256457359, 0.0008748207658080001, 0.0005611156470234307, 0.5753298889782547
5, 2, 1, 0.7647007464442549, 0.22178591630166483, 0.010935328768326038, 0.0025780084857543544, 0.5127109837750101, -0.61509940867522, 0.7537986841179947, 0.6118147015389435, -0.0403189376958963, 0.15158532773126848, 0.016583439200559914, 0.3235411025409994, -0.42084471160220505, 0.314412105926939, 0.05925181964211994, 0.0006086673878044393, -0.0007221171625175747, 0.00132915652101762, 0.07831086306261541, -0.0015368582246275439, 0.00018881273397587312, 0.0012210876775096363, 0.5753298889782547
6, 2, 1, 0.7647000202294337, 0.22178660873122752, 0.010935355817488567, 0.002578015221850122, 0.4269466712465711, -0.5232468007460501, 0.6397217151308381, 0.503692710162632, -0.08661591221609356, 0.06510319436752172, -0.09702761234158938, 0.20165395378877893, -0.3765971826506961, 0.30351558979436294, 0.04456918669393231, 8.504791625029e-06, 0.0003210434384457883, 0.00040223812708262184, 0.07883962447050533, 7.42555554080376e-05, -0.0006592789983837331, 0.00031099378059654755, 0.5753298889782547
7, 2, 1, 0.7646999603391832, 0.22178666445803522, 0.010935359980869652, 0.0025780152219119765, 0.48676238243142944, -0.5056797024674343, 0.6650994534582787, 0.4922162855895903, 0.12214531483154563, 0.06344327904971063, -0.02081764295064816, 0.3288726205192237, -0.3991864613833327, 0.4404331436660101, 0.08675275988316196, -0.0005372248013434708, -0.0008840607095340037, 0.0017928073671829039, 0.08115895096296524, -0.00028645277915484023, 0.0002446665442999105, 0.000567289571441414, 0.5753298889782547
8, 2, 1, 0.7646999639595851, 0.22178666283973902, 0.01093536004364091, 0.0025780131570350287, 0.5480191764921976, -0.5870702733463797, 0.6250371896887349, 0.5390936087820593, -0.17603678799251404, 0.1170815317480802, -0.09055762577816653, 0.4721235850446213, -0.11174254404199388, 0.16332708982777253, -0.056470264862854, 0.0009348528161723798, 0.0007683024810528959, -0.00060873994273855, 0.07968617422934506, -8.104781994672724e-05, -0.0011064700530448277, -0.001002282621377714, 0.5753298889782547
9, 2, 1, 0.764699961940009, 0.22178666790453333, 0.010935360184266048, 0.0025780099711917555, 0.46502343199557405, -0.3730665781190655, 0.46833450685264905, 0.4834972360717595, 0.030876771160930305, 0.230528246138614, 0.058323471131496496, 0.3554938363532235, -0.04985246501048777, 0.4036920600919811, -0.14078954418421358, -0.0011720687638799095, -0.0008017051620060762, -0.0008122325829424441, 0.08026273013035143, -0.0022283548178438947, -0.0026252863562092436, 0.0021008722641828546, 0.5753298889782547
10, 2, 1, 0.7647002392328881, 0.22178638929400704, 0.010935363057603996, 0.0025780084155007637, 0.6164898737890645, -0.3798206849422572, 0.5682688493459203, 0.614903865709416, -0.1007264496777636, -0.0030367152326495226, -0.028313187243831982, 0.4464263207174902, -0.2753859287481975, 0.15636449546758008, 0.10349196323916358, -0.0017523809057870669, -0.0014823669232483302, 0.0012818985409553292, 0.0802377901244107, -0.0002841937986984378, 0.0007621362715768167, -6.260619966666468e-05, 0.5753298889782547
11, 2, 1, 0.7647001657640359, 0.22178641577083016, 0.010935400701717031, 0.002578017763416896, 0.4806603953676543, -0.46734713518239335, 0.622612191292325, 0.6880587310412483, 0.08980699135924027, 0.007177402285952916, 0.00048051849046333307, 0.29260006306717573, -0.20679951295288274, 0.41061212586068746, -0.02553294457854723, 0.0004202486593347612, -0.001727717687113332, -0.0007187150908369431, 0.08038661337191735, 0.0009491305281788121, -0.0010694315456566158, 0.003272067327364797, 0.5753298889782547
12, 2, 1, 0.7647001639713225, 0.2217864185178992, 0.010935400878330712, 0.002578016632447596, 0.6891380456685895, -0.4798137246570229, 0.6144952262026802, 0.3892883904586155, -0.1269691754486893, 0.2767374260237217, -0.18423046787622774, 0.1700529541916686, -0.28088215277329626, 0.2940622750822839, -0.03682280064132222, 0.0017812797866080781, 0.0001926060173094143, -0.0023462455635945615, 0.07953608517137006, 7.146499616656222e-05, 0.00043848287929198023, -0.000974797170550635, 0.5753298889782547
13, 2, 1, 0.7647003553600914, 0.22178622744009388, 0.010935404143416223, 0.002578013056398515, 0.40966136947123355, -0.5494848863887323, 0.5330543951758637, 0.5964450931660752, -0.08979838279584008, -0.10958956310241316, 0.11996817692380338, 0.12617169491619667, -0.1148459219894428, 0.24132353138303425, -0.13153252040711724, -0.0005560776628036923, 0.0003096052891307207, -0.0006531917247363081, 0.07924441395689241, 0.0002779493212842122, -0.0006561464294235857, 0.00010785937522874347, 0.5753298889782547
14, 2, 1, 0.7646999333896324, 0.22178663534699675, 0.010935416933661114, 0.0025780143297096203, 0.5938458064957622, -0.7440418709807591, 0.597512660845162, 0.5320531920711291, -0.0639868068114756, 0.120640042249978, 0.01608531491065881, 0.28982909466132634, -0.1478423125224833, 0.2005121542041483, 0.03126223162385445, -0.0009694366750521672, -0.0005103500544059025, 0.0007970481519567806, 0.08085859242123558, 0.0008850146567078944, 0.0011043282898265784, -0.0013382451146476116, 0.5753298889782547
15, 2, 1, 0.7646999115490566, 0.22178665662242208, 0.010935418055849407, 0.0025780137726718207, 0.567498880638834, -0.725356603205794, 0.5622503397497052, 0.7446136515517808, -0.06987409280337264, 0.007937008897733522, -0.14874471068663797, 0.15557936824828472, -0.3975283126329395, 0.21744224758092257, -0.08142865741919678, -0.0003369592503991958, -0.0012227958303604777, 0.00014213618464323764, 0.08031464094030374, 0.0004955523192171652, -0.0005357895433109191, 0.0013680209553106916, 0.5753298889782547
16, 2, 1, 0.7647018228335007, 0.2217847151599974, 0.010935442398846317, 0.0025780196076554533, 0.4829374537333016, -0.4301746615440134, 0.482341511073854, 0.4580221466210845, 0.0037879369168059896, 0.020655607717470537, -0.06869462222565759, 0.32500720085866003, -0.2698116071663841, 0.15604266774894132, 0.08631226170882593, 0.0009318822306829515, 0.00013266497713294113, -0.0009308880655238775, 0.08186142214524954, -0.0010390445204158587, 0.00013912047990073982, 0.0018668972467883612, 0.5753298889782547
17, 2, 1, 0.7647013757431849, 0.22178514649903303, 0.01093545584635327, 0.0025780219114288913, 0.47385067604810444, -0.3895496440515382, 0.5226445167498912, 0.4624714218691944, -0.12610113606485535, 0.17399968532271506, -0.13495112093129888, 0.1072596485229989, -0.2531428017204814, 0.2694950571440823, 0.1071061640502412, -0.0003567266508810998, 0.0013506521957402657, -0.00020102051557912564, 0.08003768723642429, -0.001191302763079996, 0.00037004523402714244, 0.0013670007896597375, 0.5753298889782547
18, 2, 1, 0.764678158628246, 0.22180759378168136, 0.010936051949881322, 0.0025781956401914104, 0.4618234042178749, -0.5194951737918684, 0.5968648584810824, 0.625757997043198, 0.020008303564522722, 0.018024451175131705, -0.0709405499423558, 0.15873364388480152, -0.1035123270002157, 0.32670357500864655, 0.21157756906346034, -0.0006720523094923868, -0.0012112187859088283, -0.0015537951431581587, 0.0799285999136246, 0.0012602458853184307, 0.0008135705568714412, -0.00173525375451252, 0.5753298889782547
19, 2, 1, 0.7646781940933494, 0.22180755531467153, 0.010936055018224618, 0.0025781955737543844, 0.6157009893674475, -0.36927652100837494, 0.48851331017785365, 0.6206746113499759, -0.08563643888655503, -0.219316804328886, -0.23978838575725234, 0.18048360186691761, -0.1421141032654125, 0.3160627709036738, -0.07964135026265291, 0.0014239413271481343, 0.00013312761798754121, 0.002136082600718422, 0.07978816319721507, 0.0017077528782615194, 0.0020040975451556487, 0.00013759147389573798, 0.5753298889782547
20, 2, 1, 0.7646787347110343, 0.2218070142161019, 0.010936058444654324, 0.0025781926282096063, 0.345505018395572, -0.6038307675442908, 0.48418143231682054, 0.49566932684558634, -0.09767263667398604, 0.20868052394562603, -0.0931477420020276, 0.3790079791901584, -0.1375405884546756, 0.18498396091887398, 0.03171629591623513, 0.0014964867908748539, 0.0005570675137139202, -9.616318223289069e-05, 0.0799080119907544, 0.0003267395025899345, 0.0017863357384075781, 2.641770745661843e-05, 0.5753298889782547
21, 2, 1, 0.7646787350002421, 0.2218070146529727, 0.010936058490059833, 0.0025781918567254654, 0.5436117962498992, -0.60554207321504, 0.5170450844436603, 0.6977195007393241, 0.06038912463573707, 0.022259231351653374, -0.267457344195, 0.31451340070737394, -0.3368650351017927, 0.10362450953002819, -0.1305192448644497, -0.00010074481183606812, -0.0006058046640719171, -0.0019336126127708513, 0.07899322719801435, -0.0012737836056145512, 0.0013126057169151493, -0.00013495139380349382, 0.5753298889782547
22, 2, 1, 0.7646786155340806, 0.2218071290867827, 0.01093606350646126, 0.00257819187267553, 0.5439212583478394, -0.44912977259562803, 0.46883188663834324, 0.6105292383522969, -0.01440212094327913, 0.15782671077107316, -0.20322967593742547, 0.2772344822937141, -0.2364255716296217, 0.21722958946240012, 0.038933819261639364, 0.0018614492560290942, 0.00021711596773033465, -0.000766608062910991, 0.08042109990886762, 0.0007682844315433813, 0.0011258368532939228, -0.002045298976346178, 0.5753298889782547
23, 2, 1, 0.7646766294778939, 0.2218090522653943, 0.010936112440871941, 0.002578205815839895, 0.471694323475435, -0.4893662593284883, 0.47807135447134763, 0.567552942517527, -0.18772140803402163, 0.05036747742764984, -0.08075403862755916, 0.09869309277467744, -0.18299569077430183, 0.304123824330459, 0.209431689385657, -0.0007785376510013365, -0.0008565796247274807, 0.00253819926245209, 0.07794099611786544, 0.0011119288154559336, -0.001600854931680496, 6.050048368970118e-05, 0.5753298889782547
24, 2, 1, 0.7646763895684442, 0.2218092874732138, 0.010936117992369793, 0.0025782049659720733, 0.34221816233907393, -0.3640692014998288, 0.4355375201732411, 0.4579951187051451, -0.045857916767231555, 0.2445587578028375, -0.14021387533351667, 0.18654427890273112, -0.11245366403299864, 0.26910888022158386, 0.03898299826246584, -0.00022280528066207704, 0.0004569145562925211, -0.00013571072702468176, 0.08098445408880017, 7.039041799280726e-05, -0.0004634118926552089, 0.001145548160138551, 0.5753298889782547
25, 2, 1, 0.7646763753795345, 0.22180930275576738, 0.010936118337644308, 0.0025782035270539676, 0.6243205413339242, -0.5016652447645304, 0.49517066342059807, 0.4625472241835283, -0.0635898856808272, 0.038014379334191696, -0.011728398068199919, 0.25249198516437155, -0.19224331109836107, 0.3005758422041948, -0.20663121701754578, -0.0007603829060851948, 0.0026963958201875796, -0.0005917024943625725, 0.08052849505900064, 0.0009526632090492086, 5.417443494737987e-05, -0.0007866771647516045, 0.5753298889782547
26, 2, 1, 0.7646764377270573, 0.22180924153836637, 0.010936118940154017, 0.0025782017944222775, 0.31386507358077465, -0.47139951496212823, 0.43862334334344705, 0.6229952607151367, -0.20028743750741285, 0.09820590830295806, -0.2677640463399535, 0.2862255177421302, -0.1881237131423826, 0.26526944765033755, 0.008145942776106644, -0.000593796856523751, 0.0022497452002428826, 0.0003926954947162583, 0.0817384120423651, -0.001151253184177918, 0.00011133695954698671, 0.0009416961996072745, 0.5753298889782547
27, 2, 1, 0.7646764339302919, 0.2218092464166839, 0.010936119071330084, 0.002578200581694124, 0.5018097346346011, -0.5121050642824017, 0.5252137659193965, 0.7344728005381335, -0.018240106553412804, 0.2111276018825671, -0.20894141859362775, 0.18695346617079142, -0.18171485564677392, 0.14939851534051232, -0.11806147624071621, 0.0005934962967395972, 0.0003003622681507129, 0.0009720581857306902, 0.0815083445327731, -0.00023923350742236085, -0.0011788779925903082, 0.0003406353846299993, 0.5753298889782547
28, 2, 1, 0.7646764233516878, 0.22180926017708677, 0.010936119259494994, 0.002578197211730426, 0.4081583315437284, -0.43337996724708966, 0.502271282369752, 0.47609241965505006, -0.07358026010142668, 0.3636318801145646, 0.0038166272096405328, 0.19301352659278875, -0.08840698939180418, 0.24624969764320276, 0.09173577255534607, 0.001386358535504105, 0.0007383876995597687, -0.0008153547699126099, 0.0835970351609423, 0.0003092617293411654, -0.0011820769088547347, -0.0004937566367488931, 0.5753298889782547
29, 2, 1, 0.7646763923385448, 0.22180929185230594, 0.01093612017191534, 0.0025781956372339506, 0.38756833499848936, -0.44002007330357096, 0.39947520093978317, 0.5048483025815307, -0.19661181574774367, 0.0884915874287882, -0.18829477029314506, 0.4227159483176939, -0.11124215000515277, 0.2672627248674475, 0.09765366954411761, -8.998925122581438e-05, -6.792609708976079e-05, 6.992309325107528e-05, 0.08032935109572151, -0.0003728225602542874, -0.002149304240382388, 0.0010163791398515992, 0.5753298889782547
30, 2, 1, 0.7646748892660686, 0.22181075166877168, 0.01093615334044468, 0.0025782057247150277, 0.41993363468789113, -0.4854633815269418, 0.40200657380449256, 0.5069845790345267, -0.11165387146317798, 0.10240809524225074, -0.0755563824484985, 0.21729812042744215, -0.17432276815111133, 0.43048327240628037, -0.016584922145653484, 0.001041140689048335, -0.00021191458452261301, 0.00033976650859153897, 0.08129639965462479, -0.001166194335388887, -0.0032097702966905573, -0.0007752237133931419, 0.5753298889782547
31, 2, 1, 0.7646748877576691, 0.2218107544053771, 0.010936153415022973, 0.0025782044219307626, 0.5522410996126921, -0.5997152335862681, 0.5047072104608307, 0.6711952619755456, -0.11219646051062551, 0.027396632289778965, -0.0903941148481483, 0.16281314175295017, -0.2934117834552293, -0.026478795090250352, -0.13725776724659522, 0.0009079884531235481, 0.0003185708613661411, -0.0016221644983784606, 0.07889433778425983, 0.0005660161512631616, 0.0007559918286066103, -0.0001360286063157643, 0.5753298889782547
32, 2, 1, 0.7646749116284629, 0.22181073188336878, 0.010936153600517223, 0.002578202887651079, 0.46153975377410605, -0.4491208899778509, 0.5387785217308785, 0.5530481583341913, -0.018331833901563434, 0.18446975577938338, -0.18011773069504697, 0.35943827990562405, -0.2304102183783759, 0.19360119666006623, -0.10304023067818342, -0.0004434873787260172, -0.00034805998994916367, 0.0009538450225249476, 0.08200084550109919, 3.690612211998803e-05, 0.0010692747258231631, -0.0023590547136859296, 0.5753298889782547
33, 2, 1, 0.7646749145135051, 0.2218107306836509, 0.010936153434236031, 0.002578201368608018, 0.4905899115432762, -0.432539216226413, 0.35754771849579803, 0.5627707751204735, 0.10512118350316646, 0.30638084425159684, -0.10677430812438624, 0.13333834754407553, -0.36878688870572063, 0.06987410824524691, -0.09657635507843212, 0.0012965221209808961, -3.43961693038565e-05, -3.620642262297108e-05, 0.07982808270727126, 0.0017833685025233459, -0.0005085343776315243, -0.0013764513443151288, 0.5753298889782547
34, 2, 1, 0.7646749050516269, 0.22181074209637283, 0.010936153447673765, 0.0025781994043264558, 0.40292085933439903, -0.39767328818267084, 0.5171740641218658, 0.6692603977254615, -0.1811221215571383, 0.2186927169437622, -0.10694243258324163, 0.17024749743407913, -0.12823207401242948, 0.41482472125062697, -0.04292491211140176, -0.0009314449139164211, -0.0016615691271681578, 0.002069959793282494, 0.08150109335185976, -0.0003487874880353756, -5.301983510570489e-05, -0.000632669785433312, 0.5753298889782547
35, 2, 1, 0.7646749052121585, 0.22181074262613046, 0.010936153456189018, 0.002578198705522031, 0.46318901943333807, -0.43747703605239785, 0.4649110096239301, 0.49384195951255494, -0.12026565512611827, 0.24795104988556593, -0.27484934566113395, 0.2095786919840939, -0.22835384961372368, 0.3416357306831782, -0.13101723510898694, -0.001922859691230323, -0.0009625009224231209, -0.0005762644271691526, 0.08167652038180685, -0.0008015023320761677, 0.0006711930051692408, -0.0007763816181702015, 0.5753298889782547
36, 2, 1, 0.7646749041096202, 0.2218107464397149, 0.010936153401385413, 0.0025781960492793983, 0.2915846739056476, -0.46971531125564325, 0.5627959799510818, 0.6479487533796785, -0.3182476874429505, 0.11161882971777645, -0.1735112263838014, 0.11088690924059245, -0.026644511380002324, 0.18003010249028592, -0.01163283682733283, 0.0009471182480941089, -3.958280806278757e-05, -0.0017798282382031304, 0.08091092188088472, -0.0002651015041488506, -0.0002737452452324852, -0.000769343007918404, 0.5753298889782547
37, 2, 1, 0.7646746523761552, 0.2218109949332186, 0.010936157018075014, 0.002578195672551291, 0.4287000327967735, -0.249920154933638, 0.34789849781042803, 0.5431655739309444, -0.18935070581964536, 0.18170582581594497, -0.014245767758354289, 0.02299239449110251, -0.17345020266203076, 0.39258983297437855, 0.03985789849929583, 0.0006654710626470307, 0.0004282095743931314, 0.00040290888805760434, 0.07970698270282744, 0.0004435036316995533, 0.0002998011087237074, -7.79228088851249e-05, 0.5753298889782547
38, 2, 1, 0.7646746247227304, 0.22181102371480252, 0.010936157415426423, 0.0025781941470405354, 0.32713278280385283, -0.3057209254794467, 0.430150704011189, 0.4324798511815048, -0.14955681311525426, 0.18386505258088326, -0.2864233091923347, 0.2551455669202741, -0.0002294734353318173, 0.18161856525511988, -0.004624223045042533, -0.0013848732067707726, 0.0016019371387508423, 0.0008074438553921891, 0.08006078937582442, -0.0008984271107259674, -0.00023256494301906663, -0.0008150244452463026, 0.5753298889782547
39, 2, 1, 0.7646746313242491, 0.22181101834822464, 0.01093615739709071, 0.0025781929304355537, 0.35442681112942614, -0.33684397182787357, 0.4083013457325209, 0.6621866545797672, -0.08490342013358601, 0.09395031814936615, -0.12975458484983166, 0.3445443779258294, -0.5473058203574808, 0.1960266966643825, 0.061476019081466715, 4.09868861894865e-05, 9.120152867631014e-05, 0.0001443076491297902, 0.07955969685692263, -0.0014321190041680172, -0.0008795437690254972, -0.00016130898872994664, 0.5753298889782547
40, 2, 1, 0.764674622520909, 0.22181102909492054, 0.010936157686065852, 0.0025781906981046402, 0.41774681749624004, -0.2941243466832479, 0.568108707817991, 0.5746038044701424, -0.2917197551696914, 0.1308355449474041, -0.07351554074718278, 0.39173408896190204, -0.2277290567165544, 0.10220367145728923, 0.25869680519554633, 0.0009942773490274393, 0.00021162108865558114, 0.0004659100747901149, 0.07998491198801899, 0.0010673013283209584, -0.0005958555870680798, -0.0013981893824585871, 0.5753298889782547
41, 2, 1, 0.7646735373771203, 0.2218120824202461, 0.010936182795067273, 0.002578197407566409, 0.3777236274889713, -0.38298235116471935, 0.5545908228444112, 0.5735161066131257, -0.1668372465208216, -0.026828064734051017, -0.15094871419072908, 0.07340676676346314, -0.08938828094698778, 0.024949673417012153, 0.03666594019840409, -0.0016767477161738903, -0.0008636837644982315, 0.00042083999402504744, 0.07911729649108865, -0.0006597039275431225, -0.0008491504229932499, -0.00024970664601740714, 0.5753298889782547
42, 2, 1, 0.7646720306048614, 0.22181351851615794, 0.010936236350001611, 0.002578214528978962, 0.4055186628295376, -0.3208628359224974, 0.36538810953025563, 0.5354781174590232, -0.038777151411187295, 0.08429361165800162, -0.1757720765791108, 0.12886399909167137, -0.22056533685759358, 0.2082130056461466, 0.15758442533419084, 1.4173838679337578e-05, 0.00030633561145207184, -0.00129297310935351, 0.079839682546675, -0.0020847966727439394, 0.0008093370105753999, 0.0016593978574633073, 0.5753298889782547
43, 2, 1, 0.7646719161305858, 0.22181363530613446, 0.010936235197977548, 0.002578213365302088, 0.2844057981720112, -0.4237635720684206, 0.203269047078382, 0.4664420400047812, -0.18085619823965499, -0.12319007166934984, -0.18228162153355665, 0.10623210190339676, -0.04081880547710102, 0.15751121601346668, -0.10268652174768356, 0.0003717104260163681, 0.0005867237783302693, 0.0007542047929169542, 0.08072051648027, 0.0022998154580374463, -0.0005779355400314339, -0.0005769651584938219, 0.5753298889782547
44, 2, 1, 0.7645881756769534, 0.2218949219774445, 0.010938041376788643, 0.002578860968813452, 0.36380875153614173, -0.37677911811365566, 0.28558334402029734, 0.6063972793517318, 0.13478492925232124, -0.01511275903050513, -0.05768575797062814, 0.08276568359814276, -0.033818662955351256, 0.28078958685428157, 0.2488308590275745, -0.0019132324463695788, 7.716499511970935e-05, -0.0013321995768481314, 0.08029249655301385, -0.0010650519548742034, -0.0006175592151426563, 5.589636728259031e-05, 0.5753298889782547
45, 2, 1, 0.7645875036795159, 0.22189558158031933, 0.010938053077511813, 0.0025788616626529867, 0.374553376420132, -0.3291665583198672, 0.3872971464229229, 0.6747241616580656, -0.1398531618428322, 0.04083044584313346, -0.06807732047608872, 0.10019989423584937, -0.1584062112406096, 0.14413182635447533, -0.0952271513403438, -0.00040733999966180684, -0.0010311637939772842, -0.00032758810802167247, 0.07952435732202315, -0.0001675232047291959, 0.001662571121376166, 0.0009280502004477463, 0.5753298889782547
46, 2, 1, 0.764587507128688, 0.2218955811667867, 0.010938052138237123, 0.0025788595662882426, 0.29335198752040104, -0.3783982310926877, 0.43011671412845204, 0.6562643165625173, -0.2068932078980919, 0.3647607254421117, -0.18363367390050428, 0.2796821654465987, -0.1702386657545512, 0.012019343594122, 0.08610721063597844, 0.001450095439669254, -0.0024181961757938865, -0.001128782709373955, 0.07947326126679381, 0.0005138644309169244, 0.001595364347229063, 0.0007918133302984793, 0.5753298889782547
47, 2, 1, 0.764587512242389, 0.22189558499389866, 0.01093804645943728, 0.002578856304274992, 0.3206990658920426, -0.219787628231974, 0.23404555399553165, 0.4077934861003703, -0.06229404947890118, 0.26394852878069724, 0.07136110133166826, 0.29827877643604206, -0.27608689954784177, 0.12071354652340464, -0.07671630361064166, -0.0020307652093506964, -0.0011516895026616896, 0.0010286873204762529, 0.0802644471592845, -0.0017201100666376589, -0.00029884421422927135, 0.0002251557265406845, 0.5753298889782547
48, 2, 1, 0.7645876500508374, 0.2218953940840802, 0.010938085568290545, 0.0025788702967919886, 0.2811010207858936, -0.06975456625632934, 0.38135115799286673, 0.5132780840879837, -0.08608523395212528, 0.13744642254534492, -0.12075538780251212, 0.23446392253499476, -0.12201011041767089, 0.06397408434778004, 0.1443780878130109, 0.0003026664973646368, -0.00011810578004544571, -0.002129318844774739, 0.07893751984723572, -0.0004492088429990255, -0.000287278791590949, 0.0009579137214423989, 0.5753298889782547
49, 2, 1, 0.7645872475977843, 0.22189578794531925, 0.010938092708863882, 0.0025788717480324072, 0.3945826417177332, -0.22694050269691468, 0.28835082132236156, 0.5622745222131664, -0.1848157640119288, 0.12325156519601625, -0.17016470522904592, 0.23415275676276687, -0.15795025480083125, 0.13564277178190234, 0.0533929239962575, 0.0019259042695279737, 0.0006706971624671685, -0.0006715680991655682, 0.0788932536528675, 0.0024284376819655616, 0.00035432887301352426, 0.0015483101218907666, 0.5753298889782547
50, 2, 1, 0.7645872587288217, 0.22189578959714065, 0.010938081912222395, 0.002578869761815369, 0.26864285777589786, -0.33725517068506305, 0.2450449497733138, 0.6447643535445932, -0.21902536514066337, 0.28929628256878087, -0.15583340473589619, 0.12214328213379091, -0.1992205354436451, -0.04757960081867243, -0.0023098275296603936, -0.0003384552729401115, 0.00037483296689851955, 0.00014405246007441653, 0.07922183820547787, -1.5010689700277437e-05, -0.0006999369513428932, 0.0008162382381779335, 0.5753298889782547
51, 2, 1, 0.7645872621541581, 0.2218958018256525, 0.010938068622637296, 0.0025788673975522206, 0.19573449606793747, -0.25569734169458513, 0.33335922082343383, 0.46876389065989654, -0.28244706188785473, 0.041631954189280895, -0.17526819030334426, 0.06104965826657892, -0.18567390043702056, 0.20665038675032427, -0.09581022811257559, -0.0017130882272631976, -0.00021002826893344877, 0.0011579951842217455, 0.0817283685956253, 0.0003114524506341002, 0.0017255054546567975, -0.0005245155655703346, 0.5753298889782547
52, 2, 1, 0.7645871440983066, 0.22189592788405554, 0.010938061857117404, 0.002578866160520368, 0.28902915699296167, -0.17002817396925154, 0.16386781249814283, 0.7309329905111103, -0.06630068977391265, 0.17645253543310485, -0.16490689957307703, 0.16700756308606982, -0.15799651309919413, 0.1928033560482166, -0.011730143902910165, -0.0001947496482513136, 7.023678949231942e-05, -0.000545942313256266, 0.08027169128203808, -0.001400311118183794, -0.0015836021767163528, -0.00013187221083887452, 0.5753298889782547
53, 2, 1, 0.7645784169175868, 0.22190439776851886, 0.010938255452885775, 0.0025789298610086006, 0.161172046793972, -0.46163622246974184, 0.27960795213945566, 0.6472707632870315, -0.04967681184235497, 0.13570848950167527, -0.07402653908130927, 0.047777589240459425, -0.06467255070673142, 0.25028047887578675, 0.23193112011906628, -0.0006309531410446095, 0.0005564545398296573, -5.619186453756894e-05, 0.07908630425540483, -0.00020991720738763945, 0.00043259138783436474, 0.00036114780767071213, 0.5753298889782547
54, 2, 1, 0.7645806702397645, 0.2219021329792969, 0.010938264909634626, 0.002578931871304058, 0.2257939564476926, -0.26752409425644247, 0.3797155620487017, 0.5626422393063968, 0.014930965354019077, -0.07521968661909824, -0.22965828947648387, 0.11214755366106129, -0.3878989080905165, 0.013658933011407304, 0.03260960090605497, 7.073232361677835e-05, -0.0014970359757650344, -0.0017734782729987475, 0.08143551998579283, 0.0007168341704063853, -8.64159763170591e-05, 0.0014144265791796629, 0.5753298889782547
55, 2, 1, 0.7645873890568811, 0.22189530506874638, 0.010938337333318438, 0.0025789685410542093, 0.3824617838394098, -0.446678679895051, 0.015138336503990768, 0.5201698521421053, -0.0963397104367968, -0.08543479155982998, -0.08700076448259683, 0.2550503870287897, -0.19657502630212545, 0.10897724062619969, 0.11979561528564295, 2.2316616114129002e-05, -0.00023063968318700711, 0.001851754832212707, 0.07954805453568249, 0.0011230865207900683, 0.0013521665157364975, -0.0007642670703616448, 0.5753298889782547
56, 2, 1, 0.7645857635079658, 0.22189688552993783, 0.010938371155745329, 0.002578979806350936, 0.19040377957645888, -0.3981601671307403, 0.42631537423848326, 0.49643972103934597, -0.1747840553706807, -0.0488587680456636, -0.046768918253625925, 0.17951511041747575, -0.14971556372421152, 0.09361206125067997, 0.021973123826339067, -0.00032117429134075786, 0.0009327873026744036, -0.00022309657600739387, 0.07787272580973498, -0.00013823046223343565, -0.0001500363985927609, -0.00043216777968032867, 0.5753298889782547
57, 2, 1, 0.7645857737528396, 0.22189688760770812, 0.010938361489373372, 0.002578977150078929, 0.15008493430481745, -0.2752960399217169, 0.15054982413654627, 0.4689650511168161, -0.4269496655088427, 0.20275814410739032, -0.09459657310434831, 0.26590867065958823, -0.2783414302973034, 0.11873941533883423, 0.00731496754432142, -0.0007844116881844958, 0.0006376962266934913, 0.001315761044984142, 0.07967058152600373, -0.0006866071789499396, 0.0004333631180226458, -0.0008419242230045081, 0.5753298889782547
58, 2, 1, 0.7645789343057735, 0.2219035559675142, 0.010938481509855037, 0.0025790282168573274, 0.28675574282766947, -0.28321469045336073, 0.2739174264689989, 0.5996764785020723, -0.13527300066023257, 0.13855516780243998, -0.14596924264582972, 0.15556980832713493, 0.10237028662598831, 0.2775933601796699, -0.006768180323667161, 0.00043300303318236436, 0.0015468717421289388, -0.00039038197785583453, 0.07996926923169079, -0.0017768230548581396, -0.0006715878069358486, 0.0004394099943447481, 0.5753298889782547
59, 2, 1, 0.7645786015382411, 0.22190388706433692, 0.010938484974361876, 0.0025790264230600153, 0.25827926340117946, -0.4676649833742352, 0.2614270041677264, 0.6141204254174608, 0.0987101579282668, 5.04114242686704e-05, -0.01830650515986911, 0.009455111440652563, 0.12291926807091771, 0.19822787490914356, -0.22065531682155512, -0.0015001608667015763, -0.0006693723167298742, 1.2684117225362161e-05, 0.08192459414677761, -0.0003033845390610749, 0.0005198626248635683, -0.0009215727011472269, 0.5753298889782547
60, 2, 1, 0.7645775581544942, 0.221904858021871, 0.010938536323207276, 0.0025790475004274335, 0.3403288487112094, -0.3246681368214962, 0.22742055899802577, 0.37202420208235043, -0.09669715432691575, 0.05533396027579118, -0.08554282416578186, 0.10536590773146808, -0.09293218280227553, 0.15050888088540504, 0.01336283833738422, -0.0006853505751497394, 9.581333037239623e-06, -0.0007496855597880393, 0.08023374734662628, 0.0003612670474010434, -3.153429450454769e-05, 0.0003847564678544922, 0.5753298889782547
61, 2, 1, 0.7645761686565616, 0.22190621504201669, 0.010938560815449694, 0.002579055485972052, 0.4493833111293656, -0.43394796751171094, 0.29823850193124124, 0.6026682694467514, -0.274023011195191, -0.02412434762037501, 0.034377376292856685, 0.09713072514784396, -0.17411612246832459, 0.3194488222007033, 0.19556582149673002, -0.000160834003413531, -0.00048540868849578523, -0.00047221180689334326, 0.08145580266925381, 0.0006816070946064986, 0.0009148279021927455, 0.0015118212493235653, 0.5753298889782547
62, 2, 1, 0.7645447805640488, 0.22193667156559507, 0.010939239373875144, 0.002579308496480852, 0.2351625259672853, -0.33837791584558186, 0.29837878524899497, 0.5229298302532063, -0.056951644643687425, 0.018785681686305213, -0.09205136070951772, 0.1110527418913039, -0.0708727937980578, 0.16349652305247214, 0.13777423105663694, 0.0024215978868831743, -0.0014089214284669607, 0.0001713987747858854, 0.07872160689657481, 0.00032262467515838664, -0.0005276449239583183, 0.0014689887445220933, 0.5753298889782547
63, 2, 1, 0.7645447918588171, 0.22193669101946478, 0.01093921241517485, 0.0025793047065433513, 0.12191345951683177, -0.266228593826724, 0.20914053629513893, 0.6969631192772221, -0.178876769816806, 0.295646939885475, -0.13008092936865276, 0.10744153782252837, -0.10690049716699165, 0.18535441018200643, 0.046525825802894834, -0.0005444009646939829, -0.0008459854235202024, -0.002126547413802336, 0.08167754592103776, 0.0019307789685858022, 0.0009580441728687135, 0.00029155564198388005, 0.5753298889782547
64, 2, 1, 0.7645416073743241, 0.22193980139910277, 0.01093926032789182, 0.0025793308986813163, 0.2221944408081647, -0.3367876371690525, 0.1040222427163457, 0.4592614610419865, -0.1233373087442134, 0.09129810532759682, -0.19481911955539655, 0.0688619051605253, 0.14542234361298972, 0.1804151374719957, -0.004997119153326996, 0.000989407731589602, 8.471624317695689e-05, 0.00028028802793555086, 0.08153097140563241, 0.0005117444199876982, -0.0023029068841795702, 0.0006793268449588806, 0.5753298889782547
65, 2, 1, 0.7645417243280085, 0.22193970692441764, 0.010939240448754509, 0.002579328298819508, 0.12924721177278334, -0.10964586171434017, 0.2501760816809268, 0.616011192472415, -0.1835998650900115, 0.1045470568918387, -0.25025191975714406, -0.023859755251098534, -0.3209306833852809, 0.11220666642792165, 0.008419166640803003, -0.0009017204271945356, -0.001997439111260427, 0.00039561274191239414, 0.08146094848612147, 0.0007364533829379795, -0.0007197230983879516, -0.001212036768540278, 0.5753298889782547
66, 2, 1, 0.7645417025613449, 0.2219397406012565, 0.010939230058301145, 0.0025793267790974166, 0.331005347462776, -0.3461239455130407, 0.16273260517241456, 0.5392005561291875, -0.03211310034128288, 0.28222885478804094, -0.15570322795724378, 0.08041626007568914, -0.17305882223055466, -0.024757283692303168, 0.03212877670272325, 0.0003240747329067333, -0.00011833151472997589, 0.0012940067955357739, 0.07982991669757958, -0.0010924858648964533, 0.0002706288372396361, 0.0009972577848957566, 0.5753298889782547
67, 2, 1, 0.7645417755314963, 0.22193977845111518, 0.010939124162049113, 0.002579321855339434, 0.18303927410729395, -0.2719876094172306, 0.22724898917434877, 0.6744371441663763, -0.31743528202759375, -0.02156693261567231, -0.1331881216588545, -0.003961480995208056, -0.0339128505070066, 0.0002347157244648068, -0.029139709742130128, 0.0018077532969269356, -0.00021629540855137332, 0.0010695216843442472, 0.08046294953103704, 7.40132001553987e-05, -0.0007404070756557087, -0.0014513399599765092, 0.5753298889782547
68, 2, 1, 0.7645418070119004, 0.22193977895286035, 0.010939094747916621, 0.002579319287322608, 0.2737476574222603, 0.05672197682045839, 0.21821806605840663, 0.6607415214615522, -0.22654895771048905, 0.18764079442422388, -0.09093527161971796, 0.05271141620259847, -0.3300514871254071, 0.04901244146569411, 0.06636899919949471, -0.0015330618048317718, 0.0011213508928765797, -0.0003932924745149731, 0.08183010309189048, 0.001798642937568724, -0.0005613303430987533, -0.0001379580722940227, 0.5753298889782547
69, 2, 1, 0.7645409510704246, 0.22194062961622588, 0.01093909737207033, 0.002579321941279228, 0.1940966779837541, -0.3278696507133956, 0.30588689653487505, 0.6065729727402378, -0.048366830702294285, 0.2843723524456566, -0.02012005954246987, 0.15386207933085183, -0.05836263599895408, 0.27831447504493667, -0.012026129802227958, 7.183707282233762e-05, -0.00013489182614070787, -0.00020584535521380752, 0.0797724909182341, 0.0009790117217121717, -0.001468869880557781, -0.0003116979207355422, 0.5753298889782547
70, 2, 1, 0.7645742258587054, 0.2219072220516763, 0.010939169792551042, 0.0025793822970673567, 0.2699851008605222, 0.056143810849610024, 0.1591978915393256, 0.6240918683154859, -0.07072547431896696, 0.053414041621287836, -0.16359988030366968, 0.08940166392580715, -0.14237896847098988, 0.021744972360027426, 0.1414722853277724, -0.0034522705288512028, -0.001251739543347198, 0.0006738174595101303, 0.08028377920859772, 0.0016174081787197093, -0.0011841944325675937, 0.0007733353500672537, 0.5753298889782547
71, 2, 1, 0.7645740195198345, 0.2219074450950924, 0.010939154919980617, 0.0025793804650925084, 0.21718144464053477, -0.0523633891312588, 0.41881839833079565, 0.46607016403405205, -0.07190555491556985, 0.1476727915043113, -0.14512928942852563, -0.049979847293667355, -0.06591702578126388, 0.15542448376004742, -0.06931563478874417, -7.970069423892279e-05, -0.00018499410802374114, 0.00016345742222292973, 0.07962053142267445, 0.0017035257204016496, 0.00017308972840918702, 0.0002450703728093145, 0.5753298889782547
72, 2, 1, 0.7645733366277977, 0.22190811333764332, 0.010939161800525765, 0.00257938823403304, 0.3359524868593821, -0.21358958260433192, 0.20042329759843508, 0.493525545628221, 0.022038308070180722, 0.13146150440759277, -0.12660479209122408, 0.02027729679832818, 0.016354127347803803, 0.09103183470278224, -0.04875123614033629, 0.0011618201562379803, -0.002243326163537299, -0.0009397339825870882, 0.08047175231178974, -4.932654315411261e-06, -0.0002295133312715916, 0.0004520098422522252, 0.5753298889782547
73, 2, 1, 0.7645813243141765, 0.2219001214868043, 0.010939151280565088, 0.002579402918454162, 0.14299666927140842, -0.17941111830740034, 0.10753179476597645, 0.4966853769468894, -0.08953517770556495, -0.05908255232275188, -0.03802721985367078, 0.16181950511355186, -0.23728041764448227, 0.06572789967788299, 0.20428494068481143, -0.0009682900584718322, 0.0005834884847789946, 0.0014414875871342477, 0.07958007026760963, 0.00022620356684257382, 0.001779055517692036, -0.0018230033300319973, 0.5753298889782547
74, 2, 1, 0.7645810863328346, 0.22190039276672763, 0.010939118754129642, 0.0025794021463081394, 0.11966736846343898, -0.10312402916586501, 0.3503986129192469, 0.6558408401506228, -0.049790541350885176, 0.33166072367100496, -0.18822577140224794, 0.06397592217353745, 0.029359195149149343, 0.08542806809817173, 0.06899285587967766, 0.0001539712360439411, 0.0015140422977499182, 0.0021020005948172386, 0.07928919344020988, -0.0005761286855355648, 9.43628680020274e-05, 0.00047606280918774076, 0.5753298889782547
75, 2, 1, 0.7645808749253088, 0.2219006331952626, 0.010939091964534584, 0.002579399914894063, 0.24361986170247735, -0.14640771425654453, 0.23502961111177334, 0.4123506209679501, -0.16398068569746133, 0.08274560345027415, -0.13258335101782695, -0.041626506886425906, -0.0066612868757360165, 0.07323644394445025, -0.11071744182916787, -0.0007744849604677674, 0.0005327035436025357, -0.0008989148254167601, 0.07870374038464586, 8.742026731539343e-05, -0.0013529133825398074, 0.0011463326595197464, 0.5753298889782547
76, 2, 1, 0.7645810892052596, 0.22190045339326517, 0.010939060604143333, 0.002579396797331793, 0.09380037144863608, -0.09131502243856014, 0.11838677515945081, 0.42931302820444, -0.14697695880105713, 0.11343901890355187, -0.1318148638837388, 0.17394058513899377, -0.13131473447273007, 0.13714810632327068, -0.10636260951804921, 0.0006405503746584432, 0.0011223605771595478, 0.00021312104171842183, 0.07903447155623719, -0.0015107576474887876, 0.0009283826276543043, -0.0018606950860882686, 0.5753298889782547
77, 2, 1, 0.7645810851233579, 0.22190048835736526, 0.01093903133865974, 0.0025793951806172576, 0.22908265892651675, 0.012748948689637163, 0.15433552241142137, 0.42022264298599793, -0.15980223643822647, 0.24157081960229196, -0.21953559076979764, -0.1882675705025772, -0.07876553665524799, 0.29979080504263467, 0.058408129356305835, -4.0601966205262384e-05, 0.0014334328357816276, 0.0004268321321828984, 0.08004213034310717, 0.00024623304490971424, 0.00027501395579090574, 7.346166283585229e-05, 0.5753298889782547
78, 2, 1, 0.7645880521125157, 0.22189353508272183, 0.010939007650229107, 0.002579405154533344, 0.16098696163463608, 0.06560765040461729, 0.11180985808137275, 0.5468999988543153, 0.12328274026062824, 0.0645790892502333, -0.1460593589883042, 0.15234976958553698, -0.06890633539572098, -0.0797299103795402, 0.005902406949822332, -0.00040941299878481934, -0.002713084075011702, -0.0016686064197864853, 0.08005861406651657, 0.0005062713090062934, -0.00027176067603553816, -0.00252956375319953, 0.5753298889782547
79, 2, 1, 0.7645879233523616, 0.2218936695395198, 0.01093900014595819, 0.002579406962160383, 0.18094979005656825, -0.3313559788786044, 0.03550937061270578, 0.7768485287363907, -0.028791815778751017, 0.1917225266898292, -0.34795821614554256, 0.06804278633671672, -0.02443162036848175, 0.062319743184669416, 0.10066847025527507, -0.0005766660557352462, -0.0008912075219322633, -0.001706455097641198, 0.0780910853975749, -0.000808915839137812, 0.002313843223082357, 0.0023747256271071243, 0.5753298889782547
80, 2, 1, 0.764584415711898, 0.22189712180251658, 0.01093902671026845, 0.0025794357753170577, 0.10867224054984008, -0.11522644920573474, 0.1989031257409853, 0.46846285364794193, -0.13715502928552697, -0.03439593134547845, -0.12349318237908749, 0.19287949653323033, 0.05788096517455649, -0.019136916766860024, 0.03956270176037517, -0.0006631746609125415, -0.00046957905155757887, -0.0016801433139981372, 0.08103875283500162, -0.0002450329658432001, 0.00016010789969827364, 0.0009252238811817597, 0.5753298889782547
81, 2, 1, 0.7645842522447704, 0.22189727571200904, 0.01093903077940979, 0.0025794412638107844, 0.20551954157073907, -0.17007650181849468, 0.16810738749306578, 0.5588796570867152, -0.06042172375569875, -0.002551355630616414, -0.08329144331662673, 0.07306587405556017, -0.1355127410959242, 0.19178832968313392, -0.08194264631596256, -0.0007248299305077032, 5.146466265021497e-05, -0.0005415495190065538, 0.08153890428561511, -0.00036174678757908103, 0.00012152835058673176, -0.0002843302745278721, 0.5753298889782547
82, 2, 1, 0.764584806550183, 0.22189673562296516, 0.01093901361055389, 0.002579444216297836, 0.07964574725213136, -0.16342390351876704, 0.09052853001800229, 0.695416608265127, -0.09597520899014857, 0.10270888845063672, -0.1873010257359831, 0.15930107745374478, -0.1063465672759513, 0.11107087508720206, 0.02435413047172209, 0.0006135663944458341, 0.0006501320631566664, 0.00039442517107291685, 0.07836733263617882, 0.000997159108938013, -0.0009608240775580946, 0.0004823025328290086, 0.5753298889782547
83, 2, 1, 0.7645840064488283, 0.22189757842013552, 0.010938967450380229, 0.0025794476806559785, 0.1698861163329793, -0.10655504616519473, 0.0734901854393394, 0.6001431355946134, -0.12534792337286044, 0.20649536427116813, -0.08879917846035389, 0.034157720439751, -0.02865002486719509, 0.07525158324502458, 0.006540076802096359, 0.001975152089699695, -0.0008156107485116599, -0.00016925382476874984, 0.0805941173350815, 0.0010990096849850387, 0.0008275626566516625, 0.0007965365034249487, 0.5753298889782547
84, 2, 1, 0.7645845518268782, 0.22189705309639668, 0.010938949923599502, 0.002579445153125553, -0.03209745101616272, -0.11750302518355164, 0.23814924742736512, 0.5970620734451846, 0.07500802344354643, 0.023369698792361025, -0.2597024157189226, 0.04291236561055309, 0.05797680274534027, 0.19250797609972709, -0.2819303722803258, 0.001254222694793002, -0.000867912613650176, 1.2037554892369984e-06, 0.08129534603328706, -0.0004057021363946723, -0.0006224137446073406, 0.00029889589400816966, 0.5753298889782547
85, 2, 1, 0.7645863731232573, 0.22189523823141463, 0.010938943434713657, 0.00257944521061444, 0.17920795006060986, -0.08804969997551253, 0.08278168888387002, 0.41310227576321934, -0.09648098636952529, 0.05803920949803798, -0.1598543622584254, 0.17308612074292076, -0.00823908284769106, 0.14208109379209521, -0.10803468591381123, -0.0012151173675604434, 0.001488744792085529, 0.0005845647547026725, 0.07915661791406442, -0.0013066764692302242, 0.0010489307071561201, 0.0003026209123015429, 0.5753298889782547
86, 2, 1, 0.7645864644631035, 0.22189521152280126, 0.010938881891853257, 0.0025794421222421326, 0.21375666895376327, -0.05425757098045011, 0.02395649174743012, 0.6203087188224805, -0.13139753466977994, 0.2985627914393377, -0.011919588444769879, 0.14949872501518918, -0.09998504542798789, 0.0930989723036578, 0.15889970773530404, 0.001350286448180646, -0.0006421842370729758, -0.001406583550685769, 0.08110383463993917, 0.0001861471092300795, -0.0004597778757509518, -6.953073068780753e-05, 0.5753298889782547
87, 2, 1, 0.7645856665688694, 0.22189608874367792, 0.010938797230101044, 0.002579447457351529, 0.12231860423731125, -0.0736867167081466, 0.16696121736762576, 0.5717832164824829, 0.04506032155002637, 0.19754673781143356, -0.05910023498936834, 0.03147075252475009, -0.154550709142079, 0.10710586606361686, -0.0004879127769014703, 2.6342516261019133e-05, -0.001434568750882449, 0.0012071624921585655, 0.08097090718222125, 0.0011024129263812973, 0.000161306607767566, 0.0001734510116430496, 0.5753298889782547
88, 2, 1, 0.7645849096044027, 0.22189702166568176, 0.010938620545106734, 0.0025794481848087887, 0.17103703090003725, 0.0463341807034758, -0.0019395997921904829, 0.5195233931676357, -0.10925346629810855, 0.09708950340936226, 0.0671400568067249, -0.04687259473521545, 0.019367211781194254, 0.04055691490823266, -0.030333406784165497, -0.00018650575840958595, 0.0017907565011417294, -5.6902338423526316e-05, 0.08010268110855107, -0.00038511486702825923, -0.0007424224952474821, -0.00017712438072805286, 0.5753298889782547
89, 2, 1, 0.7645877381286041, 0.22189425726058964, 0.010938552333103117, 0.002579452277703101, -0.13516959078832008, -0.03302359659652973, 0.10029685612370436, 0.6074408906259404, -0.07991149301973847, 0.05942661363863738, -0.17209475386640782, 0.12442218781378314, 0.042722819296081724, -0.02459538294236644, -0.088272419013621, 0.0017750923632491547, -6.0002841118128556e-05, -0.00043273511333950305, 0.08022915407193446, 0.0007366003253979939, 0.0003930234531185973, -0.0013092061983368446, 0.5753298889782547
90, 2, 1, 0.7645850806112414, 0.22189687314416695, 0.010938575648729756, 0.002579470595861928, -0.03984596079142522, -0.04578655108089648, 0.22207022033321433, 0.510047508254672, -0.09625223788602386, 0.15006147234037542, -0.16324822435027872, -0.07906221505512781, -0.007336209479744732, 0.2126289197380607, 0.058982819323318114, 0.00021674605305694938, 0.0008424294532445064, -0.0012232747718779983, 0.07742957611968279, -0.0007956893139601309, 0.0009761165424977056, 0.0003119813963952964, 0.5753298889782547
91, 2, 1, 0.7645850629648512, 0.22189691585473806, 0.010938550913663598, 0.002579470266747164, 0.11924676166301015, -0.24017980746901565, 0.08825334487737735, 0.43340416575458934, -0.10550641182206519, 0.0383286456964255, -0.25643161172537854, -0.047950229166755676, 0.08383532349460829, -0.1174332274386096, 0.02277195911093444, 0.0002130385552849156, 0.0007126260119395325, -0.001195147937761928, 0.0798348080052437, -0.00015174872390075176, -0.0016788240602323297, -0.0010296543231287946, 0.5753298889782547
92, 2, 1, 0.764587089398742, 0.2218949738532887, 0.01093845991825051, 0.0025794768297187835, 0.0018140922468186215, -0.03971163680484943, -0.12295292747435041, 0.6445581073771907, -0.031645145887226556, 0.17360992592148322, -0.0005759935401211224, -0.021452467890146276, -0.06308690059036112, 0.008752131476719698, 0.08191397779706364, -0.0011202959252269902, -0.00041940373624095627, 0.00018168663856708026, 0.07940977340096886, -0.001358094855393241, -0.0024616624576328594, -0.0006724173367933315, 0.5753298889782547
93, 2, 1, 0.7645848151687566, 0.22189733658703203, 0.010938358896381038, 0.002579489347830354, -0.13339412616268034, -0.07749588011017958, 0.05363561521281145, 0.5384850045873544, -0.051866039144740986, 0.13191964921049754, 0.007804785243733359, -0.10021538475313715, 0.10472784409131575, -0.03631026639464156, -0.08212167366474327, 0.0007731422874575503, 0.0004958313805221049, -0.0010455639942148467, 0.08116235268228347, -0.001157760757025085, 1.912522081070001e-05, -0.00022198473985765468, 0.5753298889782547
94, 2, 1, 0.7645853100473281, 0.22189689703053828, 0.010938303910480215, 0.002579489011653268, -0.18715841479567885, -0.06365610598380986, -0.04393184353568726, 0.6645260385656988, -0.015606111612797246, 0.17972212359114503, -0.21631188310770044, -0.10696441846399825, -0.050962285512056026, -0.16900425724748372, -0.004315833034770998, 0.0007650055314134274, -0.0008996607896600199, 0.0009669134403572945, 0.07961396468212434, 0.0006827547812504069, 0.0015174609768816851, 0.0005824723773644484, 0.5753298889782547
95, 2, 1, 0.7645851977743289, 0.22189708066960706, 0.01093822658454353, 0.002579494971520509, -0.03486707915005309, 0.025467280475212233, 0.08242426947341318, 0.4609663614262405, -0.05097164456621332, 0.0495673522812163, 0.01427311464119505, 0.214183613488038, 0.037532240281725894, -0.08093900191066415, 0.022040254051817802, 0.001346489154535053, -0.0023591555700962904, 0.0006741209489798251, 0.08035963960226128, 0.0004185053100896583, -0.0005696266455477843, 0.0017787414568941752, 0.5753298889782547
96, 2, 1, 0.7645856901049964, 0.22189661710492412, 0.010938190262425087, 0.00257950252765435, -0.0474040449095085, -0.15656472519788453, -0.18835812983626948, 0.46967250040906483, -0.013219385007711104, 0.12873176039474224, -0.14976542007479757, 0.047407667280619493, 0.06015800161475856, 0.05793862670128221, -0.059275144084565926, -0.0013697180150046577, 6.051563237534822e-05, 0.0011424613084649363, 0.07933402032721402, 0.00041741467200163843, -0.00040985028470359004, 0.0006294569997349745, 0.5753298889782547
97, 2, 1, 0.764585979993321, 0.22189642240940147, 0.01093809926851616, 0.0025794983287614295, -0.0556037593763693, 0.11811459319588355, 0.10869061948666844, 0.560478188914615, -0.17399833057958536, 0.16775882177313742, -0.19275580625733518, 0.00897745168935826, -0.06243097992851419, -0.07379707783453822, -0.06806627004194, -0.001201261628895931, 0.001969198127101267, 0.0002486918935370321, 0.07906321645830358, -0.0007844660100310607, -0.0009254521122040989, 0.00022596641879531638, 0.5753298889782547
98, 2, 1, 0.7645871332162635, 0.22189530138643226, 0.010938066838848657, 0.0025794985584556515, -0.0689774002119097, 0.10229774981287179, 0.117624985637607, 0.4932602633404314, -0.16150135155717366, 0.025426219521329764, -0.2073807015091398, 0.0659361361358693, -0.1971794961693276, 0.009911544916094568, 0.139316224571249, -0.0011206680827402916, 0.00015104925223152738, 0.0015970519844385102, 0.08093202118768113, -0.001541887396461626, -1.169262617419632e-05, 0.001603824812077665, 0.5753298889782547
99, 2, 1, 0.7645868341152966, 0.22189565870554634, 0.010938004173270564, 0.0025795030058866487, 0.11956875682691967, -0.10227673167689293, 0.09132458579024336, 0.6065623651237256, 0.03186719250291712, 0.2369470710903324, -0.056040582463159724, 0.12675459820314883, -0.13081484537577873, 0.08524269495547696, 0.07456347998860771, -0.0006229944542869021, -0.0006589827948956361, -0.0011708858985339271, 0.07534437129994145, 0.002122538067997231, 0.0005399795423968507, -0.0007094572222901067, 0.5967599733631266
