t, Event, Policy, P(still), P(random), P(reach), P(transport), o(t), s_a 
0, 2, 0, 0.9222872257232666, 0.00601215660572052, 0.07170064747333527, 2.600066689728564e-11, -0.47355112354882734, -0.6284020026386401, 0.5185271190230981, 0.9704700417483585, 0.011063219298978222, 0.12071343272136863, -0.16753391087983943, -0.3757855182414055, -0.4442488934462057, 0.4497002443747373, 0.04823835376642353, 0.047238957199572926, -0.09593397678441977, 0.00551530135767678, -0.13001224068542888, 0.17402956862613322, 0.025652294801251245, 0.011622220955933241, 0.8920663277621834
1, 2, 1, 0.043395416600631474, 0.0674437059330168, 0.889160824978639, 5.248771279297965e-08, -0.5672270200421659, -0.569058232047926, 0.6374289722908515, 0.8923004837023324, 0.1103587404046839, 0.11091328952360165, -0.12407184040324645, -0.37355528531055315, -0.23852948802065108, 0.2658103202207352, 0.07319866627363406, -0.19576383754504031, 0.005131444624638404, 0.014967217927875998, 0.23766912986656238, 0.024142902606817614, -0.07084924990324962, -0.07731764705845469, 0.8920663277621834
2, 2, 1, 0.04347910277758698, 0.06735977035541106, 0.8891611268649595, 2.042567196040891e-12, -0.5910690533596272, -0.5862779721500158, 0.6779633411331438, 0.9623128011591386, 0.17284264737596328, -0.011320095182717326, -0.027252693111065995, -0.406414081442595, -0.2815965165077662, 0.19717676177413188, -0.005344390682923117, -0.0013003481110326484, 0.0005150395575443747, 0.001136827450538196, 0.09073325432031866, 0.0008011542430670891, -0.0017191537600250654, 0.00034599817286851993, 0.8920663277621834
3, 2, 1, 0.04347919031412691, 0.06735967931903604, 0.8891611303647944, 2.0425927850334234e-12, -0.7036335361706699, -0.4824588051870247, 0.6266975116733452, 0.8215442867038067, 0.33871237788507846, 0.08045522585916516, -0.18700723443921996, -0.4452496713150319, -0.22439764245445626, 0.23801292205476504, -0.16303255124260313, -4.510016228794244e-05, -0.00034237647935665656, -0.000293892460846966, 0.09102010340925429, -0.0004978847362575598, 0.0004990316304962211, 0.00030672039262406685, 0.8920663277621834
4, 2, 1, 0.04347919039091276, 0.06735967922892484, 0.8891611303781198, 2.0425958513367326e-12, -0.6244932647328468, -0.6703993900183157, 0.5853627288833484, 0.9698309109615826, 0.2931188794374739, 0.054300309130161505, -0.15976620396420757, -0.3465563479868233, -0.2539907963382841, 0.34708394808968357, -0.013945584753997186, -0.0018691274252646485, -0.00025418960815584956, 0.0017803478891901359, 0.08882646471698165, 0.001412704405057886, -0.0007513741683141748, 0.0014993627353085998, 0.8920663277621834
5, 2, 1, 0.043479186648642726, 0.0673596650318321, 0.8891611483174826, 2.042613281783654e-12, -0.6332203204905935, -0.5179969719806217, 0.6878976912154439, 0.8049687310922774, 0.042463121278015284, 0.006513932279450474, -0.15761313287284567, -0.42627498927967145, -0.16657112534173493, 0.41702347431507947, 0.03577891973360472, 0.001028091525686335, -0.0002352954456756249, -0.0007036821974442493, 0.09112544771238687, 0.00022861957113377423, -0.000391358145795838, 0.0011361049625051292, 0.8920663277621834
6, 2, 1, 0.04347922372618356, 0.06735962692547542, 0.8891611493462941, 2.0469655206039017e-12, -0.45310095337689826, -0.45000369098572024, 0.6248330151931323, 0.9686058015787337, 0.25108159499911514, 0.17124551603665145, -0.1953322244233784, -0.25440147108923433, -0.1956745198464387, 0.3239439988333385, 0.11841941154974858, -0.0005173828579031188, 0.00013992639443993245, -0.000490765337003019, 0.09111302408742857, -0.0022454319681386318, -0.0010388101353174188, -0.0005783408558600465, 0.8920663277621834
7, 2, 1, 0.04347907923286014, 0.06735962975400159, 0.8891612910110893, 2.0489709256233404e-12, -0.6206176234740673, -0.6173188169024206, 0.7289984466561275, 0.9349822118555953, 0.026625561591393343, 0.0711338249522421, -0.04873962571354499, -0.35819566733919167, -0.10057479211461906, 0.29515439956865486, -0.08070318793700618, -0.0018639508404769307, -0.00014223898513242162, 8.450627911093694e-05, 0.08932036132727382, -2.3300907994011434e-05, 0.0017514635316486997, 0.0008214016086967666, 0.8920663277621834
8, 2, 1, 0.04347850846585545, 0.06736009853392431, 0.8891613929341868, 6.603339535296799e-11, -0.4797826943121638, -0.534174460987427, 0.4532905841735827, 0.7689606667195035, -0.04258901912612707, 0.03420385980711188, -0.1437274212508082, -0.40514148226483704, -0.13954245080596817, 0.07905601205982755, 0.2601474396300348, -0.000741726636821822, -0.001504866101697018, 0.0005236739188809037, 0.091468122771912, 0.0009854430212269513, -2.9981353154854384e-06, -0.0006736989351061384, 0.8920663277621834
9, 2, 1, 0.04347863420920508, 0.06735997176275793, 0.8891613939613721, 6.666505071163723e-11, -0.5122466812501448, -0.45235154385098364, 0.4755841553549026, 0.9800685867502061, 0.08780979616602139, 0.1482030168263652, -0.17789935179678545, -0.1313722955850018, -0.2706212142403437, 0.36517534320845435, 0.12487303628107489, 0.0008384188927516625, -0.0014069660436060395, 0.0008397007270752422, 0.09155482757343955, -0.0027229209286880928, -0.001202952361766175, 0.00044568676434852907, 0.8920663277621834
10, 2, 1, 0.043478636165395636, 0.06735996975632731, 0.889161394011612, 6.66649548376171e-11, -0.5181604730314274, -0.6145642555791611, 0.6222993303119221, 1.0292403690192977, 0.2899753410422902, 0.1452212737568611, -0.10829544732411742, -0.16944680595747688, -0.4234383754902683, 0.16660353187124388, -0.08991727441061965, 0.0004363485235370909, 0.001512851078221349, 0.000532488004872396, 0.08982609439038819, -0.0014208470484209557, -2.113433048177958e-05, -2.9536366063884727e-05, 0.8920663277621834
11, 2, 1, 0.04347861669667922, 0.06735995042486158, 0.8891614327913392, 8.712003092082303e-11, -0.34269882488291464, -0.5951149188779408, 0.5259519495635646, 0.7479018627006241, 0.036056459725560416, 0.32389941003304373, -0.14039459153111972, -0.25346337731105995, -0.19512796775592353, 0.12882076689119112, -0.025515152140970825, 0.00022595571775219282, -0.0004882350739924267, -0.001121436019092054, 0.0897743213451951, 0.00010733397204523977, -0.00024354009830392128, 3.3259489675332835e-05, 0.8920663277621834
12, 2, 1, 0.04347842672790713, 0.06735997866822178, 0.8891615945166682, 8.720289766161994e-11, -0.4492117754180002, -0.544149689077285, 0.6948818895016988, 0.8147781409531272, 0.0648633562220618, 0.06333646567647572, -0.09322825250088052, -0.29376913865461923, -0.15718551789762425, 0.35845405184581874, 0.21186299284725169, 0.002357961722713261, -0.0013513149506124262, 0.0015144244389787569, 0.0901954580989516, -0.0017421924535287413, -2.078176042516377e-05, 0.00031009599872663994, 0.8920663277621834
13, 2, 1, 0.043478448836566645, 0.06735995606478816, 0.889161595011804, 8.684115638274034e-11, -0.4929222751364121, -0.45166055959633133, 0.4128083579183289, 0.9491037453320516, 0.14847257899480337, 0.06510675241591227, -0.25121510106688316, -0.44968563583607146, -0.38465809908445786, 0.2787090317436906, 0.210834743025546, -0.0010461336235280084, 0.00036304668486571574, 0.0015310496725796997, 0.08980314737927401, 0.0006522671378459816, -0.001009238873221122, 0.0004292778951857903, 0.8920663277621834
14, 2, 1, 0.043478435693242556, 0.06735995352015413, 0.8891616106997611, 8.68422471348083e-11, -0.5010037777705707, -0.5030110792442352, 0.6472197166012339, 0.8560147339399341, 0.054070096438089243, 0.22995544492281908, -0.18631448466020153, -0.3458346048709166, -0.2786491532864583, 0.26789017592584796, -0.10794331165718019, -0.0004800497246206715, 0.0005235876616013046, 0.0010944465002512697, 0.0889052317276026, 0.0010248857711661627, 0.00033277737275572204, 0.0011644348610095872, 0.8920663277621834
15, 2, 1, 0.04347842397721487, 0.06735995104804719, 0.8891616246659476, 3.0879028536906964e-10, -0.4432615214093226, -0.6405257900889811, 0.5786507679153859, 0.9800145988757478, 0.18311123812859093, 0.08450485655673412, -0.12841979696670625, -0.04963511007305477, -0.10453290564881172, 0.1399587416758323, 0.12079635548682721, 0.0002580229713942634, 0.00024196326485940767, -9.047455350039596e-05, 0.0898026693913356, -0.002133902071424763, -0.001015517292122407, 0.0014092082705008842, 0.8920663277621834
16, 2, 1, 0.04347846546673805, 0.06735990932622078, 0.8891616248944585, 3.1258262890015796e-10, -0.7254779120425272, -0.6267667219893754, 0.43376198043161035, 0.8263892036939368, 0.2032055739995949, 0.05406319257636747, -0.09214704899800667, -0.03155191530025832, -0.36040607231331967, 0.24678810770549955, 0.07187437183684871, -0.0014767313494533955, -0.0016577461237592729, -0.0011859317768233538, 0.08920908856767765, -0.00046590858545959515, 0.0004519912744752751, 0.0009138834660860946, 0.8920663277621834
17, 2, 1, 0.04347874768261203, 0.0673596249761125, 0.8891616270286966, 3.125788795051337e-10, -0.5636612268700232, -0.6071967933635836, 0.6663891207325331, 1.0734918041258306, 0.14007345384839648, 0.19882868626922198, -0.024743178964191048, -0.1588686228782187, -0.4350869465394947, 0.3234299117225429, -0.03421192356947423, -0.0007447094856381903, 0.0003638772640908855, -0.0009000984747462102, 0.09103562187517107, 0.0007035561148064932, -0.0010131568764658043, 0.0001641585915468273, 0.8920663277621834
18, 2, 1, 0.043478717095724304, 0.06735961234122703, 0.8891616702642194, 2.988292446349088e-10, -0.5405323575807113, -0.5615644057210201, 0.5052582086550332, 0.8258716030865363, 0.30524100891535155, 0.1282737276376598, -0.07377401185833168, -0.35789379881879707, -0.13004125186551008, 0.1655624233026232, 0.04160682237121731, 0.00032857173826810924, 0.001768382755138127, 0.0010083389392116639, 0.08975444909819377, -7.689087023308141e-05, -0.00015585797125410426, -0.0006393710192994053, 0.8920663277621834
19, 2, 1, 0.04369197727968416, 0.06714580739396864, 0.8891622150187108, 3.076363762839437e-10, -0.38252556456902637, -0.42902578278385056, 0.5325786503630284, 0.9936071931500978, 0.05279817288816898, -0.01995480869171875, -0.16475851096138236, -0.26026445532157344, -0.17285108197441898, 0.28236739659659726, -0.17159999459538589, -0.0009887773214021776, 0.00017814117360454633, -0.0003963570509653818, 0.08956530953906101, 0.0012078138160190768, 6.761045756457524e-05, -0.0004911884047770195, 0.8920663277621834
20, 2, 1, 0.04369454739530102, 0.06714322928955416, 0.8891622230068328, 3.0831204380547453e-10, -0.25338095420825674, -0.46023475199888597, 0.5352700663587362, 0.9609905113358135, 0.06988376603404634, 0.2509598204077945, -0.013500731125300081, -0.13715355574297677, -0.13054111878096333, 0.43621487910795737, -0.007721128807912541, 0.0021390172802162348, 0.0016617188264939887, 0.0009911978129792498, 0.08938029012763402, -3.872421730233387e-05, -0.0003947809711873823, 2.0452612904123565e-05, 0.8920663277621834
21, 2, 1, 0.043694557463889595, 0.06714321862098552, 0.8891622236153812, 2.9974371613543205e-10, -0.31037553606400453, -0.5101540780201634, 0.39417282667220077, 0.9085625573264522, 0.29579523490871823, 0.026591331532341632, 0.025090799491096737, -0.3835956222589051, -0.08694933985404596, 0.26082639549134734, 0.12248071578575918, -0.0009160440175067104, -0.0006070368466983428, -0.00191524035861393, 0.0896396860920557, -0.0020880437544765077, -0.0014097860622779834, 0.0002295417502005099, 0.8920663277621834
22, 2, 1, 0.04369457441486394, 0.06714320148830777, 0.8891622237970743, 2.9975404385109075e-10, -0.42171467598713325, -0.3997752141075624, 0.44218466318918914, 0.9845121175807579, 0.18375379982607737, -0.19101433693252917, -0.21449945769404316, -0.2773547337376766, -0.25501421790114553, 0.3633128131258241, 0.08228582245871445, -0.0019327900955152066, 0.00028668992828850023, 0.0012008516116814444, 0.08784727066031559, -0.0008119342556917375, 0.0019461251275402827, 0.000505056208928828, 0.8920663277621834
23, 2, 1, 0.04369837170057531, 0.0671393928213187, 0.8891622351782476, 2.9985830590528816e-10, -0.4497919210948228, -0.39255766219530214, 0.4846217723710068, 0.9556812528501334, 0.05902745976296192, 0.1604472086852597, -0.11484403292239172, -0.25766270868908336, -0.18021339289795563, 0.37904310303304084, -0.1701921328355555, -0.0007965569742024933, -0.00047480873510034405, 0.00065013049166989, 0.08996035262905615, 0.0007340179145214874, 0.0007968572781353352, -0.0006911713126620411, 0.8920663277621834
24, 2, 1, 0.04369853249560913, 0.06713922580322904, 0.889162241400279, 3.0088286915561885e-10, -0.5481747723339123, -0.5112181158845185, 0.43993282215522556, 0.9658794779621476, 0.05294701281587746, 0.2382606993326349, -0.13451713286301442, -0.2725883409153668, -0.06734197278828757, 0.32954106171723313, 0.0089327110273151, -0.0014774952010490013, -0.001543870159522597, 0.0007005751055467467, 0.0899986521724969, -0.0003056581115982853, -0.00032885189188838467, -0.00046075515624352813, 0.8920663277621834
25, 2, 1, 0.04372748026591488, 0.06711025412990017, 0.8891622652632762, 3.409087611936976e-10, -0.4139880595196158, -0.42849210725618236, 0.2888798805028123, 0.7711489412030946, 0.003884140342106046, 0.0706950724993212, -0.0163675213009854, -0.25995232891834597, -0.18036470189238102, 0.38010487098470475, 0.003734351451320156, 0.00047792560080926055, -0.0003599083155771139, 0.000746526264000369, 0.09023406225025969, 0.0013386814998184809, 0.0010749841412973566, 0.00043989503777214803, 0.8920663277621834
26, 2, 1, 0.04372787857537685, 0.06710984362303471, 0.8891622774533068, 3.48281711326845e-10, -0.5183866685955419, -0.3132310432742903, 0.5142227940173669, 0.6531136509770302, 0.043299880640069746, -0.04607699986539697, -0.15764400508430418, -0.23387555627351803, -0.44437334967185044, 0.05541305485949695, 0.13799752239275836, -0.0019994274048659435, 0.0012571497346429313, 0.0004855083256194872, 0.08980448951054912, 0.0016849827400919639, 0.0004746221568052624, -0.0021392990269187813, 0.8920663277621834
27, 2, 1, 0.0437307377114053, 0.06710694980560336, 0.8891623124805336, 2.45777443036161e-12, -0.29327105052120456, -0.4244430483866671, 0.5631614620480747, 0.7309432353299595, 0.2967295568049395, 0.1547883257837427, -0.05628905430274337, -0.35647243941170725, -0.31083635041071606, 0.11335109375615231, 0.09879840709309978, 0.00016130447705589948, -0.00028076207805718614, -0.0017867069907540716, 0.09061606389134495, -0.0024247306640206787, 0.0003023433323231105, 0.0008340464649171621, 0.8920663277621834
28, 2, 1, 0.04373046339832008, 0.06710716491610032, 0.8891623714715275, 2.1405208767790938e-10, -0.4466090970194817, -0.4926955587894576, 0.46532347835086185, 0.6741821377762072, 0.284462698269071, 0.053526389446184805, 0.03825781712978753, -0.2771081837727539, -0.06968625635585361, 0.08308263710487865, -0.043113146424098484, 0.0009529123916828657, 0.000403660367768481, 0.00148450992815661, 0.08897266448619208, 0.0005467804783932456, 0.0012167372415338366, 0.0011036993470392245, 0.8920663277621834
29, 2, 1, 0.043735713224248685, 0.06710188074637867, 0.8891624058129979, 2.1637476640333502e-10, -0.3583590736397266, -0.45520053825742945, 0.5327380764633465, 0.8845268390010119, 0.20673902644943465, -0.0015579435510637341, -0.22040547835554608, -0.2417153286487459, -0.1146616098105008, 0.2605989070826151, -0.04363536743057008, 0.0017462189127662414, 0.0013005346096563143, -0.0013289254900164527, 0.09011990015897559, 0.00018088734429832527, 0.0004156877616436225, 0.00012649686176218383, 0.8920663277621834
30, 2, 1, 0.04382891755141557, 0.06700855642325235, 0.8891625249663411, 1.0589909596006016e-09, -0.32959731484098553, -0.31315605302151345, 0.480112388065398, 0.8958938497609967, 0.0981611502076684, 0.02835743790953532, 0.01766733836281944, -0.20706541261370956, -0.19695995078309686, 0.1289922874024812, -0.033665400868039784, 0.00037123094094290785, -0.00038299156962461474, -0.00034983062267329463, 0.08881185518678833, 0.0008822131232583984, 0.0008361396346712281, 0.001620089333034046, 0.8920663277621834
31, 2, 1, 0.04383325002401709, 0.06700417465924945, 0.8891625742370535, 1.0796800182009504e-09, -0.33647069795773155, -0.404281573082174, 0.4562670359825967, 0.8301713315353341, 0.16678707007913202, 0.04309585087619824, -0.24456149719244918, -0.28232994669818934, -0.06784222857675255, 0.24306865443016967, 0.10458809927333752, -0.0013208530903765382, 0.001708971525877972, 0.0002046020617708969, 0.08947858390643318, -0.0008795641056983472, 0.0008476450052016928, 0.0006772735587587436, 0.8920663277621834
32, 2, 1, 0.043833548993591084, 0.06700387379380823, 0.8891625761324596, 1.0801411097541844e-09, -0.33473971286169346, -0.40939830182021764, 0.528986381916721, 0.8213750070130399, 0.15174855037832108, 0.11354100249808274, -0.19796421934121425, -0.10118191709605122, -0.10429713166126695, 0.3647696817686582, -0.024340260066371217, -0.0015951303606380127, -0.0005527597793540396, 2.2606268336715193e-05, 0.09009287681859093, 0.0014569184641626104, 0.001078532207840005, 9.047814468605107e-05, 0.8920663277621834
33, 2, 1, 0.043833729222840616, 0.06700368546064982, 0.8891625841223733, 1.1941362977371817e-09, -0.5268553560862375, -0.26147653362403084, 0.4174297743940053, 0.8927000779837501, 0.04693769705774724, 0.3670800536389954, -0.08376237268567256, -0.17945378686097874, -0.1799331523291115, 0.13324269422934681, -0.11262541739168155, 0.00045172925011602506, 0.00038286200362205294, 0.0003678730972129122, 0.0887740393598513, 0.0010714641413794676, -0.0009335492346489501, -0.001885230541890958, 0.8920663277621834
34, 2, 1, 0.04383372922249652, 0.06700368545510198, 0.8891625841282005, 1.1942010584320368e-09, -0.3299701126520964, -0.34994923391294763, 0.42047616261225007, 0.9046165720845917, 0.1964866992644458, 0.2474090287312066, -0.06084652514239495, -0.16222626579767044, -0.22862449174947092, 0.28445279842413196, 0.11273141053037247, -0.001117249031092562, -0.00043360273771329074, 0.0008028768461832335, 0.08923976056614738, 0.00066707984569363, -0.0010626399047646297, -0.0004967751282259055, 0.8920663277621834
35, 2, 1, 0.043833901513992427, 0.06700351206498525, 0.8891625852267965, 1.194225857233404e-09, -0.25083863487284974, -0.30834410668126333, 0.42252135806040086, 0.7629057140695699, 0.10530072537739259, 0.17781231838946474, -0.10418545432571849, -0.2860596600999001, -0.19383013599479681, 0.4633134439820731, 0.0402525093745769, 0.0005472663836177553, -0.0012134539321099753, 0.0005316602661366118, 0.09257697481886608, 0.0029037700819832947, 0.0002562308158363386, -0.0001910608270230227, 0.8920663277621834
36, 2, 1, 0.0438508276065995, 0.06698654176150573, 0.8891626293956314, 1.2362633550834834e-09, -0.30110751055210594, -0.24626774952508082, 0.41518210591958304, 0.9189971437572183, 0.12317358984840168, 0.018799704343393498, -0.16959913976339647, -0.20363782260416613, -0.2707921042863625, 0.30647505909701617, 6.676195546409525e-05, 0.00014382901023720756, 0.00026412095590773514, -0.0012779326464162554, 0.08978432151282448, -0.00039683403910091314, -0.00021893475910929688, -0.0013179296865446762, 0.8920663277621834
37, 2, 1, 0.043880645464447685, 0.06695665409579428, 0.8891626991176815, 1.322076613933685e-09, -0.3831288286065866, -0.44127534402833646, 0.31810720499018447, 0.8570659853560135, 0.21073186245586256, 0.040576543526570565, -0.12231242884215834, -0.36966853523780474, -0.08518310586081335, 0.1483446039673258, -0.04586187222343158, -0.0009780745251327595, 0.0008111312878873493, -0.0008375731878432337, 0.09116689794968444, 0.0005352629181247885, 0.0008653373154032454, -0.001300847859425012, 0.8920663277621834
38, 2, 1, 0.04388433137310633, 0.06695296048511826, 0.8891627066276567, 1.514118829283116e-09, -0.5921361109591605, -0.3653338688280699, 0.245766146762795, 0.684932580765327, 0.04959002188246492, 0.18998558387369108, -0.09948995673529246, -0.08758410466152247, -0.1345655822973759, 0.32080463007286253, -0.22035772349064678, 0.0020880097980938103, 0.0010038754951137746, 0.001837366166937061, 0.09053538810933467, -0.0013452580789089792, 0.00014403496979199706, -0.0011956712972174773, 0.8920663277621834
39, 2, 1, 0.043943938335268364, 0.06689327559497805, 0.889162784006387, 2.0633666851481047e-09, -0.4042518094523178, -0.3657901038113667, 0.5244242264016699, 0.8789810253403587, 0.09419888318098599, 0.1271915321082328, 0.006879958513156326, -0.08454912023360343, -0.16163433074077765, 0.11586161742661609, -0.20283805424598594, 0.0008193113114155619, -0.0008264769515200001, 0.0007186457304427572, 0.09085727344192819, -0.0007988553951065968, 0.0007935185893500508, 0.0010383594905900542, 0.8920663277621834
40, 2, 1, 0.04394434355207372, 0.0668928680526849, 0.889162786064836, 2.3304052947952214e-09, -0.5230332287298849, -0.36286583994341143, 0.3380503641690388, 0.8068682666265617, -0.02471457603548053, 0.034894400822202284, -0.1403680021653842, -0.08121117291220266, -0.2912581514584448, 0.26164376637433306, 0.15345045763011106, 0.0009791106662631742, 0.0006188657820648257, 0.0006334857729555486, 0.089358923800636, -5.726464936565287e-06, 0.0007039827135937064, -0.000890668605836356, 0.8920663277621834
41, 2, 1, 0.05500464594117356, 0.055823072027276065, 0.889171239131396, 1.042900154434141e-06, -0.39487936770375753, -0.21961189644031673, 0.15655812614571776, 1.0002906149875628, 0.12511698180367092, 0.05559052873435746, -0.09605600610951533, -0.09842491751738344, -0.30743654633965, 0.2802180090234431, -0.10513808230193203, 0.0008917517450244697, 0.0003040680366762467, 0.0010453300547474354, 0.08937203753133321, 0.0007218041381282076, 0.0009242759037256751, 0.000902847011298126, 0.8920663277621834
42, 2, 1, 0.055037512481375776, 0.05579010652080687, 0.8891713313244775, 1.0496733398951275e-06, -0.4421363539117401, -0.3970995511396808, 0.37970486922972935, 0.83809798910721, 0.1781259956757594, 0.018137117619765386, -0.146103800474941, -0.131964211538474, -0.24700174937132738, 0.12572538740794412, -0.034429771281180396, 0.002834430549440195, -0.0004997673001327153, -0.0002641733397817591, 0.09065093108216107, 0.0008127713324903417, -0.001514521811061201, 0.0016249297365504346, 0.8920663277621834
43, 2, 1, 0.05503847495227539, 0.05578911310120486, 0.8891713622702395, 1.0496762803004477e-06, -0.42364868686381296, -0.3603855607495294, 0.5665790187242223, 0.8759814798432848, 0.07660740206370023, 0.2194421090304642, -0.2714372313599416, -0.08379176249175598, -0.15974685290743054, 0.25191171213708935, -0.1878415560920099, 0.00017108334120596234, 0.0013223986104678996, -0.00053117645010531, 0.08977835377045602, -0.0014966972726028003, -0.0011898753825290423, -0.0010434730950044798, 0.8920663277621834
44, 2, 1, 0.05580794481879249, 0.055016000053631074, 0.8891733359955701, 2.7191320061330356e-06, -0.23209647240191927, -0.34057653217515654, 0.32308968451355013, 1.0354635083554853, 0.1705126520764092, 0.1272693482241459, -0.13246850620074815, -0.10506881818033272, -0.21342924181297956, 0.02268457515299984, -0.09619488573620208, 7.479292790141034e-05, -0.000771788974738156, -0.001409401125366019, 0.08889536387307304, -0.001402443083006124, 0.0015160776480944607, 0.0007829199802765708, 0.8920663277621834
45, 2, 1, 0.05585901287067868, 0.054964880647379914, 0.8891733873097691, 2.71917217234798e-06, -0.3102528792216217, -0.3339383489185266, 0.4098850153064638, 0.6847568674369962, 0.0526179475416378, 0.044985995819730916, -0.1397493132971928, -0.12943061330086253, -0.11210811434924776, 0.3613943557441103, -0.21151767672569433, 0.00142200849584604, 0.0005791488175558943, 0.00043341762082315576, 0.0900261982989389, 0.001583765279285367, 0.0009220098718081968, -0.0006573597216907986, 0.8920663277621834
46, 2, 1, 0.05585959756542763, 0.05496429234515137, 0.8891733906613544, 2.719428066701003e-06, -0.4059051288728123, -0.4470511144753753, 0.21657717950033825, 1.0430517759665108, 0.13192045248199302, 0.16073457473760025, -0.05985533287596231, -0.1874072744605364, -0.045591724022629634, 0.27070318064777255, 0.16754336160494301, 5.9378332177782866e-05, 0.0006454987474649738, -0.0011664819990799059, 0.08897127145394454, 8.173735039360345e-05, -0.0012078157909441512, -0.0008984811286283491, 0.8920663277621834
47, 2, 1, 0.057038122919586785, 0.053784033681276495, 0.8891751066388884, 2.73676024841409e-06, -0.35512659159600224, -0.13781259370536128, 0.3722826831190411, 0.6853194128800851, 0.23038208162163318, 0.024464194468286037, -0.09683054078387707, -0.2670905903770244, -0.050501790140554184, 0.11991280893434966, -0.09059484513996652, -0.0010311620987940016, 0.002113256316998391, -0.00036348957432677206, 0.08936949785167488, -0.0008369456230467077, -0.00010997916721129551, -0.0009915821636327833, 0.8920663277621834
48, 2, 1, 0.05703868410143529, 0.05378346824102262, 0.8891751091426959, 2.7385148462230644e-06, -0.29445732442148004, -0.17496028227808172, 0.24448050232923474, 0.8914851509981843, 0.3157095673762522, 0.10927029839207844, -0.16198050138170836, -0.04871009888804241, -0.13201890880106248, 0.2933745013863316, 0.09040427529102003, -0.000590575423668006, 0.001228925988745657, 8.103464972199358e-05, 0.0909067411628182, -0.001536663671433102, -0.0003853632228392872, 0.0008529491816403236, 0.8920663277621834
49, 2, 1, 0.05703868390305972, 0.05378346842613295, 0.8891751091855713, 2.73848523605148e-06, -0.18871484506732078, -0.35977781729571623, 0.25270294492611944, 0.8341955559351654, 0.2965350802741261, 0.16962552957114374, -0.12004124454617815, -0.2282724007081546, -0.3073754120462473, 0.17212969465267117, 0.14949070554360638, 0.0013139289956053332, -0.0011206922408971357, 0.0004994750104714977, 0.08929658774781352, -0.001056696738045855, 0.00035654036262515383, -0.001088351248703661, 0.8920663277621834
50, 2, 1, 0.05700802844392511, 0.05380934655787894, 0.889179647735303, 2.9772628929752106e-06, -0.32581005641682614, -0.3565040588597207, 0.4205534500445263, 0.97949904345815, 0.06490194697101268, 0.08657698793701171, 0.02175200369797057, -0.20835001228470698, -0.06911492101386757, 0.08938406199636581, -0.014242647952324277, 0.0006850466075524645, -0.0012072734202782432, -5.14540162849666e-05, 0.08865065762974948, 7.671159670016427e-06, -0.001002721705695119, 0.0004307887207891894, 0.8920663277621834
51, 2, 1, 0.05706456373383337, 0.05375272440943711, 0.8891797315759394, 2.980280790048969e-06, -0.3797601572541959, -0.14831460704151136, 0.46892557019098174, 0.9062615320933837, 0.10582267867275308, -0.0020006468083727967, -0.13825098308734884, -0.00912466353296557, -0.19940515324034308, 0.28081692474509534, 0.10706848478510203, 0.0008241840455596953, 0.0002720895557815275, 0.001314220698806894, 0.09051441903997637, -0.00014014885632448678, 0.0013322315276331938, -0.0015003508122425609, 0.8920663277621834
52, 2, 1, 0.06052266324943692, 0.05022953500447141, 0.8891828713433715, 6.493040272011902e-05, -0.09382643845431957, -0.12987145035586378, 0.2944518919522962, 0.8207766834734332, 0.09745268277335255, 0.1530743322870849, -0.007101211328528523, -0.041938563384541536, -0.19772140857039236, -0.0030074335300671164, 0.03699206076330637, -0.0013675084456152807, -0.0015928022460125035, 0.0006293907256060653, 0.09111522357051856, 0.00010818635184458253, 0.0011590352095227293, 0.00012930111504774714, 0.8920663277621834
53, 2, 1, 0.06052284092035155, 0.050229356736600714, 0.889182871956617, 6.493038643057827e-05, -0.34729072384758547, -0.22493051080111198, 0.20849862450481585, 1.0791410882957666, 0.08128879055614903, 0.2543125401921459, 2.133055836954778e-05, -0.06159270809176772, -0.3827387567368024, 0.1153765589684312, -0.042093127995683835, 0.0007004640928518208, 0.0006499168372711225, 0.0012268209915102116, 0.08851333661960475, 0.0008039803084349689, -0.0024198605360526457, -0.0003074214449204503, 0.8920663277621834
54, 2, 1, 0.061552763435459394, 0.04919288094010498, 0.8891891900176695, 6.516560676617924e-05, -0.29120607941778187, -0.022983020485378126, 0.30779229129888985, 0.7482631019844846, -0.0580134878916994, 0.2126511887538154, -0.1510174184249829, -0.1917691463683195, -0.05101093185866638, 0.19453228110993495, -0.11132834975764738, 0.0012446024818599736, 0.001504383719085735, -0.00044382334749051177, 0.08921406517835717, -0.00010267215643447675, 0.00011494164200624535, 0.00023115111116326744, 0.8920663277621834
55, 2, 1, 0.061556537885086846, 0.04918909394890735, 0.8891892016145339, 6.51665514719579e-05, -0.3854800996718591, -0.07517244217834256, 0.23172556610819064, 1.0564091206654338, 0.1259486634246867, 0.09888343149085461, -0.2297805216932617, -0.09221226305108263, -0.17535406984145638, 0.2892568285969137, -0.053494657441231774, 6.239544127851209e-05, 0.00037373710613004287, -4.269514640211194e-05, 0.08858528708930527, 0.0015250164629577615, 0.0004609569008586998, -0.0004167673801395135, 0.8920663277621834
56, 2, 1, 0.061556541246190206, 0.049189094150969295, 0.8891892016284398, 6.516297440076542e-05, -0.30545295902058917, -0.4408609003996194, 0.1775361652684771, 1.0477108788210636, 0.16749561219961318, 0.1065492285152018, -0.11401235725572308, -0.20425707463796475, -0.1343199239731791, 0.19757134334625465, 0.36335431183892136, -0.00016753560443168186, 0.0013400762863733182, -0.0012582376376631924, 0.09081755677865906, -0.00042219259146021533, 0.000925297548190118, -0.000905727187433678, 0.8920663277621834
57, 2, 1, 0.06535152462286058, 0.04538186078981138, 0.8891910757026479, 7.553888468004974e-05, -0.009048451850215633, -0.18737763741200492, 0.2696760541873145, 0.9440496246664317, -0.028278939353145783, 0.08390091204363241, -0.02479413113768869, -0.03515568038882512, -0.1888541279228761, 0.18661273211915427, 0.03540162119966509, 0.000349082167857185, -0.0010041602841612122, 0.0009666266589014353, 0.08984839940744616, 0.0020560563729261567, -0.0019068893262695493, -0.0007839874917424959, 0.8920663277621834
58, 2, 1, 0.06540614261742736, 0.0453821619132018, 0.8891912660098469, 2.042945952399892e-05, -0.31741549825396026, -0.4001634461609983, 0.4156328751761345, 0.7896471210942515, 0.08512337868925768, 0.22961865753286217, 0.18206353830090022, -0.2627455908053796, -0.2610568735625566, 0.17943538192319444, -0.01589836111450819, 0.00034623001733762217, 0.00024443013832787505, -0.000452453159721778, 0.0899541691363462, 0.0004530058272383955, -0.0018325525819549529, -3.2704695495794884e-05, 0.8920663277621834
59, 2, 1, 0.06540614180731256, 0.04538216261099054, 0.8891912660286846, 2.0429553012201787e-05, -0.3182613596789562, -0.3529787519845228, 0.11328937459442685, 0.9136876066119584, 0.22578309679382907, 0.35394353318016136, -0.07747780383479896, -0.16657013283245958, -0.19624222871402772, -0.06970004885285733, -0.046770839542072444, 0.0011510194615541743, 0.0005848786676803835, 0.00033482528662818345, 0.09035239050880112, 0.0014651191703986305, 0.00040547155334756636, 1.664006632023362e-05, 0.8920663277621834
60, 2, 1, 0.06540618877311273, 0.04538211550096239, 0.8891912661651482, 2.0429560776614323e-05, -0.3126189850519885, -0.2317758700271404, 0.24144095702965704, 0.9085746911290478, 0.2917383407699837, 0.15412041297168083, -0.08631059488613968, -0.18887398175472705, -0.12920568412246247, 0.24084217449252687, -0.11212724447111846, 0.0015247818528230804, -0.0006656957322148492, 0.00010314669661533493, 0.08987216110822302, -0.001132509418561355, -0.0006026681278449412, -0.0007827775307623914, 0.8920663277621834
61, 2, 1, 0.06540845322868986, 0.04537982268257888, 0.8891912920637729, 2.0432024958342783e-05, -0.28431890976042784, -0.28760020165065975, 0.40525070884112757, 0.7819248709331014, -0.03160693680459532, 0.10082455795777581, -0.24123247876751358, -0.05452208976507321, -0.1150335888654547, 0.13360144646893785, -0.07729366793559724, -0.0007504158483245193, 0.00018822113077831388, 0.0009986854075805824, 0.08887149721054581, 0.0005245901836170237, -0.00016296465779091308, -0.0005485121854400361, 0.8920663277621834
62, 2, 1, 0.07287534201964788, 0.037892972466849764, 0.889202266206469, 2.9419307033384584e-05, -0.2705795319608183, -0.1542382188829793, 0.23187258361513416, 0.9581366899626754, 0.046265876448883234, 0.15694141410356074, -0.07663136709584202, -0.22389663903743467, -0.025058663870848243, 0.042540113161223594, -0.01185796640017063, 0.00039410125230189915, 0.0001481730983002542, 0.000521819667963935, 0.09203587791838605, 0.00027268732401183155, 0.0013094952056707005, 0.0012766196186202799, 0.8920663277621834
63, 2, 1, 0.0728761517280408, 0.03789216145927418, 0.8892022674837053, 2.941932897967134e-05, -0.3320348745958778, -0.334520858182325, 0.3215272388106446, 0.8181532809603691, 0.09954051311626307, 0.1831804708714649, -0.04629548762074791, -0.1371541334615393, -0.24720670341110154, 0.20519890916349146, -0.26806237236706043, -0.0002677377350037311, 0.0014256151173194706, -0.0012839556286691099, 0.08946194823951131, -0.002492879698807494, -0.0006136235640050098, 0.0008807367303539983, 0.8920663277621834
64, 2, 1, 0.07288546099033619, 0.03788270858579122, 0.8892023549512017, 2.947547267084016e-05, -0.3188041483881349, -0.17541709858683766, 0.22087801949350755, 0.8825004173696614, 0.10663435862024999, 0.2560698023496137, -0.12320127497838604, -0.1934111525906498, -0.010157093505445736, 0.13338049635241908, 0.028734456227215432, -4.461375473493384e-05, -0.0016470997126300127, -0.002826406371742323, 0.08986362840943835, -0.00029005923382646157, -0.0009446291467578661, -0.0009205899411542965, 0.8920663277621834
65, 2, 1, 0.07288599924564147, 0.03788229070920684, 0.8892022026397712, 2.950740538039991e-05, -0.06421835449721769, -0.15061142632327568, -0.0007313794801223405, 0.8734813575658231, 0.11976594801388536, 0.31453024350771497, -0.16241988926361944, -0.07417032012086053, -0.01639981553478235, 0.1996949507939078, 0.062735651949558, -0.0004887798663715517, -0.0004969333763855963, 0.0008262449237155312, 0.09087055793319587, -0.001081505202536919, -0.0007275553016022891, 0.00042596371642882774, 0.8920663277621834
66, 2, 1, 0.07288636859829434, 0.037881805710416695, 0.889202203562055, 2.9622129234009072e-05, -0.33643270404357367, -0.2604415546351557, 0.17214050185801183, 0.9835160080244728, 0.045897401303482674, 0.13397175266328587, -0.09292872022268307, 0.06764557913324105, -0.09619619062259165, -0.07584213655678444, -0.08300629909037457, 0.0008129762092049973, 0.00032915843895629343, -0.0005687014952531487, 0.090097532004402, 0.0019323657357697304, 0.0007432641896240104, 0.0003883532870386272, 0.8920663277621834
67, 2, 1, 0.07307368217385625, 0.037681905183779264, 0.8892037157244043, 4.0696917960070564e-05, -0.23477730638430366, -0.11386306202886791, 0.28336854320723837, 0.7845392190470843, 0.06659168184418407, 0.09722883687851018, -0.08317560505326893, -0.1379869743316659, -0.025095557734344152, -0.005976367144669514, 0.08756375685602023, 0.0004754314468639948, -3.2528072081771796e-05, -0.0008144258798837423, 0.08933081382260881, -0.001956716219161013, 0.0015038281004986981, 0.0014944910735289626, 0.8920663277621834
68, 2, 1, 0.07307070360089642, 0.03768456653960248, 0.8892038001345247, 4.092972497640959e-05, -0.15227540386478194, -0.30523039056533874, 0.3231124534459108, 0.8679215778604034, 0.04918687090622638, 0.2089919209325415, -0.03808518411299579, -0.17705482225477187, 0.009640362915038659, 0.03015368049712681, 0.1716942413281533, -0.0012478469370423156, -0.0008689278554727539, 6.669641442803731e-05, 0.08843483594866591, -0.0004322336281114396, -0.0005276004598058734, -0.00022080437359367602, 0.8920663277621834
69, 2, 1, 0.073470253105397, 0.037283645041967774, 0.889204688748574, 4.1413104061356914e-05, -0.22520945494956646, -0.1400453031232165, 0.2318573673644282, 1.0643593150159847, 0.23239749469038457, -0.16851299472939557, -0.1707803630740392, -0.12541758580863038, -0.13531358473806074, 0.09289568150291905, -0.20704056987182745, -0.0005332536140291066, 0.000630317344213189, -0.0010968554282581445, 0.09009762213882914, 0.0010764181050674066, 0.00038055108822826895, 0.0010050569120669064, 0.8920663277621834
70, 2, 1, 0.07347093740080789, 0.037283221544471896, 0.8892046953370761, 4.114571764415986e-05, -0.44091231025577643, -0.24135145258046986, 0.3282582505691069, 0.803451764371293, 0.14790140923851777, 0.2856596876187504, -0.08472750667019505, -0.06360941468687728, -0.07198520156047483, -0.04193532792714523, 0.019202557543459987, 0.0018027804274991528, -0.0016721438528454417, 0.0011481594102009916, 0.09064138115964038, -0.0007679052135042745, 0.0002634157400064834, -0.0004018501481602146, 0.8920663277621834
71, 2, 1, 0.07365576125159133, 0.037125842000967454, 0.8891740411983521, 4.435554908916353e-05, -0.17039639923236644, -0.003145694006920574, 0.23332887506808447, 0.7825991357189062, 0.09024716089842885, 0.05905996895576367, -0.014995609553251365, -0.11816872391680622, -0.12541328238051735, -0.008728193791065241, 0.11120049762900788, -0.0008265346806930207, 0.0015873120008538595, 0.00020416385330107467, 0.08908579920470792, 0.0002083459769221429, 0.0013756785135302587, -0.0010517041387171958, 0.8920663277621834
72, 2, 1, 0.0741133747431669, 0.03666633413028566, 0.8891747502461197, 4.554088042773121e-05, -0.2966588740125372, -0.17145467805096198, 0.09927691651688941, 0.9384169019996328, -0.07494691536814473, -0.004685444408038486, -0.15074097562694236, -0.16341191404975372, 0.02757568393718467, 0.14701935991336812, -0.005911404380777262, -0.0011165191489975706, 0.0011016578656438487, -0.0003180491787426038, 0.09046379488215364, -0.0002572183969640447, -0.0005565346393132168, -0.0008406163273329246, 0.8920663277621834
73, 2, 1, 0.07421060867450091, 0.03656935536742607, 0.8891739157594082, 4.6120198664801006e-05, -0.1349816296853221, -0.17349381045999077, 0.20927745406296722, 0.8442726302202732, 0.12160071320758377, 0.05163559843786467, -0.006041980756186449, -0.11928523590083732, -0.08066638276286095, 0.06996807392125023, 0.09963236582921488, 0.0004688800862975939, 0.0013082595328806235, 0.0012092829671022437, 0.09160564671824331, -0.00025595258105960407, 0.0005343771088648116, -0.0016915874686453756, 0.8920663277621834
74, 2, 1, 0.07425472301015618, 0.036523158385653, 0.8891740563369009, 4.8062267289953085e-05, -0.26403340786950097, -0.06412064819260506, 0.23260108405839203, 0.9250845621371614, 0.08145062042100794, 0.0995906753178111, -0.1684811393370624, -0.04215888016627729, -0.16886088745673003, 0.05560251563629217, 0.0625929547427529, 0.0014191662883868204, 0.00157785952118075, 0.0010561235389560228, 0.08994973952063444, -0.0006417955911795757, 0.0009623283473451245, 0.00035169138693995166, 0.8920663277621834
75, 2, 1, 0.07427850531163675, 0.03649923427467085, 0.8891741067236527, 4.815369003977868e-05, -0.2390336429534213, -0.08292934198517352, 0.12649572042257312, 0.6262456390173003, 0.29176977228985557, 0.11104652210650254, -0.07189004747488495, -0.18731516754835484, -0.2600858094484179, -0.00542536697392052, -0.11327617104617874, -0.000879090952643628, 0.00015834840424311763, 9.180994899446376e-05, 0.09041511368642098, -0.0016734102935309226, -0.00018756932454983916, -0.0004043886849618524, 0.8920663277621834
76, 2, 1, 0.0742794767932147, 0.03649826052408941, 0.8891741090329968, 4.815364969921384e-05, -0.13791709873723618, -0.4394700937743474, 0.20073400883519027, 0.8375001543870353, 0.13990345693655828, 0.060238997969204365, -0.21465103067951902, -0.2585054426667156, -0.12018673480794992, 0.244262363449904, -0.05751408136127195, 0.0004833182183235957, 3.73216273323082e-05, -0.000248502675986979, 0.09067343457531861, 6.049049868919858e-05, -0.0006788071093640093, 0.0014664287645589041, 0.8920663277621834
77, 2, 1, 0.07427953890282563, 0.03649821351478836, 0.8891740931376848, 4.815444470117525e-05, -0.21387227920745397, -0.10503464239375053, 0.06087410577153929, 0.7816678979063915, 0.17472110691048778, 0.30246869408759763, -0.1848548493707474, 0.0029687132627245092, -0.08374492205079456, 0.37578860047004536, 0.14429342165662892, 0.0010799020368915083, 0.0001488471729984877, 0.0008956909393996789, 0.08989917089126018, -0.0003290439188179808, 0.00151506836411807, 0.0009711170988776583, 0.8920663277621834
78, 2, 1, 0.0741965826861596, 0.03656218925746852, 0.8891814622420277, 5.97658143441464e-05, -0.34522344337235344, 0.03300871122933959, 0.2718474075969266, 0.9046813230700756, 0.0627615048383522, 0.04035433523993408, -0.05400543896379395, -0.15332824623437782, 0.0006309707631828143, 0.08096224497554516, 0.005921303327626197, 0.0005338021287460326, -0.0011751923364405367, -0.00011510933855274745, 0.08963228816633681, 0.0002864540073163651, 3.265601350056364e-05, 0.0007253417288935785, 0.8920663277621834
79, 2, 1, 0.07978366281447692, 0.03096888261313187, 0.8891848431894894, 6.261138290176883e-05, -0.06464997827598848, -0.04612585400841583, 0.17079381366702537, 0.9425946223537753, 0.11048475941225189, 0.04466825535403279, -0.169831056264739, -0.13875429786765103, 0.17567916882147125, 0.069269907856561, -0.0852503785526085, -0.001185057565240225, 0.0005512385589823417, -0.00010455609553676479, 0.09056444084030899, 0.0008203493837771649, -4.244214837567638e-06, 0.00036169826035807595, 0.8920663277621834
80, 2, 1, 0.07978451839145868, 0.030967990178604854, 0.8891848506402437, 6.264078969281483e-05, -0.3078359424637004, -0.24450784654553032, 0.22153163024758005, 1.000276583375405, 0.24821769370349528, 0.15751819009455287, -0.2152312691282686, -0.11204128783653595, -0.095219878671436, -0.02557056238184018, -0.05444680662998681, -0.0007999615030226621, 0.0006170881886694284, 0.0001858632104701058, 0.0895681030489392, 0.0010330126860035932, -0.00011025556122460705, 0.0008110814681097673, 0.8920663277621834
81, 2, 1, 0.07978499456800253, 0.030967505487284126, 0.8891848532801111, 6.264666460224784e-05, -0.11140813319714578, -0.1771905743501127, 0.08075969977623698, 1.026430553956381, 0.2435235099210237, 0.18566276847585633, -0.19081627012417274, -0.15845003778098962, -0.19678909654457924, 0.08978527341666662, -0.04024625651105561, 0.0002675020977473201, 0.0007644149774578057, 0.0016944282786913439, 0.08903379281214772, -0.000715627247819561, -0.00026053281095810655, 0.0009057644827009338, 0.8920663277621834
82, 2, 1, 0.07975207427190202, 0.03099512272808535, 0.8891897689575959, 6.303404241671262e-05, -0.25618509266558215, -0.14928450929078926, 0.2903093619877529, 0.798865067570395, 0.004080944827253563, 0.018049971296478375, -0.27026312122564733, -0.2502183972088635, 0.07338658786884517, -0.045884691954208856, -0.03127581024418644, 0.0003419775605937153, -0.00037972513777114305, -0.0006640562315326868, 0.08901970667755618, 0.0007666799037370965, -0.0005173144812273722, 0.0011808897868164025, 0.8920663277621834
83, 2, 1, 0.07975650197977131, 0.03099056067293347, 0.8891898393065473, 6.309804074784093e-05, -0.1945964470486823, 0.12957788840370527, 0.32230655578996864, 0.9324262473965803, 0.26863627811904484, 0.1754489104742844, -0.2578078798554638, -0.07210663010245962, -0.09032502186889155, 0.02341835825258653, -0.06861117332868391, 0.0010821865392793741, -0.00018669207020905902, 0.001066138414340649, 0.08917981394399707, -0.0004979792842966336, -7.918439054902309e-05, 0.00014883637416674857, 0.8920663277621834
84, 2, 1, 0.08353913271876023, 0.026897494299973308, 0.8891554345618572, 0.00040793841940919097, -0.010943644809275366, -0.15576301601124093, -0.04334143704929967, 0.7794052182816686, 0.10902561430191364, 0.066062073156434, -0.14275826668052138, -0.0241383772242858, 0.004170928679793085, -0.061107760764703714, -0.0014975326029194908, 0.0010448328325422336, 0.0004289987558907242, -0.0006264080794020063, 0.08877044491957731, -0.000608005454127982, 0.0011287160605701935, 0.002164808240552892, 0.8920663277621834
85, 2, 1, 0.08353396091167799, 0.026894197196560273, 0.8891554409697807, 0.00041640092198100016, -0.15182286327452815, -0.18130096991042058, 0.11180489310967483, 1.1379098344122038, -0.016079434889443477, 0.15898528678811993, -0.1162885381368263, 0.05273346082514472, -0.09971728716347798, -0.3007053411528233, 0.07226649523904448, 4.547533985530238e-05, -0.00013943269944302806, -0.0007149148493108471, 0.09115318999908624, -0.00024089903432433503, -4.8010461202944036e-05, -0.0017101745601808896, 0.8920663277621834
86, 2, 1, 0.08365467088817147, 0.02674519481239972, 0.8891553572420214, 0.00044477705740723444, 0.04945062221694478, -0.1516679828675102, 0.08819775980063956, 0.8589569552457457, 0.021823865942588193, 0.04281851953316275, -0.08656425074875718, -0.024746529090747024, -0.10874357103365373, -0.00802747993444054, 0.10554250649683397, 0.00023767614886471933, 0.00240501742554587, -0.00022285374625387533, 0.08936723978707359, 0.0008817568193146958, 0.0013269174501469585, -0.0006090304089814292, 0.8920663277621834
87, 2, 1, 0.08403343506580015, 0.026365256711466098, 0.8891557065077795, 0.0004456017149542661, -0.07614368723962352, -0.03734505375679649, 0.251042316930598, 0.9291136202831132, 0.17930537547837178, 0.19432896560483723, -0.05554911655140245, -0.07586804193603665, 0.03386911019705718, 0.09739590938974743, -0.13088137164267483, -0.00047313612517147646, -0.0011740639295184255, 0.0017803920572836355, 0.09136363181578312, -0.0002747518181226384, -0.000195504176737849, 0.0004082781880285401, 0.8920663277621834
88, 2, 1, 0.08406478474038001, 0.026333890850489705, 0.8891552721228699, 0.00044605228626042027, -0.09305893341234633, -0.052850337480521946, 0.05106302563072346, 0.8953193170699218, 0.10659471982594707, 0.09746421033884711, -0.12395918472539595, -0.14333131964486062, -0.0001419257246212169, -0.029363433851311165, -0.041812603127992023, -0.0004337721026025118, 0.001982043639503152, -0.0002094319770012483, 0.0897754626072992, 0.0011376552628443756, 0.0010476526464787803, -0.0005759204483350668, 0.8920663277621834
89, 2, 1, 0.084037483472063, 0.026359852413452307, 0.8891554751447125, 0.0004471889697722378, -0.042099833435096504, -0.07718675226361957, 0.24395192221858936, 0.8692138254392676, 0.1628563917719135, 0.10491459070213008, -0.06440772339541237, -0.193464803438461, 0.15841154427584148, -0.03238942880330198, 0.2031009938876942, 0.0014072272482583217, 0.00012260186606336465, 0.0006582987634125078, 0.09091462700137326, -0.002149404321255277, 0.0009676032847713345, 8.042957686409731e-05, 0.8920663277621834
90, 2, 1, 0.0840380914037637, 0.026359227931422067, 0.8891554888744697, 0.0004471917903445526, 0.03398330271179848, -0.11396757428243406, 0.21371451833129945, 0.8598526105494584, 0.18924130862834487, 0.13661749093086986, -0.2640245589962806, -0.17810064964500208, 0.16890908991256115, 0.14281393636813083, 0.08436555723866974, 0.0016807747753832813, -7.724126012849604e-05, 8.981159246502528e-05, 0.09028538152430465, -0.000926636403479861, -0.0010367904686007215, -0.0015110105384480775, 0.8920663277621834
91, 2, 1, 0.0841545965941383, 0.026371182196800944, 0.8890254858077223, 0.0004487354013384372, -0.14872160304449628, -0.24443799783234105, 0.09554538487201257, 0.826677995389082, 0.07511480817474653, 0.22030548599618266, 0.13698318348213362, -0.13030502660518692, -0.05484945753120392, 0.03232525012756493, -0.041707786522021326, 0.00028511927857187435, 0.0014515324343193753, 0.000747077171282575, 0.08963472855327438, -0.001758435178022564, 0.0008419528484723427, 0.0010964897619148025, 0.8920663277621834
92, 2, 1, 0.08452905482540968, 0.02598265519685819, 0.8890260215247848, 0.0004622684529473566, -0.18002742617532666, 0.037208572899015226, 0.08971512505173967, 0.8179385267207012, 0.005704486174065759, 0.15462498974794686, -0.11960869065751886, -0.11912593309125649, 0.04896472889608906, -0.018601561026814727, -0.03706560813014435, 3.6771581357140634e-05, -0.0005717447929270105, 0.0009600045083179703, 0.09085630269776541, -0.0005978455073786729, -0.002838269930554066, 0.0006495372017762738, 0.8920663277621834
93, 2, 1, 0.08452967465506467, 0.02598202644312602, 0.8890260238081962, 0.00046227509361314735, -0.12278889061539319, -0.027845024417517926, 0.12210617241266367, 0.8966822725389644, 0.10622864288486686, 0.20181306002471472, -0.21850287979402072, -0.11553465831708083, -0.17138065964800497, 0.16026290812968014, 0.018844815104020158, -0.001101154056422314, 0.001117029856523946, 0.00046583410051175364, 0.0907559691388003, -8.492642459127707e-05, -0.0013491509919156281, -0.00012773334259506293, 0.8920663277621834
94, 2, 1, 0.08453133863368405, 0.025977401392154903, 0.8890253090835545, 0.0004659508906065461, -0.10856777543080294, -0.07671150591733711, -0.0038204604270615783, 1.1705317922055616, 0.12647253361274505, 0.284810968917194, -0.09243501120710748, 0.05138050256244338, 0.028844338057292602, -0.0700177482320565, 0.07839473445794176, 8.199754974302107e-05, -0.0007487206268399569, 0.000994786689723783, 0.08984773707922336, -0.0006292049316540576, -0.00016522825958483573, -0.0005473277433750919, 0.8920663277621834
95, 2, 1, 0.08465910496028514, 0.02594761082035354, 0.888919796990427, 0.0004734872289343244, 0.19363099760459784, 0.058610540414424726, 0.14283600865862484, 0.9474869763583387, 0.017027486739065588, 0.06388427794908905, 0.15665266308158884, 0.0216582120920416, 0.02128288475490877, -0.14444146185968365, -0.02487046269812823, -0.000623474490964767, -0.00033063079584050466, 0.00033085100484755775, 0.0886359762188873, -0.0020484561914251263, -0.00044001749865124737, 0.00021214918767334688, 0.8920663277621834
96, 2, 1, 0.08472993894032327, 0.025874533920395695, 0.8889198389111697, 0.0004756882281114681, -0.06169262305802191, 0.06432449178246477, 0.2073574442690179, 0.8732369028030474, 0.2550832842063673, 0.007018084140668512, -0.18610045970103078, -0.07010907681766672, 0.007168590817204429, 0.12141874704354583, 0.1986144690256612, 0.0009105091468647093, -0.001304493696105217, -7.77708359516945e-05, 0.08765960439780432, 0.00047649571067511957, 0.0018132588524087442, 0.0017103337648927974, 0.8920663277621834
97, 2, 1, 0.08488392452312171, 0.025720479413575442, 0.8889198096834011, 0.000475786379901573, -0.05861847960534562, -0.029355966948969397, 0.22379156853202692, 0.7798594374369587, 0.05616861859394119, 0.11697536223979861, -0.06559159907210527, 0.0996244070930404, 0.09335251063439724, 0.22359348819242147, -0.14025926227465185, 0.0023388752798425166, -0.0007471386486008867, 0.000844252949137363, 0.08927267984708029, 0.0016709675505012264, -0.0002248966742891203, 0.0003423491194241435, 0.8920663277621834
98, 2, 1, 0.08522800278003659, 0.02613272977490417, 0.8881261590742556, 0.0005131083708036546, 0.13600230946570782, -0.029275510286505973, -0.023268127964588353, 1.0368134726645797, 0.012131445721818058, 0.04445441099019861, 0.13303025340386163, 0.03224302392832533, 0.20001294130156239, -0.19174250925050454, 0.1653210713287256, 0.0007513795190986678, -0.00088188568598005, 0.00021614251764049837, 0.09000728976728385, -0.00011512743101256732, -0.0013344265501085005, -0.0009349853757745299, 0.8920663277621834
99, 2, 1, 0.08825316099503308, 0.023069531261970998, 0.8881232053619188, 0.0005541023810771946, 0.12721074633851498, -0.03136507615385893, 0.15270751257349713, 0.7304138933496012, 0.11713741491540172, -0.059389040670375495, -0.13200886861560066, 0.017812161105241597, 0.06153696085564697, 0.0994190949492845, 0.017199424324216527, -0.0002647283104466068, -0.0002492016783590945, -0.002408163795567932, 0.08945454294852354, 0.0014638088319715446, -0.0006297386791261556, 0.0011304224888441358, 0.8836507774752227
