t, Event, Policy, P(still), P(random), P(reach), P(transport), o(t), s_a 
0, 2, 1, 0.01226051151752472, 0.003969068638980389, 0.9837704300880432, 2.17544333241948e-11, 0.6939232123518867, -0.6153186744365235, 0.7679736399672424, -0.06686197110474293, -0.26910712871959513, 0.1600314047251824, -0.15234348707009732, 0.41658689731528387, -0.297917410771709, 0.39728708663258133, 0.08320009883038541, -0.1122190511357044, -0.01694906022937834, 0.02238045375933915, 0.09742358603495546, -0.019831574052474914, 0.17906959714841222, 0.021346304823500674, 0.021337855086004016
1, 2, 1, 0.012259819842920447, 0.003967527828344574, 0.983772652307005, 2.1729928902190258e-11, 0.6383745772839121, -0.7281938800561152, 0.7311078395147957, -0.14740359721579527, -0.16416787891383086, 0.12384622187159981, -0.14699377095977528, 0.2929829007853382, -0.13546955384522819, 0.31172157356683117, 0.050086998025337295, 0.0008773483446397173, -8.826230425357625e-05, 0.0004567218787033328, 0.08019912040829855, 0.0015000313474668294, -0.0008307952597856279, -3.432410516969715e-05, 0.021337855086004016
2, 2, 1, 0.012259392992068102, 0.003966316859622826, 0.9837742901265767, 2.1732428351289465e-11, 0.5882362050216803, -0.6665276468836451, 0.6391179668248947, 0.06469055887637319, -0.07108229815415304, 0.1590677118883344, -0.1624890924096078, 0.28509625189362253, -0.3048441827329433, 0.3100901837596243, 0.2392388915251918, 0.0004584933264792758, 0.0018788199003880756, -0.002371281330705824, 0.08068973551415615, -0.0010433965750693904, 0.00018475038666613928, -0.000729580352766519, 0.021337855086004016
3, 2, 1, 0.01116271384404003, 0.0039826552096602725, 0.9848546308729915, 7.330823828002541e-11, 0.3687790447377946, -0.404847379452134, 0.7113807261313718, -0.010713745329957952, -0.011070354829201701, 0.024006397969129855, -0.09190625837620758, 0.18455542654045404, -0.18078524153765385, 0.34442471240834366, -0.042491242444271625, -2.946902373513161e-05, 0.0006692355412410041, 0.0009678769976340006, 0.07986696870350651, -0.0005972957332458759, -0.0007200541496284786, -0.00037790208913806016, 0.021337855086004016
4, 2, 1, 0.011162822537064243, 0.003977443338025358, 0.984859734051603, 7.330725362900824e-11, 0.5066294717373782, -0.47306137358287925, 0.5422977765283842, -0.01870636573065501, 0.018633258805912645, 0.11866387008609044, -0.00530928762385825, 0.3172107823826606, -0.5610774238899611, 0.5241476842607857, 0.025348378581963406, 0.00029103307260380015, -0.0012925038348910393, -0.0004181121757878416, 0.07871758875598522, -0.0006933716631360544, 0.0014070334596105745, 1.5106564059044522e-05, 0.021337855086004016
5, 2, 1, 0.011162740434758142, 0.003975621748789343, 0.9848616377428034, 7.36490585274091e-11, 0.6669484092298829, -0.7343253526377895, 0.6540308263732203, -0.03545521316342971, -0.09558712219929633, 0.10671048467566047, -0.3029428454266472, 0.2376746687625547, -0.156422460152547, 0.28805822816049115, -0.0404894630671283, 0.0014803230210621425, -0.00035793138155821024, 0.0008812809465537979, 0.07801705210866369, 0.0007702332526799883, 4.578845854504826e-05, -0.0006769675929319714, 0.021337855086004016
6, 2, 1, 0.011162741177930077, 0.003975590922666157, 0.9848616678301286, 6.927515802142627e-11, 0.4383560273990378, -0.5136147494180769, 0.5502104145602663, 0.15592519965982615, -0.12451039579359477, 0.20029820563635603, 0.12176472746478399, 0.4181296615306966, -0.2411797027182939, 0.3883250673228359, 0.06124479448052065, 0.0014476900208684187, -4.652752358455723e-05, 0.0009215371614451357, 0.08179441793331135, 0.00032653591013568603, 9.535924819250857e-05, 0.0011783545675869383, 0.021337855086004016
7, 2, 1, 0.011162711295832376, 0.003971714988399025, 0.9848655736464833, 6.928529714882412e-11, 0.4563495617650545, -0.5834365327118008, 0.6136484998717189, -0.12341544996530622, -0.10452151886318992, 0.16508149466669292, -0.21354913015961402, 0.19122094252193156, -0.5142189312010327, 0.2314810267430117, 0.15228646092883474, 0.0005184922555990536, 0.0021812457352645325, -0.0008306367553721153, 0.08006690896049667, 0.002503714524989079, 0.001970608172036336, 0.0005158215175678023, 0.021337855086004016
8, 2, 1, 0.011056769612348152, 0.003967086376749122, 0.9849761439401838, 7.071886324265591e-11, 0.4541615910804124, -0.3767636521661283, 0.5809457375070871, 0.14036336564935922, -0.06706569014448147, -0.09024266025068965, -0.015458102685395447, 0.39978362515758104, -0.2948672538210267, 0.3540456835757117, 0.12210860779440806, -0.0015483755962502272, 0.0009034242502643992, -0.0008152769107677366, 0.07954349439390054, -0.000820431910929231, 0.0011942083245524322, 0.0005427866195173972, 0.021337855086004016
9, 2, 1, 0.010570257847465472, 0.003924160521792054, 0.9855055765657693, 5.064973150536434e-09, 0.39482510977505975, -0.49898863963760665, 0.5440236502640036, -0.0008222709938996875, -0.22113071065061493, -0.05177179652477082, -0.05571615170588471, 0.18519101453916958, -0.253558091379061, 0.2780609647563184, -0.049148953267843146, 0.0009047988660150193, -0.0005715651121240867, 0.0023800813976147805, 0.07962432441281851, 0.0006665160601773959, 4.9732145908614906e-05, 0.0014812870255052429, 0.021337855086004016
10, 2, 1, 0.010569770352519407, 0.003919990240147667, 0.9855102308659722, 8.541360701227375e-09, 0.48821278569876714, -0.5129049194820093, 0.4177552636313358, -0.16120830762092977, -0.010156182503605993, 0.1829143378438159, -0.3145036533362866, 0.19456635995018995, -0.18494522967796817, 0.22388146511384965, -0.12096420171411396, -0.0012366896579293239, 0.0002793209357722632, -0.0007816130378650802, 0.08011228652781183, 0.0010657731652138494, 7.119974965585587e-05, 0.00180132972031458, 0.021337855086004016
11, 2, 1, 0.005130913835084056, 0.004047500374453046, 0.9908209936695055, 5.921209573859343e-07, 0.6818661019087894, -0.6538089432294256, 0.48023793342472876, -0.04300188862279024, 0.0031654499866298645, -0.0644009873230174, -0.2194298932761174, 0.21856506764182013, -0.33293601340751033, 0.19167027273441312, -0.18859713202274447, -0.0011737627135475538, 0.00021015396634570054, 0.0013276872846574009, 0.08015461661767415, -0.0025062986994663135, -0.0016716782926826906, 0.0004895328625031412, 0.021337855086004016
12, 2, 1, 0.005130910672451198, 0.004047499933212032, 0.9908209975328356, 5.918615011338852e-07, 0.5887778240238898, -0.5623826371018362, 0.5269488767738914, -0.0914576167315283, 0.03295632438467757, 0.2048080966297195, -0.08680922844329891, 0.15741857646540725, -0.23832644422912094, 0.1920022838342072, -0.13198709778153297, 0.0011787050171879311, 0.0004774517030006737, -0.0005998466779861484, 0.07990975415085519, 0.00010672948401064439, 0.0017316376246842083, 0.0006742800693530567, 0.021337855086004016
13, 2, 1, 0.00506192601386061, 0.004046365365757263, 0.9908911167549961, 5.918653860277978e-07, 0.4986086785798455, -0.4446606046987103, 0.6887284853062261, 0.10874738597014273, -0.05765041300355862, 0.08926650595649506, -0.18055466635751966, 0.2297714601616066, -0.252635291272423, 0.17003786721349007, 0.020157081278060998, -0.0007135369104995248, -0.0007266564837602033, 0.0007812120218716924, 0.07675641507767073, 0.001451729456607116, 0.00021087309251112906, 0.0008985821654102658, 0.021337855086004016
14, 2, 1, 0.005061926018432638, 0.004046358023777974, 0.9908911241092979, 5.918484914668436e-07, 0.5915680337040791, -0.5754461375834067, 0.6877393347784337, -0.04988917144583593, -0.09030229436456158, 0.3614954322652603, -0.026811708617079155, 0.20378191691468434, -0.2555449634411498, 0.12499752286314329, 0.13071820414242627, -0.0013654284831365253, 0.00027125200163611755, 0.0009465600422759816, 0.07963604643767445, 0.00028208856339065325, -0.00021829377686518307, -0.0012463379072446472, 0.021337855086004016
15, 2, 1, 0.005061926022923427, 0.004046353236562074, 0.9908911315261506, 5.892143638676564e-07, 0.5391474406951599, -0.31602572642050586, 0.5326803360716059, 0.02297064224673755, -0.12771641597214486, 0.3494709162382018, -0.06003918401474797, 0.4134253685292514, -0.2597773925701044, 0.4328885353396211, 0.018193838997212306, 0.0006319007178693417, 7.415368901674342e-05, 0.0003585829937103898, 0.07989438784401087, 0.0008030650064283291, -0.0015202667928791048, -0.00021866447881810981, 0.021337855086004016
16, 2, 1, 0.005061925182493956, 0.004046353202183187, 0.9908911324443362, 5.891709866699259e-07, 0.43901428373505763, -0.5488448120615658, 0.493539603437835, 0.04149551263541184, -0.1166226684136645, 0.2402372325409023, -0.22670466008738402, 0.18748038366540404, -0.4184546129893147, 0.35238895003919324, 0.07481126638532033, -0.0031865705874638698, 0.0004324045243042354, -0.000575015644481315, 0.07942222128834056, -0.0007162779288421189, 0.00010803024348964303, -0.0005082987862007749, 0.021337855086004016
17, 2, 1, 0.0005385987382513005, 0.004072647340491551, 0.9953881380397387, 6.158815185029813e-07, 0.31306773965983015, -0.3744025967291723, 0.6812009518238693, 0.0033156949997523444, -0.069044682524359, -0.06375014251103928, -0.2401299578154072, 0.06384563409206094, -0.02498587932920455, 0.10443394918398423, -0.04830828660280363, -0.00047558846774827895, 0.00028243667320190964, -0.0006302844574579289, 0.0805608380094327, -0.0012055328747965094, 0.0004337693072924135, -0.0011727222441529636, 0.021337855086004016
18, 2, 1, 0.0005389067420976053, 0.0033000171867172564, 0.9961604628402565, 6.132309286781088e-07, 0.6542829296491494, -0.6180673938365828, 0.5723966139088896, -0.14054292349095285, -0.09793077527540509, 0.10963844904098519, -0.2808185099091503, 0.26438838492295624, -0.19993398308235824, 0.25793717643084496, 0.013226266669409866, -0.00013511252603243203, -0.0007141988903389992, 0.0007910094624401541, 0.08074683087968, -0.0015213705302584307, 0.001578776763985727, 0.002505005114040464, 0.021337855086004016
19, 2, 1, 0.0005388435217280973, 0.003291778306927152, 0.9961687663056665, 6.118656782769141e-07, 0.6814073373592956, -0.4888457432885628, 0.375948443014451, 0.1349537350600202, -0.17996435912640796, 0.07127327429040689, -0.13813625965702508, 0.1296257979080624, -0.11064292977829063, 0.18824680487877646, 0.23433152612652272, -0.0010398262514882176, 0.0018064384474942134, 0.0011965107806022263, 0.07989603555529551, -0.0013751496242581178, -0.00046787887657330843, -0.0013256519815222432, 0.021337855086004016
20, 2, 1, 0.0005388696844744256, 0.003291488138939114, 0.9961690306507351, 6.115258512128455e-07, 0.35942068294743634, -0.5913386096894409, 0.6841752105062878, -0.025689188406097456, -0.0867439203956989, -0.019511478821807416, 0.0380505808719821, 0.2891516504052087, -0.03134001001111564, 0.3554967141247121, -0.07553962447849097, -0.0015166135303953782, 0.0007507115237971693, 0.0009996706826541659, 0.07897657450140454, 0.0002765016688589585, -0.0014160311201211113, 0.0006422119619311499, 0.021337855086004016
21, 2, 1, 0.0005389277623405552, 0.0032486067493193403, 0.9962118577328049, 6.077555352384421e-07, 0.4468042642253128, -0.4540612107427554, 0.6718639375649723, 0.017973952172072094, -0.044159300382051715, 0.26162030078754883, -0.11371809515880682, 0.14021113759409048, -0.2096964309499795, 0.34978397342666484, 0.14640215041064658, 0.00026868708304175705, 0.0023071426088216566, 0.0005079199996971043, 0.07876011203784727, 0.0001267157262652925, 0.0003849311642091352, -0.00032858636214461244, 0.021337855086004016
22, 2, 1, 0.0005307413628992978, 0.0032482002259273317, 0.9962204649260216, 5.934851518355594e-07, 0.2807555002513735, -0.3608261288794694, 0.5193598228957479, 0.0849272647490262, -0.20741183829429222, -0.008307596383278559, 0.14821997185065755, 0.1989953510895855, -0.1261157779404778, 0.3065420777330399, -0.09991123185920225, -0.0007887927292690676, -0.00023244642142023218, 0.00051866722407314, 0.078896514063904, -0.0010596580997214516, -2.9449286628745084e-05, -0.000429539848541881, 0.021337855086004016
23, 2, 1, 0.0005313092618219624, 0.00022591923550371667, 0.9992421145619417, 6.569407327422015e-07, 0.6206175318833013, -0.4985709000215982, 0.41254375262105825, -0.10094080077986714, 0.0058514215881660505, 0.09956317610403838, -0.28731133086306737, 0.18235511421466716, -0.23840390764719435, 0.2695914360269331, 0.1630758202542403, -0.0010679966641661167, 0.00028806553611533436, 0.0007965112278311957, 0.08188229464191688, 0.00034918693194799076, -0.0003851662332432184, -0.0015740736830391043, 0.021337855086004016
24, 2, 1, 0.0005313092622430109, 0.0002259192272321532, 0.9992421146455618, 6.568649630068503e-07, 0.46663633609155986, -0.7536382214331695, 0.67018301788007, 0.17192655609060575, 0.02843381483202072, 0.18158196696201193, -0.004334939527434601, 0.31033616780048046, -0.1320580437455296, 0.23500815273421685, 0.08813220274144562, 0.0007678329021480356, 0.0007777284225815954, -0.001144372481502951, 0.07913591408156186, -0.0007390747486380311, 0.0016105048397565447, -0.0005065787034680027, 0.021337855086004016
25, 2, 1, 0.0005306695714487728, 0.00022583460167410115, 0.9992428466438303, 6.491830468153155e-07, 0.3414265892885135, -0.29377948107652274, 0.5442027455533816, -0.055752094036378666, 0.17225200529380053, 0.16900087132421165, -0.12531494195548548, 0.13264574772372129, -0.24187433548331483, 0.1974535470580578, 0.1665113809524616, 0.0005990912464612558, -0.0010139230754406992, 0.00035784442150349667, 0.07944275837858153, -0.0008739355876047864, -7.884011411796619e-05, 0.0025218069252629896, 0.021337855086004016
26, 2, 1, 0.0005306695706773288, 0.000225834595118472, 0.999242846787667, 6.490465373093506e-07, 0.5397780293823773, -0.394217519620563, 0.7201095751445191, 0.10750064023386148, -0.08389963330718682, 0.26995081482659966, -0.2323647152784111, -0.011512422995709537, -0.15903371511391978, 0.31196848726064486, -0.026923016575287784, -0.000606154340889217, -0.0018680392681654702, 0.0009913625908412602, 0.08024463403772603, 0.00027235263556793564, -0.0010365903103894884, -0.0014401772793405565, 0.021337855086004016
27, 2, 1, 0.0005306691885987692, 0.00022583460415103232, 0.9992428471736692, 6.490335810819949e-07, 0.4405554846977341, -0.2913399948023314, 0.6843116457014119, -0.03137666675053125, -0.04205924069612096, 0.26559649807325625, -0.10006596409573032, 0.18178417549170606, -0.24268832975403795, 0.4112385126186326, -0.06983031857510671, -0.00014439885421094062, -0.0009761464961823157, -0.0012327615098576823, 0.08034492996299086, -0.0003602898827127357, 0.0012734090246840483, -0.000713189204238065, 0.021337855086004016
28, 2, 1, 0.0005302190769527901, 0.00022568730330029904, 0.9992434451572408, 6.484625059586836e-07, 0.3133696555854477, -0.6112390225998913, 0.5377174288831539, 0.011015012889137614, -0.1929567757034988, 0.11404710908354658, -0.10831864047493141, 0.16103719785596896, -0.15403639173217276, 0.21796351826359928, 0.09886926914013779, 0.0006668671266514213, 0.0011938965137719543, -0.0010321780695171897, 0.08030699640783717, 0.0015760970293492843, -0.0006390180564064638, -0.0009172568040933622, 0.021337855086004016
29, 2, 1, 0.0004878448801536857, 0.0002243102062445817, 0.9992871963752308, 6.485383710112461e-07, 0.4739722933896863, -0.5525572747693583, 0.5009804320855349, -0.09753654378671402, 0.0018323885048884935, -0.01850572024882984, -0.12191925747167306, 0.1872930448862953, -0.32893800543498364, 0.23121602138477879, 0.09315988994979915, -0.0009199800766875965, 0.000523480009820119, -0.0008077421985902946, 0.07940383186568958, 0.00101313192238259, 0.0011824453550680798, -0.0013650147077981902, 0.021337855086004016
30, 2, 1, 0.000488116020956704, 0.000191302119169084, 0.9993199315975458, 6.502623283511921e-07, 0.5213775702942273, -0.6125784031561561, 0.36086724541652687, -0.16707997030458405, -0.29697060947993165, 0.08684631614224275, -0.07951762486952903, 0.36437928171218253, -0.22219199917214225, 0.2326689563743131, 0.0022995044545334326, 0.00037543075750168757, -0.0010442657516589403, 0.00013234964204506572, 0.08085135836845193, -5.9584546473653585e-05, 0.00021071497801879003, -0.0011644473234436537, 0.021337855086004016
31, 2, 1, 0.00048774452677562775, 0.00017009883054582744, 0.9993405943101941, 1.5623324845079978e-06, 0.23717734991326234, -0.40580530464097536, 0.2775439320145069, 0.07505838517746544, -0.06833208092634503, 0.10904397782053812, -0.1733750350451817, 0.23053714687164845, -0.05076494366211966, 0.21325755801482577, -0.0908902652040719, -2.7800850115675302e-05, 0.00038691999126932384, -0.0014615157328086569, 0.07982310717038771, 0.0002608042106388656, -0.0009666043235940667, 0.001436038510216241, 0.021337855086004016
32, 2, 1, 0.0004877452422428153, 0.00016999019364278092, 0.9993407037639699, 1.5608001445750122e-06, 0.4421490666831384, -0.41926318774793697, 0.43097053074419345, -0.06067708052500922, -0.1104582527763281, 0.11058221108210206, -0.09701778672257658, 0.19262147562629256, -0.11685693334587381, 0.289529765939099, 0.14897984433592862, 0.0009641506213147862, 0.00010012412439124815, -0.00020136417895043256, 0.08040453739351874, -0.0004717295278361922, 0.0005484320001026058, 0.0017285291063831292, 0.021337855086004016
33, 2, 1, 0.00048774526755696886, 0.00016974609004174253, 0.9993409686466661, 1.5399957351252194e-06, 0.4164744986936005, -0.22476426589539406, 0.44792125274142097, 0.2094110545819877, -0.2608850421098195, 0.26214411867507514, -0.25449672099586873, 0.05706858266741512, 0.05901062655871207, 0.23366987031590597, 0.16522428089059515, 0.0003139568785516573, -0.0021346775128519126, -0.00025773358334635495, 0.08092534051219405, -0.0002973069114983257, 2.807742133746427e-05, -0.0003424546702169456, 0.021337855086004016
34, 2, 1, 0.000482410263920766, 0.000169801106689324, 0.9993461776172141, 1.6110121757845818e-06, 0.469699457299798, -0.4445693416477611, 0.369962601992705, -0.047629430178917305, 0.07602732406556845, 0.14530617730498385, -0.36999476173368245, 0.13598887207255989, -0.04627683574045203, 0.09503689570172538, -0.09520374200317307, -0.00029494451058223014, 6.26390652310358e-05, 0.0008187877737510773, 0.08041371902619734, 0.0003526123336655277, 0.00034857182609130815, 0.0011133059650151552, 0.021337855086004016
35, 2, 1, 0.00048238655329141807, 0.00016980174829544988, 0.9993462010666186, 1.6106317945370437e-06, 0.4908518177469371, -0.29239115667363047, 0.4800077253495759, -0.09989939032544157, -0.12149111894671386, 0.10579759265502395, -0.2285338978705556, 0.2261930684912163, -0.1906995747920362, 0.38942290566773885, -0.1920386368948112, -0.0009152306921151303, -0.0013803616707410765, -1.523754842538941e-05, 0.07884073685438175, -0.00053772618102701, -0.0009434772558363095, -0.002224931862079553, 0.021337855086004016
36, 2, 1, 0.00048238722958477835, 0.0001689168079034858, 0.9993470906120874, 1.6053504244735972e-06, 0.20823884069343412, -0.42270973555199143, 0.22855307581408946, 0.1255992859958637, -0.06265891987020664, 0.1277013390362802, -0.04892915175134449, 0.22314387917820558, -0.05511301220646299, 0.36037711214001283, 0.040557188929840206, 0.0006970385240296598, 0.0005901225864389962, 0.0004684620034766088, 0.07965398681680416, -0.0016414187541325907, 0.0013503837351978027, 0.0009790926711369667, 0.021337855086004016
37, 2, 1, 0.000482387332942725, 0.00016865509681894458, 0.9993473564825981, 1.6010876403150402e-06, 0.4830696310074387, -0.5029386607989738, 0.19545592470056064, -0.00761479519588148, 0.06383025527247299, 0.17835025840770974, -0.14274465117906251, 0.19400762411620698, -0.2864909728807283, 0.32427939174191855, 0.09765420691840375, -0.0011700814884262145, 0.0015549867392390128, -0.0012898833863053398, 0.08062218458396458, -0.00035990260393596325, 0.0013931469197207777, 3.235731344960116e-05, 0.021337855086004016
38, 2, 1, 0.00048238733748852966, 0.00016865368029886585, 0.9993473581925841, 1.6007896285847573e-06, 0.5879656449529433, -0.5276389582407108, 0.48631777938469395, 0.15275673998429626, -0.06320758403858151, 0.20885842921449357, -0.08054796768398008, 0.24054088641086252, -0.24788293694870714, 0.248868372099247, 0.13701766037208757, 0.0021012841613596888, -0.0012624158412270251, 0.0009079189535396744, 0.08145072980580725, 0.000488024372786468, -0.00021485689558466584, -0.0012609237044617413, 0.021337855086004016
39, 2, 1, 0.0004812327431231444, 0.0001685839229264825, 0.9993485828117912, 1.6005221593124353e-06, 0.4350785452219966, -0.4458180196282571, 0.5264666787114543, 0.26152892412322715, -0.046313455802027725, 0.05955398540480026, -0.08387868983606273, 0.32411990265382645, -0.18859843990256156, 0.2717586936332692, -0.07146001639163042, 0.0019316466793880074, -0.0015104426636590956, -0.00025018801901430726, 0.0799980069517256, -0.0008513691505382629, -0.0013551517258959703, 0.0004914430433476739, 0.021337855086004016
40, 2, 1, 0.0004812341861748093, 0.0001680038566302963, 0.9993491665701162, 1.595387078611516e-06, 0.4919941095869517, -0.2762131595635344, 0.5311750399351114, -0.0006993584278792486, -0.2750821430229206, 0.20667952789621738, -0.1242983149228716, 0.0679752176146339, -0.22673720533159933, 0.2903217708279432, 0.10407626099149572, 0.0009685541118851986, -0.0004602552484032982, -0.000934859866510814, 0.08076362088367911, -0.00051401825922332, -0.000661033338690297, 0.0022266905055152533, 0.021337855086004016
41, 2, 1, 0.0004811748994188652, 0.00016252684237991818, 0.9993547021993296, 1.5960588716288803e-06, 0.5104249104204047, -0.20160821869012907, 0.4012896546800442, -0.14485580395880723, -0.15935996746753903, 0.10479938916357365, -0.08767191228852392, 0.39640436351717323, -0.21147609436372178, 0.1388511669350639, 0.052156885377098026, -0.0008878677874984894, 0.0013883955795584344, -0.0005341652149129115, 0.08052546796691182, -0.0002649758371609073, 0.0014871604095449203, -0.0001098489126726455, 0.021337855086004016
42, 2, 1, 0.0004811753596435678, 0.00016215435877148737, 0.999355074912622, 1.59536896290263e-06, 0.3508647693303878, -0.3053627649470263, 0.4359774944541092, 0.05259082614415146, 0.047668330372186915, 0.1910206385486013, -0.07875613100307988, 0.2543399562865016, -0.0791050951538185, 0.3063008827011511, 0.08179324746450331, 0.0008612444096738798, -0.000494373926265683, -0.0010466460709161705, 0.07876859480969416, -0.00018256495408882514, 0.0004615905597468354, 8.930043472825408e-05, 0.021337855086004016
43, 2, 1, 0.0002861969069457537, 0.00016362674494943075, 0.9995485528038137, 1.6235442910650435e-06, 0.18211183636922396, -0.49313034461233063, 0.5515192728289924, -0.14637193663703832, -0.02897108981280396, -0.06096239505688108, -0.12643652940449351, 0.09110681672211932, 0.022563548534980105, 0.20772590681286834, -0.03784547834063583, -0.0005270319074910857, 0.0010750936829446057, -0.000522430758684208, 0.07979253510675004, 0.000319519639303048, -0.0012467704519869601, 0.001325988968574911, 0.021337855086004016
44, 2, 1, 2.6932117451205106e-05, 0.00016242058030015158, 0.9997934240399603, 1.7223262288362807e-05, 0.22269424654889072, -0.22016363291791277, 0.31873564369564616, 0.021691586814016832, -0.20626186600566082, -0.022823350998371274, -0.21056142009606788, 0.032979929558205986, -0.17449661338253622, 0.1251436850537357, -0.13609196485529024, -0.00091271000334152, -0.002214951286128273, -0.0015043110392957827, 0.08087663800134134, 0.0007519022910238528, -0.0001440498798883808, 0.0005828176672993456, 0.021337855086004016
45, 2, 1, 2.6932141030101557e-05, 0.00016240319178695875, 0.9997934470121036, 1.7217655079299323e-05, 0.3019271176510736, -0.3617342731202785, 0.3634050472100733, -0.03878997709762835, -0.1178292840105812, 0.2911524511054309, -0.07922218626132502, 0.10169215694414344, -0.23567976754026115, 0.256843114353208, -0.005817443636797298, 0.0018175686816217674, 0.0008337362814748733, -0.0006200066700352537, 0.08124636537275647, 4.8353387807665866e-05, 0.001058752673716043, 0.0023858612206570083, 0.021337855086004016
46, 2, 1, 2.6932131021241232e-05, 0.00016240305238850479, 0.9997934471773773, 1.7217639212924404e-05, 0.3775184499332952, -0.4073010643657701, 0.49822448254041, 0.15677013161678116, -0.13508614372429734, 0.24002108328983934, -0.1883052760108947, 0.015014226651162121, -0.3107746801492076, 0.07593951076000789, -0.07052780766202468, 0.0011933521315040812, -0.0011232012693532301, 0.0002458819647078314, 0.07869869437310174, 0.0013402798091012118, -0.000717883906479926, 0.00038368068321372546, 0.021337855086004016
47, 2, 1, 2.691016462326062e-05, 0.00016196470143102856, 0.999793736480723, 1.7388653222809543e-05, 0.25486262875750976, -0.15449192813189958, 0.20911941256834732, 0.07872853462691856, 0.1004356940643956, 0.16914950535358625, -0.22675448698959116, 0.16481537463190304, -0.13535342529860545, 0.18312482713690517, -0.11934140116214084, 0.0005973249663933622, 0.0004885431227781643, -0.0014292447116509613, 0.08081748369726664, -0.00023312632710045274, -0.0018627670114759205, -0.002322498783303258, 0.021337855086004016
48, 2, 1, 2.6910510671192553e-05, 0.00016160727348224333, 0.9997940936861507, 1.7388529695985933e-05, 0.49301447706404194, -0.2783184645522908, 0.35249516725260904, -0.01421848378385327, -0.19770267257861254, 0.19930804783606412, -0.13486328126212174, 0.18479056781029501, -0.09834669429469264, -0.014352539209381909, 0.11143749354692374, -0.0004866846614807501, 0.0001813021690362052, 0.0015616757302135652, 0.0791504821585239, 0.00026819726730300907, 0.0003704833356498455, -0.0008077114086162789, 0.021337855086004016
49, 2, 1, 2.691001703987134e-05, 0.00016150246859272194, 0.9997942117055498, 1.7375808817547702e-05, 0.38193177903363906, -0.27312964692101666, 0.2850395700807777, 0.02308878920581768, 0.042093752314381463, 0.17857758125390957, -0.2679491106537141, 0.14707362121410467, -0.05459006205941865, 0.18887478541583808, 0.01804109938775988, 0.000749781240190391, -8.408950469379256e-05, -0.0011395700087048041, 0.08090617097115688, -0.0005333603731869578, 0.0014735449746137066, 0.0007359533541661965, 0.021337855086004016
50, 2, 1, 2.690950362459395e-05, 0.00016149964382344847, 0.9997942152008036, 1.7375651748434873e-05, 0.21226245384348794, -0.36499974038606886, 0.1520090066052554, -0.04783922799873509, -0.13439033777023046, 0.19917972905885545, -0.27849671887998373, 0.3185983724486856, -0.25990443622350734, 0.10576685790106444, -0.14370179896370572, -0.0008177838001452829, 0.00029596880594259475, -0.00103265052051689, 0.07826852546496953, 0.0008786521444943268, -8.865329504149608e-05, -0.0006025125184697464, 0.021337855086004016
51, 2, 1, 2.6909504084592362e-05, 0.0001614996620157824, 0.9997942163606864, 1.7374473213221815e-05, 0.20695026654340004, -0.34398849675599247, 0.504271477550199, 0.04535096170597251, -0.3191809967814243, 0.27696385807085727, -0.16737931228952224, 0.2469059895782025, -0.23265648542838574, 0.30190346907901955, -0.022588627612074634, 0.0002530753902723349, 0.0005461166929906463, 0.00040833788634947953, 0.07964730384078539, -0.0011483138838822933, 0.0023922936610156573, 0.001025951095173195, 0.021337855086004016
52, 2, 1, 2.690953475133472e-05, 0.00016145816272006758, 0.999794257479025, 1.7374823503512784e-05, 0.3211574849051858, -0.3473339575890809, 0.1578474006936182, 0.08511915250618134, -0.15921667529578493, 0.22420530614678813, -0.1111653193894893, 0.06658777542684755, -0.3756058609218341, 0.12336296225995032, 0.04661611593399355, 0.0014727863062915672, -0.00016387523714589422, 0.0017428611880387901, 0.08242725007107293, -0.00018935993665419583, -0.002656427465864129, 0.00035649055309937354, 0.021337855086004016
53, 2, 1, 2.6909542929016723e-05, 0.00016145680995550675, 0.9997942633303977, 1.737031671778159e-05, 0.2607121001892688, -0.49480074229384174, 0.19956380900383935, -0.26171758157794833, -0.02600618541219347, 0.24456064588743337, -0.08158052288819502, 0.037496621275187915, -0.01452290109795833, 0.14089077760002575, 0.06119730921099986, -0.0022776582594518317, -0.0008048669417099477, -0.0019674806418613533, 0.07871384084562036, 0.000933237364629826, -0.00025316029484792754, 0.0005275843605656806, 0.021337855086004016
54, 2, 1, 2.6554698355085562e-05, 0.000156910956259884, 0.9997991564068398, 1.737793854516251e-05, -0.02153561856600823, -0.29139357454215165, 0.3549618801028911, 0.19254158399867005, -0.07426979404353348, 0.057789648429456865, -0.2775797236844779, 0.3619119253008554, -0.19742472815432827, 0.09088985664359862, -0.0667514603698666, -0.00010692955669084894, -0.0018662841484364504, -0.0006361547117850622, 0.08202773773846128, 0.0006715386529317029, -0.00014577882691586933, 0.0006978690602794132, 0.021337855086004016
55, 2, 1, 2.657080120973235e-05, 0.00015475099415075233, 0.9998014071335016, 1.727107113795809e-05, 0.43595790757200686, -0.16662191807178664, 0.367311835884542, -0.006536421856428176, -0.21591208671640044, 0.06652606314219386, -0.11612025493141251, 0.16060486462034657, -0.09121865221199596, 0.1917527903891367, -0.1275260629506228, -0.00022501634114273434, -0.000470494750346039, 0.0010691259612194367, 0.07919554958542283, -0.0015229089095700414, -0.00039323945811124244, -0.001043370115941799, 0.021337855086004016
56, 2, 1, 2.618119606255616e-05, 9.712646002039549e-05, 0.9998584317300642, 1.8260613852897507e-05, 0.33552498141469417, -0.228237721824276, 0.20364755306248075, -0.1283167444258295, -0.030335485907254, 0.06694555428619522, -0.19209279474953908, 0.1406151441538809, -0.1822182321980712, 0.23534083561517805, 0.05507511816698753, -0.0008987815617693207, 0.0008507565207689003, 0.001209907317753983, 0.08037387160847595, -0.00014761350403167246, -0.0010751635454808706, -0.001181583301514335, 0.021337855086004016
57, 2, 1, 2.61824966402535e-05, 9.690946703383073e-05, 0.9998586465118176, 1.8261524508406377e-05, 0.15796522903233623, -0.5273002319315578, 0.23655663434639593, 0.17411878931706537, -0.11924536376277461, 0.105371193686039, -0.09039496006383343, 0.10842802961272331, -0.15117060010921932, 0.10017207516719846, 0.2382498987826917, -0.0006329813357719702, -0.0025165391402441387, -0.0005164508850763439, 0.08067047360706903, -0.0010770886616084038, -0.0007366218724826346, -0.0016080667119065888, 0.021337855086004016
58, 2, 1, 2.6182684907885985e-05, 9.549236239130812e-05, 0.9998599475919054, 1.8377360795313863e-05, 0.46987150441423553, -0.22993871271000788, 0.10385056471607627, 0.10404244261031773, -0.014261679735547216, 0.1979525364504804, -0.19776802937016708, 0.13546749835603292, -0.3636804141752443, 0.054163977720270165, -0.037306557062189744, 0.001030939485595562, 0.0005980108642183265, 0.0002669140388187869, 0.08038388510244013, 0.0007943484784035679, -0.001596393951780357, -0.000560510400493849, 0.021337855086004016
59, 2, 1, 2.6182982644176174e-05, 9.549277871943748e-05, 0.999859944727425, 1.8379511211452393e-05, 0.2860438900596571, -0.2992661519699047, 0.4205192970958809, -0.1322090295944665, -0.11663417567344278, 0.1421799178464182, -0.12629337817183825, 0.036788474362884835, -0.02976497539484062, 0.073952194820574, -0.07540701931143656, 0.0007241141457048321, 0.0020271403114252955, 0.0006509264365397743, 0.08130662465518676, 0.0010547691515080894, -6.555650030366462e-06, 0.0005263346448578963, 0.021337855086004016
60, 2, 1, 2.6044230495129473e-05, 9.546902266878302e-05, 0.9998600827888373, 1.8403957998803424e-05, 0.3601233826908321, -0.035975138515874326, 0.3669187654967238, -0.03245328773342468, -0.1703124974098566, 0.11160659359574417, -0.19826230028818534, 0.09220872089198626, -0.17918124267101448, 0.08357355463645053, -0.28106838043902693, 6.95906736928415e-05, 0.0012030210859480402, -0.00023520149275863062, 0.08160675292487723, -0.0007248161010497968, -0.00036027747489954763, -0.00012178927984955969, 0.021337855086004016
61, 2, 1, 2.5928948473625174e-05, 8.297242319909287e-05, 0.9998715502968217, 1.9548331505507496e-05, 0.25090555252897706, -0.14215378645048146, 0.22503686004030646, 0.12443264320587859, -0.21434866797021393, 0.1254177322757714, -0.2534691206600416, 0.11732041101153039, -0.1660554558171291, 0.10299565989830084, -0.010312476582508615, -0.0003375491433984004, -0.0009398941009390007, 0.0003496613563523606, 0.07975177349779962, 0.0016259867650978276, 2.090159305848682e-05, 0.00043754774745305804, 0.021337855086004016
62, 2, 1, 2.5929643379651318e-05, 8.286488101746705e-05, 0.9998716432041058, 1.9562271497119644e-05, 0.3014258284108732, -0.2925285627501558, 0.22039989524684836, 0.09660476356979378, -0.11471674083971688, 0.11619390891149492, -0.10441555398557245, 0.08041383695265922, -0.16245106602049814, 0.11478962055127881, 0.11322983796657334, 0.0016314154979477804, -2.0796600344654542e-05, 0.0006827351189608985, 0.07950584674978486, -0.0002548228095693935, 0.0008349288103734495, -0.0004256484551190402, 0.021337855086004016
63, 2, 1, 2.5996657396531702e-05, 8.297591158213193e-05, 0.9998712320609601, 1.979537006116553e-05, 0.11365694457187178, -0.2891667024290858, 0.2429828568178516, -0.21357814714468376, -0.03168790374057969, 0.2021747463179559, 0.09637325944068795, 0.13548107661444383, 0.07423700109080891, 0.23892623115670314, 0.061244271061545216, -5.34432519993202e-05, -0.001203424905969097, 0.0005789977362343663, 0.08113091870967444, -0.000496061648647608, -0.0010185826004534342, -0.0011819235383232027, 0.021337855086004016
64, 2, 1, 2.5936170479076047e-05, 6.53768532476375e-05, 0.9998888067247144, 1.988025155895754e-05, 0.06921710502082054, -0.2110898738349163, 0.2575012856035734, 0.1648681250287409, 0.052695012666805804, 0.06977113416307838, -0.240097392496829, 0.015502835769046796, -0.12863501414055337, 0.25817218025995414, 0.11589853967080735, -0.00015379332859968012, -9.079071693561544e-05, 0.0001149538500534769, 0.0801314400001771, 0.0004309892771688158, 3.453719980786553e-05, 0.0008083490005538968, 0.021337855086004016
65, 2, 1, 2.607874104744783e-05, 6.556273276530895e-05, 0.9998868819377773, 2.1476588410004053e-05, 0.26895714556802913, -0.24733088005781584, 0.21055307305161208, -0.038894052200202076, -0.177152073860705, 0.16479888754471653, 0.1084128457735574, 0.17600763897207528, -0.03509531010479057, 0.23046641872443246, -0.1414817802088995, -0.001258724771351849, 0.00030186481157708174, 0.002510431592571395, 0.08017085554440993, 0.001468500420456469, -0.0006746205376878527, -0.00021740684933619904, 0.021337855086004016
66, 2, 1, 2.607979946707308e-05, 6.502473860004341e-05, 0.9998871558453184, 2.1739616614364067e-05, 0.35513870876727394, -0.16884877318633776, 0.18817086398383243, 0.01777584743319675, -0.14489919028271098, 0.20286972080249996, -0.0007800855777974292, 0.11709794351502474, -0.11956859853097948, -0.024485609538190078, 0.04635621839731689, -0.0006633857942241079, 0.0007692300444757946, -0.0001894703775001301, 0.0790846728267944, 0.0011149370186610582, 0.00048678810431766127, 0.0004925896431114776, 0.021337855086004016
67, 2, 1, 4.467262327337388e-06, 3.0115578412640994e-05, 0.999796618744984, 0.0001687984142759206, 0.04272928230678321, -0.2257085495964281, 0.1585626474586727, -0.07800463887238676, -0.08835803821810227, -0.0440114419943755, -0.29225579330052565, 0.09213083950134957, -0.05611413680650135, 0.049808495236077444, -0.06234396738049143, -0.0009093579576686569, 0.001978405047528685, -0.001784092702437182, 0.07996617226034289, 0.0008664799295253458, -0.0017853888684915046, 0.0001876636715600153, 0.021337855086004016
68, 2, 1, 4.483185629254162e-06, 3.0142612123805718e-05, 0.9997924298952559, 0.00017294430699117848, 0.22603827330080067, -0.19316021743699963, 0.18782216715038863, 0.13323382896436597, -0.07604101183456391, 0.17819085135663343, -0.07572474795385678, 0.32063688949885344, 0.07295148470560245, -0.033790415007680874, 0.03958226498373334, 0.000979132182807674, -0.00062108384213675, -0.000693163312325185, 0.08232553359532646, -0.0009642555546595941, -0.0008499196719069348, -0.00209922661989585, 0.021337855086004016
69, 2, 1, 4.486517643973138e-06, 3.0090228680182207e-05, 0.9997925678897341, 0.00017285536394166768, 0.22561059720022175, -0.26567650511286117, 0.23405054498628908, 0.2178578776611375, -0.11041978569040094, 0.14309058832498325, 0.030144876075120463, 0.1261277559975699, -0.09868492282341738, 0.19641692104310593, 0.10492510221697968, -0.0014615737474584865, 6.0985181248118144e-05, -0.0018783729296518539, 0.08027918501812636, 0.00035728497091632746, -0.002539013908027582, 0.0008041113145941607, 0.021337855086004016
70, 2, 1, 4.4889734209408565e-06, 2.2141786139104755e-05, 0.9998002439487984, 0.0001731252916416441, 0.25357538616628433, -0.28177354340747457, 0.22741744691279192, 0.06845564229640935, 0.07177111442946342, 0.07005280752832692, -0.1868156022359983, 0.18828758382226277, 0.044818602314682696, 0.18499050051215288, 0.06626259181179191, 0.00048218310853090536, -0.0018920542281086756, -0.0008419256563188758, 0.07974899887310226, 0.0006366508988106149, 0.00028772799270762367, -4.230001027588917e-05, 0.021337855086004016
71, 2, 1, 3.522813591714594e-06, 2.2077141169430806e-05, 0.999800123787081, 0.00017427625815773665, 0.11463269043982025, -0.42620612010215864, 0.1430739352602238, 0.029587413650389405, -0.060299251435343704, 0.03716399944902138, -0.18468243968795112, 0.08685674313546599, -0.1488862391910068, -0.010875044166614778, -0.11490690106979014, 0.001408963479695731, -0.0011922074630276321, -0.00044055192701221695, 0.08148162800319492, -0.0007404632254433067, -0.000238021329438651, 0.001247474545830818, 0.021337855086004016
72, 2, 1, 3.523242932478727e-06, 2.1297192564031238e-05, 0.9998000228732297, 0.00017515669127375603, 0.11350837976996493, -0.23028558832862173, 0.16312605591735338, 0.12425430685262748, -0.15975490495197026, 0.09767723342555922, -0.21580334809684015, 0.15976057794041607, -0.17755636875225533, 0.04395993883045657, -0.06609600436731115, -0.0005749119685159569, 0.0009221796136262663, -0.0009884473495970346, 0.08054712648402121, 0.0007301793062859075, -0.0012138073117471657, -0.00019794659581533693, 0.021337855086004016
73, 2, 1, 3.5144314222958496e-06, 2.1087387222933216e-05, 0.9998003072079252, 0.0001750909734294877, 0.23553602272189492, -0.035892512211906834, 0.1805828731046013, -0.027687351085346274, -0.06380013156797917, 0.04639238480904597, -0.29187262677377146, 0.14697015481281112, -0.14617193483734012, 0.14247050144121412, 0.04412349771085673, -0.0003875134973749988, -0.0011296191685075867, 0.001406593764454574, 0.07868837889101041, 0.0015751076782434055, -0.0009450045498531707, 0.0015728802449044902, 0.021337855086004016
74, 2, 1, 3.514447690374612e-06, 2.1096128346482824e-05, 0.9998000551689614, 0.0001753342550017664, 0.1092808809341959, -0.24716571702845397, 0.28869249499047767, -0.02366844197318328, 0.05295521284851521, 0.23860458824549363, -0.26705170707650555, 0.08937653136868065, -0.12810475006237412, -0.005182438175783432, -0.0860686355341396, -0.0007756031512277004, 0.0013982810021911437, -0.000960312243940762, 0.08016517968789835, -0.001633964768500656, -0.0005378311284914398, -0.0009378660691746414, 0.021337855086004016
75, 2, 1, 3.5511410305478484e-06, 1.230807660262745e-05, 0.9997746528495131, 0.00020948793285383298, 0.12681029747611633, -0.18825051997576212, 0.11242180697587796, -0.03209433362137512, -0.18170532897321318, 0.07274054828402729, -0.16000062478614727, 0.2719833772410955, 0.002271963926961973, 0.042458835085173945, -0.034682647223617004, -0.0005943093922130902, -0.0006362419841050837, 0.0001821937423762603, 0.08027260909594432, -0.00017696525881831152, 0.00023951751694992464, -3.6289022120545675e-05, 0.021337855086004016
76, 2, 1, 3.5586178822974762e-06, 1.2426931832322944e-05, 0.9997668890845622, 0.000217125365723216, 0.05619590912270236, -0.19596156873494452, 0.03429503960500417, -0.07514018379356982, -0.07102037250291733, 0.1807399960931479, -0.18737391869357295, 0.09364241418899534, -0.038409215710664774, 0.2150679078392089, 0.11067022347903585, -0.0010305717105845906, -3.093846538118997e-05, 0.0015543066625586291, 0.07788171587222759, 0.0007231469351394077, 0.001570110723815938, -0.000215355462137968, 0.021337855086004016
77, 2, 1, 3.55998546422952e-06, 1.2406789653627227e-05, 0.9997668335628127, 0.00021719966206938408, 0.34204967721785523, -0.058550039509452964, 0.20452880473147222, 0.07506285554091086, -0.13744975154456737, 0.13047106028943936, -0.0823578335657244, 0.14236312805533913, -0.15653849647267504, 0.12796052639631617, -0.09546698167016668, -0.00021643498857118996, 0.001378053919628171, 0.00044030994612229276, 0.07712476644179236, 0.0002494093887052818, -0.0009523766354474896, -0.00021636823774327023, 0.021337855086004016
78, 2, 1, 3.5732425405031715e-06, 1.494053146141827e-05, 0.9995104775756399, 0.000471008650358078, 0.2118374914196292, -0.04348277185657014, 0.09404496137254904, -0.18075642583387966, -0.06568434501821423, 0.3174965357720084, -0.15396281454162913, 0.00228495664102335, -0.05694531330304085, 0.1473127875545625, -0.017046996859249562, -0.0014899755289719816, 0.00034933307639575025, -0.001662312201270832, 0.08033663718159129, 0.0005148819665651171, -0.0011412704534392742, -0.0018048154125969139, 0.021337855086004016
79, 2, 1, 3.266624106542995e-06, 1.50518717644574e-05, 0.999510063675077, 0.0004716178290520393, 0.060590242249126666, -0.1671348856569045, 0.34342626541141985, 0.17958165857463443, -0.07155141201867438, 0.03382780283934432, -0.16501041754040105, 0.10669247836470545, -0.20765037975485418, 0.055150740655682075, -0.08995469733338138, 0.0019257926624414346, -0.0001651227366689507, 0.0004083632759352236, 0.08080904015748266, 0.00032195085514444093, -4.312266117922131e-05, 0.0014994897288191265, 0.021337855086004016
80, 2, 1, 6.4450923547362e-05, 3.5975650442557935e-05, 0.9980428301179897, 0.0018567433080203908, 0.05265215670799942, -0.16753742239547437, 0.21604529765026453, -0.07325802379373429, -0.22438410744887044, 0.028887390823488523, 0.026469578106263537, 0.09839288175706846, -0.059594902724846965, 0.08932533065638126, -0.04614162822123974, -0.0013617031409538054, -0.0006716606408287244, 0.0008367583091537029, 0.07934319209292076, -0.0008607183860087981, -0.001309225769604979, -0.00020454833415034916, 0.021337855086004016
81, 2, 1, 6.451624599689384e-05, 1.7238923866815227e-05, 0.9980106721027142, 0.0019075727274220947, 0.27826978292994814, -0.14947688834437534, 0.1653791175071633, 0.11933198884932768, -0.06926511953296036, 0.04403623550558058, -0.13473022504639942, 0.09044356014398618, -0.03785514699302457, 0.05297363738151417, -3.0211024290220655e-05, -0.0015405017766512157, 0.00013483827861463996, -0.0002519127419875894, 0.07972691374949441, 0.0009142683626569244, -6.466402065493892e-05, -0.00011343183268126764, 0.021337855086004016
82, 2, 1, 2.8121531661080175e-05, 9.13943161462168e-06, 0.9979935350825715, 0.0019692039541527318, 0.1496961111185785, -0.2582238372940878, 0.08208468575529229, 0.12813763075217038, -0.12893848619391785, -0.07554836804023002, -0.10433056164441865, 0.12370854741664439, -0.1920479635712779, 0.014646995243878325, -0.017471526605036723, 0.0004102198927448435, 0.00042358936866238327, 0.0001071545182793661, 0.07930820775928532, 0.0018220142041574321, 3.042905978401027e-05, 8.451354878101055e-05, 0.021337855086004016
83, 2, 1, 2.822597842615822e-05, 1.2828889701379086e-05, 0.9968566426079885, 0.0031023025238840194, 0.2524339856280255, -0.034417790373184654, 0.09029170010713473, 0.10305071686680825, -0.03520295554890503, 0.24780350447431454, -0.12828820974577715, 0.10954721513191161, 0.0013109171328797853, 0.05801303969857112, 0.05602769617101912, 0.0010578317643400595, 0.001038776043018143, -0.0005931919494577365, 0.08011726411012499, 0.0023247406195056578, -0.001918634601813116, -0.0010130902853500942, 0.021337855086004016
84, 2, 1, 2.828920671037151e-05, 1.348252939458689e-05, 0.9964445349001837, 0.0035136933637113237, 0.1419698091758314, -0.1502731354954887, 0.13244141528211142, 0.14304876789936982, -0.009766025272088164, 0.1694221590055868, -0.09328210673573853, 0.004175018959590271, -0.055236824835708645, -0.04452383760821431, -0.03188401160049071, 0.0012242495084659165, 0.0022165498845066944, 0.0004518066581826178, 0.07927713739423484, -0.00042639253690672404, 0.0009629399939290458, 4.6525508206292485e-05, 0.021337855086004016
85, 2, 1, 2.0770458010598373e-05, 1.539332887542001e-05, 0.9964362013953535, 0.003527634817760537, -0.004611957020526169, -0.046504761723861754, 0.23914132433455731, -0.014606023659279682, -0.03187544004471884, -0.0189977042350443, -0.13047636793283118, -0.15760587695108427, -0.21667269037524034, 0.0803182157474219, -0.08914281646892727, 4.026278339673678e-05, 0.0009440164705472669, 0.000690204501116741, 0.07926066190697893, 0.001108815041709934, 0.0006716175887065307, 0.0016314016221890704, 0.021337855086004016
86, 2, 1, 5.334899692168857e-05, 2.6196925555471242e-05, 0.9956853794238874, 0.004235074653635518, 0.2559013425639243, -0.21175102634197768, 0.12406423537490563, 0.03445071938430858, -0.04169196901455359, -0.0294737652376988, 0.05025389785119394, -0.05686311211671173, -0.14719420000652952, 0.016820684809781244, 0.08814328162553053, -0.0015206425587310035, -0.0009371356734348115, 7.415416063572687e-05, 0.07944423197512508, 0.00034212459519156527, -0.0005639430894565193, 0.0012761745380922246, 0.021337855086004016
87, 2, 1, 5.4142473825722444e-05, 0.00010363129190443564, 0.9947281136178563, 0.005114112616413556, 0.03860404974744793, 0.033678061123674476, 0.2604685067031404, -0.19480401602890682, -0.11952440524349699, 0.2690654790135464, -0.22416951254297146, 0.010933017752194112, 0.02931875174484693, 0.19503862678311878, -0.06412668383018669, -0.0016734489263162458, -0.00019271694092323367, -0.0014411312764771483, 0.0803460279095509, 0.0010477534598332685, -0.001982762701008091, -0.0011224226763103622, 0.021337855086004016
88, 2, 1, 4.103538379991194e-05, 0.00012795878535516958, 0.9934173954695721, 0.00641361036127288, 0.06302050362257713, -0.14676766469830638, 0.22499248036840291, -0.017343047373326648, -0.03334266510901264, -0.13722749680777152, -0.10049568404092961, -0.12628871959174784, 0.02207907939646962, -0.007031010648745955, 0.07736378943738527, -3.746884147802092e-05, 0.0006970897573520354, -0.0006476470468419447, 0.08063107736017758, -0.0012771321415393582, -0.0007717739488558477, -0.0009092660144889055, 0.021337855086004016
89, 2, 1, 4.104261420919351e-05, 3.088255024868155e-05, 0.9919433125641601, 0.007984762271381986, 0.22663608451225245, -0.06365212022976767, -0.06718153948644649, 0.07528186019066237, -0.2205188896767006, 0.260544958093531, -0.3067481916596272, 0.13279953687006987, -0.09140053588795874, -0.0011425081431068462, 0.07575164071217415, -0.0003862145188624536, -0.00017269290273298727, -0.000546457309125467, 0.08092482546295296, -0.0001777539440008876, 0.000432869341658473, 0.0007683516146397034, 0.021337855086004016
90, 2, 1, 0.00030173447209379077, 0.00032972471274786994, 0.9369078424921973, 0.06246069832296107, -0.004256243596310161, -0.126723867235123, 0.03394350737369366, -0.012419464168814615, 0.0013939569012579867, 0.07434546012947256, 0.13102254763142737, -0.1616717356309058, 0.0027543143173993203, -0.011351026865706238, -0.035333266116572296, -0.00034649436522246564, -0.0013791001145435648, 0.000263061435313288, 0.07932710615551174, -5.72306652090542e-05, -0.002038194541747048, -0.00027945098757022453, 0.021337855086004016
91, 2, 1, 0.0003362519883847248, 0.00013159606571794624, 0.8355044899319944, 0.16402766201390287, 0.04893562844349563, -0.10088615817653576, 0.056118672746253005, -0.019128162471223314, -0.04534401267273236, 0.03235281432938214, -0.062077613599497136, 0.08023123744413059, 0.1086322870102546, 0.030606174727924283, -0.08063709612169548, -0.0008133267302490345, -0.00021811869820048376, -0.0011717540518007368, 0.07909915999436692, -0.0008328432467552939, 0.002483122809064881, 0.00038755968721315763, 0.021337855086004016
92, 2, 1, 0.0003362300109916067, 0.00010473228673848113, 0.8353338029535203, 0.16422523474874962, 0.16094485129129713, -0.10157686571313576, -0.015511126259442532, 0.07589471838358856, 0.045131288696180015, 0.11953845586761887, -0.1787274224133765, 0.01981566346725545, 0.02910833327623872, -0.18143169368188655, -0.09336455956816958, -0.00011585069440981307, -0.0003677533849195553, -0.00021445447931381224, 0.08023107715715347, 0.0005650797485846931, -0.0007208548288526546, 0.00032641519852638406, 0.021337855086004016
93, 2, 1, 0.00033553798182855884, 0.00010489953561675683, 0.8353982829979403, 0.16416127948461448, 0.20270215269892117, -0.04974608347497081, 0.2010520942873814, 0.05229072133780346, -0.12007976132232936, -0.04283683465494059, -0.23977832425665108, -0.16813408216670264, -0.00441999320195004, -0.0015724396490988557, 0.05290579911786304, -0.0007537947038135478, -0.0002400786078139162, 0.00018514098304849615, 0.0791341719442047, 0.0010661294461922829, -0.0011079785522738503, 0.00029410260955338603, 0.021337855086004016
94, 2, 1, 0.000335545316771006, 6.317608448582378e-05, 0.8352829109234686, 0.16431836767527463, 0.13115866867832054, -0.06715980825564179, 0.0451777535525694, 0.07834140370880346, -0.22263848088875432, 0.09044021151218443, -0.2328083840506255, 0.21654616994507095, 0.06514422768290182, -0.03240219650592196, -0.025028233858826708, 0.00035232389616893895, 0.0006818077609772666, -0.0006501817906808636, 0.07925157085503177, -0.0006358050374299194, -0.00038759812067631054, 0.0004250461328562026, 0.021337855086004016
95, 2, 1, 0.00033554858661011895, 6.292024417599846e-05, 0.8351317965786117, 0.1644697345906023, 0.03627069069665467, -0.2244573178377145, -0.03517202121927513, 0.07660269744148725, -0.1972813995845511, 0.26197011847969726, -0.14543637256659614, 0.013604730030271022, -0.09069626900844928, -0.09438222711150465, 0.054125017822147514, -0.0008359936419277015, 0.0006274736472849313, -0.00016339870344518124, 0.08020848836379833, 0.00021021252787854604, 0.0002374985586209554, -0.0013842727756100326, 0.021337855086004016
96, 2, 1, 0.0003355605683037265, 6.313716292910569e-05, 0.8346142089029583, 0.16498709336580894, 0.05994191038756032, -0.07343219029800278, -0.018684527342529074, 0.049330838028662, -0.14543277435098048, 0.2711146055185677, -0.05064670279532041, 0.1519670093379401, 0.07601916782048171, -0.07430323929809954, -0.018960014926645546, 4.550527529837072e-06, 0.0005622830221438873, -0.0015684913432635894, 0.07997324829571045, -6.725064592623235e-06, -0.0008469063527566031, -0.0012663973849955552, 0.021337855086004016
97, 2, 1, 0.00034548628851113555, 3.710387348282599e-05, 0.8298318674798323, 0.16978554235817384, -0.00806109413250194, 0.005449579531976928, -0.03990111863902497, 0.2051175462941422, -0.28668404570997497, -0.10599864192043626, -0.12217747468142566, 0.0716003750519503, 0.054219719526490615, 0.1339081159964964, -0.002143191324008037, -0.0024342226085902023, 0.000720289964233677, 0.00024234032707688068, 0.08018458080850832, 0.0022686461690961555, -0.0004909249017970238, 0.0008093908652697624, 0.021337855086004016
98, 2, 1, 0.000396038187382909, 0.00021027588608972815, 0.64637310550959, 0.35302058041693735, -0.05453095031666384, 0.04764404739154931, -0.045438817835251825, 0.15332517351998604, 0.0036116983195552343, 0.13441756579479752, 0.014736941487792143, 0.038959471598400276, -0.042381516944093346, 0.016148746961390757, 0.047577490529088676, -6.784486349216371e-05, -0.0008928586636139512, -0.0006204267715241812, 0.07996967714499846, -0.001359115843477894, -0.0016029698933696483, 0.0010318312158312509, 0.021337855086004016
99, 2, 1, 0.0003999606258782591, 0.000216003387694423, 0.634966383931962, 0.36441765205446525, -0.0459840726857087, -0.1638391952270692, 0.14250987655619302, 0.1580831148758685, -0.2089666722516331, 0.13213528804672642, -0.18876866976495305, 0.004108438049068049, 0.015387718579099107, 0.09990719664872268, -0.10403959932493616, -0.0002778349272421556, 8.463036090883154e-05, -0.001447622240678552, 0.07884384526944152, -0.0016061001732052941, 0.0005428426526571078, 0.0006930227217750863, 0.02807155665917581
