t, Event, Policy, P(still), P(random), P(reach), P(transport), o(t), s_a 
0, 2, 0, 0.9869453310966492, 0.010870125144720078, 0.002184594050049782, 1.6650018863639815e-10, 0.5460795158884906, -0.5308742286300869, 0.5241696592065918, 0.5162322632029703, -0.30881508049157896, 0.1290752659685242, -0.0632765932218947, 0.28227956178493013, -0.4015223088537807, 0.3990872105296323, 0.14057588379417876, -0.024323576527913025, 0.06529617274264585, 0.055952521621790076, -0.03441814009554114, 0.024169387500688484, -0.047067765757131716, 0.050310290249123604, 0.4820792948822053
1, 2, 0, 0.9868586901260157, 0.010948900727345433, 0.002192409092415333, 5.422348376617494e-11, 0.5690071448246445, -0.5682348742056994, 0.6376893337369564, 0.48428030359806806, -0.11105442709201745, 0.11033648238901321, -0.1233556757479967, 0.2502544688105466, -0.3039823422120854, 0.29580973126989346, 0.13724540086257783, -0.11753924927186916, -0.08796032216274036, -0.04157327697561963, 0.06292666770346866, 0.15649011045324912, -0.17095779037225414, 0.09265384391165693, 0.4820792948822053
2, 2, 0, 0.975678951646198, 0.020607677734871915, 0.0037133636880336287, 6.930896449838174e-09, 0.5631740746191635, -0.5619721307918709, 0.6322786292933292, 0.48192762314564935, -0.1108352543734997, 0.11175784977833067, -0.12303720440021663, 0.14252561811655504, -0.2890088801895735, 0.25907340392686223, 0.11144932049579048, -0.09869903742560447, -0.1928364431523119, -0.13030509947036853, -0.001793146724690009, 0.07492040722647537, -0.10145840939223312, -0.035343032839661316, 0.4820792948822053
3, 2, 0, 0.9704727314007747, 0.021986553105443996, 0.007540715474805463, 1.897581624586632e-11, 0.5583292390877423, -0.5572577626372419, 0.62638235401219, 0.4833847508919856, -0.10993623884321022, 0.11041985714129103, -0.12433343269201198, 0.26404097963462225, -0.23332822853601246, 0.45091284848585717, 0.1048143567589807, -0.07742039929228087, 0.21470593634033852, 0.025093068339261858, 0.21112826261893375, -0.12505856493625192, 0.04703561554573553, 0.035222345615199976, 0.4820792948822053
4, 2, 0, 0.970167657819689, 0.022153085790758142, 0.007679256252754218, 1.3679859045415985e-10, 0.5533278430976196, -0.5533927295678545, 0.6179680512586665, 0.48334265674219135, -0.10975711591541001, 0.11094998884986076, -0.1249052091032001, 0.12036442896306118, -0.29348911370531366, 0.2921389772019607, -0.010080256569478646, 0.01760885988475319, -0.04864535955553022, -0.15506438751095608, 0.2033113424952754, 0.03447068983080737, 0.122662397386249, 0.07157637905737815, 0.4820792948822053
5, 2, 0, 0.9649828516233718, 0.023489518695368434, 0.01152762954785828, 1.3340154752572877e-10, 0.5476108299808854, -0.5467375776624315, 0.6131380215158141, 0.48293738022895144, -0.1115608611314199, 0.11065637404844231, -0.12386744627897602, 0.4213434484022285, -0.1862027834074931, 0.4120070873046767, -0.08291013092255588, -0.076553314156554, -0.008495239900613008, -0.01612891722563992, 0.16031415624573342, -0.01056539475599021, 0.1417720283697211, 0.12593345775421555, 0.4820792948822053
6, 2, 0, 0.9577234019614873, 0.03071947880124009, 0.011556844360188381, 2.7487708432831997e-07, 0.5410709195853606, -0.5404776048748767, 0.6060530394744087, 0.48311781733204945, -0.11122037406033554, 0.11049819745811358, -0.12402189584994357, 0.2264281620885366, -0.18498616002650992, 0.15876899822926727, -0.2764980251775956, -0.1837252548700898, 0.14197013371508105, 0.03868755296700992, 0.11580198359848333, 0.0041526766504537665, -0.16216014406098914, -0.06665691270540637, 0.4820792948822053
7, 2, 0, 0.957390229333203, 0.03073738998201438, 0.011872380505032877, 1.7974983406869236e-10, 0.5341178251380642, -0.5355004734174296, 0.5988707574990808, 0.4809050081602152, -0.11039944527881566, 0.11095616570495895, -0.12522731205819515, 0.27343336826723486, -0.22639831294616425, 0.3292828551948787, 0.059077295512279714, 0.014324527548122388, -0.09733243140768703, 0.055637676217697496, -0.019773099776043367, 0.14496787626893437, 0.28600642764569273, 0.06772139996807422, 0.4820792948822053
8, 2, 0, 0.944246091418466, 0.043119141235053095, 0.012633876057407163, 8.912890736704196e-07, 0.5314189309719879, -0.5299796219204216, 0.5937290511963067, 0.48147495557338393, -0.11057091469282013, 0.10994509032126673, -0.12352155736134478, 0.24786053126581886, -0.16991687647602557, 0.1601289673806895, 0.09261725495958459, -0.11926778980159403, -0.04794383225450965, 0.03420265011128014, -0.0136926517208666, 0.08456764856572462, -0.16420992472626617, -0.17277557378157146, 0.4820792948822053
9, 2, 0, 0.8367129496811341, 0.09737287191487354, 0.0659101090610988, 4.069342893549869e-06, 0.5242127911401572, -0.5247306394559149, 0.5875697116332479, 0.483021783282663, -0.11135643163131122, 0.11077165858005467, -0.12479984663907792, 0.27785776322118283, -0.22521898873533974, 0.10627202734369193, 0.19446763541046747, -0.15468684597168758, -0.00593004354765513, -0.021146223727801117, 0.1920305165925471, -0.15423215506238824, 0.11773374598849909, -0.0720451414796066, 0.4820792948822053
10, 2, 0, 0.8367136222305694, 0.09737395350290023, 0.06591242426638978, 1.4053942952997356e-13, 0.5184131590998748, -0.5180011826143968, 0.5816451547381012, 0.48362605077274673, -0.10942212842276122, 0.11077807753964827, -0.12214380863953896, 0.3009201851304104, -0.18446949668699597, 0.5178279343776595, -0.1284799598737575, 0.02654901049756343, 0.03387046403059266, -0.14185999305264438, 0.13716407709712727, -0.028252451535639204, 0.11526955361994143, -0.02377944018140718, 0.4820792948822053
11, 2, 0, 0.8367129172913794, 0.09737458052285337, 0.06591250218576564, 1.5290593793886976e-15, 0.5136524408738466, -0.5138716897290591, 0.5760793385896337, 0.482427179951916, -0.110136855732816, 0.11162049746392202, -0.1237667760034066, 0.31086315866925635, -0.4211491155839339, 0.48126326070281333, 0.08601253137617955, -0.005509199697177182, -0.016225173302148628, -0.1065816361409961, 0.2373434905654869, -0.01598125417505402, -0.18531637186942537, 0.0881550057824286, 0.4820792948822053
12, 2, 0, 0.8367113461035488, 0.09737566541642183, 0.06591298846897549, 1.1053887275507413e-11, 0.5077522429123418, -0.5076023803481022, 0.5693312650053776, 0.4817713804812107, -0.11104579566201926, 0.11027525149946779, -0.12303328643862455, 0.303964660667981, 0.041409073480850364, 0.3829291100864093, 0.08371536239650261, 0.050179176433639075, 0.12912520592653154, 0.20671258965480174, 0.10292107956141028, -0.2102121912773903, -0.11506875391129803, -0.06963952483463821, 0.4820792948822053
13, 2, 0, 0.8364934366665715, 0.09757071497804877, 0.0659357409252126, 1.0743016713211271e-07, 0.5034788962922121, -0.5021493312050038, 0.5646961104318822, 0.4820053976837402, -0.11088288756193658, 0.11261662015649658, -0.1252818936860654, 0.18399023401971099, -0.15731453004644097, 0.17907047257911887, -0.08671202896807417, 0.0659120750843937, -0.15613875131638985, 0.08648557630192476, 0.10790516732770206, 0.19435823194167545, 0.006856072819553872, -0.009852729992162546, 0.4820792948822053
14, 2, 0, 0.8293905224177782, 0.10459724826533298, 0.06601199102469833, 2.382921903855434e-07, 0.4960315276331568, -0.49660306196304205, 0.5548612726443902, 0.4810111176083708, -0.11028378654913576, 0.11198083811202689, -0.12471151241419628, 0.12612505644339977, -0.21269097687303146, 0.30774919145939306, -0.05830213885176723, 0.013158707465123062, 0.05274816522728183, 0.1582566727043972, 0.18461921970778877, 0.05449497033755063, -0.25804528547119715, 0.043675102717882025, 0.4820792948822053
15, 2, 0, 0.6213987891112803, 0.2887482453277365, 0.08983031724523322, 2.2648315749950414e-05, 0.48974039475356507, -0.4893217821990947, 0.550585042489858, 0.48178045522367663, -0.11275174264328136, 0.11101921787764416, -0.12463531945814765, 0.3215442570685795, -0.2323110066522188, 0.14949725858351245, 0.049205012784834946, -0.09352434599608178, 0.12923802095556106, 0.0914184442242387, 0.15980624260815174, -0.20082264555013601, 0.03627931323506226, 0.06199564013563051, 0.4820792948822053
16, 2, 0, 0.6212633423015528, 0.28889430019298534, 0.08984235689948201, 6.059799235902022e-10, 0.48518802234613584, -0.48499623460791835, 0.5443958541911095, 0.48106603296678474, -0.11073222919499585, 0.1104726053492053, -0.12338088783740112, 0.21297342246095902, -0.2066279623262875, 0.3366873979755912, 0.0026887028599024364, -0.060254799623470044, 0.021194349579052786, 0.25808904881645556, -0.11760559898084903, -0.05978436102612818, -0.16357886036543773, -0.06118804881917508, 0.4820792948822053
17, 2, 0, 0.6203393198379819, 0.28978780042800695, 0.08987287290251128, 6.831500051852448e-09, 0.48061294873128757, -0.47982993843999633, 0.538754688274368, 0.4842760025602266, -0.1102205996156744, 0.11117115661034147, -0.1245648426967327, 0.3015438348149175, -0.23198949325196044, 0.32071040272922346, -0.12968738464588633, 0.22041908062723642, 0.09446655974239665, 0.021396962562545682, 0.04139359469755892, -0.10019385539334764, -0.12196794241515718, 0.0076157841665032405, 0.4820792948822053
18, 2, 0, 0.6145232406076941, 0.29554161014372443, 0.0899351170745266, 3.2174054824495364e-08, 0.4742702035411142, -0.47600452087395667, 0.5326969315952779, 0.4823593086332763, -0.11195459527446869, 0.110690339419377, -0.12342245750547945, 0.1686479953101903, -0.3922450040908884, 0.25993453932249067, 0.06992704023328647, -0.07547801093857134, 0.009687313728180273, -0.11837024343071653, 0.0038155236439584963, -0.13827068105712956, -0.19683986460666805, 0.04570389610321831, 0.4820792948822053
19, 2, 0, 0.3417426968166038, 0.49531874066746034, 0.16293440127269587, 4.161243239948079e-06, 0.4693110821865784, -0.46750708116000894, 0.5255736866443874, 0.4834706173025176, -0.11103370022776486, 0.10945891187746029, -0.12411676216665915, 0.36414990491236515, -0.21459611354758895, 0.24590926265353388, 0.028529739205097902, -0.06026784280274976, 0.02197582047619275, 0.01240504405611702, 0.0811816506434796, -0.05924714795425876, 0.014178212149564242, -0.10360477005521078, 0.4820792948822053
20, 2, 0, 0.2581759837476913, 0.5574016379056099, 0.18442144116348838, 9.371832105142043e-07, 0.4612313030371323, -0.4634127819987087, 0.5184761287038773, 0.4812579858362124, -0.11156445917826344, 0.1123029452185621, -0.12393183329289355, 0.17763924693416455, -0.27354705191473305, 0.28540656896738603, 0.02812101963503707, -0.0159221188887927, 0.03146425614284851, -0.08241801792911999, 0.07870093528505391, -0.05010740987956312, 0.041069048376150614, -0.06267204523453432, 0.4820792948822053
21, 2, 0, 0.25807605510530723, 0.5574965033055943, 0.18442744054555713, 1.0435413056371756e-09, 0.45744350960759717, -0.45788238509664553, 0.5147722039555289, 0.4820058744410445, -0.1103693803474581, 0.11065772778047182, -0.12476711862597548, 0.3372094145849076, -0.22547434330439886, 0.3575833926598625, -0.017082885378621265, 0.10638684617609544, -0.02216129354810112, 0.0704017669452182, 0.03669439560013209, 0.0294993865215951, -0.16964560287998237, 0.04654309701703764, 0.4820792948822053
22, 2, 0, 0.2551737149416232, 0.5602570928611066, 0.18456905206460836, 1.401326618593741e-07, 0.4519676816954924, -0.4535066270259459, 0.508336340792667, 0.48134151459702634, -0.11085480167355069, 0.11128077262008047, -0.12334062478929815, 0.2321768144555981, -0.2205816285076053, 0.3243394769174007, -0.07099777770507612, 0.09382456325199177, -0.22208930957679449, -0.13010803855191203, -0.0496154607139669, 0.00789656176072889, -0.1040691594508186, 0.030384728347992513, 0.4820792948822053
23, 2, 0, 0.2546327297786895, 0.5605065064760283, 0.18486076370738103, 3.79011644931827e-11, 0.4457847783291829, -0.44635561797942486, 0.500488172560524, 0.4817915434366421, -0.11113549674521842, 0.10924275088445215, -0.12240751012616828, 0.14485275467991596, -0.505798317994598, 0.3417416060202788, 0.08606055349694093, -0.08423967036900595, 0.09570456805724624, -0.09538242422950602, 0.029921332083973552, 0.130683233128071, 0.13978572146618717, 0.007095310091813309, 0.4820792948822053
24, 2, 0, 0.2545711688309069, 0.5605653271956965, 0.18486350389207118, 8.132540238960591e-11, 0.4419913962839548, -0.4405973776092197, 0.49442772078357733, 0.48178302020094244, -0.10919607315862405, 0.11196336525620736, -0.12357117088231107, 0.24204514099392785, -0.3680654904496838, 0.33857831376812536, 0.04004494037378906, 0.04496906138350348, 0.15604691384759645, 0.13103756311857284, 0.09021696437577997, 0.017458024271410053, -0.19044463008912788, -0.10676509696028813, 0.4820792948822053
25, 2, 0, 0.25452944667463107, 0.5606039219073216, 0.18486662348586883, 7.932178590227313e-09, 0.43489859795512675, -0.4344094422769559, 0.4884928234193112, 0.48288507051858154, -0.1103738183420061, 0.10963369160991694, -0.12361669030084521, 0.24326852610976327, -0.20588722925001166, 0.317784136226747, -0.13508614087970824, -0.09119677279327712, -0.02606303881483127, 0.08789837780177269, 0.19038028770818816, 0.08961588099429184, -0.026931829362525677, 0.21339168032128755, 0.4820792948822053
26, 2, 0, 0.1654030505264568, 0.6458620282680778, 0.18873013438832437, 4.78681714109362e-06, 0.43026324697407115, -0.4292873471730954, 0.48248192029591597, 0.4823328590046079, -0.11055601067710934, 0.10797060632077984, -0.12590768535174418, 0.14750698396880044, -0.2703783323861637, 0.2418794472526938, -0.05124768814371, -0.048998857309504915, 0.1580833542730892, 0.07154167143979276, 0.14572139607186904, -0.009037344434691424, -0.08929328987718832, -0.17368456678411107, 0.4820792948822053
27, 2, 0, 0.16537698286479222, 0.6458915686223292, 0.18873144637499836, 2.1378802276045843e-09, 0.4252331939787046, -0.4241086450959237, 0.4762371876986431, 0.48093484248086726, -0.10937697580874642, 0.11091305083218768, -0.12615570861949205, 0.2582996737593517, -0.27606330784493976, 0.2358296668926218, 0.06364248185697748, 0.023068142954951916, 0.043223752513996974, 0.2842365870336826, 0.1354327706306227, -0.003306801410970531, -0.18278513472148714, -0.1093766811240106, 0.4820792948822053
28, 2, 0, 0.13942441111194437, 0.6700274955850016, 0.19053509665127277, 1.299665178120989e-05, 0.41715686886632264, -0.4197396234105256, 0.47093534731860176, 0.48167988130076234, -0.11148896119881095, 0.11083848758422377, -0.12642897417244178, 0.3059282280372952, -0.15662296443952686, 0.25463894171036683, 0.0501122338826571, 0.015157095707662624, -0.020261296564051123, 0.006611868690773691, 0.2500324779170867, -0.05013533209593848, -0.12040348842177113, -0.061407539273186595, 0.4820792948822053
29, 2, 0, 0.12751260468151893, 0.6812762896226537, 0.19121004812060927, 1.0575752180203258e-06, 0.41250555435381775, -0.4137267886963267, 0.46382735833407845, 0.4821235134799086, -0.11154467954390572, 0.1107536384340621, -0.12367146039407366, 0.2477919046764608, -0.34805076258362977, 0.22558751357866588, 0.01269650532049275, 0.17789496449520736, -0.10608919737477804, 0.024143195819871253, 0.17295611108589962, 0.002263342965284643, -0.05874881742627793, 0.11368483600578538, 0.4820792948822053
30, 2, 0, 0.11498278251381137, 0.6937260014585779, 0.19128805371071722, 3.162316893572702e-06, 0.40778536985192265, -0.4087542926522887, 0.45850800566288036, 0.48205091378281734, -0.11047636971771653, 0.11224519044322179, -0.12529663294827673, 0.18064509930770292, -0.2840787917509634, 0.24206797165516666, -0.2009261296128099, 0.0065475925300352966, -0.01038165580236147, 0.09150008987970784, 0.18937998658261684, 0.004279392648403189, -0.15227511008435218, 0.015740868023082492, 0.4820792948822053
31, 2, 0, 0.11439480697106047, 0.6942315843327134, 0.19137327478708493, 3.3390914119757585e-07, 0.4038870401758062, -0.40271452392418655, 0.4511889964740733, 0.48276979025633154, -0.11010847356986704, 0.11048874804904732, -0.12308577818422377, 0.03026720016077209, -0.13508129689780807, 0.3290643861068177, 0.1535595505993667, 0.05389772519032947, 0.06068068258596347, -0.010421772441157036, 0.05790368288602701, -0.03816458078681098, -0.10321894307598337, 0.120715784990718, 0.4820792948822053
32, 2, 0, 0.11438210270129592, 0.6942412620858404, 0.19137649422096378, 1.4099189993682784e-07, 0.39771984936137883, -0.396983648111821, 0.44549160023452067, 0.4821355928849139, -0.11076887924052599, 0.11044381558981253, -0.12226244663620538, 0.2411824116463755, 0.032232264320088945, 0.1994628241389098, 0.1891205623330618, -0.05347557373395908, -0.09799049972341212, 0.12878444339637038, 0.038740748470728656, -0.014624434202292657, -0.10616513170355028, -0.1545734540326776, 0.4820792948822053
33, 2, 0, 0.11422986916635348, 0.6943907468159523, 0.19137913519873975, 2.488189545107796e-07, 0.3906926205380518, -0.3916686163061607, 0.43854381587321206, 0.48196409652727645, -0.11086156739875752, 0.1118783704876565, -0.12393297985767619, 0.09198335279100764, -0.047550015139518134, 0.33077505922076106, -0.0795027021486587, 0.05914274751860608, 0.07104115293376739, 0.0686438830466713, 0.19249365476612554, -0.12593089691743764, -0.1894810107658608, -0.0907942322911767, 0.4820792948822053
34, 2, 0, 0.11049930508098832, 0.696215007318441, 0.19328535379873826, 3.3380183231635184e-07, 0.3860800331925411, -0.38484981873235397, 0.43203425077444296, 0.4829394369413104, -0.1112033496420332, 0.1105038089043664, -0.12274367287725788, 0.30770476372295913, -0.17764802880149969, 0.3010877670434127, 0.028856186882469707, 0.10096770170339102, -0.007148289538482471, 0.09759745847326312, -0.04029468159063818, -0.0426997945014818, 0.07493996623159285, -0.15345943889741495, 0.4820792948822053
35, 2, 0, 0.07185040348449839, 0.7326930848932374, 0.19449508848964764, 0.0009614231326166397, 0.3817159430782031, -0.38014959052778596, 0.4243726321762752, 0.48316561165305155, -0.11025893631679277, 0.11179274894913742, -0.1223121299958232, 0.22736372438079208, -0.19856339012053997, 0.14071532898652336, -0.04909607951424945, -0.07292193226341107, 0.14497819115034064, -0.014220224000397182, 0.02543556243838243, 0.17018814113775782, -0.00020997928350362035, -0.013209778532854256, 0.4820792948822053
36, 2, 0, 0.07048806798840246, 0.7349003130760423, 0.19459077325518728, 2.084568036786838e-05, 0.3744556343489622, -0.3768278613864036, 0.4198708930598256, 0.4810025815635986, -0.11104164861816326, 0.1124775609118213, -0.1237126595896123, 0.24116947710423622, -0.156204446040243, 0.21606715689251418, 0.1107396146587536, 0.07973962147093976, 0.06264133894644891, 0.03794463923565587, -0.13788927032057968, 0.015302449579452187, -0.1509516984463278, -0.001725805319322488, 0.4820792948822053
37, 2, 0, 0.06646417657755792, 0.7370392879953844, 0.19463118044886565, 0.0018653549781920166, 0.3695048883466422, -0.369259363393465, 0.4137414827180395, 0.4835386633149528, -0.10984878016316531, 0.11108103328668387, -0.12401978785975847, 0.11958920975317353, 0.014671088524154796, 0.07244835784301937, 0.023946995302809495, 0.056224506244651105, -0.09558316245040786, 0.12278526095738437, 0.02781729326564659, 0.11641953275368473, -0.11608016172613203, 0.03613715700588667, 0.4820792948822053
38, 2, 0, 0.04921106047060291, 0.7555649534994894, 0.19519560246263015, 2.8383567277325665e-05, 0.3643484236418911, -0.36187080786951575, 0.4073881784567406, 0.4819653448154913, -0.110649838500437, 0.10908138048968516, -0.12378847211495252, 0.11692803414979555, -0.20758528959202183, 0.2592380634712143, -0.12482200388287652, 0.12992060772731512, 0.063934494289808, 0.0526358481813173, -0.03130847841603364, -0.017882572205320788, -0.053225762046553535, -0.0009732136452833917, 0.4820792948822053
39, 2, 0, 0.04663750628659532, 0.7579658381452253, 0.1952832432527609, 0.00011341231541835595, 0.35658841725187174, -0.3568264645844935, 0.40189108705400745, 0.48184832855924836, -0.1103024200882172, 0.11007415031926633, -0.12375141006570471, 0.041551916854916236, -0.14350754706480934, 0.1507386534047666, 0.12365231869525162, -0.051504824387951655, 0.2168129530710643, 0.059135764418525374, 0.07898967207628296, 0.1474867727453631, -0.10671825479444277, -0.0655702043455367, 0.4820792948822053
40, 2, 0, 0.04671951058829788, 0.7579925592635884, 0.19528579540777286, 2.1347403408781753e-06, 0.35449596150072143, -0.3522626596850652, 0.39462846241149535, 0.48232343137498984, -0.11167561298575406, 0.11039872393012043, -0.12330884177086962, 0.2587569775378792, -0.008701569264480891, 0.17917252807494913, -0.03122394489980166, 0.15218760404775145, -0.008798734286899512, 0.10971027638696555, 0.2042907470276199, 0.15382637422236828, -0.023412268808977225, -0.049585034339482206, 0.4820792948822053
41, 2, 0, 0.045892021255937256, 0.758743328116008, 0.19535930621454148, 5.34441351337859e-06, 0.34785618161447546, -0.34712880587947964, 0.38924337283982235, 0.4829060513764877, -0.11033206547628824, 0.11307670827609836, -0.12354153476109775, 0.21841634699212187, -0.29260195501031444, 0.23210499339014104, 0.06944595744693959, -0.13420084108993888, -0.1187700467068334, -0.04751671777721655, 0.08924674314854555, 0.17952992260622508, 0.004728882037664386, 0.09749266781561702, 0.4820792948822053
42, 2, 0, 0.042743428665642784, 0.7613626134088883, 0.19581172642072558, 8.223150474316025e-05, 0.341865893312221, -0.34090406992572087, 0.3849627895840376, 0.4818501704527086, -0.10975059616694446, 0.10967588310289873, -0.12529288400928015, 0.07811785019774391, -0.11290804309447551, 0.22807852697943512, 0.04806989342425292, 0.21868967265423497, -0.061863978271086396, -0.05556797293239577, 0.14634385218690457, 0.05649154337342745, 0.019424615739095357, 0.06482917334644063, 0.4820792948822053
43, 2, 0, 0.028415740620359755, 0.773296895716425, 0.19819829172456077, 8.907193865442916e-05, 0.3360039399392145, -0.3358959785356971, 0.3750374715739447, 0.48192610511877226, -0.11076446150598743, 0.11190902586084968, -0.12384785083239092, 0.143861057708828, -0.21672079315112075, 0.22739025747689587, 0.07541693189509566, 0.05025522944322366, -0.012021325206216658, 0.11341010743237563, 0.09117713391004266, 0.07813004500750258, 0.022106851521403334, 0.08306883819384811, 0.4820792948822053
44, 2, 0, 0.009435796138870148, 0.7892932331293818, 0.1987749314078251, 0.002496039323922987, 0.3297940213597183, -0.331139220980012, 0.3725954938570112, 0.4825261635009233, -0.10964620514442239, 0.11081795798433362, -0.1234632005638997, 0.17603490600301602, -0.12189535982481266, 0.13167613200382003, 0.12579571061038297, -0.10259916310158965, 0.02979910975523637, -0.07276817482990527, 0.04069700498856748, 0.018107444284928827, -0.07846085795365175, 0.015140814435390365, 0.4820792948822053
45, 2, 0, 0.0037547344367146653, 0.7970801785999383, 0.19911694893177656, 4.8138031570410835e-05, 0.32444579666013224, -0.3238427378487433, 0.3627059072344884, 0.48223833134237415, -0.11298564319147508, 0.10971738557880102, -0.12383855952891479, 0.22918098931767408, -0.31571307628101863, 0.12628343613563642, -0.03190186796180623, 0.03482254642543522, 0.21938802234167354, 0.07230534719557272, 0.03723006462795256, -0.09410871219576221, 0.07121681849443987, 0.06389790226870064, 0.4820792948822053
46, 2, 0, 0.003715787968904743, 0.7971599136265406, 0.1991239346497297, 3.637548250099156e-07, 0.3193197849662511, -0.32031053634782725, 0.35779711161392896, 0.48264554343877625, -0.1083948905715052, 0.11071630628911175, -0.12352443244158587, 0.10236024641252148, -0.17729195492139097, 0.3194457456840159, -0.06251575659828085, -0.10667858589948923, -0.031581038677726034, -0.01899697490869001, 0.03947548078557308, -0.045531601184452035, 0.012829762838871092, 0.04997689842282707, 0.4820792948822053
47, 2, 0, 0.00278073198112142, 0.7974276268656253, 0.19912453553827242, 0.000667105614980976, 0.3125778660006152, -0.31520702721169586, 0.35416698872984714, 0.4822902346374877, -0.11073228566031215, 0.11120809762592146, -0.1255514906128664, 0.16234490535398188, -0.12349487163553934, -0.02859081385429092, -0.16215248452624584, 0.09232171669845105, -0.04553520351385872, 0.004880447738310306, 0.08497105711332395, -0.2534425233703506, 0.013024809871475519, 0.02761031430720507, 0.4820792948822053
48, 2, 0, 0.0015220276345698158, 0.7985099084354156, 0.1991444191036356, 0.00082364482637913, 0.30849636002049224, -0.30888738032953594, 0.3466590373345305, 0.48081717932968476, -0.10984591435138968, 0.1123782685057598, -0.12537549364387152, 0.2837946270789339, -0.10325255520987571, 0.1117905261368299, -0.1968772429130683, 0.14450137005786134, 0.007680693900972228, 0.048091466042952905, 0.1311909822690148, 0.019740247482566798, 0.011028312973477793, -0.015364899276165337, 0.4820792948822053
49, 2, 0, 0.0001845742636936352, 0.7993544697668089, 0.1991848257412456, 0.0012761302282518984, 0.3039236140796828, -0.30263253367673404, 0.3406781108994416, 0.48287224093554454, -0.11086398738950025, 0.11090280841288047, -0.12508479207159895, 0.2522561480859792, -0.15833643571989936, 0.0576164871824143, -0.008175034920012047, 0.019377237051887902, 0.08223656691561876, 0.02041105261015594, 0.027821888594963838, 0.17297628437934282, 0.06635626885699925, -0.045198556062549466, 0.4820792948822053
50, 2, 0, 0.0009917464231797783, 0.7996462774432977, 0.19920624647931223, 0.00015572965421024448, 0.29758987175697266, -0.2969119529855139, 0.33324283728410603, 0.4835243534257695, -0.10968166471144145, 0.10960473481322512, -0.12471578835404802, 0.07493044907448564, -0.15708328501866128, 0.24709290016050786, -0.027880519433392002, 0.056742910154290796, 0.10011126858749109, -0.024045737693168607, -0.0692560632764817, -0.06616798813169619, 0.03840352048688437, 0.11064634299595208, 0.4820792948822053
51, 2, 0, 0.000802128288715292, 0.7998975377896987, 0.19921174695204294, 8.858696954307315e-05, 0.2928292024387348, -0.2898354152687633, 0.3286805929488276, 0.48030808442464873, -0.11270892399165555, 0.1099450608186231, -0.12418829573659518, 0.2639485841003402, -0.2317410100174447, 0.16508962444407066, -0.14913105558343356, 0.0737894484088976, 0.015465045358231117, -0.005250294934541835, 0.028806263346437443, -0.04141200482097078, 0.0032343652150462346, -0.1275635903357225, 0.4820792948822053
52, 2, 0, 3.305410630719318e-05, 0.8005089144675794, 0.19922295452665367, 0.000235076899459754, 0.28362796686125386, -0.28589535827351276, 0.32134434334460865, 0.4819173914630879, -0.11166250857270857, 0.1104717009424813, -0.12516371067769766, 0.2147701285064681, -0.199718028898377, 0.034098030658092957, 0.02303059477337875, 0.1883368293262691, 0.009712885166906786, 0.028405682867342224, -0.003238403330388118, -0.038099145659729175, -0.007253251493696213, 0.018076775029033494, 0.4820792948822053
53, 2, 0, 2.744778192824051e-05, 0.8005187214737266, 0.19923086464111572, 0.00022296610322928244, 0.27960423525926387, -0.2801617539066591, 0.313831533302083, 0.4840969566449532, -0.11001005427814088, 0.11098202366801044, -0.12341399387618987, 0.04848604414830408, -0.07000339880985754, 0.20225889199351274, 0.15349094451872985, 0.016308536421342102, -0.10181365427012794, 0.035819171647074134, 0.12679814708865958, -0.01913855140061725, 0.1359437300433793, 0.14159275666319412, 0.4820792948822053
54, 2, 0, 0.00020220425506477344, 0.8005268036659223, 0.1992311052661973, 3.988681281561056e-05, 0.2742070657354606, -0.2767274067392102, 0.3058055186419789, 0.4810290258342443, -0.11159879744997885, 0.10979397115924039, -0.12328358984964286, 0.09230509034355128, -0.26237966726312284, 0.27088169933426637, -0.008656206927424036, 0.2798687812513252, 0.027507637940096363, -0.034903975583459534, -0.046781072529222034, 0.01806119505206425, -0.14091007113405712, -0.35392316716418126, 0.4820792948822053
55, 2, 0, 0.00020251059692696113, 0.8005268554022631, 0.19923119360384664, 3.944039696328882e-05, 0.27009360394001897, -0.26906309452010163, 0.30154576151147666, 0.48098320668834765, -0.11121758721048466, 0.10950052074154537, -0.12477733160865452, 0.27403890957592064, -0.00039684583429528965, 0.23546470270138836, 0.1658442915154294, -0.11851995671550046, -0.12166504375666795, 0.14586527784133416, -0.00010414528224036434, -0.007897720467034682, 0.08237987390760904, -0.05067722758576847, 0.4820792948822053
56, 2, 0, 2.4682591620444724e-05, 0.8006067898602662, 0.19923244268005508, 0.00013608486805837347, 0.2648341484026615, -0.2645246584231655, 0.29670148187554785, 0.4819579034443845, -0.11076989841435876, 0.11092042411395737, -0.12514384426514558, 0.16720887811541546, -0.14258452788117565, 0.022344329848106748, -0.02414092993379187, -0.2026400962035404, -0.017972859104060962, 0.02920829008213336, 0.14427147965482448, -0.017296201055065605, 0.049272914639642805, 0.14139534855118316, 0.4820792948822053
57, 2, 0, 0.00012531818188990992, 0.8006337618272488, 0.19923827744079917, 2.6425500622069194e-06, 0.2585385641027419, -0.2571790484554823, 0.28926396097581325, 0.4830848973714212, -0.11194740578182123, 0.1118750525680946, -0.12603106590997495, 0.13994820710686423, -0.13393308449467228, 0.12906197617435106, 0.08921160129466549, 0.12738764834659877, 0.13106904949225298, 0.13888576696012986, -0.004258442064456991, 0.08385998495560743, 0.08256357336390402, -0.07197605133495846, 0.4820792948822053
58, 2, 0, 8.851687694311802e-06, 0.800732213488232, 0.19924285631478303, 1.607850929084318e-05, 0.2524558976925141, -0.25348900532109836, 0.2848931993601057, 0.4802295578686258, -0.11038453993921205, 0.10981843320025668, -0.12334210951339246, 0.11700078483369059, -0.256330663782888, -0.0046545145450806345, 0.034393550526413165, -0.03678519030793438, 0.036519604950833826, 0.13948289614310522, -0.02683757969317413, -0.005996633108610093, 0.11236334321319723, -0.05928462127613817, 0.4820792948822053
59, 2, 0, 5.51158035456412e-06, 0.8007332979800901, 0.19924287290308676, 1.8317536468501987e-05, 0.24732395526715853, -0.24707394839826669, 0.27717773339593454, 0.48125006409235527, -0.11078880734867506, 0.11163251874637285, -0.12222831541152901, 0.07856482822966752, -0.10838619566828682, 0.09781570233531527, -0.02846645406938006, -0.12195035735915083, -0.12694351568962883, -0.005707988470891158, 0.04605427902937818, 0.0020392725873689195, 0.007918707464608887, 0.26773048141633454, 0.4820792948822053
60, 2, 0, 9.387139400041977e-06, 0.8007334043015883, 0.19924287451581887, 1.4334043192826266e-05, 0.24173491635369526, -0.24175540324927725, 0.2718907193806592, 0.48148750485203295, -0.11290950471614111, 0.11208463818909771, -0.12331683956378141, -0.07133321766810916, 0.02018817803238917, 0.19444816891575167, 0.13321323930576842, -0.04429039377026946, -0.035583621625178745, -0.06455390831583839, -0.04575780638704301, 0.1138719422547682, -0.16519633242399268, 0.10861919218631214, 0.4820792948822053
61, 2, 0, 1.5831715454198289e-06, 0.8007354394800131, 0.199242910018513, 2.0067329928337634e-05, 0.23835274480414462, -0.23664082160404837, 0.2641026740090651, 0.4824946416219019, -0.11139407404254083, 0.10996755209218104, -0.12452501637284723, 0.13829677011391686, 0.054585160811361264, -0.022617285627701912, -0.16652972512176256, -0.1334249611080465, -0.09848549191049318, -0.03275925830400697, 0.06272204296989115, -0.018158775915250586, 0.13162839958726055, 0.004882563077199172, 0.4820792948822053
62, 2, 0, 1.305580848898937e-06, 0.8007361632694011, 0.19924293949835994, 1.9591651390102708e-05, 0.23186536170828292, -0.23081669131766253, 0.25953444493655364, 0.4816572070237882, -0.10870076064779706, 0.11012782662395464, -0.12304815919270569, 0.18110707800254686, -0.17134690199253694, 0.1336252035685836, 0.036346201997439744, -0.013562692909801157, 0.011651847714352629, 0.11170101117313962, 0.16644513609999723, 0.1283307572506917, 0.0034073849074942506, 0.00011785406701860857, 0.4820792948822053
63, 2, 0, 5.475436723815009e-06, 0.8007408596784445, 0.1992437339622279, 9.930922603697363e-06, 0.22616772217624498, -0.22489948818787778, 0.2511675738203416, 0.4812121265443068, -0.11012971294684896, 0.11244641811507586, -0.12424046080439569, 0.04048352290046753, -0.21792030319709865, 0.16558487254025672, -0.05586240379618004, -0.0834262170288268, -0.18100706133294128, 0.1489871270278173, -0.10965935380759884, 0.11178492991417614, 0.16983677199448113, -0.0257858989180056, 0.4820792948822053
64, 2, 0, 9.62045068118561e-06, 0.8007414746322761, 0.1992437373557178, 5.16756132497921e-06, 0.2210478898069681, -0.21993780081884462, 0.24850325684605523, 0.48061287817353004, -0.11120834761559847, 0.11087530931509068, -0.123625718422203, 0.10352433635952543, -0.2548878366708985, 0.12063872714536779, 0.01500573850977803, -0.013084463458738208, -0.08410579732256855, 0.030842371013177956, -0.048708241327424864, -0.11069830265251115, -0.14105181914632786, -0.2683413639799336, 0.4820792948822053
65, 2, 0, 2.6935538672885972e-06, 0.8007449677074079, 0.19924383867697984, 8.500061744893139e-06, 0.21454630590418572, -0.21513416036947963, 0.23929590277916213, 0.4825813924601651, -0.11009705887960106, 0.11023761103805836, -0.12614324171449623, 0.014554961116817422, 0.010951392940761173, 0.14791323713651025, 0.01382384017295497, -0.03511414840586326, 0.07417030429729887, -0.03717005802640912, 0.052401174453461465, 0.0261218748822382, -0.057006364971253644, -0.0964812233861326, 0.4820792948822053
66, 2, 0, 7.962978888419449e-07, 0.8007455042086531, 0.19924384976492115, 9.849728536934998e-06, 0.20887045828600623, -0.21020818160171428, 0.23355842876839034, 0.48128713028000447, -0.10974465122614344, 0.1089345939436975, -0.12369621335198015, 0.042103694029866724, -0.05401293155627952, 0.07850902869379443, 0.002123118201441962, 0.058606919005742164, -0.1115090488827644, 0.060348491394883366, 0.06912953677079282, -0.02291953184357222, 0.009312264368357347, 0.13715200723541293, 0.4820792948822053
67, 2, 0, 2.102565961148065e-06, 0.8007458875587816, 0.19924387058623, 8.13928902733774e-06, 0.2023676118375493, -0.20319472897692475, 0.22657862835650291, 0.48120147876322167, -0.11169487609717443, 0.11161512289083245, -0.12565078249359177, 0.08256345773690704, -0.08621693399829324, 0.2239964473792523, 0.13976754587607876, -0.07817338761646656, 0.19081344332332592, -0.0232174934923841, 0.011844223067965242, -0.05462420389810936, -0.045636102192180256, 0.03564896155441345, 0.4820792948822053
68, 2, 0, 2.5406369550869558e-06, 0.8007463105767936, 0.19924392020278497, 7.228583466365847e-06, 0.197101302938065, -0.1987449185611337, 0.22279037234328233, 0.48355973853993006, -0.11228920188060192, 0.11161370866773641, -0.12202642281571045, 0.021622270740088368, -0.1061030317581781, 0.221083979195704, -0.13711604583583697, -0.08006351414117191, -0.06189378242131045, -0.05839159048558875, 0.2733271874405193, 0.11650358842181958, 0.14625207561926307, -0.20401362989272717, 0.4820792948822053
69, 2, 0, 4.826059804116619e-07, 0.8007470248182497, 0.1992439903676411, 8.502208128758635e-06, 0.1922473551043898, -0.19259025685617281, 0.21467476493858362, 0.48266985171300847, -0.11146596835676399, 0.11095642554927124, -0.12262434556105117, -0.0647941710858179, -0.03405116608115431, 0.03541061107601458, 0.053626461306224595, 0.1558549612115008, -0.01282724536143055, -0.09147462521790548, 0.018052176299773747, -0.05228585544079113, 0.16164845531403627, -0.09008777782219035, 0.4820792948822053
70, 2, 0, 5.371747672743741e-09, 0.8007470599043105, 0.19924399066171858, 8.944062223170257e-06, 0.18579838666315518, -0.18539913815616188, 0.2075032252491149, 0.4819506119929434, -0.11180559941665655, 0.1097433730622404, -0.12504305986459419, 0.06951492658782973, -0.05761699933057862, -0.011270690160138397, -0.06581064532702537, -0.10692271940395275, -0.11567171138431212, -0.1388748853235254, 0.24746708694874014, -0.06831829535612952, 0.07481918776246615, 0.06889609318872623, 0.4820792948822053
71, 2, 0, 3.0643069525296645e-08, 0.8007470628855222, 0.19924399318358413, 8.913287823966606e-06, 0.17957560533143144, -0.18042171843610458, 0.20275984887008086, 0.48213663377218313, -0.1119831933781897, 0.11028626456011029, -0.12378607277130167, 0.13258920867109883, -0.04383600735340716, 0.2639801881736118, 0.10653316101213064, 0.13512561254313288, 0.10821291532758523, -0.05131711176491094, 0.33351469399233447, 0.04343574483521879, 0.17491738732848203, 0.04757891160173213, 0.4820792948822053
72, 2, 0, 3.123713596197006e-08, 0.8007470637815096, 0.19924399318514752, 8.911796206854283e-06, 0.17430600265074886, -0.17406190211583678, 0.1953436938080813, 0.4803983092499804, -0.11082067242865354, 0.11016275873579698, -0.12454279524322005, 0.13400194719921726, -0.17094964876445992, 0.15872714180233588, -0.15725240879164465, 0.03740339694535446, -0.021477700367278522, 0.049623169899205455, 0.06606907809997452, -0.21074691503088744, -0.08921212827774028, -0.032103081701077694, 0.4820792948822053
73, 2, 0, 6.349737886048994e-08, 0.800747031158293, 0.19924399529041187, 8.910053916256873e-06, 0.16998857136420925, -0.16913010153704222, 0.19086486838502809, 0.48174355580218153, -0.10968834960694948, 0.11099381969583524, -0.12345886450157269, 0.09808241354701935, 0.10667759469174184, 0.13811119935234642, 0.12235460214548347, -0.056396616538751866, -0.05851531943041901, 0.14051271005553312, -0.012451115272058244, -0.013602454352820209, 0.07543477202677537, -0.010649397515813275, 0.4820792948822053
74, 2, 0, 6.41403313846952e-08, 0.8007470326331583, 0.19924399529900502, 8.907927505316907e-06, 0.16336362811883104, -0.16296229094386266, 0.18504529257935154, 0.48091971319171745, -0.1116472053931062, 0.10882540648025774, -0.12438228067082328, -0.013495319750878098, -0.21656732554310745, 0.16932326894138475, -0.2387431440827709, 0.23103280351573513, -0.04896930824444272, 0.03489537848015471, 0.09271314207528994, -0.08619703009015985, 0.028019084735744437, 0.03035896156895247, 0.4820792948822053
75, 2, 0, 9.433583798147643e-08, 0.8007470074480926, 0.19924399656903063, 8.901647038840106e-06, 0.15894296723160378, -0.15785972389652672, 0.17759170017591722, 0.4826250574884143, -0.11116721622768133, 0.11123061580646969, -0.12272425249451457, 0.07393625439209657, 0.049464330532995905, 0.21873166979670122, 0.10135572814146568, 0.09142062282719252, -0.10243068517592879, 0.08188931655365327, -0.018712362165539807, 0.04553132590425576, 0.020022841014876024, -0.04799073408464105, 0.4820792948822053
76, 2, 0, 1.7480496310370805e-07, 0.8007471460993287, 0.19924399815317956, 8.680942528734581e-06, 0.1532653305073762, -0.1538135971389593, 0.1709897808919179, 0.4826236885785281, -0.10975841313221495, 0.11075811628838599, -0.12328515212182797, 0.005095915788047867, -0.16665758613391232, 0.139761529991174, -0.0853985796057693, -0.18469418506269636, 0.10953626184028772, 0.012172292914922927, -0.13743794223791866, 0.03934390086737312, 0.044217781228305414, 0.06314126539951968, 0.4820792948822053
77, 2, 0, 2.476521883905414e-07, 0.8007471492674036, 0.1992439988351362, 8.604245271640094e-06, 0.14842468172485607, -0.14636503057119601, 0.16545761414201182, 0.4816429714046725, -0.11163290435562409, 0.11095064518159606, -0.12386519814991978, -0.0818158980712431, -0.0013068632041079663, 0.17377842737617696, 0.04488372260455822, -0.09429603623862651, -0.1470287486692336, -0.09368619357803788, 0.05261906229173172, 0.006066223641639192, 0.06475671207731404, 0.14863751004314138, 0.4820792948822053
78, 2, 0, 2.811348703802218e-07, 0.800747520906376, 0.19924400339921794, 8.194559535662268e-06, 0.14246940368041036, -0.1444416228047084, 0.15962056039129227, 0.48099539308110273, -0.1107766336569247, 0.1112093310466669, -0.12242798549782621, 0.09112907251544484, -0.12074775314877773, 0.07177212755747545, -0.0585830722153464, -0.15303581956362353, 0.01019373513175131, 0.044362489799123314, 0.1967129722596569, -0.036129118949545125, 0.05955704857009673, -0.027752847372754887, 0.4820792948822053
79, 2, 0, 2.3220199754316225e-07, 0.8007474915858507, 0.1992440033811851, 8.272830966676365e-06, 0.13632099494671662, -0.13709491534649754, 0.15309349851791243, 0.4826758025432486, -0.11230872939421724, 0.11152192458195338, -0.12543051799978744, 0.07530119235359053, 0.06213324272835928, 0.047293591223139655, -0.03499940167943032, 0.1877755572285956, -0.022446569586731722, -0.15803366878468714, 0.09833502812810006, -0.09382081186259784, -0.12900714972872124, -0.009893904431869646, 0.4820792948822053
80, 2, 0, 2.3217964047191464e-07, 0.8007474916096923, 0.19924400337388767, 8.272836779505773e-06, 0.1325467044000414, -0.13181030743320965, 0.14585392517465864, 0.4815503144421977, -0.11184821494754757, 0.11332158268341877, -0.12453764580696632, -0.04614495124303212, -0.23042701951010258, 0.12659666481237172, -0.15075271030406925, -0.02791415146183508, -0.1999355570610295, -0.121988380145119, -0.09830066478425954, 0.1925910292446294, -0.11388194171291002, 0.07248670422393683, 0.4820792948822053
81, 2, 0, 8.989475047375505e-09, 0.8007475103203404, 0.19924400415277788, 8.476537406691711e-06, 0.125463463260083, -0.12503010609093027, 0.14223466538884819, 0.4814532235257135, -0.10954850179990878, 0.11203100953346398, -0.12515212397014253, 0.16239898246889062, -0.08784932350674564, -0.043184664556309794, 0.0712848539073331, 0.02362866948716761, -0.15019392753303257, 0.08079895047749897, 0.16886023054964555, 0.036892856314695, 0.15579016227525413, 0.08000338737864197, 0.4820792948822053
82, 2, 0, 3.4655028944522916e-08, 0.8007475129588889, 0.19924397836825367, 8.474017828489001e-06, 0.12123027443087739, -0.12061099607071728, 0.13452283914778745, 0.483787772954579, -0.11080647113991633, 0.11139922757383328, -0.12456935398911304, -0.12652623840937166, -0.12607025056919535, -0.016514238554402417, 0.07221609362413439, 0.13708129705684574, -0.14085853662515008, 0.11438462247190598, 0.18510005214295772, -0.07691153304642212, 0.035768514023666306, -0.06808030930283673, 0.4820792948822053
83, 2, 0, 1.4795736220262652e-08, 0.8007475159808313, 0.1992439783951656, 8.490828266897991e-06, 0.11416814641008691, -0.11468822001296533, 0.12847843284647953, 0.48182143367270147, -0.11020346808439747, 0.11141414827989135, -0.12336643088109951, 0.2095333276318299, 0.07014349506876513, 0.03716775852391013, -0.17590812120300664, 0.11032840871368157, -0.039784908000788675, 0.12221695322413642, 0.17768161323674914, -0.030841944966722, 0.022063598566633535, -0.06094185534843456, 0.4820792948822053
84, 2, 0, 1.3482808241831327e-08, 0.800747515528584, 0.19924397839922822, 8.49258937950962e-06, 0.10797958382738986, -0.10956866812775716, 0.121118451570517, 0.48228366580670634, -0.10867892578622204, 0.10962924997048126, -0.12456636435574849, 0.18973173398863688, -0.026607464420950088, 0.16701121273786076, 0.04726765525727877, 0.030466369347185857, 0.07049796454488931, -0.16004306677080513, -0.00467739941486176, 0.08767503648288326, -0.01632220552586188, 0.01375010011664366, 0.4820792948822053
85, 2, 0, 2.0772936925644746e-09, 0.800747523023625, 0.19924397699755894, 8.497901522279475e-06, 0.10308256439883223, -0.10508654886919588, 0.11597453654480701, 0.4832993235886927, -0.10852422887358304, 0.11117145663508163, -0.1238943841787479, 0.012217817672014247, -0.16520317588588976, -0.036955538207617, -0.13462230192612865, 0.008713839875104339, -0.10097956546460729, 0.00565228092668494, 0.1368389460344467, -0.10483588816104257, 0.06787920576179367, -0.0659893731546751, 0.4820792948822053
86, 2, 0, 5.066950923458669e-08, 0.8007474880095469, 0.1992439633576401, 8.497963303817612e-06, 0.0996894688788357, -0.09753664583306018, 0.1087916216135711, 0.48308273038202953, -0.11117824143869733, 0.1107185748075548, -0.12437455893872966, -0.05821887902810889, -0.20707630839328672, 0.1447504719548923, 0.16840146810131099, 0.0435277570865205, -0.007574278838217978, 0.05143913105865631, -0.02806681750689082, -0.022655034775559878, -0.1982270075648242, -0.019230908627973525, 0.4820792948822053
87, 2, 0, 5.0578277864664716e-08, 0.8007474881154393, 0.1992439633369819, 8.497969300873885e-06, 0.09281471634291155, -0.09273259627359375, 0.10412225103976525, 0.4823225370302593, -0.10985447787898188, 0.11075489456023306, -0.12253968924412102, -0.11919058988516215, -0.4107358265393645, -0.18822337331374697, -0.0773760709636647, -0.0020556658670928935, -0.03751284964473408, 0.021378401161540942, 0.16705182606596147, -0.05478600992750328, -0.0985466458369973, 0.14721883818192347, 0.4820792948822053
88, 2, 0, 8.08067636261626e-08, 0.8007472784047978, 0.19924396335059166, 8.67743784709224e-06, 0.08672669155971946, -0.08543617127055038, 0.09883999800426536, 0.4811205286998298, -0.11094713457241441, 0.1105274935871223, -0.12499459519771834, -0.13866992472540796, 0.016807681852722772, -0.05255003109831151, -0.14473514046278863, -0.0055315421521018975, -0.06736334938953033, 0.07799153715843482, -0.09278587824970597, -0.04827618751271108, -0.07681437655515169, 0.010245609714631827, 0.4820792948822053
89, 2, 0, 2.66752746952995e-07, 0.8007470714263307, 0.19924396762796975, 8.694192952396992e-06, 0.08058312118122869, -0.0824570573851224, 0.09104044581949121, 0.4814533578810196, -0.1108001133282164, 0.11032770210886869, -0.12413859878951265, -0.011773473608540402, 0.13440991587437215, 0.19979778987458238, 0.08529489116314894, -0.05540350888080113, -0.016782455998209735, 0.0012035534187480232, 0.14173718233642715, 0.012866439550448111, 0.04464881752981111, -0.028678821147729017, 0.4820792948822053
90, 2, 0, 3.211973391274428e-07, 0.8007470733347418, 0.19924391102470745, 8.694443211649105e-06, 0.07357573660850615, -0.07554442802298246, 0.0842268956317597, 0.48332466906825344, -0.11174924928666508, 0.11269925550537754, -0.12487613877350741, 0.07655739867290626, -0.13540749764276097, 0.18578557294448866, 0.21789783752140246, -0.023896014611467283, -0.03400295350777584, -0.03917974202614776, 0.1483971603551128, -0.06801661169682474, 0.11765139926987908, 0.012595602848110695, 0.4820792948822053
91, 2, 0, 1.742209438076385e-07, 0.8007470790502275, 0.19924390416150464, 8.842567324163707e-06, 0.06940092348644819, -0.06899129924693619, 0.08017240298565345, 0.4797949384204238, -0.11008332304645732, 0.11013623721846015, -0.12304898713664698, 0.11704898796931969, 0.06128170865716807, 0.06955471052330434, -0.07393690534836951, 0.1512661913864785, -0.005952712348056856, -0.18036449037312824, -0.11973584453551933, -0.055094282037119593, 0.19092936546901326, 0.1697419318040161, 0.4820792948822053
92, 2, 0, 1.9047143827060885e-07, 0.8007471182614653, 0.1992438460011972, 8.845265899150169e-06, 0.06479720153551444, -0.06588078586028996, 0.0732142922199696, 0.4821604299682713, -0.11085005585331101, 0.110678034141013, -0.1250659063733339, 0.06765062906813032, -0.16984919530691026, 0.11565342917336344, 0.07881592886602519, -0.03600109429677882, 0.24945297808363817, -0.07746283816415826, 0.15651773963662108, -0.11727124958144575, -0.042541953990813966, -0.0990305376417028, 0.4820792948822053
93, 2, 0, 1.9311169587143755e-07, 0.8007471154337464, 0.19924384599136727, 8.845463190451291e-06, 0.059429271165239536, -0.05833689215024146, 0.06668522536195032, 0.4811500261474716, -0.1101620832961198, 0.11082402801163171, -0.12339666297500854, 0.05358809232485042, 0.10066982349365587, 0.1440445935595201, 0.1603492201751528, -0.15690767456532603, -0.024415942941627054, 0.01945888569528335, 0.09126494512686947, 0.098741994756861, -0.23584567507845686, -0.05608429570100567, 0.4820792948822053
94, 2, 0, 3.5207622244425244e-07, 0.8007471287584146, 0.19924366658070217, 8.852584660829978e-06, 0.05189431472424342, -0.05220829151310238, 0.060307152721735924, 0.48080150332710236, -0.1111906834563666, 0.11153408021153663, -0.12562423498392788, 0.04326887475719774, -0.09039147000116285, 0.15326309894317378, 0.03888658533224467, 0.07927588080118425, 0.008296744499481153, 0.0671667646285061, 0.004174740772923335, 0.012678480505235738, -0.005224029136069971, 0.10377303522385335, 0.4820792948822053
95, 2, 0, 8.576879161897082e-09, 0.800747162129218, 0.199243666025302, 9.16326860075654e-06, 0.047970347648801606, -0.04867764758342305, 0.0524591711542294, 0.48230647129855264, -0.11128956938064283, 0.11119811127974569, -0.12466215778953955, 0.22862525872924921, 0.007627275029549305, -0.050791161374778585, -0.09073596312852039, 0.07442333395182404, 0.03027445066156666, 0.02850180973391388, 0.050553973793057184, -0.1281974597209812, 0.0009249197591576494, 0.05326469002240912, 0.4820792948822053
96, 2, 0, 4.2682771142469275e-09, 0.8007470902320288, 0.1992436563551591, 9.249144535079611e-06, 0.04389775238186709, -0.04221655029091203, 0.047500497551247946, 0.48171389755819033, -0.11075295236115816, 0.11196732747103295, -0.12375790252300492, 0.09757321941768902, 0.053629917413913174, -0.05939109464179304, -0.0031980409672089727, -0.13169815036572247, -0.0017473944886578917, -0.04285206023855119, 0.13952620318405265, -0.1816558368794555, 0.0914734092338092, 0.12283488170277068, 0.4820792948822053
97, 2, 0, 8.449574597713499e-07, 0.800747208723878, 0.19924267053835135, 9.275780310890134e-06, 0.036395622495294336, -0.03740916526271433, 0.03868720826737102, 0.4820338732873008, -0.10987680418867647, 0.11121186327969575, -0.1219610621241658, 0.05526700786504252, -0.12840878271011613, 0.11771494436718233, 0.11080693530631289, -0.027074400231024243, -0.13383907490720157, -0.10189814222645828, 0.04674152844112217, 0.0018166340873281776, 0.047513486130229474, -0.007590594187923239, 0.4820792948822053
98, 2, 0, 2.3649664456209096e-09, 0.8007472728707004, 0.19924266189874543, 1.0062865587805054e-05, 0.031236689381268962, -0.029952635320920074, 0.034201320852479095, 0.4808214606722029, -0.11189173979988394, 0.1105515113582447, -0.12280340841973694, 0.06799184020342695, 0.15712530696746874, -0.09862990948940478, -0.15534226222882733, -0.06627744027035651, -0.04729751678509369, -0.025542354366114052, -0.04026733702612355, -0.013031844486132125, 0.057349504798416204, -0.09843317353132387, 0.4820792948822053
99, 2, 0, 8.667147710420789e-08, 0.8007472565944752, 0.19924228376165493, 1.0372972392803212e-05, 0.027070833327337118, -0.02656656686912711, 0.027306342387073114, 0.48334915642722515, -0.11148916677982075, 0.1119877699130375, -0.12358348832423804, 0.1383136557128726, -0.03446733290933919, -0.06354325748233915, -0.0013357758938468407, -0.005487316948334695, -0.0009346992662233484, -0.0575509899182879, -0.05917714386676609, -0.08105731049712186, -0.09414246427040299, 0.1201090299844541, 0.4745020052844494
