t, Event, Policy, P(still), P(random), P(reach), P(transport), o(t), s_a 
0, 2, 0, 0.9604158401489258, 0.0292881578207016, 0.010296021588146687, 3.640353643530325e-12, 0.618449462911118, -0.6510257102237018, 0.7039607119674076, 0.5733138557634747, -0.06279992003863757, 0.08600239149861337, -0.06407468831912298, 0.4023903259535312, -0.28738835810703367, 0.37517428531059965, -0.020357703759101748, -0.06783028979007882, -0.03770583963588005, 0.19451893984574364, -0.015218988844429748, -0.19448430624298216, 0.18671848184594003, 0.024740649994789185, 0.5694010901451373
1, 2, 0, 0.9576969003504247, 0.03095593791635362, 0.01134716172462348, 8.598170457540756e-12, 0.5694288078666084, -0.569446008255082, 0.6360648070364452, 0.5698606140409775, -0.11104229076683272, 0.11215311644779705, -0.12364882724766693, 0.29879109276912563, -0.3564122602623245, 0.37310591135527527, 0.07480683115586602, -0.04878933597054308, -0.23116549643079876, 0.07324121723187135, 0.07411420021896209, 0.08557178616070997, -0.07741936898163271, -0.06356804083205297, 0.5694010901451373
2, 2, 0, 0.9523664695416163, 0.03433486394818528, 0.0132986664899543, 2.0244165782909615e-11, 0.5632605790667606, -0.5641995642296569, 0.6314315733607163, 0.5699019462490936, -0.10928958706880562, 0.10879248163799622, -0.12539711752448335, 0.3201383505801084, -0.22418737456090482, 0.46961573335859386, 0.0011585151781199955, -0.15431649983274479, 0.0013586986677544296, 0.08324968569782155, -0.12728976497356675, -0.010376271520827356, -0.08226122262461642, 0.0411164342610527, 0.5694010901451373
3, 2, 0, 0.9045398138324122, 0.06751195743187507, 0.02794820469434038, 2.4041372353394642e-08, 0.5560321475190795, -0.556503540272807, 0.6262856609393099, 0.5695826005939766, -0.10868470844741966, 0.11114825972473856, -0.12523195135858828, 0.27839047117856186, -0.2443599375237505, 0.222128820913783, -0.06623862724580659, -0.062116299986514315, 0.05660010691007539, 0.17207932509844565, 0.10680103079498467, -0.09947168111270446, 0.07396904523500883, -0.07024711206011539, 0.5694010901451373
4, 2, 0, 0.8996130267882867, 0.07222371112325243, 0.028163239021591593, 2.3066869362054928e-08, 0.5507383118714051, -0.5532559879160494, 0.6196444728015239, 0.5695288271405045, -0.10999878847234734, 0.11097687817948902, -0.12587651306127506, 0.45800675377112504, -0.11973782431289245, 0.23258584435067534, -0.03494817513210032, -0.08119690861667575, 0.15657392293938913, -0.035874845423533294, 0.17924101051996683, 0.03760847939204119, -0.15721122887376374, 0.003487870108058483, 0.5694010901451373
5, 2, 0, 0.8983572287587599, 0.07268919452530344, 0.02895357670516328, 1.0773297856775516e-11, 0.5476173053719865, -0.5464741195920475, 0.6127481835443772, 0.5696289574780534, -0.11012049739987066, 0.11167352237168679, -0.12515132354957698, 0.1684885126877545, -0.42434392177055236, 0.32374819352001705, 0.008427534619489729, 0.057010260850925976, -0.1459506191071595, 0.12205487810573468, 0.12632405762966023, 0.07307465950391759, 0.12239096182218487, 0.10107456714873989, 0.5694010901451373
6, 2, 0, 0.16699001234728827, 0.5258760042807216, 0.3071329475307332, 1.0358412570325868e-06, 0.5408457679329646, -0.5402308799427669, 0.6066229266124947, 0.5705863647130772, -0.11206420708466636, 0.11052312966548772, -0.12387961361163766, 0.23112919392743564, -0.23585850047450624, 0.2780724547115382, -0.028885964579657936, 0.04586291074782414, 0.09164979139473604, -0.016139712999597065, 0.05628328057078067, -0.04349061258202051, 0.09013375236709743, 0.05068890384978812, 0.5694010901451373
7, 2, 0, 0.16651070690583988, 0.5261731218598797, 0.30731617106242404, 1.718562541077639e-10, 0.5352562133987708, -0.53487192395215, 0.6010114251467518, 0.5701390363009863, -0.1120522392522749, 0.11178014974267354, -0.12522623916942247, 0.26198656110592466, -0.29759815627793457, 0.20174893093120683, -0.056891310613599956, -0.06350983635429536, -0.0223224933601923, 0.2073231270478709, 0.13425009658046952, 0.014925312543528682, 0.06494615369178967, -0.2534242888852728, 0.5694010901451373
8, 2, 0, 0.16635364506408049, 0.5263167269069275, 0.3073296280054931, 2.349891487578454e-11, 0.5329525891931641, -0.529934270665806, 0.5921734643650388, 0.5704226209858312, -0.1102073967818377, 0.11028808003875831, -0.1245482586694665, 0.33554678378945013, -0.3306550154361852, 0.32831950000769966, 0.13432818073401287, 0.052943221565369916, 0.15231599134782833, -0.05856367353531079, 0.1369670019105488, -0.16566608700700053, -0.16479743498464025, -0.08956472203883198, 0.5694010901451373
9, 2, 0, 0.16633209162563917, 0.5263327358524216, 0.30733517251960485, 2.33442365820676e-12, 0.5242530739309539, -0.5240445274054603, 0.5882181963133295, 0.5683898988364587, -0.110617563808915, 0.11102689427979577, -0.1248983113913015, 0.34154670858913017, -0.22406103543935507, 0.3613871038254552, -0.032316387643865435, 0.054620126253190494, -0.1522310643029291, 0.1556573307367006, 0.030771311625038274, -0.06368204412907882, -0.09043236961229285, -0.17567928989257545, 0.5694010901451373
10, 2, 0, 0.16514901345650237, 0.5274939376099408, 0.30735704842660494, 5.069517760406598e-10, 0.5177408154925004, -0.5186935429295771, 0.5835988928352336, 0.5696351755927089, -0.11099201067734017, 0.10862964069957823, -0.1231780283001737, 0.1317527255404059, -0.3097337306549852, 0.3292975600121325, -0.1463373471833798, -0.06797507344298455, 0.14870576044960185, 0.04381065094954946, 0.0684541637241316, 0.053250722419509657, -0.17780906572995728, -0.1398684076380961, 0.5694010901451373
11, 2, 0, 0.16508402831847577, 0.5275133060604362, 0.30740266561249846, 8.589644184093313e-12, 0.512459364629466, -0.5134352041767053, 0.5745554812378256, 0.5696142314082282, -0.11175704174284717, 0.10911454905518037, -0.12390615146214716, 0.3576325010555649, -0.33971640138290976, 0.3320470729913571, 0.025852162294807485, 0.10596580958589337, -0.1165865026953929, -0.0638575236014732, -0.10719343683019178, 0.10844362302057557, 0.14220100416808554, 0.033996621839921984, 0.5694010901451373
12, 2, 0, 0.136291386977673, 0.5522381557306674, 0.31147039626062845, 6.103103113437391e-08, 0.5079487528477282, -0.5096330622435243, 0.5696629120580167, 0.5697173955058371, -0.11029552830502476, 0.10932124031017024, -0.12568943701580995, 0.20063360299190602, -0.37745239530889324, 0.21463533153191502, 0.06156192070860635, -0.05528926801430513, -0.010247062357475734, -0.20488307332210542, -0.00797166810736879, 0.04336631321414571, 0.017159558676026664, -0.009335072622883177, 0.5694010901451373
13, 2, 0, 0.1361031020505313, 0.5523560842984415, 0.3115408136172572, 3.376998536033858e-11, 0.5007018281254967, -0.5021357200964036, 0.5647551967407658, 0.5686778525874986, -0.11023659973442863, 0.11205644064929769, -0.12464166296836596, 0.45471407254538543, -0.3113635215026032, 0.2778850251945077, 0.10085736942327408, -0.0528809873773491, 0.11789570965404159, 0.24171127442014728, 0.17223899125629985, 0.0723666236291817, -0.03577110656336131, 0.033856662052358405, 0.5694010901451373
14, 2, 0, 0.13604069701735688, 0.5524167757349342, 0.3115425270461478, 2.0156114314800714e-10, 0.4980746771480729, -0.4971201403222844, 0.5552383590024556, 0.569620501039448, -0.11230199857979772, 0.1107543771309546, -0.12379450730088318, 0.08152952266243278, -0.3504706384947528, 0.21296300123747525, -0.18214068618543597, 0.02740743217141543, -0.07155525458663972, 0.08958236047725474, 0.09439542709764621, 0.09211054420648095, -0.06379394733116636, -0.13221711172210493, 0.5694010901451373
15, 2, 0, 0.13601616083324786, 0.5524393791025469, 0.31154444806274834, 1.2001456920035467e-08, 0.48992857219061153, -0.49037477685025654, 0.550839828421262, 0.5694346299098481, -0.1116617546410373, 0.10758398816095785, -0.12398929807449051, 0.28428089036137594, -0.1060280908845697, 0.23181034217757818, -0.20729566208412092, 0.06727607399591044, -0.03827440942456268, 0.10972337537862167, 0.06710210489887655, 0.1977743591442158, 0.001684603147295232, -0.008101907368712682, 0.5694010901451373
16, 2, 0, 0.13597361469414032, 0.5524760434444144, 0.31155034185173225, 9.713098240655972e-12, 0.4849238382795706, -0.4848307603643384, 0.5436738657254842, 0.5701933831504896, -0.11096894081851323, 0.11080406049383625, -0.12473346383582276, 0.3307683759015798, -0.38058261370495056, 0.46874007283548985, 0.013341054881525122, 0.10379006192184562, 0.10501963517903845, 0.01249637068400029, 0.10111799434535866, 0.06567647663987602, -0.15345556145500278, -0.06535704080902287, 0.5694010901451373
17, 2, 0, 0.12429234476523661, 0.56286054521914, 0.31284602076808843, 1.0892475349868482e-06, 0.4800477345259785, -0.47960168569232475, 0.5374887129441517, 0.5697636585813376, -0.11063713209167489, 0.11023264673526871, -0.12599955847276562, 0.16405801598041808, -0.29571821631936146, 0.06374854644407853, -0.07596955022899551, 0.05349534778939756, -0.021520255915914964, 0.18151632275008078, 0.05312250423791, -0.07792156409510025, 0.10147938840005526, -0.12446345922796287, 0.5694010901451373
18, 2, 0, 0.12372952994336942, 0.5633157630136992, 0.31295427496212924, 4.320808021511441e-07, 0.47415138800882106, -0.47394567631021145, 0.5307913509205965, 0.5691373795408345, -0.11119892849271769, 0.11163935642556769, -0.1235359039548812, 0.15490059787687893, -0.1209790555625639, 0.24363053523942618, -0.12005383376910812, 0.0584939926228739, -0.09761983558548347, 0.06201072065062333, -0.04404880949361749, 0.18164897014418835, 0.065044953181449, -0.011573374595635452, 0.5694010901451373
19, 2, 0, 0.10122595308079038, 0.5746995857804099, 0.32407422825273724, 2.3288606246878808e-07, 0.47043256206902706, -0.46890088071500424, 0.5257105057601419, 0.5679251819435297, -0.11184677888391352, 0.10856380207585921, -0.12225520853912483, 0.1679986742108865, -0.2213216744022247, 0.3426270446814015, 0.054059145174214854, 0.02585511814567017, -0.14476047169602724, -0.012848664808401073, -0.05646010405276134, -0.09459551201170133, 0.0819485824970074, 0.10419328600770403, 0.5694010901451373
20, 2, 0, 0.10122599558111185, 0.5746996550507095, 0.32407434936810037, 7.838757813430738e-14, 0.4632762655122694, -0.4647706838264627, 0.5195551796602681, 0.5695211245489893, -0.11052672203975053, 0.11132645069858585, -0.1240361291424585, 0.26161821058169926, -0.11454256185990748, 0.5307887260743627, -0.09648627194698824, -4.2162776428530946e-05, -0.03478887037470349, 0.11825964357799643, 0.1923233585012039, 0.14176895441346699, 0.056866763022701314, 0.10986539568726632, 0.5694010901451373
21, 2, 0, 0.08399035228403644, 0.5853409320443894, 0.3306681798769356, 5.357946385604078e-07, 0.4585466546686575, -0.458380080999648, 0.5150152707952379, 0.569192348986889, -0.11130313503402171, 0.11106599625213232, -0.12178691910677912, 0.20699529454330476, -0.26834319520968913, 0.2332904356053648, 0.08600566086342029, -0.05082033960511225, -0.004824664096761856, 0.037881665006669785, 0.21998225617613035, 0.04399078601720373, 0.059792034503675706, -0.07176792529265448, 0.5694010901451373
22, 2, 0, 0.08060547972709524, 0.5870409489592769, 0.33235352795097045, 4.336265726900587e-08, 0.4533147694178063, -0.4511893121679444, 0.5066438806778166, 0.5693045702361645, -0.10956005372243123, 0.11002726633211853, -0.12323858274196345, 0.14749290798219175, -0.2107672668600587, 0.3645486559921494, 0.016417578119006054, -0.03158201929139797, 0.15181965994312485, -0.03319726396098387, -0.014458656320864894, 0.09054195922591012, 0.091777032876845, -0.007090058398673762, 0.5694010901451373
23, 2, 0, 0.07632460389687765, 0.5906446473109341, 0.33303045475505866, 2.9403712953893384e-07, 0.44646309204958695, -0.4478096429424564, 0.5008993850588073, 0.5700323548955922, -0.11216955684593508, 0.10945928613199687, -0.12580244043296837, 0.3129193373752659, -0.2617046985476663, 0.22716607499768132, 0.0014066802497967156, 0.022196098418482517, -0.08684823345328445, -0.02556328272556923, 0.017795549797211065, -0.05573842883589093, 0.024568606498565317, 0.01777596925896537, 0.5694010901451373
24, 2, 0, 0.07558435667200124, 0.5911474200715615, 0.33326822289244346, 3.639938127144486e-10, 0.44009031798608883, -0.43969256801401435, 0.49485231866724166, 0.5692784237751678, -0.1109331920841383, 0.11090082308756308, -0.12459231074285795, 0.16960047283414276, -0.34985217572830174, 0.384795233741397, -0.06716606523402982, 0.06234700899971174, 0.09911502442567409, -0.005004273721147635, -0.04529633321979691, 0.08328292983469218, 0.0478358408842926, -0.1565835027570687, 0.5694010901451373
25, 2, 0, 0.07514574569137943, 0.5915662059624648, 0.33328192566166703, 6.122684488730331e-06, 0.4336889575404344, -0.43449842254370463, 0.4878009710602805, 0.5700158144009178, -0.10973778754537059, 0.11345299134563877, -0.1240042983350786, 0.14999370057944822, -0.08383333648628814, 0.1475152048021115, -0.0220200379743705, 0.17699763956168044, -0.07810473241717045, -0.02048929989524038, -0.11423608701035023, -0.1848251850522842, -0.04116079286375451, 0.010023721608970467, 0.5694010901451373
26, 2, 0, 0.07495242287307699, 0.5917636175242056, 0.33328243275015806, 1.5268525594196567e-06, 0.4310602173903879, -0.43101190602475165, 0.4816495797365133, 0.5693483022811864, -0.1086951324089106, 0.11147097030798377, -0.12260204328806086, 0.2549517331020036, -0.26971702715160706, 0.2207866215324464, -0.18409834548047257, -0.1365801312977965, -0.061319920621843174, 0.12169587373817414, 0.1533550827203398, -0.09718031085915521, -0.20711356859182245, 0.06942279962054057, 0.5694010901451373
27, 2, 0, 0.06585374564763374, 0.5950177187393865, 0.3391253748411734, 3.1607718065210446e-06, 0.4234961903205002, -0.4241280255487623, 0.4767855477482762, 0.5694094386424233, -0.11136709203698462, 0.10959228529624421, -0.12537021471225324, 0.18048673332228732, -0.07612226041615204, 0.3408260212446653, 0.021806818134646206, -0.06643977907792314, 0.03866212630504547, -0.04153414687645905, -0.03473984578562524, -0.04368253532471002, 0.1580027442530331, 0.11491360131368045, 0.5694010901451373
28, 2, 0, 0.055727159712999845, 0.6047626544538421, 0.33928948714657564, 0.00022069868658227546, 0.4195560053964118, -0.42029801988685717, 0.4699506590413277, 0.5695269912578294, -0.11346110799846867, 0.1106146236093303, -0.12398499915350972, 0.17249925658035886, -0.030314446792826043, 0.15238062287825224, -0.07203386009020396, -0.09109802217500482, 0.061038128070884434, -0.027338962878188162, -0.04135859492152101, -0.16372004208168822, -0.07987939419490729, -0.09982570200983959, 0.5694010901451373
29, 2, 0, 0.05592761912261146, 0.6047704460334329, 0.3392900328928224, 1.190195113326392e-05, 0.41588891436548536, -0.4155826511077591, 0.46156889865282286, 0.5703105524552183, -0.1110936587230698, 0.1112963485454153, -0.12276577193340517, -0.019982911580610763, -0.27464685130837213, 0.36890923618012694, 0.08302836879263231, 0.04809877082730871, -0.04652644281236792, -0.13603035954731624, 0.09471867627105598, 0.02104736148359094, -0.11771647282087187, 0.1431550110835514, 0.5694010901451373
30, 2, 0, 0.04780150156139575, 0.6109076481460801, 0.3412699225560555, 2.092773646873283e-05, 0.40854676776721527, -0.40936347386825594, 0.45774214052522, 0.5717374500993089, -0.1098404406072359, 0.1121547853113269, -0.12650219546557845, 0.21188975193253995, -0.09916072542529317, 0.22163463916101483, 0.11699120403236207, -0.0588693831497475, 0.16379327101411614, -0.016556027260730806, -0.2895553608261573, 0.036941892911783326, -0.012192826316768265, -0.11955634697584136, 0.5694010901451373
31, 2, 0, 0.047819402590040055, 0.6109094470848349, 0.34127002879842483, 1.1215267003398843e-06, 0.4019365978323831, -0.4041744739510042, 0.45258362821887194, 0.5680066027827062, -0.11003664773644739, 0.11156910851646921, -0.12309665467534506, 0.29284391605075705, -0.18582783991412383, 0.2650134352181174, 0.008518950281200605, -0.05419488076605665, -0.019229714395293446, 0.020777634938523956, 0.009124921107204679, 0.30592060368055196, -0.0689117819860276, -0.09295636143827643, 0.5694010901451373
32, 2, 0, 0.04124717550811723, 0.6173071231652615, 0.3413357747058505, 0.00010992662077083681, 0.39554337016636665, -0.39800625460408684, 0.4440737177151922, 0.5692607656007823, -0.11090524171253384, 0.11175197540311695, -0.12457376101656073, 0.04949181996848242, -0.2795994602058867, -0.03158860586851762, -0.03977867427445639, 0.0352988580489448, -0.10755461219609494, -0.027750027938086418, 0.02825919312810693, 0.0925492673362652, 0.0006178909978164758, -0.04603551390242308, 0.5694010901451373
33, 2, 0, 0.04103198213512265, 0.6175953014360965, 0.34135556016405394, 1.715626472692403e-05, 0.390952287560553, -0.3905551153591348, 0.4388105861361197, 0.5688071032531204, -0.11227014070572436, 0.11232200721121743, -0.12517095378649978, 0.21225792981655292, -0.32309635456681896, 0.26616893323810714, 0.10508354885257165, -0.16469534608020092, -0.13614232421005312, -0.242469117467901, 0.09365798987341281, -0.08763680625648532, -0.03714661493245619, 0.08936763164050865, 0.5694010901451373
34, 2, 0, 0.021946880307178906, 0.6302745500219759, 0.3477659484494462, 1.2621221399022042e-05, 0.384913361019774, -0.38628464064031875, 0.43074163290904244, 0.5680653212681274, -0.11129976362596798, 0.10925421873325077, -0.12363389582918938, 0.19587874860997037, -0.218001942931842, 0.2329206640624669, 0.02623911725651972, -0.0828978754460319, 0.023567701955312055, -0.12976525177045467, 0.0010965023978566912, -0.043725260355541994, 0.11960342656999519, -0.210309024003377, 0.5694010901451373
35, 2, 0, 0.02189068311000633, 0.6303259861707384, 0.347783301812273, 2.8906982319306172e-08, 0.37982697125839676, -0.38050085049093413, 0.4255398762544863, 0.5693448436469173, -0.11073636549232553, 0.11125176241300357, -0.1244994440828093, 0.15903472134183133, -0.3467895107294271, 0.3158363448011043, -0.021144161961920673, 0.04790947202664385, -0.08652073958990492, 0.06132962415503844, 0.07259192988036914, 0.08879128284957896, 0.07073947232411339, 0.02023198656852809, 0.5694010901451373
36, 2, 0, 0.02171826167340938, 0.6304950679949174, 0.34778633503733486, 3.352943384920482e-07, 0.3742098430440669, -0.3754615455637729, 0.4201762839483204, 0.5691224250212834, -0.11046580298223921, 0.1098269897558849, -0.12406027290322572, 0.22971781295403781, -0.2584216787762418, 0.23509883250974567, 0.072779328390381, -0.14069757300815722, -0.1503169166955067, 0.13189187254683632, -0.03144396254134778, 0.060372782035648706, -0.19784158111401454, 0.04830162068673847, 0.5694010901451373
37, 2, 0, 0.02160481840867316, 0.6305784419339308, 0.3478135158307874, 3.22382660871798e-06, 0.37014670124678833, -0.3669278996681976, 0.41477450740345506, 0.5709560489222987, -0.11028122637716045, 0.11299281404654878, -0.12368504058246248, 0.01961815994590508, -0.167247557907915, 0.1443738268376718, -0.003940180309605415, 0.06491212518731586, 0.03154123154262367, -0.2873826743696269, 0.008851073698632769, 0.02208338205236582, 0.2107353070474606, -0.11156393827073882, 0.5694010901451373
38, 2, 0, 0.01981404195394315, 0.6316600498246164, 0.34852438239938377, 1.5258220567394215e-06, 0.3618398671730814, -0.363161086493076, 0.40840634070620113, 0.5685943457386797, -0.11124982488608337, 0.11005894388788162, -0.126187663498108, -0.03833222612634206, -0.1949217393151988, 0.3108364103484632, -0.055430803278144446, 0.053962942617109155, 0.06655843056147565, -0.061707924806466474, 0.13656382324714328, 0.026194263332265703, 0.1908786357409964, 0.11521375772666567, 0.5694010901451373
39, 2, 0, 0.019529590849246974, 0.6318944233525055, 0.3485466399345951, 2.934586365241561e-05, 0.3579815447702167, -0.3586550400171132, 0.4009680399788823, 0.5701213158716817, -0.1105994895132874, 0.10996224477166239, -0.1235689519094593, 0.1775307989873217, -0.10435360616012943, 0.08426658543013002, -0.09151423044406337, 0.34635909075720855, -0.17904807767802178, 0.018805190595302113, 0.08324549451587267, 0.051662127716302506, 0.07711786401503051, -0.12881387433733674, 0.5694010901451373
40, 2, 0, 0.0004540277986340383, 0.6491809085370046, 0.3499038625345568, 0.00046120112980459313, 0.35322321024200953, -0.35265630242207185, 0.3949891324941882, 0.5676814646000112, -0.11130009845244904, 0.11136846897062938, -0.12641892425747758, 0.0489382034328341, -0.13474400956934246, 0.17824406847062318, -0.08007342693866201, -0.0023096065194926135, -0.08405474268143481, -0.03540848910157363, 0.19558388538519922, 0.02738071533458449, 0.05885542579541446, -0.017420206895226987, 0.5694010901451373
41, 2, 0, 0.0007357817883691681, 0.6492144177291381, 0.34990446022244187, 0.00014534026005096483, 0.3465784367611633, -0.34678243051141117, 0.3894528186657841, 0.5695670766130152, -0.11031217545297611, 0.10986016194506946, -0.12426185952747112, 0.22496244475934296, -0.07143075406756101, 0.16313369524941917, 0.05551971025970659, -0.0995858545105411, -0.09223590298464142, -0.07280263644301344, 0.08716477558230337, 0.1420538524919728, -0.13776500763706556, -0.0045503384088373625, 0.5694010901451373
42, 2, 0, 0.0003352190012712031, 0.6497183263343028, 0.3499252204643847, 2.1234200041360352e-05, 0.34182143255041797, -0.3437033446035459, 0.3832693830097439, 0.5695934137161773, -0.11188895182558575, 0.11087780544728024, -0.12351403486405055, 0.1304899204601384, -0.2410697572195349, 0.07917858817003547, 0.039436251773677086, 0.022524549694491965, -0.15634712677800583, -0.09058617049519305, 0.11510859077992279, 0.008420800647574844, 0.028480610478387652, 0.0010841569138885308, 0.5694010901451373
43, 2, 0, 0.00016609895771463304, 0.6498645125152066, 0.3499566090521599, 1.2779474919006467e-05, 0.33690723423867536, -0.33722171701778325, 0.37666762296823103, 0.5694771030402701, -0.11218066865412082, 0.11258300034852493, -0.12504715359355845, 0.25560041557578583, -0.1794754017178608, 0.25807984607686707, 0.10765228748447793, -0.01889615671638429, -0.10827987557988757, -0.015442964288361885, 0.11560031244661668, -0.1290267889413788, 0.01580214346060742, 0.039776008039212926, 0.5694010901451373
44, 2, 0, 0.00014642796397423485, 0.6498885700896999, 0.3499641463762127, 8.555701132641249e-07, 0.32945092108926793, -0.3292086581021729, 0.36892748299532174, 0.5711496014966981, -0.11160489468582928, 0.11115273871013316, -0.12674911869969258, 0.21199334330034364, 0.013303988231017794, 0.2906752060059304, 0.052769146477352744, -0.007903463418561057, -0.03448613469680447, -0.00889914834297491, 0.21202610032400715, 0.00942662543582646, -0.004201613564306249, -0.02305536142313258, 0.5694010901451373
45, 2, 0, 0.00014530728782572266, 0.6498897378323351, 0.3499641800368408, 7.748429984654709e-07, 0.3247587287519827, -0.32415755941843866, 0.36345983564986806, 0.5697985438035376, -0.11085782553365023, 0.11139793495287083, -0.1234888347607112, 0.27259989198339685, -0.1621403022675676, 0.27247538484948297, -0.15340891669852413, -0.009984319750163114, 0.07622065050113305, -0.02735097453214058, 0.20369611868061246, 0.08515748856093978, -0.03195215217580571, 0.03806984862160924, 0.5694010901451373
46, 2, 0, 0.00010689734002624787, 0.6499251119696207, 0.34996772290527034, 2.677850827149565e-07, 0.3181051030520842, -0.319390205178282, 0.3589649057401506, 0.5703477303801631, -0.1118638965528245, 0.1106822628269136, -0.12189815559158193, 0.07802142249839847, -0.15755074355217644, 0.27780615327369157, -0.0344644585903048, -0.07113172514073876, 0.028602098447311198, 0.051758762108876435, 0.05731890382721648, 0.0065464283080841875, 0.024200947893672067, 0.09410846227885611, 0.5694010901451373
47, 2, 0, 1.5113831910439017e-05, 0.6499631823534702, 0.349968805893805, 5.28979208144194e-05, 0.31796263423184506, -0.3135021261930396, 0.3506517073049668, 0.567611305867773, -0.109134988133101, 0.10914862607371054, -0.12583997482057055, 0.0904183025916249, -0.1257366416209688, 0.010275713540658593, -0.05134223581620987, -0.07284985694024734, -0.11597336017794801, -0.006971814333778489, 0.00886814499291386, -0.15724724942697765, 0.12943439667224943, 0.060562207484905685, 0.5694010901451373
48, 2, 0, 1.484380901472439e-05, 0.6499684458327584, 0.3499689639135319, 4.774644469507449e-05, 0.30742077084445146, -0.30911237168408096, 0.3463159157656157, 0.569138575406267, -0.11067882144783918, 0.11141294826993091, -0.12407328779180737, 0.2678620240732658, -0.07979453977757076, 0.12571237377593336, 0.07647562936120328, 0.02184454070020276, -0.13804926945852747, -0.10780383674934599, 0.1261457800407205, 0.03226224124940476, -0.09280900933844181, -0.10031690436854095, 0.5694010901451373
49, 2, 0, 1.4273354464242909e-05, 0.6499686900040124, 0.34996896556778956, 4.807107373397596e-05, 0.3034955595829114, -0.30302089596099513, 0.33881932215890087, 0.5682899677199515, -0.1106949600254771, 0.11322131688107355, -0.124238906136573, 0.16500887749606913, -0.09662782275236922, 0.1393204085204207, 0.09347567794380043, 0.02125588688152631, -0.14885034215870313, 0.1073607135807215, -0.3017564591942974, 0.0820682910376564, -0.21812422480232518, 0.14584503344960661, 0.5694010901451373
50, 2, 0, 7.856981965773813e-06, 0.6499696169286842, 0.3499689707482668, 5.3555341083259724e-05, 0.298272802215142, -0.2963662306173099, 0.3339562375806369, 0.5694688671168013, -0.11055794011455897, 0.11011179601574632, -0.12306090534984544, -0.02359846230500253, 0.0027231226689745204, 0.04224453913991124, 0.05915037208529979, 0.02560020002196109, -0.01213559156611638, -0.011043300676619404, -0.016162190744553873, 0.19607664085025187, -0.12399600972128197, 0.12954747699266136, 0.5694010901451373
51, 2, 0, 8.828241675300419e-06, 0.6499706641704323, 0.3499689729070988, 5.153468079380224e-05, 0.29348569965541993, -0.29311018157363683, 0.3291287156447758, 0.5715736762464823, -0.11187082371601309, 0.11098144850339484, -0.1242870367873375, 0.1282304871924766, -0.28910432593159624, 0.1531911593373227, 0.018331900363959878, -0.05968883582194241, 0.09043458388042072, 0.06261619281127094, 0.06767083270946248, -0.05681160319198338, -0.21428072700564668, 0.060801055177119576, 0.5694010901451373
52, 2, 0, 4.860241658462536e-05, 0.6499800412796173, 0.34997053651302384, 8.197907742427412e-07, 0.2872522586308365, -0.28547214078637745, 0.3205243598259174, 0.5696023519160801, -0.11051319554670395, 0.10987180328516262, -0.12447205346653747, 0.01702871871027394, -0.09822542544621886, 0.2649718409696823, -0.03692980523544154, -0.011615843160879397, -0.036790604715115964, 0.1330208855110681, 0.09056720522956245, -0.012529308061953704, 0.0707049295468295, 0.151733162043112, 0.5694010901451373
53, 2, 0, 4.6987823147866935e-05, 0.6499823721110948, 0.34997058145976423, 5.860599314040446e-08, 0.28128745198584637, -0.2801297120501549, 0.31455479451445056, 0.5707691684545451, -0.1106920726769722, 0.11004546695021764, -0.12544481560380077, 0.16312035633795888, -0.313383244695329, 0.12376301519607083, -0.1536057632503915, 0.008466993669266495, 0.07371816887154221, 0.047422913729161374, -0.11645907792732332, 0.13575579401413304, 0.06258936029977644, -0.046674272951771144, 0.5694010901451373
54, 2, 0, 4.6622735763477354e-05, 0.6499826912710255, 0.34997063743106144, 4.856214961088458e-08, 0.27585884581358583, -0.27476014421309014, 0.3089480669153228, 0.5679873532640327, -0.11107245446381546, 0.11130024100711448, -0.12410532060655086, 0.06185371009666466, -0.24989319027314955, 0.3028862071561738, 0.1173281311118461, 0.11354738645848225, -0.11692493247097331, -0.0532499332844355, 0.02810109328381033, 0.03545451857388865, -0.0014288688058380896, 0.08938833173558945, 0.5694010901451373
55, 2, 0, 2.9540686441858205e-05, 0.6499858611314044, 0.3499712902608179, 1.330792133577357e-05, 0.2697111866273274, -0.26942395752348497, 0.3018890606571421, 0.5699405634734318, -0.11131265310228325, 0.10988044493673836, -0.12305573014610653, -0.05123672566495681, -0.08819955601846681, -0.009813539818357064, 0.17737094558845187, 0.014774467315800479, -0.05891810328236008, 0.11748883887583228, -0.019647432958686446, 0.08664387321754032, 0.14842907409919823, 0.15789272866183152, 0.5694010901451373
56, 2, 0, 2.9851831358937122e-05, 0.6499875882780604, 0.34997129183486925, 1.1268055711397041e-05, 0.26384133396876097, -0.26347859370833726, 0.2968446300175135, 0.5682966348615468, -0.11059887309516281, 0.1107008676689231, -0.12610336299334893, 0.09700399295537783, -0.25938780105625625, -0.03463416257003289, -0.3005694513540008, -0.1849780229323911, 0.06280028865932633, 0.05956631403472799, 0.05439203614062582, 0.18129039879940048, 0.0025740442525141616, -0.011480810261358082, 0.5694010901451373
57, 2, 0, 2.911891559703844e-05, 0.6499886996642062, 0.34997140153029815, 1.077988989858892e-05, 0.26052574433224707, -0.2586813552082057, 0.2892697828606582, 0.5689610602773552, -0.11166628127469472, 0.10931603050197972, -0.12319753258269672, 0.21038491265110482, -0.09066346029123452, 0.26552458540852086, -0.04512140821884841, -0.10964880921357126, -0.007928510313603695, -0.08972397214089436, 0.012006898027433946, 0.11307334904033559, 0.042327505131256805, -0.06701524161601888, 0.5694010901451373
58, 2, 0, 5.931216352575972e-06, 0.6499916577910466, 0.34997141376561386, 3.0997226986963515e-05, 0.2519653872151124, -0.2532254848717731, 0.2846633398514945, 0.57011792312294, -0.11077827527380371, 0.1107321212602751, -0.12246621943547142, 0.012424863446392088, -0.08041727108678169, -0.005466111930187312, -0.02041145851577613, -0.11056686134721534, 0.012907094903219835, -0.07080803309101491, 0.030367401813681888, 0.1434662705767095, -0.03306847442475141, 0.06005454900577038, 0.5694010901451373
59, 2, 0, 1.806129783660379e-05, 0.6499952987727559, 0.3499716452925047, 1.4994636902827562e-05, 0.24828049266529462, -0.24828917879759413, 0.2770210011759801, 0.5698029422322827, -0.111397811233146, 0.11065765120130262, -0.12568861836884787, 0.07762791942915867, 0.006838595240537026, 0.1179528400579655, 0.04155965639482839, -0.03875148685725306, -0.06229441119298899, 0.07013845732549621, 0.039745255698865146, 0.09644677845321967, -0.0024940956952170233, -0.11084850314124943, 0.5694010901451373
60, 2, 0, 1.1593112544215372e-05, 0.6500003478399562, 0.34997171696275936, 1.634208474030154e-05, 0.244438157515141, -0.24242867664118103, 0.2692626913342393, 0.5709287920385898, -0.11155947524161336, 0.11116686643599782, -0.12393773731056705, 0.17491187633859945, -0.20723540501651677, 0.12955674591914418, 0.056073285609714266, -0.13831460298969062, 0.007422872689695127, -0.06265722701128866, 0.0802020073210277, 0.13770018907295348, -0.05792712191350816, -0.034302337617832024, 0.5694010901451373
61, 2, 0, 1.1548419742375733e-05, 0.6500107597499702, 0.34997193415099825, 5.757679289229166e-06, 0.2383041333884411, -0.23641054457904348, 0.2642702179290247, 0.56919460006451, -0.11221808927408734, 0.11119550935401565, -0.12334966657408472, 0.08191229619397913, -0.1288751054081004, 0.14896684514453865, -0.08785222398002908, 0.0492069344763072, 0.05077115014118037, -0.034767594942507474, -0.06491680525122698, -0.02532951464374354, 0.014602522432498499, -0.11164134880657213, 0.5694010901451373
62, 2, 0, 9.142750441964128e-06, 0.6500121662347264, 0.3499719492504799, 6.74176435180289e-06, 0.22991312278422016, -0.2297652379360938, 0.2586755155294196, 0.5704850205130334, -0.1105321549160951, 0.11083420350900379, -0.12565389003281552, 0.0010205442828631118, -0.01543678584509125, 0.12414560115103664, -0.14313793836644936, -0.05216504949459065, -0.06334589233681283, -0.0778654583512402, 0.03079017791187442, 0.03408136368469798, -0.016377148975801274, -0.12088722462149115, 0.5694010901451373
63, 2, 0, 9.071020780887905e-07, 0.6500183940042388, 0.3499722037428603, 8.495150822779139e-06, 0.22367683139351793, -0.22569239761294319, 0.2525247913894197, 0.5701956019889894, -0.11094169414558253, 0.112143754009116, -0.12407734954411916, 0.14461874506128816, -0.1268031320627197, 0.1242288346131444, 0.00505147536532826, -0.21197901206134828, -0.08361136682827558, 0.023820340756373536, -0.05478814427262464, -0.1355404634081127, 0.06258255106495234, -0.09654156740686734, 0.5694010901451373
64, 2, 0, 8.633733152537279e-07, 0.6500189017833171, 0.34997220860974404, 8.026233623567917e-06, 0.2193066284279635, -0.21973086489205734, 0.24809478881724592, 0.5700383813230865, -0.11035596295923548, 0.1126228309215698, -0.12453869324649851, 0.10729944078100948, -0.1355006434524601, -0.025025328317531903, 0.02472068071641668, -0.06966998681290823, 0.07266444509300946, 0.014971041659150886, 0.016423309432196474, -0.03595288535747162, 0.028344519021173832, 0.02178371777410929, 0.5694010901451373
65, 2, 0, 9.985633365145546e-07, 0.6500189358641254, 0.3499722110367513, 7.854535786892886e-06, 0.21417899247853134, -0.21474323340127205, 0.24048108501858229, 0.5697577615441214, -0.11060435096445409, 0.11259869115727399, -0.12456866318388722, 0.03961664578363244, -0.14270115568931482, 0.11652187138473624, 0.16366295379273355, 0.10696238131101576, -0.05912265003092406, 0.0849771572624358, 0.07922684258419278, 0.14862609478674543, -0.03488391055132033, -0.17344621665851423, 0.5694010901451373
66, 2, 0, 5.120382518282345e-07, 0.6500191975657345, 0.34997226688092786, 8.023515086010293e-06, 0.20853670462528626, -0.2092805867070421, 0.23295067184556945, 0.5695798174739763, -0.11088361585781666, 0.11107025108337783, -0.12261387264081065, 0.12445781755680192, -0.007672799629355531, 0.21895556325590224, 0.07695653801634293, 0.028919127868124617, 0.02526402026781351, 0.023208374695960654, -0.03105658577337636, -0.034699082451491225, 0.0750072375058905, 0.12154981145445062, 0.5694010901451373
67, 2, 0, 2.0796313966303354e-07, 0.6500192143696446, 0.3499722680752357, 8.30959197998518e-06, 0.20325223650354998, -0.20352671873453404, 0.22736679008449814, 0.571027268556356, -0.10932833203329646, 0.11194521657527778, -0.12548495964456233, 0.11937662713588366, -0.033505958518767066, 0.025401993997369678, 0.12916737513715432, -0.014222358454582048, 0.06756442083421353, 0.07835077031826662, -0.042744255911205634, 0.2170558830213672, 0.09140122587869695, 0.04797462929923431, 0.5694010901451373
68, 2, 0, 1.8538400406791082e-07, 0.6500193122130281, 0.3499722723175548, 8.230085412986946e-06, 0.19670934225751172, -0.19733172940092175, 0.221932845935522, 0.5691237183867307, -0.11022820762872729, 0.11120425760161139, -0.12411958487585543, -0.015466835438508098, -0.0005096980801281847, 0.12360472233282145, -0.0455023469968015, -0.015157070384876061, 0.07681093520062697, -0.03264225321288909, 0.06913918533967585, -0.09569543814558898, 0.12058605844006379, 0.1449236536142365, 0.5694010901451373
69, 2, 0, 4.863475456236283e-07, 0.6500194877714464, 0.34997227280300514, 7.753078003002481e-06, 0.19057048679046157, -0.19097636978477595, 0.2156970262877304, 0.5690401997210897, -0.11118536597689894, 0.11274834348447398, -0.12516434965551798, -0.06173458691362046, -0.023302230346243825, 0.07058722618500061, -0.11458139021369232, -0.1501897022533188, 0.06695866068596597, 0.08444463359702395, 0.07696942218961492, 0.13177586639737732, -0.09154646610955522, -0.08870647457746313, 0.5694010901451373
70, 2, 0, 2.5473589615251517e-07, 0.6500195042502763, 0.34997227582353957, 7.965190288089606e-06, 0.18551758811458918, -0.18492171004824895, 0.2081160466290323, 0.569506981209091, -0.11153183440200673, 0.11073291646254253, -0.12515785704441548, 0.1529049533111066, 0.005666494730120153, 0.0653202953695209, 0.20015583928204453, 0.07748846565918814, 0.11255556701001482, 0.011574386833056066, -0.017655068381217137, 0.1314760346152935, 0.0831870975244192, 0.013865027665215543, 0.5694010901451373
71, 2, 0, 5.029642707449374e-08, 0.6500195329482562, 0.34997227723409025, 8.139521226591276e-06, 0.1801069101308821, -0.18044095805244773, 0.201431614571637, 0.5685427773610567, -0.11139681484071566, 0.1103664206389583, -0.12381397585838985, 0.28043619573239253, 0.007254839076041397, 0.07535862422445802, 0.12821951521733738, -0.0685484506631852, -0.015241284983494838, -0.08674395979006293, -0.14732459647848095, 0.0817964208184058, 0.011234628562516455, -0.00407298660704589, 0.5694010901451373
72, 2, 0, 5.039951941121966e-08, 0.6500195331000937, 0.34997227723583296, 8.139264553841812e-06, 0.17671005353315808, -0.17590973254376305, 0.198208301799142, 0.5700781926008228, -0.11165985548423525, 0.1104697137077331, -0.12498115322699284, 0.14757640584679238, -0.19996496851787748, 0.22267693731138224, -0.17749477361517244, -0.0694564451744055, 0.030704444625968684, 0.11738749448209482, 0.06275497170642745, 0.17867141495694452, 0.005127406465800587, 0.025843916384101977, 0.5694010901451373
73, 2, 0, 6.196062195399383e-08, 0.6500195335263906, 0.34997227760146915, 8.126911518353984e-06, 0.16930264319036434, -0.16975927267626373, 0.19122255771040708, 0.5694093498177037, -0.11030052010129181, 0.10978402403615635, -0.12432135302448515, 0.14039200489902343, 0.0541313918115255, 0.1701486883477294, 0.09226247969793826, -0.08483987749381303, 0.061416428731589465, 0.07707050786848375, -0.02745367740664379, 0.07483227458971015, -0.0677593320504514, -0.039447449784158685, 0.5694010901451373
74, 2, 0, 6.800063489701355e-08, 0.6500195376217215, 0.34997227780896395, 8.116568679667626e-06, 0.16520652013304898, -0.1627765781916261, 0.18534552475669838, 0.5685356752543314, -0.11092622511558523, 0.11223675634862913, -0.12431674170079302, 0.08935419304347707, -0.15770327895395309, 0.2321132324896364, -0.049724616427272786, 0.008282139710143705, 0.044429999590502506, 0.035600138339298135, -0.09602875278981224, 0.13062735164328546, 0.05748929797957427, -0.024518222290567875, 0.5694010901451373
75, 2, 0, 6.803089956284798e-08, 0.6500195376767007, 0.34997227780888424, 8.116483515567499e-06, 0.1592766181379897, -0.15705339358990625, 0.17784360796613846, 0.5698539951321205, -0.11044263383306854, 0.11231811838183314, -0.12581274314174293, 0.04747179396262724, -0.1913673638360058, 0.17705345146383303, -0.03928107487330775, 0.09350781284090184, -0.13595119871141714, 0.029104728998590595, -0.01942387657264854, -0.05422162877540868, -0.27349194523534837, -0.07520866464167066, 0.5694010901451373
76, 2, 0, 4.84839690442637e-08, 0.6500195375009931, 0.34997227781071044, 8.136204327420855e-06, 0.15351359361650124, -0.15294325644738108, 0.17183751850827844, 0.5684815770640512, -0.11053586759591325, 0.11260355442054466, -0.12280413503954343, 0.1855795861983804, 0.07301344974629762, -0.0007247480060062261, 0.1398487176462885, 0.10847739808586505, -0.08493669287969673, -0.13361616835771029, 0.058593190284703854, 0.14561738459469814, -0.13896432881859747, -0.14450077044275383, 0.5694010901451373
77, 2, 0, 4.225699150851288e-08, 0.6500195400049016, 0.3499722781253031, 8.13961280376007e-06, 0.1461586003602995, -0.14609555270671173, 0.16488372353213945, 0.56674811215514, -0.11182378478918778, 0.1104134085533975, -0.12342150985558367, 0.15167670263145883, 0.07195592449213185, 0.2323094321157367, -0.0100202311603462, 0.09058747530203405, -0.06419496567439428, -0.08923729461494938, 0.1499391273817508, 0.1660898889217452, 0.06845456225432539, -0.11739722386837255, 0.5694010901451373
78, 2, 0, 4.2135688314392254e-08, 0.6500195401409372, 0.34997227801955155, 8.139703823003384e-06, 0.14367580732765767, -0.14415997135309908, 0.16038944434187774, 0.5713877489153731, -0.1112708397883797, 0.11002167258721676, -0.12210285685811459, -0.06032993202184811, -0.1744569016938824, -0.061175007393773614, 0.049667669072686105, -0.021513538810621877, -0.13257341982790954, 0.20746550901494612, -0.04361908418652623, 0.1999535566056932, 0.06803536360019247, 0.004804144009380742, 0.5694010901451373
79, 2, 0, 4.149239032309804e-08, 0.6500195404547519, 0.34997227801024733, 8.140042610534113e-06, 0.13608776205040915, -0.13701317611562666, 0.15290271016189302, 0.569826044704842, -0.11039088855934145, 0.11133148365970824, -0.12536509710171104, 0.10005301152888171, -0.2162145940666662, 0.11026947155996, 0.17368130968327322, -0.017071374263164678, -0.10562494011700045, -0.15505663105544207, 0.10163868192467436, 0.09071368687476558, -0.12302836685295533, 0.06631825872667593, 0.5694010901451373
80, 2, 0, 4.060932555511305e-08, 0.6500195496274048, 0.3499722782055386, 8.131557730992938e-06, 0.1308092725810831, -0.13089311346703544, 0.14760907421692343, 0.5690665012679188, -0.10908609006234513, 0.10919517787812247, -0.12442937736362177, -0.08840966309761557, 0.009046523546759777, 0.1204073038117838, -0.09502985235992191, 0.04781551065142352, 0.03378237062069577, -0.05414325200796564, -0.10094744185863216, -0.11311463101320247, 0.009503011802989047, -0.03797014451023199, 0.5694010901451373
81, 2, 0, 4.027088352493152e-08, 0.6500195496722909, 0.3499722782056569, 8.131851168822533e-06, 0.12494844550903325, -0.12581014620756942, 0.1402696622777895, 0.5722609014223022, -0.11064597412575032, 0.11194055749424987, -0.1238643460606695, 0.21722195711338718, -0.124769303761005, 0.0629605867860405, -0.12278243252094159, 0.06068925952199479, -0.03867721155903406, -0.20546972843375352, 0.07772571576873315, 0.1756762530192042, 0.07778806620994191, 0.007220793729469958, 0.5694010901451373
82, 2, 0, 2.2242799105434213e-08, 0.6500195741813652, 0.3499722782997659, 8.125276069536603e-06, 0.12075930131299653, -0.11977464062299362, 0.1361048807355378, 0.5687206419945487, -0.11141136642124727, 0.11091961135185431, -0.125108145031511, 0.033592271424546204, -0.2872147311579417, 0.06235974426709208, 0.04940295099356022, -0.12426868842413508, 0.1518451157937461, 0.046634328478046445, -0.0180871882085377, 0.007689683694309878, -0.035705408624958496, 0.036296880571538216, 0.5694010901451373
83, 2, 0, 1.5428320803961597e-08, 0.6500195776372456, 0.34997227830485717, 8.12862957649154e-06, 0.1156411718916078, -0.11516743144229324, 0.12772733175914117, 0.570205176887087, -0.10982326409496171, 0.11163126591882369, -0.12407198184161747, 0.11080111973938452, -0.09161316088450858, 0.10116979224277978, -0.10384907955213984, -0.05627010641118909, 0.057807188852617854, 0.02683402317954836, 0.03424770961174321, -0.06055360571703354, -0.1185450223905268, -0.04305762437534893, 0.5694010901451373
84, 2, 0, 1.1012285576285188e-08, 0.65001957921089, 0.3499722783103987, 8.131466425796817e-06, 0.1083136440431344, -0.10987386209575553, 0.12161511078446571, 0.5690645441659936, -0.11314352733281759, 0.11268675342313406, -0.12435275242752988, -0.007934745366814122, -0.059975028553293265, -0.00464441636811872, -0.08188306605940508, 0.024078365802006382, -0.10578895465879175, -0.14582044589228613, 0.0004279510777517148, 0.03641481691847901, 0.03122063585768755, -0.23660072086213982, 0.5694010901451373
85, 2, 0, 8.760809209295552e-09, 0.6500195797778695, 0.34997227832652483, 8.133134796465117e-06, 0.10232001924647856, -0.1018180500503851, 0.11515280339733969, 0.5704985246013288, -0.11070539253709746, 0.11021085753954021, -0.12268918798629422, 0.041362405376610324, -0.10981309422155439, 0.08339203034283589, -0.020754665382031884, 0.006083505943599481, 0.06572332118186049, 0.17707658017963976, -0.03207638085171517, 0.1344741133889827, 0.11215562251794486, 0.13364121104267776, 0.5694010901451373
86, 2, 0, 4.469322558747722e-09, 0.6500195808801683, 0.3499722784225132, 8.136227995879361e-06, 0.09730295444525136, -0.09974047988542241, 0.10898132991641049, 0.5691534500120385, -0.11201643505558864, 0.11047531932940702, -0.1252801583900161, 0.20777068976681262, -0.07786615719152397, 0.06662840967073609, 0.21136268299458294, 0.0045861268560269145, -0.12042781328673491, -0.01866327087187682, 0.19525930501202746, -0.05726449414102813, 0.06543893956531804, 0.06255137067320557, 0.5694010901451373
87, 2, 0, 3.774378312778614e-08, 0.6500195478942155, 0.34997227796382235, 8.136398179119755e-06, 0.09344997818197906, -0.0934037837413388, 0.10381439272854218, 0.5700953182985469, -0.10926833528421645, 0.11008085382033475, -0.12419551175094193, -0.024443661188618532, 0.0661526986989422, 0.13650174635577333, 0.21942056324163625, 0.1994112663527295, -0.057755047009709605, 0.18069239771716863, -0.03554980428404842, -0.013426389111591611, 0.0235642272182597, 0.08931841447732079, 0.5694010901451373
88, 2, 0, 3.271620238033915e-08, 0.6500195588015507, 0.349972233436298, 8.175045948827541e-06, 0.08816518741011153, -0.08561000319814292, 0.09689537233772424, 0.5681771095560545, -0.10981578321572816, 0.11020369083015169, -0.12321200968332865, 0.043353901174863915, -0.05142919772435191, 0.048901029766157254, 0.04627471988791755, 0.1328034611011015, -0.020781723372567566, -0.14652227283872238, 0.1809546609811575, 0.07396035358163514, -0.007369763394054053, -0.04952004017733015, 0.5694010901451373
89, 2, 0, 2.1611044855057067e-08, 0.6500195600571459, 0.34997223322644416, 8.185105365092972e-06, 0.08233359246778116, -0.08162994983466006, 0.09238324490549167, 0.5683853235517046, -0.11156893100838414, 0.110261815795648, -0.12399928425495672, 0.09448973587284773, -0.12713094167683603, -0.0035904057794079237, -0.1579117643068863, -0.04415870765269853, -0.13747734436962503, -0.04214982985943648, 0.2759660750017576, 0.1532981956356139, 0.07037365841327313, 0.07452923824535838, 0.5694010901451373
90, 2, 0, 7.987211372969512e-08, 0.6500194958376289, 0.34997219102807053, 8.23326218689874e-06, 0.0739657744065889, -0.0775492060394639, 0.08635432209863124, 0.5692185346678363, -0.1118883884092724, 0.11105967720154615, -0.12357842230220903, -0.02701069103840791, -0.06399846067768562, 0.006780061626089439, 0.05803431080005049, -0.03397256362046559, -0.02191758358735723, 0.07431216852343389, -0.007707248320951166, 0.014353393786225646, -0.030425438204398074, 0.1028234254806953, 0.5694010901451373
91, 2, 0, 7.881297182922824e-08, 0.6500194968402063, 0.3499721911118253, 8.233234996583593e-06, 0.06833890924921417, -0.06928270743218948, 0.0774542083932281, 0.5679301494495398, -0.11061028390951963, 0.11053217422838568, -0.12735835807614876, 0.17956194384359558, -0.19144187472014101, 0.17609286165954796, 0.1709512568079224, 0.04475804772628217, -0.1249352773676212, 0.15400190895447294, -0.05260327460762828, -0.07662890631049275, 0.021775110780242763, -0.061654104546894364, 0.5694010901451373
92, 2, 0, 2.0919150973731998e-05, 0.6499981957566087, 0.3499721738127037, 8.711279713992443e-06, 0.06458280497146382, -0.0649387569108732, 0.07457326836857399, 0.570199168180185, -0.11072609320856022, 0.1116518900245868, -0.1223925959110687, -0.24920376113854462, 0.024064202405264502, 0.022413318687655108, 0.07448335561993295, 0.013459672671721134, 0.0017583390135610887, 0.029950524733190393, 0.019175592117319337, -0.04992912579042159, -0.0698940276162896, 0.0684646223208164, 0.5694010901451373
93, 2, 0, 7.4150840834668536e-06, 0.6499993575468068, 0.34997218137013164, 2.1045998978144096e-05, 0.06127288203302318, -0.05808151939879602, 0.06745558304660872, 0.5688055133935308, -0.11200868791125859, 0.1114282307613799, -0.12443403245654591, -0.00239814925694109, 0.08294510757643715, -0.04237133878502452, 0.22916362015050495, -0.19089160024819726, 0.09227490371168243, -0.010763238397933732, 0.14531681105172237, 0.02534051873633204, -0.07611597174988041, -0.018311222387911493, 0.5694010901451373
94, 2, 0, 6.433667493395117e-06, 0.6500002632019573, 0.34997200723499644, 2.1295895552993517e-05, 0.05384864270333943, -0.054939972735523555, 0.060963641955432205, 0.5709997604666496, -0.10965213021959833, 0.1114659491097941, -0.1250282610092175, -0.05496372548434951, -0.13689315411413033, 0.05186151832461261, -0.04519499701416616, 0.04318504866100536, 0.2056620737154938, -0.0027589366264481616, 0.005299703766501495, -0.0006812884301761744, -0.11482402588408099, -0.03350221010968556, 0.5694010901451373
95, 2, 0, 2.505666768826518e-06, 0.6500014039750057, 0.34997200825598146, 2.4082102243993143e-05, 0.049208053876411535, -0.048122953341540646, 0.053765323481741664, 0.5697608818865653, -0.11130730118700687, 0.11094399051154909, -0.12336461033909674, 0.21564383626267122, -0.0319058219857384, -0.030618635471275725, -0.02667177973463002, -0.10510316698256192, 0.23265274571692215, -0.021195091177164067, -0.04809024359318312, -0.05869937359433873, -0.10042833636783392, -0.18368121378302543, 0.5694010901451373
96, 2, 0, 2.497790840691236e-06, 0.6500014114321785, 0.3499720089460877, 2.408183089309695e-05, 0.042834454746407374, -0.0413984458027025, 0.048655972305387, 0.5701144045166722, -0.1117034880191717, 0.10998054251592715, -0.12391410263803275, 0.17241163257788128, -0.06709552152011937, 0.17726179252730795, -0.07607740927438528, 0.05739104667425378, 0.3189942911649386, 0.22689929533961356, -0.002542681785615497, 0.0360800580893003, 0.1480279778723523, -0.1940786584430194, 0.5694010901451373
97, 2, 0, 2.4600871152148557e-06, 0.6500014284092246, 0.3499720094976496, 2.410200601050725e-05, 0.03567408140267059, -0.03820213543110669, 0.041820087573427825, 0.5698858302905042, -0.11035547767606695, 0.11237213280216726, -0.12423430221411173, -0.030675964758565898, -0.07964691207502404, 0.03531285218754099, -0.0029042926661156086, 0.06698372023438626, -0.11480389314381559, 0.19437920758979443, 0.22932135577288376, 0.14246988332048238, 0.14763564768383242, -0.002470540242258999, 0.5694010901451373
98, 2, 0, 2.6300151196296658e-06, 0.6500012874010154, 0.3499720116188084, 2.4070965056652814e-05, 0.030249351243356405, -0.030701793045998366, 0.03543012956974782, 0.569879091451466, -0.11025612659997633, 0.11081349620170917, -0.12679880106811636, -0.1403985045832867, -0.009205542674535865, 0.2027407715793636, -0.030615471389206634, -0.03275176432977137, 0.21167677603148544, 0.16298949797019383, -0.02716591277436437, -0.07585879114399625, -0.023368826187455692, 0.0040350679636049535, 0.5694010901451373
99, 2, 0, 1.8237505757426514e-06, 0.650001470066374, 0.3499720124847943, 2.4693698256020677e-05, 0.027361906597257502, -0.026598340875977743, 0.03072304102163232, 0.5705268630241443, -0.11058240621582183, 0.1122353352962631, -0.12432931424311386, -0.006238462642263465, 0.07310435131283739, 0.05105498913595432, 0.009869954280725186, -0.09694026705426553, -0.07309865337736053, -0.03545883931730393, 0.10170846193124064, 0.1312374578899966, 0.004923198418357607, -0.038055582926187714, 0.5609966746541434
