t, Event, Policy, P(still), P(random), P(reach), P(transport), o(t), s_a 
0, 2, 1, 0.20465484261512756, 0.06856942176818848, 0.7267757058143616, 8.763905157138652e-09, -0.4917886184191406, 0.4660763156899426, 0.574353878020381, 0.09779099724143288, 0.11347720408084458, -0.17395826224646885, 0.07176018235901822, -0.49603682498084395, 0.2914783649405738, 0.36228430976861337, 0.16480472380755015, -0.1284703758540031, -0.033034455144850136, 0.03447900850214036, 0.11947073572099809, 0.1279473128073883, 0.11865360401830896, 0.062191173938184366, 0.1
1, 2, 1, 0.20465472976774407, 0.06846973299339741, 0.7268755286668122, 8.572046321382184e-09, -0.740749833215375, 0.6330355954463185, 0.646597773223869, 0.05142643169678287, 0.18447533788833576, -0.1164674947624369, -0.11265050980675455, -0.22325892214706058, 0.231270693403879, 0.4303352031830455, 0.09991640737152493, 0.00020961963381213225, -6.893578847212214e-07, -0.00012108547767885305, 0.050574116207957584, 0.0005281231074891384, -0.0017022461697907315, -0.0006477245846550662, 0.1
2, 2, 1, 0.204631839512584, 0.06846921868313333, 0.7268989332322373, 8.572045269585194e-09, -0.5107665438241152, 0.5796190330099268, 0.8989989833806463, 0.17165855186248144, 0.11172998279840585, -0.07752215346689349, -0.04066048987853175, -0.3499052724163499, 0.4870643881465583, 0.35388564813099416, -0.09123108557792903, 0.000937123981754996, -0.0004731748688107794, 0.0021902887799189444, 0.04946136255956843, 0.001464542352070377, 0.0014956539921010966, -0.0011029907220246554, 0.1
3, 2, 1, 0.20277959878449808, 0.0683291500717609, 0.7288912421132672, 9.030473903781616e-09, -0.5106230714810382, 0.5461896088271977, 0.5288819964499756, 0.1929686641519997, 0.10374894759083335, -0.09866282859491461, -0.13965127407257144, -0.3418442569602275, 0.2769768936059175, 0.30350683922995547, -0.03733664800641532, -0.0003659909611857758, 0.0014026735033191066, 0.0009959344428992908, 0.04929703870149, -0.0016832283109646188, -0.0009841412407762889, -0.00062248099089242, 0.1
4, 2, 1, 0.20264823944333413, 0.06832512256993883, 0.7290266289604243, 9.026302769626032e-09, -0.4436576410143873, 0.525579334993881, 0.7606996586753546, 0.023592889549402373, -0.040918222178126865, -0.18186240983898636, -0.21947531290556652, -0.14607911281742422, 0.08402487962668401, 0.39907045865195984, 0.021025122436058648, 0.0001428807194168263, -0.00041380259256547315, 0.0007794563430983562, 0.04921644372893052, -0.00037709533882111643, 0.001063793788522395, -0.0015692526305176283, 0.1
5, 2, 1, 0.20169484835431992, 0.06831610581680084, 0.7299890342962208, 1.1532658513424018e-08, -0.5004622796594986, 0.6591932578744887, 0.388438660774784, -0.007571508798857107, -0.07128760918857129, -0.1658007952295409, -0.06449629249185573, -0.4203924615950969, 0.3687631371570949, 0.3013389394760206, 0.006534595557483319, 0.0009226965094900936, 0.0009030649186248432, -6.465410971181175e-05, 0.049604271002224296, 0.000709584876432142, 0.0005922123812353967, 0.0017093766863772956, 0.1
6, 2, 1, 0.18814579614758725, 0.06825746246833866, 0.7435967288972557, 1.24868184605636e-08, -0.49881274116946867, 0.6849930089910192, 0.6137894342448286, -0.05340121713857491, -0.0608493372642952, -0.06912026589551232, -0.017720513566715203, -0.25018848959301704, 0.22904036161279334, 0.2716484786487923, 0.07587147462348084, -0.001011358632564949, 0.0026437960366656036, 9.02341515448137e-05, 0.05170155937921432, 0.000984893765550055, 0.0006389980565203051, 0.0014340022363902598, 0.1
7, 2, 1, 0.18778922893434893, 0.0679496246339038, 0.7442611336684083, 1.2763339032598098e-08, -0.5609964278979703, 0.46825408724549006, 0.5305849663147338, 0.06316579714978042, 0.29580868744904837, -0.20163028742699596, -0.10928783542395237, -0.2164791617391002, 0.3337571038551972, 0.19935851254921097, 0.11395736522385017, -0.0012010563054864014, 0.0007382850344495927, -1.9334142885193864e-06, 0.051110807918323654, 0.0009531684847884497, 0.0009582565761107095, 0.0007841936254163693, 0.1
8, 2, 1, 0.1877393214565097, 0.06794917980689412, 0.7443114859773946, 1.2759201648021401e-08, -0.4032587260520769, 0.6272775849265044, 0.7081048609442003, 0.1309521872492827, 0.16161548282044555, -0.1582786561677972, -0.17623601431203095, -0.2794047284304554, 0.07332432422924792, 0.34812769230406154, 0.0659911901247647, -0.0014361220050152779, 0.001665215851256146, 0.0005317899654527398, 0.04905100642497991, -0.000337621217738527, -0.0017473164336362311, -0.00022684035665634523, 0.1
9, 2, 1, 0.1877184021967024, 0.06794935774030038, 0.7443322273035147, 1.2759482601973925e-08, -0.5139498047884766, 0.5011284427228226, 0.5816635683529683, 0.12586044709318953, 0.22889646066781205, -0.08200282213464657, -0.20022634954253773, -0.25054206222054115, 0.39505718603481865, 0.4133898024540158, -0.13457137285897816, 0.002665332822893767, -0.0002285630542056115, 0.0010587001959087724, 0.04895892391759703, -0.00020114752284057245, -0.0014599629987368252, 4.3277269807209356e-05, 0.1
10, 2, 1, 0.18771584834119245, 0.06794935315672047, 0.7443347857447832, 1.2757303791242577e-08, -0.7498914505904251, 0.4767937423975949, 0.5112936079174494, 0.12824455202735685, 0.07786102501791681, -0.08268028643007501, -0.2170995466082264, -0.2580579924489274, 0.29620704211587456, 0.4158892550461902, 0.07487105146935817, 0.000744505139813005, -0.0010342505471249597, -3.123764893803377e-05, 0.04951370872317075, -0.0003449602847814152, 0.0009200689570387502, 0.00023348650372473524, 0.1
11, 2, 1, 0.18769950544537417, 0.06794827277167416, 0.7443522090258489, 1.2757102828421608e-08, -0.5600616349224563, 0.6061374988314668, 0.6130704417058118, 0.13207166233591255, 0.0774207253049135, -0.06678079409521323, -0.07676384043406657, -0.33144821111788814, 0.2768032250311655, 0.469332284899276, 0.17409646380639798, -0.00019756922382678627, -0.0012206642674244647, -0.0006616872319783724, 0.0500157143980003, -0.0006548752998643992, -0.0017667453396193397, -0.0004900465532223072, 0.1
12, 2, 1, 0.18177459290852097, 0.06759896470097905, 0.7506264159531167, 2.6437383070871157e-08, -0.4621775693444995, 0.4857221473450396, 0.5005974956752043, 0.2681046440487435, 0.048673615439325954, -0.060842529934090304, -0.15540025052915887, -0.23224749190474686, 0.2768555926931632, 0.2712712159416951, -0.012385939293610237, -3.750948150683554e-05, 0.001304116118163081, 0.000326617224849356, 0.04957374284067341, 0.00020639364101578914, 0.0008273161619348042, 0.0006453361278088459, 0.1
13, 2, 1, 0.18177007741950904, 0.067597874063824, 0.750632022079785, 2.6436882006225384e-08, -0.45322175503983464, 0.5330716650414329, 0.591618366487806, 0.12181309066387072, 0.28270130385807113, -0.021460933962249774, -0.1920619799109447, -0.29061794430996557, 0.24634099473404397, 0.4319251863148185, -0.049922633734187996, -0.00013856089539738476, 0.00015187343305149282, -0.0005178077569860415, 0.05064078419471109, 0.00036179653479118085, 0.0007805716564333768, 0.0024112208666650205, 0.1
14, 2, 1, 0.1817245997036178, 0.06759826620506902, 0.750677107659882, 2.6431431104344475e-08, -0.5270706494814524, 0.5205058012231534, 0.6419801453317708, 0.12387893825709391, 0.053602687877516556, -0.030212250161758936, -0.26632226028088046, -0.19689984863847915, 0.24423388755796843, 0.2663590752355546, -0.09151271424263085, -0.0011808974267111852, -0.0013498822232614774, -0.0006403598682858889, 0.04905754505623862, 0.0003472320452986294, 0.0003799115633067492, 0.0004894389003482382, 0.1
15, 2, 1, 0.18110080742807236, 0.06759814736402903, 0.7513010188158408, 2.639205783412555e-08, -0.5579567378770921, 0.41146641806781564, 0.7018125394844686, 0.2595833974605556, 0.1583484353964092, -0.18731379782102262, -0.0475956014681664, -0.1806009133608954, 0.15131286285408305, 0.2801650840839974, 0.004662127640475802, -0.0007115102181848231, 0.0011163010759166704, -0.0007638538167521159, 0.05084392764732017, 0.0004992449487419427, -5.848450152103182e-05, 0.0007626309941769922, 0.1
16, 2, 1, 0.18100852685000668, 0.06759779643602541, 0.7513936503223686, 2.6391599390040415e-08, -0.43614586350648415, 0.6335726517887464, 0.6214360362649373, 0.04472619025469674, 0.11502725340632122, -0.2233980306516017, -0.21240834656104016, -0.3098313198024193, 0.24057211404727702, 0.2879051280897583, 0.0684550966938329, -0.0022081268291770564, 0.0005183714007743373, -0.0003891576363282862, 0.04998782498108242, -0.0002888301782070122, 0.0006766619899105143, 0.00017841353097906824, 0.1
17, 2, 1, 0.17983738470013025, 0.06759953820314527, 0.7525630507033928, 2.639333172039011e-08, -0.2974389796298694, 0.5608376045175557, 0.6258209186127706, 0.00841850374389692, 0.19546389426972705, -0.11117416267124554, -0.10966494943313618, -0.36050545493140307, 0.3761522683325758, 0.2908251412847896, 0.07302631375440542, 0.0009440114158685966, -0.0023227041563394593, 0.000833931094095332, 0.05064364470748025, 0.0013495579954183588, -0.0021665746980549525, -0.0009412279534927916, 0.1
18, 2, 1, 0.17967297067369797, 0.06760033209371022, 0.7527266708431348, 2.6389457018153788e-08, -0.4825189047283411, 0.5853521744711659, 0.6970116118031564, 0.02206274943162706, -0.026404666799327025, -0.21794551135191842, -0.12821469759887102, -0.21103779221983693, 0.31349883700928355, 0.3630654705967705, -0.068865669542833, 1.6116514620223954e-05, 0.0004139139720961301, -0.0006531046132128004, 0.050427445900461866, 0.0012241476101194939, -3.034510960361415e-05, 0.0007503703142327869, 0.1
19, 2, 1, 0.1796623446248443, 0.06714020025829741, 0.7531974240561446, 3.106071366981979e-08, -0.3792360818817163, 0.4776341668233247, 0.4989418992562813, 0.05676309687635682, 0.019776244507440012, -0.12566913741898636, -0.24146923152203295, -0.06073248476846127, 0.24151041131554027, 0.02983631140146037, 0.07881707664256002, -8.082333130666228e-05, -0.0006219243295637738, 0.0006684011975480805, 0.05051960367293042, 0.0004985578869051062, 0.00012391946200949555, -0.00044133385331631455, 0.1
20, 2, 1, 0.17954151178834452, 0.06713977745160556, 0.7533186797042195, 3.105583043399115e-08, -0.4900199200002614, 0.5322292416284403, 0.6308541611701142, 0.23713396536348016, 0.12231485552136304, -0.05634837428088172, -0.20674005352475405, -0.3198502445002208, 0.1024103627875997, 0.28504265922022687, 0.1748826074778933, 0.0001299708832134728, 0.000170297352318002, 0.0012046602053174217, 0.0505142198847931, 0.00018608315081025472, 0.00024483149302429813, -0.0013250546681059557, 0.1
21, 2, 1, 0.17873131073720006, 0.06712976067586728, 0.7541388928495335, 3.573739912736304e-08, -0.6246828607257798, 0.3685526057374521, 0.41348405981398795, 0.1827390232764015, 0.15805140833350442, 0.07588070912308456, -0.2937717794282918, -0.3555908344057057, 0.27811617859350396, 0.180554363333788, 0.13424608907150848, 0.000234199381838475, 0.0004974604035283929, 0.0021631245450167797, 0.050369105722856834, 0.0022268479850065127, 0.0014920255813042353, 0.00012119184854761245, 0.1
22, 2, 1, 0.17871023909384048, 0.06702252511498924, 0.7542671998635649, 3.5927605417329506e-08, -0.2675776477039824, 0.3545829098758261, 0.47921955052006826, 0.04507782424992437, 0.12013214704790301, 0.027181979095433007, -0.1008835777639556, -0.25635108703047416, 0.41703585088367234, 0.26097244417799936, -0.09230502849437358, 0.00027509529100542765, -0.0025105139425439264, 0.0013418142160158885, 0.05071739096990705, -0.00022702976133440406, 0.0007042810738460276, 0.0004653599555563043, 0.1
23, 2, 1, 0.1787087967828272, 0.0670195651874421, 0.7542716021413641, 3.58883664092133e-08, -0.6527039022450047, 0.45772305046569073, 0.5018488558388596, 0.32409225905057154, 0.03896291119068303, -0.07058561315977543, -0.2187221902681542, -0.3545146621634313, 0.2352747150331398, 0.198263517010752, -0.0040764399698033586, 0.0017054673262313664, -0.002386321940134769, -0.001043730612311329, 0.04980114753059377, -0.0012587114265767971, 0.00018813456258082238, -0.0007447667352916806, 0.1
24, 2, 1, 0.17686155914435786, 0.067017726371947, 0.7561206785949928, 3.588870250047002e-08, -0.5201746162336152, 0.43898513894604213, 0.6782375852806473, 0.10817273492598263, 0.03997514416396093, -0.06559870092113475, -0.12042934809874115, -0.4079345174768556, 0.34245785614082946, 0.24236547602735953, 0.1449810764782784, 0.0008222272063621427, 7.672912210829322e-05, 0.00204932846823482, 0.05190048296982987, -3.557540465077273e-05, -0.0013048833280110551, 0.001891406347805304, 0.1
25, 2, 1, 0.1761540725416103, 0.06701474820189142, 0.7568311433686362, 3.5887861953567724e-08, -0.5548582403134377, 0.4818215763345971, 0.7539237914854364, 0.2804643205673135, 0.010877705632797885, -0.1593639965652413, -0.25157436601438954, -0.26729257925492267, 0.40556066935412804, 0.16479648447553766, 0.04198122421053513, 0.0016127484841737105, -0.00013114743741044456, 0.000288680877069668, 0.05103845859106524, 0.0017235052107298723, 0.0002609535169964323, 0.0005147033059300884, 0.1
26, 2, 1, 0.1755668849963758, 0.06634035795112235, 0.75809263795676, 1.1909574197150004e-07, -0.3315784289301408, 0.3980610143299922, 0.3549579348955354, 0.09765099404845713, 0.17079847059833522, -0.02216785497374093, -0.08430306506926291, -0.14818530807699107, 0.3478773615664149, 0.34348523059044445, 0.05973038914269624, -0.0025752566491436834, -0.00032274064886380455, -0.00040057908538214523, 0.050410703044131575, 6.7295020902064e-05, -0.0003996599687534904, 0.00048039909459616007, 0.1
27, 2, 1, 0.17556315251687196, 0.06633062733110721, 0.7581060981521079, 1.2199991291265678e-07, -0.44510366455607625, 0.25777405056776337, 0.39660516163486675, 0.09840345082117749, 0.16872203659251198, -0.13012347477808967, -0.126201984907124, -0.06165349110265297, 0.23113271734105018, 0.21830447657212124, -0.1429304834193133, 0.001679654694853763, -0.0010300229722900692, -0.0009301018823742417, 0.05120713937153696, 0.00047536570360188785, 0.0001467091757360537, 0.0009059928753690931, 0.1
28, 2, 1, 0.1755629306190229, 0.06633045661316259, 0.7581064907638007, 1.22004013926181e-07, -0.5264987506753066, 0.4362831002646897, 0.4231583102104241, 0.22358403054157594, 0.12839281710860564, -0.06520456490952213, -0.26172165928208435, -0.08421150502742962, 0.1129493097971449, 0.38658660063014405, 0.21458786110014402, 0.0004783987150554188, -0.0011004679660262038, 0.0001168071196800945, 0.05064758886722716, -0.0008831025192836677, 0.00014960643722934406, -0.001512751113243289, 0.1
29, 2, 1, 0.17556277635745116, 0.06632898957129517, 0.75810811201354, 1.220577135021397e-07, -0.35707244816815503, 0.5997505349735986, 0.4050119119664008, 0.04268067803020094, 0.18761586887092194, -0.14237357251106098, -0.36243385117171706, -0.1332943486862014, 0.24928968262560716, 0.058734826357603256, -0.019502209141678474, 0.0020460110008103088, 4.161160138526742e-05, -0.00034860181342587454, 0.05079414928654123, -0.0009473515588978613, -0.0006472793082043877, 0.0013507927456806765, 0.1
30, 2, 1, 0.17545229539474091, 0.06632938646707748, 0.7582181952423892, 1.2289579248648798e-07, -0.32895305231119576, 0.3310411955133198, 0.4191842781637531, 0.14615288160368084, 0.22247638262133768, -0.0418196516594148, -0.09619245563479624, -0.32450046242713554, 0.34056954104277903, 0.1785252505758185, 0.05159223268114717, 0.0005763419947997203, 0.00032412818076945623, 0.0009975776735357154, 0.05094209704974666, 0.00031117612160454645, 0.0004747833598373101, 0.0029144901728019377, 0.1
31, 2, 1, 0.17532732619546892, 0.06632924736261636, 0.7583433035828734, 1.228590414086886e-07, -0.3723539385180071, 0.3234468346190308, 0.4734273642004556, 0.13509830938479536, 0.1229341639388051, -0.28752513156083076, 0.18993236014303658, -0.3185316158608601, 0.26850380553148046, 0.30559350870947766, 0.051912562789733926, -0.0004871085690849277, 0.0007433016395885275, -0.0003822576470203583, 0.050961936167593, -0.000948641004380897, 0.0006046291287234522, 0.00010374467982198991, 0.1
32, 2, 1, 0.175153683441702, 0.06609157554350847, 0.7587546162099271, 1.2480486242275217e-07, -0.30958816376564496, 0.38693836898312073, 0.45453534208686425, 0.16316067322267935, 0.15871168827913698, -0.1255561409522481, -0.07636779043454607, -0.13037760399813392, 0.22550031811445984, 0.4685900053116659, -0.04960297458790059, -5.0555920813586296e-05, -0.0003903436922844888, -0.00046484479174956696, 0.05019536621075517, 3.0337632852308194e-05, 0.0006731756291618568, -0.0010114173080506175, 0.1
33, 2, 1, 0.17491362489932008, 0.06605578420563937, 0.7590304485323783, 1.423626621096666e-07, -0.3247415050512754, 0.3693768223181477, 0.4305427970749479, 0.20875340039962437, 0.1375157752139747, -0.0994599627467859, 0.04521008762743339, -0.0874244878012245, 0.2927279973683571, 0.1777665078389765, -0.10815672379609391, -0.0004802630330990289, -0.0002933397755906337, 0.002120603506577134, 0.05182904720447644, -0.0008705104905356384, 0.001943371351968555, -0.000740204518958131, 0.1
34, 2, 1, 0.17453211938490212, 0.06599430230085472, 0.7594734056327298, 1.726815133705587e-07, -0.4017883750681929, 0.5948720268051375, 0.38744360597177446, 0.17697725425231287, 0.0184225613299163, -0.13426933897815957, -0.04190969514354942, -0.23115321188171847, 0.02392106852629654, 0.31561725483795866, 0.06525608921755656, 0.001510794291423782, -0.0004017222143903513, 0.000293880577071195, 0.049248191378588685, 2.04184705629156e-05, 0.0001163060686518747, 0.0006595112385808686, 0.1
35, 2, 1, 0.17440667449353103, 0.06598422597013628, 0.7596089266576952, 1.7287863730189702e-07, -0.4694250730032616, 0.38259130587881135, 0.426552598944786, 0.1628909549948753, 0.09851111841869833, -0.13686694809980265, -0.19474577916075417, -0.13059446821489487, 0.5158358637145242, 0.29833167837431607, 0.06280950110893642, -0.002177465839372567, -0.0005787154294806044, 0.0007909483650565903, 0.05030497883025866, -0.0009513035166856846, -0.00031828098431809366, 0.00033707124949958336, 0.1
36, 2, 1, 0.17431614615716223, 0.06586382998452296, 0.7598198508691117, 1.729892031251098e-07, -0.3112198416567979, 0.26423434370928, 0.5623454175664457, 0.22280463868201003, 0.057618687108373076, -0.026520359615823406, -0.10534792633783392, -0.1520452495677524, 0.2738529691924689, 0.2624831200795945, 0.0338604863462207, -0.00030098980274159015, 0.00013942976666896456, 0.0012238423905544327, 0.050688468267974296, -0.0011654695680568285, 0.00037792661273517824, 0.00038004436455243583, 0.1
37, 2, 1, 0.1741988712900104, 0.06581483528219975, 0.7599861191938054, 1.7423398426928868e-07, -0.35106678213026377, 0.3350006906986054, 0.49906879478807536, -0.0022320001842268235, 0.042805245755538346, -0.20528277799315853, -0.22712227868793572, -0.14324279536794743, 0.15894820188073883, 0.14721659290733133, 0.0069388331721263515, 0.0006105052735278944, 0.00012012950221256249, 0.0007311045025421139, 0.04968254804132533, 0.00042015419701642065, -0.0002521919452539252, -0.0002800538905516698, 0.1
38, 2, 1, 0.1739761283842489, 0.06581541172181281, 0.7602082856816005, 1.7421233783944555e-07, -0.3831383544814911, 0.30041828553299027, 0.62048836690011, 0.16861261510058217, 0.28003234385083065, -0.17542676539270113, 0.1854607451353679, -0.2756022752319437, 0.17620306933844987, 0.29081880457351394, 0.009618585401537587, 0.00034104283438646623, -0.00017440091724471514, -0.0019709805354134785, 0.05106789461846086, -0.001246567199111858, -0.001589919091641195, -0.0007609504948867384, 0.1
39, 2, 1, 0.17011291632795886, 0.06576943409806613, 0.7641149224466781, 2.727127296979718e-06, -0.39759893469036445, 0.41311824084844384, 0.34517904172533614, 0.13228753431230214, 0.13717803715587856, -0.14694010085298212, -0.11664074178022173, -0.09453435409141633, 0.08044735158594345, 0.21761676465291693, 0.03152300294457316, -0.0002783937058729002, -0.000195182927575334, -0.0008579134725508553, 0.04949856420482357, -0.0008344553179936659, 0.0004288967050416894, 0.0012688157669114254, 0.1
40, 2, 1, 0.17008745639885847, 0.06576863419794086, 0.7641411821955695, 2.7272076310593797e-06, -0.3627611750043771, 0.34678155961755264, 0.398487294757593, 0.17175385383399236, 0.37907979646805023, -0.1534127408289982, -0.13610410333865192, -0.26522387058654295, 0.13787469695705387, 0.3036614611790072, 0.03487012371960759, 0.0012531942613386283, 0.0016906691133890233, 0.0011317898988451023, 0.049459856864121673, -0.0006361011815624336, -0.000505266542064514, -0.0005174553196300402, 0.1
41, 2, 1, 0.17008108074165326, 0.06576865242892593, 0.7641475367159006, 2.730113520158055e-06, -0.4449900317713918, 0.49948125159598494, 0.2982395915180177, 0.030512875368891357, 0.269695269563497, -0.27434224750610037, -0.17949080089701427, -0.13483777039463227, 0.19811114380314013, 0.2552154329650456, 0.14892074175904793, 0.0010465551097172913, -0.00041575516521908767, 9.706671689315227e-05, 0.050302027084484655, 0.0009949410426416192, -0.0007398580181927497, 0.0004222031362735508, 0.1
42, 2, 1, 0.17006569480073394, 0.06575768168766277, 0.7641738729900704, 2.7505215328190562e-06, -0.28657891870974705, 0.32140371333086837, 0.3356114043472358, 0.22447285923135504, 0.1484586392861896, -0.1534787365458, -0.2634271825449851, -0.14313476625046836, 0.18546589121955398, 0.11962511096065906, -0.009820165414548682, -0.00020377632109744203, -0.00137062504663342, 0.0002717885427309296, 0.04832783223152082, 0.0003219891376198748, -2.3281376913634204e-05, 0.0006338096154235515, 0.1
43, 2, 1, 0.1700637470126188, 0.06575324348065645, 0.7641801554326408, 2.8540740839795733e-06, -0.3714878841087068, 0.3540947180971919, 0.21034026121417598, 0.14140341519857383, 0.25098840494336294, 0.0332549730460705, -0.25678632750369823, -0.11300273355742765, 0.21765366205247472, 0.019296560167616873, -0.02307472637105992, -7.409202026028796e-06, 0.0015315970934704278, -0.0014293856722218954, 0.05085625371846027, -7.198234616081662e-05, 5.154532829026062e-05, -0.000504882008795896, 0.1
44, 2, 1, 0.17006325603136346, 0.06575310707819738, 0.7641807827619546, 2.854128484769516e-06, -0.3473015258641309, 0.29499758685016714, 0.31857326107511097, 0.014890637957436259, 0.005006527021716689, -0.14777464725527606, -0.3105334129725631, -0.07638973512597075, 0.3092067594757754, 0.29522644208123394, -0.023394164624937853, -1.2320571836061037e-05, -0.0009660266073409729, 0.00043968835405785664, 0.05029864232440767, -0.0002594817559492786, 0.0003630369409890233, 0.001250589045199089, 0.1
45, 2, 1, 0.1700649104683484, 0.06528758863499011, 0.764641280235708, 6.2206609535308674e-06, -0.3279888606011806, 0.20297074795679734, 0.2824836737142714, 0.05944430958066545, 0.23497734925111596, 0.04266588187079157, -0.16667315223930299, -0.01136350572542615, 0.26270987856359457, 0.02538735519348585, 0.007786257873360884, 0.0007278243757317976, -0.00022072161289176675, -0.0012443615258345628, 0.052096931205495266, 0.0002654506878005249, 0.00023754497904059403, -0.0007635152231146697, 0.1
46, 2, 1, 0.1700481020689602, 0.0652872067620087, 0.7646584627082117, 6.228460819331904e-06, -0.3355861675465651, 0.3149359096032126, 0.3101078404731249, 0.10953619412398699, 0.15360849278351826, -0.006321164634730048, -0.19066418003176472, -0.2591745453768383, 0.22318017097205312, 0.1435517906171228, 0.17617214909109535, 0.0004129878635670091, -0.0003148145612857403, 0.00144627184625444, 0.05073399723028883, 0.0012472652503712647, 0.0011839698042250013, -0.0013972396374064841, 0.1
47, 2, 1, 0.17004703309825225, 0.06528228003765571, 0.7646644471901374, 6.239673954614318e-06, -0.283946911147961, 0.25262779307376515, 0.3545994378411816, 0.168114739537373, 0.16806552117617865, -0.24153329980494714, -0.03531588844263713, -0.07129299098031867, 0.24533478913038062, 0.13283245025759488, -0.22027972767519505, -0.0001562509318282296, 0.0006951193149976516, 0.00031514320977072535, 0.05025958139188262, 0.0009988886445171825, -0.0005239932529489427, -0.0021445050870462852, 0.1
48, 2, 1, 0.1700331267513805, 0.06528033567654143, 0.764680297756551, 6.239815527104741e-06, -0.3930942288920477, 0.09232397691735898, 0.3947691153854712, -0.041547521185683924, -0.03257723242989545, -0.150475265864745, -0.1932198523641519, -0.29392712062304743, 0.24579191208762122, 0.18414394091477018, 0.15514489284991656, 0.0017780974894010706, 0.0009086474607079705, -0.0005553874420487035, 0.049477942503909085, 0.00016656358071474566, 0.0022082169771658854, -0.0003038532792970763, 0.1
49, 2, 1, 0.16923633450650344, 0.06279807844789018, 0.7678307019189927, 0.00013488512661376478, -0.3246788576902073, 0.20826892426611168, 0.08273016310250476, 0.11007438560291574, 0.10655709807166835, -0.17220829044295974, -0.18540399225049797, -0.26047266974663374, 0.06456500595966631, 0.1294299900411782, 0.022420147681417386, -0.0002671224799245231, 0.00157423556430333, -0.0008408188585298226, 0.04986996692909482, -0.00044309000803503356, 0.00122149978815443, 1.934555995880413e-05, 0.1
50, 2, 1, 0.1691937066994981, 0.06260566672554328, 0.7680656592427595, 0.00013496733219919323, -0.6263724542903591, 0.37275491763126034, 0.36111828470635066, 0.2457599598447639, 0.02647321201143473, 0.0528283968933068, -0.02892805863174407, -0.2151097254717779, 0.16453999416680096, 0.16803516890947934, 0.013006180127450587, 0.0003881700559214234, -0.0016792288915444356, 0.0012648227857153715, 0.05054426184573265, -0.00018772967802214153, -0.0006340707812992198, 0.00021605437743289356, 0.1
51, 2, 1, 0.1681847405412563, 0.06203326950618247, 0.7696466042684668, 0.00013538568409434632, -0.4181222294258333, 0.19759135780385823, 0.3495068931290863, -0.1196195956189019, 0.06284633969537974, -0.1016322322195479, -0.16194289500520256, -0.23346349738856023, 0.08163395617463144, 0.06393906029453073, 0.19497702847870058, 0.0010212248924615194, 0.0011489670312251773, -0.0009853290927120746, 0.04925092319502466, 0.00018338574528601378, 0.0008408811741669233, 0.0006423806495371981, 0.1
52, 2, 1, 0.16801590990903595, 0.060456628245304, 0.7713612726946139, 0.00016618915104629428, -0.13379937935915898, 0.30162035324658437, 0.1992580924603332, 0.22535526896962507, 0.22295786644096652, -0.102721198757867, -0.1929238084292566, -0.21795478969789092, 0.133228934495567, 0.0604539018010658, 0.02643916062284658, -0.0017942577608307565, 0.0005334245151996256, -0.0006985905070912896, 0.05050431426561438, -0.0016202264720300674, 9.998570882973715e-06, 0.0013872698789430759, 0.1
53, 2, 1, 0.16800499136303665, 0.06045662769045993, 0.7713721935628628, 0.00016618738364065008, -0.38482948207127593, 0.2771984669561992, 0.2528503145840444, 0.21028847993609628, 0.14957691439500112, -0.1571522019683786, -0.18346263807585073, -0.3641905826604316, 0.2328954200071151, 0.20120405511043565, 0.17619527050334946, 0.0006419331465818682, -0.001150090347839575, -0.00044556656398711693, 0.04933055337701048, 0.0004665554903733766, -4.003104009111352e-07, -0.0014306238427613178, 0.1
54, 2, 1, 0.1675736977363947, 0.06035538277444599, 0.771904463861606, 0.00016645562755326554, -0.25808764443718046, 0.2675085600999866, 0.303498547305007, -0.05103553793172222, 0.1068208719589068, -0.07804099959562502, -0.2653817690513848, -0.2352461236680802, 0.0724695496047838, 0.15344781997784016, 0.09494346942251017, 0.00042789674949452686, -7.446692142931952e-05, 0.0021490725732755274, 0.04868523906035439, 0.0017234758871827241, 0.0006519694405393294, -0.0013414136053089263, 0.1
55, 2, 1, 0.16706022659570577, 0.06035854763484858, 0.7724147706765823, 0.00016645509286326924, -0.3746009486506855, 0.31651125368046984, 0.4526010830302557, 0.16710497172596556, 0.1663185751935759, -0.09347953387753105, -0.07465873695022843, -0.27850052729635655, 0.2584284285891549, 0.21247570240942482, -0.0026854225343872105, -0.0004885955772478822, 0.0007343361859496114, 0.00010169082499306217, 0.05031093845250299, 0.0007128436126191643, -0.00030785104329251144, 0.0018656729038191548, 0.1
56, 2, 1, 0.16360904533763143, 0.05991098528667665, 0.7763135992779944, 0.0001663700976976026, -0.3159239533926234, 0.3695848192202978, 0.5011983424511067, 0.06838177394880049, 0.058407221058491846, -0.15582004535093535, 0.002537505919022709, -0.3035271436898781, 0.11143421874701129, 0.027838478377691954, -0.002802341853531262, -0.0016518932229345393, -0.00024021105361235847, -0.0005141295760845877, 0.048957300261157695, 0.00023902619608897469, -0.0010923362488149354, 0.0015094965473238867, 0.1
57, 2, 1, 0.15379793857610788, 0.051222237234103685, 0.79481291057767, 0.00016691361211846866, -0.16766824130905533, 0.22934122569142704, 0.48075214893183665, 0.06399982905268894, 0.13235700416597748, 0.022025953234087493, -0.1748154619368168, -0.09229587641074913, 0.14511528948353153, 0.10595911099805697, 0.02734747104017362, -0.0016787381973740107, -0.002125569125077757, -0.00036413714620583726, 0.05148605634049436, 0.0014628357552103782, 0.001862208169527512, -0.0005867386327933564, 0.1
58, 2, 1, 0.15378240190893006, 0.050948819056413415, 0.795044516079084, 0.0002242629555724945, -0.3077699444591379, 0.4024667932760758, 0.07489618668290965, 0.05396704599276279, 0.10005747621867996, 0.03361313058737871, -0.18955852993736672, -0.18739767238381594, 0.10734343007945699, 0.0698540670458152, -0.13618929102244107, -0.000336632379537178, -0.0003535949519539132, 0.0008010919086675836, 0.050775040360139564, 0.0015734047921491755, 0.0012036412994631616, 0.0008804970197357341, 0.1
59, 2, 1, 0.15377887740065999, 0.050919324551248236, 0.7950776275167153, 0.00022417053137657205, -0.2577988071793097, 0.36563643345088004, 0.46093166932106017, 0.06340801324142735, -0.004685828937761194, -0.22785807080125525, -0.010418067075265824, -0.227256747185971, 0.11712460708363534, 0.10122949436554578, -0.13399870364000105, -0.0004448637389947977, 0.001913567147059482, -0.0001399587509550603, 0.04979068502380657, -0.00038976383443897034, 0.0006132987120929436, -0.0014990577346924252, 0.1
60, 2, 1, 0.15305400040612352, 0.050441412202141815, 0.7962801407047303, 0.00022444668700417048, -0.3096084765623427, 0.1940286133517549, 0.39371610102612903, 0.03382545483606031, 0.14861421268370023, -0.11077255395555359, -0.1180302479068405, -0.10489925549646269, 0.2750964522344925, 0.05345942010977509, -0.029656549151779614, 0.0011133053240577847, -2.4006296448118244e-05, 0.0010896626406305839, 0.04840698166466982, 0.00041141051910544176, 2.09373218008751e-05, -8.321552089819774e-06, 0.1
61, 2, 1, 0.15299588128125324, 0.046497932380883164, 0.7998377780391424, 0.0006684082987211493, -0.09065291725186694, 0.09417366295951424, 0.18726405465028298, 0.08703284487105312, 0.19458516976497947, -0.001045592640258941, -0.09963035434540117, -0.11051234771364, 0.18215368941537488, 0.09203933980639209, 0.09801085328611184, 0.0012765232763132569, 0.00038433497076879907, 0.0010019205584418148, 0.04833738686595978, -0.0016293557065662143, 0.00047010510324190506, 0.000976990822852014, 0.1
62, 2, 1, 0.15299291310232482, 0.046630036365118234, 0.7996881595657018, 0.0006888909668551048, 0.003392943093118639, 0.26861831111613604, 0.1840970990597806, 0.054412932668609734, -0.006465043525476988, -0.18217655432717947, -0.16526843437937871, -0.19188454854191256, 0.17612369498217637, 0.028862418565362046, -0.15730603274007324, 0.0019418177625515, 0.0005096941309206046, 0.0008521635955428131, 0.051514963426846486, 0.00018805298123272446, -0.0016241589486938046, -5.720991706335608e-05, 0.1
63, 2, 1, 0.1529892269056394, 0.044214896319881083, 0.8020538092296138, 0.0007420675448658106, -0.11180171130010028, 0.08561154074143892, 0.22935170739316377, 0.07419212298968574, 0.12674807544478342, -0.14121344307765354, -0.03937651376301564, -0.2627753417178596, -0.14692786386969456, 0.21747325672258305, -0.013018536316726798, 0.0006026889275312533, -0.0007758215357477913, 0.0012962191045503388, 0.049980221315589074, -0.0005755966879678922, -0.0013505087058037957, 0.000987534841970808, 0.1
64, 2, 1, 0.1529877357819645, 0.044308661561116194, 0.8019573381756488, 0.0007462644812705376, -0.21476616607959817, 0.13066167849551205, 0.29044115174955376, 0.08364715463318527, 0.011829198223102789, 0.018961430881620854, -0.25606922573195173, -0.04917590157680309, 0.18436784041754165, -0.0500600990401596, -0.1574831604727726, -0.0010626632290090276, 0.00025815629142087387, 5.971155838760017e-05, 0.04992717349559191, -0.0005214684753313223, 0.0011253792022547834, 0.0005678404507927143, 0.1
65, 2, 1, 0.15262228996544547, 0.044200485118793216, 0.80239518537341, 0.0007820395423512995, -0.21223680787623747, 0.04728861248051948, 0.2529292523911124, 0.15510576148085747, 0.13563519402941043, -0.07864010733650258, -0.0734200277855989, -0.16946373032131717, -0.031042992674010672, 0.14062462776579424, 0.07940903092382712, 0.00033320163808236606, -0.0005396484754973527, -0.00025097809921020755, 0.05224942780006375, 0.0003342678574551557, 0.00010023755242753758, -0.0012042649083076552, 0.1
66, 2, 1, 0.15223369202437462, 0.04534278134826087, 0.7974436960397856, 0.0049798305875789735, -0.3173133012326835, 0.2792836943590424, 0.017213814587737675, 0.09445958147404136, 0.05131166738457675, -0.2265514271872681, -0.11550800401443266, -0.1503975521584655, 0.0714777374027636, 0.09703269343612211, -0.0072836027042825855, -0.0008369150263684545, -0.0008987601204227662, -0.0014799645671977014, 0.04837818892904394, -0.0002950798032367343, 0.0010932694724693505, -0.0006315251174410222, 0.1
67, 2, 1, 0.1522337827714748, 0.045397286975237545, 0.7973885364795041, 0.004980393773783394, -0.29515753758113455, 0.20385584494698766, 0.33999556803559644, 0.16733267583012057, 0.28106210409263366, -0.116874553228653, -0.11884470853639728, -0.1053367978769248, 0.21843949984371522, -0.07852764574988184, -0.17793910665198087, -0.0004289333085368518, -0.0004153857126045862, 0.00032117457525895725, 0.05094755860472764, 0.001363750803335163, -0.00045397529502406243, 0.000350299936174105, 0.1
68, 2, 1, 0.1522306585047861, 0.045639747821039765, 0.7970779644817072, 0.005051629192466932, -0.2477572031823751, 0.10135445203697757, 0.08236779668936878, 0.24285623720987964, 0.1928996937466298, -0.3248529332369593, -0.052916426173333864, -0.18238523652899558, 0.07378903728855028, 0.2569799909885173, -0.1376814682765688, -0.0014004825853153866, -0.0009632070145271874, 0.0002363273432721905, 0.05096180270868186, 0.00012963040781741576, -0.001023164571441744, -0.0004091099828316881, 0.1
69, 2, 1, 0.15222941647853436, 0.04564237506022295, 0.7970736169027569, 0.005054591558485846, -0.18253141434871573, 0.4051994750103273, 0.17799803646904802, 0.0043112771386346945, 0.22986275678593096, -0.16465263192310187, -0.2553754656467959, -0.058042928787338785, 0.06890551070960019, 0.21063865708692991, 0.12271083413716892, 0.0009874083804250896, -0.00024389903304683117, -0.0007239334644552056, 0.051061645330891525, -0.000754310200678913, -0.00022967978602730926, 0.0001468790624643019, 0.1
70, 2, 1, 0.15239299344461837, 0.04733713278072781, 0.7929505264363133, 0.0073193473383405755, 0.015718716328728254, 0.25933349811300016, 0.14320615152801658, 0.2829735415563207, 0.15365206533733894, -0.040442116420669506, -0.1705826134236464, -0.055793373154239954, -0.05118017427602782, 0.1555243457782105, 0.06481740460127375, 0.0006417990414152662, -0.00026516629051613275, -0.0006424206168667339, 0.04961171927207403, 0.00034903164595694546, 0.0021531350586809425, 0.00020022603626723996, 0.1
71, 2, 1, 0.15174672894086896, 0.04806167666542555, 0.7927997889312213, 0.007391805462484271, -0.14931498689443548, 0.17252775456235261, 0.2635067630226987, 0.13126967200798706, 0.04459075815419501, -0.1520987443905827, -0.11751573927086337, -0.21228608875124041, -0.03117009316971453, 0.07211964453289232, 0.051932586021053884, -0.0004453813959675924, -0.0006819219124225125, -0.0005944401373381705, 0.050120776936840195, 0.0009114166492323048, 0.0008172337985019034, -0.0004167202523546666, 0.1
72, 2, 1, 0.1517460070293832, 0.04806177595408652, 0.7928004174175061, 0.007391799599024247, -0.19231316312809293, 0.18410504397992028, 0.20978921896584227, 0.1060623715648705, 0.12257200524212153, -0.2964125403178765, -0.33883793156023545, -0.3059842563343016, 0.28850486881502463, 0.018315830293703185, -0.09759788303355874, 0.0008627031448704759, -0.0008227225345250569, 0.0005629402060063259, 0.050600698040858386, -0.00106913036253174, 0.0005514641452291343, 0.000765081677253808, 0.1
73, 2, 1, 0.1517426302223773, 0.04835667481917538, 0.7914279313708935, 0.008472763587553844, -0.13638441318973948, 0.28855894315536706, -0.09591468166736827, 0.12632000665003723, 0.08581860349485286, -0.12987495847950611, -0.08268791518096488, -0.05110043406103998, 0.27989463212799726, 0.06495184315358471, 0.016635688059948788, 0.00021524911286807576, 0.0005436060810497994, 0.0011304327697869922, 0.050073985563461744, -0.0009636221524344299, 3.35128302737181e-05, -0.0005875311358122259, 0.1
74, 2, 1, 0.15178340141891136, 0.04964803351143127, 0.7899530025708918, 0.008615562498765477, -0.03952379057317727, 0.14753044835756787, 0.2409051249437973, 0.1419266286501926, 0.0065070299131670065, -0.11346283068149554, -0.30228079098450716, -0.23457837283619845, -0.12063890666262407, 0.13908455558033742, 0.09673558479283283, -0.0010315640023735567, 0.0006017434480474516, 0.0004423902008574316, 0.04977393901869771, -0.0007298365029087736, 0.0002104053554510046, 3.675908722513558e-05, 0.1
75, 2, 1, 0.15117087103258192, 0.04959170095264136, 0.7906656094272931, 0.00857181858748358, -0.31521266491212374, 0.4173705192702212, 0.2843368989493523, 0.07822970404244245, 0.055044653004911605, -0.3704479818121677, -0.10047341027359555, -0.22833585922496047, 0.001277782440396702, 0.10336240685871956, 0.12172467931093187, -0.001128702947597113, -0.0013108463601385761, -0.0008810435738717782, 0.04905341101262741, 0.0005017759702050372, 0.0012303510247491344, 0.0011712668852819099, 0.1
76, 2, 1, 0.151349103042809, 0.02091726038479937, 0.8185439465798372, 0.009189689992554373, 0.06986380348102046, 0.17683719784457314, 0.2975286634340243, 0.12410754356704504, 0.11937077923797093, -0.14851608231119, -0.056538384983043435, -0.1042089902257338, 0.016487895459880986, -0.04952579958390899, 0.11910416362385294, -0.00042988907387998744, 0.0013540427836772066, 0.00044594211836825813, 0.050014073021353536, 0.0012918011642236572, 0.00019547984315450366, 0.0004930549660946015, 0.1
77, 2, 1, 0.15134516533340983, 0.021686289681954414, 0.817608726785057, 0.00935981819957875, -0.13254473051046628, 0.25465936520831545, 0.22273322931227027, 0.08978638495188207, 0.19709086111734603, -0.08431375339342255, -0.15244974296937616, -0.06882252254629836, 0.14061839676369964, -0.09622807484348589, -0.03330453435814453, 0.001211830930017989, -0.0013944589470418023, 0.0013853376598296258, 0.04962332807761197, -0.0008219408931563336, 0.0013120458424971631, 4.437063690407801e-05, 0.1
78, 2, 1, 0.15126375413076848, 0.021799244703077664, 0.817567539392745, 0.0093694617734087, -0.20695005105811637, 0.12495710461697232, 0.2445098958813091, 0.22579274082630169, 0.02334932997059258, -0.237267596362177, -0.07066137365435246, -0.2075379911843505, 0.15873712718210103, 0.15715744397232578, -0.05380307262271641, -0.000301932869042882, -0.0011007110905822842, -0.0010859031904258036, 0.048732709799222375, 0.00043537783829926413, 0.0015454885648109944, 0.0004137402105082467, 0.1
79, 2, 1, 0.15118881661872294, 0.02177070813368933, 0.8176266382853692, 0.009413836962218513, -0.2559626237098089, 0.046384780449827835, 0.15284981221011856, 0.03865478419886213, 0.17354577981784938, -0.14139157045829834, -0.11758867548557281, -0.19603606514658134, 0.15696874404874905, 0.1448216927036502, 0.2145111043375001, 0.0015861315574254796, 4.32099293554644e-05, 0.00036870563550725103, 0.04961582923016823, 0.0007723367307852046, 0.0003296377656318057, 2.9557875012823894e-05, 0.1
80, 2, 1, 0.1513476563664354, 0.01271214410750797, 0.8263930356769847, 0.009547163849071817, 0.08220901649890647, 0.008367794318254074, 0.21349049005637233, 0.09550985378156415, 0.16451324680597312, -0.0502203284693016, 0.20199942864390508, -0.028914681174221246, 0.1752610934649133, 0.029173631912060866, -0.019206936114684738, 0.0008707235586516888, -0.0002749737681889141, 0.00026614033071636797, 0.04943610387589034, -3.7439160544589116e-05, 0.00047525189802685746, -0.0007373198741361924, 0.1
81, 2, 1, 0.1513217069138985, 0.01648877539949617, 0.8204183801905317, 0.011771137496073702, 0.010949818258819022, 0.1615291510022101, 0.0982113472424272, 0.07269731940860083, 0.08666167174315106, -0.22336351696056195, -0.10817334290029615, -0.15250147036908743, 0.10739261890708776, 0.13298061978095257, -0.10899116395025946, -0.0011678307235517616, -0.00013531051515399526, 0.0025139380355732963, 0.04928957441832042, 0.00018801085239787636, 0.0001030590641479095, 0.0012143960940520396, 0.1
82, 2, 1, 0.15307472975964337, 0.05808729516998852, 0.7628328308456389, 0.026005144224729285, -0.23313260988830792, 0.0021536180075118817, 0.10008240477981278, 0.0059644978648147, 0.04387421194187474, -0.0418327723107703, -0.05547653493986702, -0.05890111934417937, -0.11034648212304479, -0.013822404596795113, -0.11728474250452676, -0.0018001032697221972, -0.0005716454805770932, 0.0008921786362668441, 0.04929758510847801, -0.0002957081067202306, -0.0007762225307168344, 0.0010713777442064012, 0.1
83, 2, 1, 0.15228309329569975, 0.05983493037565515, 0.7586481689311679, 0.029233807397477215, -0.1414019401260421, 0.030568265364454394, 0.15467484325462552, 0.19557452526251357, -0.13588951403726393, -0.11240885295186975, -0.0623227191028347, -0.09716943395629278, 0.0989963710071936, -0.0018527885717300907, 0.05849749212346324, 0.0009167856205480826, 0.00044900093530102203, 0.0002483194615684174, 0.04950118872452349, -0.000550769730791935, -0.0009333499366277261, 0.0008122335066441923, 0.1
84, 2, 1, 0.15287601523736238, 0.062814450302066, 0.7540647372486491, 0.03024479721192232, -0.007799399562652298, 0.16954964228120292, 0.22373808854135038, 0.11592258127808466, 0.09619988655713049, 0.06556367774818847, -0.18200533220551096, -0.03446997121813493, -0.0474247353736106, 0.025926411688518856, -0.03831586125527264, 0.0015257464222960327, 0.0008560334470025143, -0.0010468024542334422, 0.04784415989531798, 0.0004298024022649204, 0.002818702390329535, 0.0010607701307783868, 0.1
85, 2, 1, 0.15294630600415618, 0.07400631209866562, 0.7247660302833521, 0.048281351613826066, -0.16601167601397604, 0.09893399080460938, 0.093504957427046, 0.07023214308576005, 0.2875349880728882, -0.12285248063730665, -0.07308438761375627, 0.05293870259999802, 0.010990666101048874, 0.023971386205337047, 0.051958667761109745, 0.001524553675808941, -0.001079138771817053, -0.0006409893832568081, 0.04923205045102304, -0.00215633391613425, -0.0007756314861760784, 0.0019393483537443607, 0.1
86, 2, 1, 0.1530540953991953, 0.07581863335685338, 0.7228470989718185, 0.04828017227213282, -0.052494533985295536, 0.13603791493618078, 0.268430025805891, 0.23358356011082887, -0.06845631739021127, -0.0648597443271914, -0.136340736119881, -0.17989190084112422, -0.02401296440989741, -0.08119323203200064, 0.0688233737065381, 7.125278403854265e-05, 0.0005375536549743807, 0.0003645011078486968, 0.05187399540606079, 0.0009391629173378949, -0.0003359909227172084, 0.0016336587873032773, 0.1
87, 2, 1, 0.15185628489319747, 0.0747716271439259, 0.722650903902088, 0.05072118406078862, -0.05699694042161585, 0.01793615955118959, 0.09527242176636834, 0.18847202184670006, 0.14596593793794582, -0.21132037637829568, 0.05011072746611587, -0.0010787697203691992, 0.07853965650730363, 0.10848010517800097, -0.05687543259533775, -0.0007892963611584097, 0.00026187424853969636, -0.002221242841309554, 0.04987001824462668, 0.0005316185288308674, -0.0006018770236643414, -0.0011660482037725906, 0.1
88, 2, 1, 0.15180189602284305, 0.07541632776240093, 0.7215908185349309, 0.05119095767982515, -0.04348701257623363, 0.06857301081157322, 0.09558476661150046, -0.02679767798097814, 0.2909994452045284, -0.2188669536601851, -0.070106162449689, -0.1955725475802423, -0.0025273878354487578, 0.18095920698294282, 0.02924852334070501, 0.0010260306968889632, 5.61955643475693e-05, 0.000956390735423401, 0.051042343388917236, -0.0016213216193421184, 0.0020195944858845344, -0.001071709465671767, 0.1
89, 2, 1, 0.15182554606148707, 0.07703610163932278, 0.7198300045237862, 0.05130834777540398, -0.18011885203950362, 0.13474519018541695, 0.2810774008080782, 0.1672246724876148, -0.04040215977057238, -0.06907927671364048, -0.173830657775213, -0.08396892824933891, 0.20693545263718013, -0.020831572881516623, -0.081181408136691, 0.0013034434270979213, 0.000207258351435996, -9.781267624158615e-07, 0.04849965284242731, -0.001931341533850261, 0.001516095167170667, 0.000687875380731029, 0.1
90, 2, 1, 0.15212207574709266, 0.14350796704071972, 0.5508345807420362, 0.15353537647015147, -0.0036585719240655123, 0.08948433307195217, -0.10818511867452059, 0.3037856207242301, 0.06973426418416775, -0.1880572253617125, -0.0132910892039523, -0.07756664543058163, -0.08339620338626251, -0.07890393679328617, -0.069231603625631, 0.00043219601654951613, -0.0005728070615127368, -0.0024109192684070645, 0.05092224152907933, -0.0005171974638889589, 0.0011936321440112847, 0.0013724049016266894, 0.1
91, 2, 1, 0.15212937781081362, 0.14662685375548162, 0.5443517555783335, 0.1568920128553713, -0.012767512192855723, 0.01603524397658538, 0.11283605745975973, 0.04225704664338074, 0.04691827661918355, -0.266998652387615, -0.033196036847149155, 0.15842798357538207, 0.10648276967590191, -0.05309666364645924, 0.02397652039270359, -0.0013919876481582258, -0.0010087687679222958, 0.0012571279378043255, 0.05106261055942498, -0.0014842370356051159, 0.0005702036344728105, -0.00017499382334794665, 0.1
92, 2, 1, 0.15213052363306825, 0.14687654215363416, 0.5439736963320599, 0.15701923788123773, 0.07257885978100495, 0.06441125807476426, 0.07486301167397427, -0.0190436504596438, -0.053053435953975894, -0.05203473871708033, -0.20174348682028215, -0.3029391154303447, 0.10289980375167933, -0.004996422789585081, -0.06355105139753003, -0.00017729377319793623, 0.0013187341375821623, -0.00010981533235725845, 0.04961559862966751, -7.222006363203745e-05, -0.0015682337447738802, 0.002192727460816141, 0.1
93, 2, 1, 0.15207452789872428, 0.14580771152585642, 0.5430260314520198, 0.1590917291233996, -0.17992020688950092, -0.11507940438656097, 0.07555780134010029, 0.1090327918305268, 0.024046374940119575, -0.17530705781877867, -0.14961614677149432, -0.06945329641801948, 0.04123875181654803, 0.11231298015581867, 0.14445857521947972, -0.0012866139147255525, 0.001129293243555825, -0.0009579745109994804, 0.048407547474319176, -0.001800520700757148, 0.001351378422945001, 0.0012977477516862208, 0.1
94, 2, 1, 0.1520785280308248, 0.14396095562047626, 0.5448086598927367, 0.15915185645596228, 0.027904944069945804, -0.10435392683704574, 0.17267615456188704, 0.15177890596566285, 0.16591928024426744, -0.1027049255660856, -0.10714255736291836, -0.06686630677572822, -0.11974613414467905, -0.17296138486117213, -0.12450972241770031, -0.0010966407535584794, -0.0009557061255660778, -0.0006565888620905589, 0.05032014248699198, 0.0003167302111487354, 0.0010483250177327568, -0.001300804452686525, 0.1
95, 2, 1, 0.15200456713579558, 0.14401611481940763, 0.5445609082577533, 0.15941840978704358, -0.07792295263085416, -0.07317287517317934, -0.0352140524977423, 0.08833055494971619, 0.03324572682025019, -0.09685663451194454, -0.08061106854440872, -0.01999307618119438, -0.16323758504492208, 0.15892249205944062, -0.1478218897482721, -0.00015829738102935084, -0.00012392911075533028, 6.103802569945683e-05, 0.050536746493509165, 0.0001889000740038103, 0.0010388526984939383, 0.0002899242738863653, 0.1
96, 2, 1, 0.15203834170178654, 0.14681683387087288, 0.5345531176319861, 0.16659170679535446, -0.04321174301560311, 0.06367067704800684, 0.13427406785103793, 0.051619692574122154, 0.09297830506512213, -0.20129788200919546, -0.18315869484918276, 0.1276298809895726, 0.0773260303863734, 0.07700408195403133, 0.098154648712116, -0.0016256415689862992, -0.0009567548176309167, 0.0008120731979043593, 0.05024670114931856, 0.0006643619776775962, -0.002818399007643287, 1.169005337026333e-05, 0.1
97, 2, 1, 0.15203928622671595, 0.14705576889434482, 0.5342416128507356, 0.16666333202820371, -0.07475563246638647, -0.06344422235107347, 0.11326253400632716, 0.2318053914277476, 0.16474528401801175, -0.10343828471174146, -0.21124676169048237, 0.14775884241296106, -0.037179325462760184, 0.0794671989097799, -0.14023113109064722, -0.0004614132155101202, -7.164659981060357e-05, 0.002015330803497109, 0.04914660617715125, 0.002044050880116041, 0.00020332089462242798, 0.00030969181916775285, 0.1
98, 2, 1, 0.1520390437578674, 0.14740802612350776, 0.5332852009324567, 0.16726772918616814, -0.05664929572646067, 0.01981487998953365, 0.025478147667312667, 0.10988339984369386, 0.023099898919600226, -0.4218623962683815, -0.3011913372520745, -0.024893605245095825, 0.06665777118225702, 0.13104482327295625, -0.0064836938436520705, 0.00015878448647954228, -0.000299498185629635, 0.0004047656643077032, 0.04927523025463899, 0.0009129139765700763, 0.00043802869844898303, -0.001041333907705118, 0.1
99, 2, 1, 0.1523129348134797, 0.15700326706037981, 0.4999558621783706, 0.19072793594776993, 0.1376617533257254, 0.12863473426714264, 0.004655608805028896, -0.016927155341782286, 0.29183271488287404, -0.03671184592252654, 0.04361837472002321, -0.04433264962517046, 0.07471671802559758, -0.10108774012126323, 0.11950640302818608, -7.943242898276897e-05, 0.0010651119247430227, 0.0011142476399103763, 0.05095504644459557, -0.0003263736441600819, 0.00031637633556622655, 0.0014287109414799143, 0.1
