t, Event, Policy, P(still), P(random), P(reach), P(transport), o(t), s_a 
0, 2, 0, 0.9328504204750061, 0.0060969749465584755, 0.06105254963040352, 6.50004106095281e-10, -0.6096290154143645, -0.5714990907044442, 0.6974898083089098, 0.2026663561729977, 0.15328711757482805, 0.04617528474010239, -0.11361864600268715, -0.28360504466895675, -0.21154152073790064, 0.5012840472095246, -0.0343028616256901, 0.0877463239057858, 0.10407694733353967, 0.05448550698184582, 0.002377964915847644, 0.07323553911654687, 0.007586659391890538, -0.017015064675741553, 0.20149359194347988
1, 2, 1, 0.02499902900816312, 0.01594849282417148, 0.9590524781676648, 6.015978654331365e-16, -0.5690262906094719, -0.5678105182513142, 0.6375294622219282, 0.2010389363332449, 0.10884018452364244, 0.11079262431216423, -0.12368634169916386, -0.5420225589485449, -0.3221423292700885, 0.23543702171393716, 0.058353905030314325, 0.05871531618078869, 0.041606217448696046, 0.07352352164473837, 0.00969391043362897, -0.0665176474294588, -0.15566996657765786, -0.022063825158451157, 0.20149359194347988
2, 2, 1, 0.023919678673217346, 0.016965518216145826, 0.9591148001166985, 2.9939383390906656e-09, -0.48277488395417223, -0.6993797514776723, 0.5766697222582934, 0.05794238350753207, 0.18596482116291393, -0.0023341965755767193, -0.11345633646628983, -0.3170983155465946, -0.1966227536651722, 0.40291148580611774, 0.024730158911897955, -0.0006673692211858655, -0.0002934455222419973, -0.0004617222060577164, 0.019039976770641592, -0.0009257271084159716, -0.0003826478995212643, -0.000751921998322988, 0.20149359194347988
3, 2, 1, 0.023919678592623433, 0.016965518294685393, 0.9591148001187562, 2.993935039533829e-09, -0.5150757633210965, -0.6474084280135763, 0.647236685322816, 0.18505466730979284, 0.09027259558207941, 0.30340172578097524, -0.1298700303137594, -0.44186381622458376, -0.3405951351252293, 0.23468165101324834, 0.12343547593378301, -0.001669223079834963, -0.0012613099374474848, -0.0017679234404506094, 0.019086382453048115, 0.00048464139487627394, -0.0007305247617015623, -0.0003242872193351854, 0.20149359194347988
4, 2, 1, 0.023864119929737113, 0.017020526416304107, 0.9591153462316343, 7.422324594699339e-09, -0.4371885360704265, -0.7103795811170259, 0.558777789702565, 0.4648525973679233, 0.04428675659185636, 0.0983609863398395, 0.01952214370980605, -0.2397905677810949, -0.2685439849521555, 0.24146231797875028, 0.06855466430485198, -0.0001456744287671407, 0.000905189258231206, -0.0006351062018728015, 0.020487173275240807, -0.0010068350330115102, -0.0003479723313321125, 0.001746064244116875, 0.20149359194347988
5, 2, 1, 0.02386407258454913, 0.017020572667395643, 0.9591153473249112, 7.423143976487271e-09, -0.6311000983123075, -0.5972593480961943, 0.6546999065349264, 0.2737378636627798, 0.08488953073257104, 0.219238198574204, -0.033547611247243904, -0.22944721542181185, -0.12240144467113076, 0.23684955459498078, 0.0019267566979207118, 0.001021884660247566, -0.0006041495294633913, 0.00010842005025952482, 0.0193178902753853, 0.0005553944677643533, -0.0003416735633500362, -0.0006766718640068883, 0.20149359194347988
6, 2, 1, 0.02386407258602192, 0.01702057266527749, 0.9591153473255567, 7.42314388534077e-09, -0.5688495395924847, -0.6173824941980939, 0.7674379451583688, -0.013771179067285245, 0.18936857766606546, -0.051785864566013376, -0.1618591701669766, -0.20817217050257625, -0.23575350578545043, 0.449431898897509, -0.03590610891063496, -0.00021694352734156794, -0.0012532294236864655, -0.0007133662274131865, 0.020387017447692838, 3.0399954039989108e-05, 0.0003269473453227967, 6.28688620161131e-05, 0.20149359194347988
7, 2, 1, 0.023864072788305494, 0.017020572462441663, 0.9591153473261608, 7.423092105109305e-09, -0.5811687896846168, -0.5704678317017231, 0.46266366440575846, 0.2678863959813738, 0.09149403381047272, 0.15516884221282262, 0.026908915401934318, -0.37086202924792017, -0.4184988545633074, 0.32420412094582607, 0.17084228027345588, 0.00016924593364043097, 0.0009874260055759362, -0.002326198544620276, 0.02196091038522794, 0.0009823166173052555, 2.5196589002463336e-05, 0.0006233052136442921, 0.20149359194347988
8, 2, 1, 0.023864088327526293, 0.017020550765293595, 0.9591153534843208, 7.422859382633318e-09, -0.43180138655339223, -0.5201049893314591, 0.6177185104093652, 0.003768018571530063, -0.05820289708048347, 0.04814130552262165, 0.033240442277166514, -0.5960175830100651, -0.4147130742253199, 0.1915295406154161, -0.09438871877513089, 0.0016710452430657985, 0.0008032305463257835, 0.0017367246624554334, 0.01960847886164514, -0.0010199963319185933, 0.00013895675153109715, -0.0013702575165262603, 0.20149359194347988
9, 2, 1, 0.02385226178136883, 0.017031704592382728, 0.9591160261743269, 7.45192154197266e-09, -0.4149968689365264, -0.39387774277869936, 0.5816824283392399, 0.27936658391761143, 0.042333421841655096, 0.12321647566046919, 0.03136982853672203, -0.3047772082923258, -0.4987443940757556, 0.24277141438154856, -0.11965208017161015, -0.0005534290124992313, 0.0017063649054528556, 0.0009444835490975738, 0.021599820488701092, -0.0001145735084400369, 0.00018113516629539195, 0.0005151427745563668, 0.20149359194347988
10, 2, 1, 0.02309759608716141, 0.017749239572311813, 0.9591531564283136, 7.912213264885334e-09, -0.35432331500641984, -0.559422540979782, 0.6455701513373503, 0.33008450125886635, 0.3609904884655376, 0.19743573087291727, -0.11559508901296414, -0.18093684673431204, 0.10264908605352133, 0.42000138404301196, 0.01338972798246412, -0.0008633274301299508, -0.0028655250833286502, -8.614519289296817e-05, 0.019792469462718187, -0.0009829675859635522, 0.001564540275659838, 0.00012313433452805722, 0.20149359194347988
11, 2, 1, 0.023097595960867, 0.01774923969523577, 0.9591531564317711, 7.912126162835745e-09, -0.5497380153352702, -0.49014333252703296, 0.6288406698485309, 0.1259903052279931, 0.10403159022965033, 0.23187851727246275, -0.05225612084036385, -0.2984171163289729, -0.24390978250864506, 0.08811587765627778, -0.07724563709179236, -0.00046224859807364634, 0.0017551464532305824, -0.00018897690116878027, 0.01957892031169532, -0.0006234924790910169, 0.001743555337493516, -0.0009006556154375747, 0.20149359194347988
12, 2, 1, 0.023096988304066687, 0.017749819330231346, 0.9591531844500962, 7.915605784658651e-09, -0.5635210951493901, -0.42403116116465894, 0.714465541189337, 0.3514103623794444, 0.03837952702054648, 0.09585241353902443, -0.08582755834580089, -0.32530331628868103, -0.19438874896648248, 0.18115265879923476, 0.004540753428174909, -0.0018637927735127824, 0.00039549187623379514, -0.00025233984249152985, 0.021427114185130387, -4.0441275675383516e-05, -0.00013510728800976096, 0.0007152168923176041, 0.20149359194347988
13, 2, 1, 0.02309698277375144, 0.01774982479538819, 0.9591531845152199, 7.91564052625894e-09, -0.5683422738554077, -0.5035896260158037, 0.6005154972640646, 0.030797007643635067, -0.034727002006327876, 0.2845652859203606, 0.02565850134308454, -0.2215597704339109, -0.147526656498778, 0.36108686202198714, 0.09989849629260697, -0.0006735685222010354, 0.0006402243264766647, -0.0008485952032122049, 0.019186514021950762, -0.0001501934227426529, -0.0009973384633917798, 6.628123822027975e-05, 0.20149359194347988
14, 2, 1, 0.02309698273664712, 0.017749824831162324, 0.9591531845165605, 7.91563003269166e-09, -0.5918173029659407, -0.578444207833616, 0.5423093086487997, 0.3200047585518419, 0.2620853403995111, 0.09458702670511988, -0.09166548540116419, -0.2931251703979173, -0.30435256216927725, 0.385988551581611, 0.07578514489756716, 0.0016341526478383345, 0.0003159056593858123, -0.0011379296486288555, 0.01930316547170962, -0.0009978195812281308, 0.0007320247830562464, 0.002068950206023076, 0.20149359194347988
15, 2, 1, 0.023096982736378776, 0.01774982483170218, 0.9591531845166206, 7.915298532122614e-09, -0.6977165021990623, -0.5158264223758042, 0.40245943315737787, 0.12263977917768151, 0.28446736359495395, -0.19945150068229686, -0.15258020918516785, -0.23034131273807787, -0.29207875351783297, 0.30284129523024644, 0.14763960175893381, 0.00038233482838958595, 0.00038103258105258225, -0.001148542591500397, 0.02115904346031216, 0.0007071736524393623, -2.411523268822485e-05, 0.0009665967031037114, 0.20149359194347988
16, 2, 1, 0.02309698274658657, 0.017749824829996267, 0.9591531845173673, 7.90604988693374e-09, -0.6142203392084502, -0.5630057808795984, 0.49661762931125875, 0.19740504643821458, 0.056579835408301485, -0.027458970787367986, -0.19652957839139595, -0.10454071578481645, -0.2717291297168624, 0.1410514941270676, -0.1132472378867632, 0.00042970997097644054, 0.001025729843856207, 0.0004457815573027259, 0.021046686791718616, 0.0001748391762910519, 0.00034525879527915924, -0.0004116626841091031, 0.20149359194347988
17, 2, 1, 0.02309698561536125, 0.017749821936000554, 0.9591531845427792, 7.905859038585854e-09, -0.6203379636422233, -0.5763729023115564, 0.5059970267060634, 0.2516393200835411, 0.06709696902914009, -0.0020158668753597064, -0.05266317814140754, -0.3176367980834708, -0.3074329180080796, 0.323420018340361, 0.051514219533390915, 0.0007877520800778009, 0.0004483176668679952, -0.002654272482364542, 0.01949791649889789, 0.0008432470339734429, 0.0008277671835069421, -0.0014301347525632366, 0.20149359194347988
18, 2, 1, 0.02309698555917838, 0.017749821990813642, 0.959153184544155, 7.905853017261962e-09, -0.4767994372098075, -0.5424381260910155, 0.5872020462849958, 0.05454714715954663, 0.09378391533255105, 0.13636132706782492, -0.277327933542831, -0.007465867420197591, -0.25359599261311677, 0.3710219902104927, 0.08601947593109464, 0.00010564214344434852, 0.001015436073842749, 0.00084711894200988, 0.02007012684235652, -0.000793672946891051, 0.0007713004495237056, -0.0010974194094381933, 0.20149359194347988
19, 2, 1, 0.02309698573245701, 0.01774982179933825, 0.9591531845623563, 7.905848365986604e-09, -0.4655357977349003, -0.28179799047559523, 0.5566835431058538, 0.09854083703583208, 0.1021081053977293, 0.10905604374869057, -0.14463798591125504, 0.024929952310681625, -0.23584374494104288, 0.28456752106798927, 0.09230905439659115, -0.00042312626693798817, 5.371722814402317e-05, 0.00033213744834459174, 0.01999472557139218, 0.0002987902895489608, 0.0008508497530829584, 0.0005109645488823102, 0.20149359194347988
20, 2, 1, 0.023096985552873584, 0.0177498219734185, 0.9591531845672289, 7.906479001784548e-09, -0.3551959554858709, -0.5652162004319617, 0.5575289525685754, 0.23775036411301956, 0.14860108071501993, 0.05395115448828267, -0.09598132609390922, -0.12357884857095817, -0.19111609118627554, 0.10174149536891505, 0.14312124289068384, 0.0004862358243037699, 0.0017817639200097828, -0.00021412049399107693, 0.02037360756246389, -0.001001232972431843, -0.0025622938261285573, -0.001023163299000452, 0.20149359194347988
21, 2, 1, 0.023096985221601796, 0.01774982229286885, 0.9591531845790511, 7.906478292794458e-09, -0.3618552055997997, -0.4346214974595156, 0.5455168702141463, 0.16134650564482203, 0.13219514677450975, 0.22733100050066843, -0.0679512437766807, -0.40015871894152816, -0.36468889627453593, 0.2410993961895967, 0.04496883679436052, 0.0007979193881973519, 0.00015851556908826238, 0.0005532365150563538, 0.02088226305178511, -0.0005652664722491818, 0.0004183225524135253, 0.002901505344488434, 0.20149359194347988
22, 2, 1, 0.019042597748500537, 0.021778204290772603, 0.9591746675991457, 4.5303615811958655e-06, -0.4192263451849815, -0.5211370175483138, 0.5034904636274641, 0.15600139358138237, 0.09511950637382326, 0.08969269739004396, -0.10094434269274322, -0.2835338341485298, -0.16287779599630925, 0.14297137349576233, 0.1923200989425506, 0.0007490055393975113, 0.0011926639797892684, -0.0001716248125102615, 0.019448351143213995, 0.0010264782630711876, 0.0010955478120004063, -0.001077006526173354, 0.20149359194347988
23, 2, 1, 0.019042597746161315, 0.02177820429281884, 0.9591746675995562, 4.5303614637145845e-06, -0.47449004904210473, -0.3912835666884714, 0.446304879479107, 0.15530765708369954, 0.07716635418821252, 0.1859180018407445, -0.26230973125883994, -0.2232340297552739, -0.26127381447064635, 0.5023788881086281, -0.08341571356948069, -0.0005460155768547631, -0.0010897514185045278, -0.0009553649728634526, 0.021881877382658975, 0.0006781866141284157, 0.0005185354984275493, -0.0009326901132605955, 0.20149359194347988
24, 2, 1, 0.0190419626934789, 0.021778814904363487, 0.9591746920407463, 4.53036141134001e-06, -0.40780267743238346, -0.5433294997698527, 0.6153501540299934, 0.33400225284498436, 0.011659436672313284, 0.09231769850116464, -0.16007796958995518, -0.26711068428457774, -0.14155990626552528, 0.4112524345491213, 0.1058594477551061, 2.830096137373991e-05, 0.0004252091613888748, -0.0013376557899414292, 0.019211826368759063, 0.0010850611727519202, 0.0006381479313259152, 0.00029600349561229527, 0.20149359194347988
25, 2, 1, 0.019041958930633075, 0.0217788186155161, 0.9591746921096671, 4.5303441837845545e-06, -0.4206636190190495, -0.37027757795566385, 0.5063967025890987, 0.18849425120742463, 0.17355489576922323, 0.24715229930993138, -0.15425179018939267, -0.2753097160543004, -0.1372808291361157, 0.19413987188468726, 0.07361866755347732, -0.00045447831177489255, -5.431373309369217e-06, -0.0007440823857608914, 0.021181019210772704, 0.0018195403540518043, 0.0010000065308220039, -0.00016562540669091852, 0.20149359194347988
26, 2, 1, 0.019041958928644118, 0.021778818619557626, 0.9591746921097769, 4.530342021233617e-06, -0.33380906725830695, -0.5543837923656334, 0.5334575791487998, 0.11941474102084246, 0.05538273571045558, 0.21611617405346029, -0.3923615707442313, -0.194995867896863, -0.21839520780659635, 0.07008853238579063, -0.03579368013625295, 0.001226612522413751, -0.0009734063444282057, -0.00014036217224594656, 0.01853105327921454, -0.00017097091994956441, -0.00017135914767742226, 0.0011963099372467028, 0.20149359194347988
27, 2, 1, 0.019041901260785556, 0.021778876079670866, 0.9591746922168799, 4.530442663710498e-06, -0.6447439158706361, -0.48444190690514244, 0.45409476167761104, 0.29924335132606356, 0.1706178627194972, 0.058573351479197754, -0.12381572316535412, -0.12097153002147584, -0.2458033028592912, 0.10229411671124751, 0.2599701373581279, 0.0009763440595077718, 0.000235579479289414, 0.0014448483231428682, 0.020252093532109945, 0.0006573804939841982, 0.00024017800481470822, -0.0002687773404748456, 0.20149359194347988
28, 2, 1, 0.01904190127953139, 0.021778876131692396, 0.9591746922199346, 4.530368841733473e-06, -0.5448710774642196, -0.3679990168702962, 0.48386425300209324, 0.31350677332457566, 0.14938946520796298, 0.17823778533497422, -0.13743220338464926, -0.03761615486501759, -0.18967849191814862, 0.4292140680943152, -0.014970966553849756, 0.0008806842398970085, 0.00022173885697527131, 0.0005803928887468992, 0.01977988348918997, 0.0015960353536160032, -0.00023176294802603123, -0.00016092316465872027, 0.20149359194347988
29, 2, 1, 0.019041901273053965, 0.02177887615656782, 0.9591746922207811, 4.5303495972326205e-06, -0.5041384539163875, -0.37731281162159214, 0.3850514012064122, 0.2119763260978691, 0.12915874508885483, 0.14805577215566018, -0.2062998745347652, -0.26931020194462524, -0.1813503330088891, 0.2790241239617287, 0.05279011232502715, 0.0027061941514921846, 0.0009568260493245752, -0.0028212227793584154, 0.020334289932956752, 0.00021521267384060584, -0.00024801851080286504, -0.0009966998579244352, 0.20149359194347988
30, 2, 1, 0.019041700800783698, 0.021779074478967514, 0.9591746943679244, 4.530352324326544e-06, -0.22984942460091656, -0.46583436872282336, 0.6816505557323427, 0.39091389345418326, 0.17939253216967624, -0.024256803435306607, -0.11070387258939256, -0.25246968460980834, -0.14936739820125905, 0.15087117318799326, 0.1366395867630849, -0.0014326781709412878, -0.0014313105201233512, 0.0007066499686024805, 0.020304363595521027, -0.0005092447656507747, -0.0003379398736535831, 0.00010286154796958449, 0.20149359194347988
31, 2, 1, 0.01904170070752314, 0.02177907456382887, 0.9591746943763577, 4.530352290344513e-06, -0.20186357823942308, -0.3368112059402955, 0.5225613642053087, 0.2575906445840889, 0.01738717526844259, 0.04367249969288615, -0.25182953617806136, -0.2158708942834977, -0.3162560334712872, 0.10834127598336951, -0.15970783595613378, 5.7706372682133756e-05, 8.043524563163774e-05, 0.00016643021583647504, 0.020719096167180172, -0.00020488026504361607, -2.6601668177305293e-05, -0.00043503334959925165, 0.20149359194347988
32, 2, 1, 0.019041681527440034, 0.02177909327541356, 0.9591746948471352, 4.530350011090149e-06, -0.39807396186343774, -0.3623515802714386, 0.44543869320222207, 0.19751969447482828, 0.17425879122381863, 0.34090552514548855, 0.0037032570420303832, -0.2975688755085455, -0.34124776783845484, 0.449624401962077, 0.04502479752921521, 0.0012698602678320313, -0.0019690244624268696, -0.0014264947258345651, 0.019587969811355303, 0.000990887010606982, 0.00046782773715022967, 0.0012432091320451332, 0.20149359194347988
33, 2, 1, 0.019038925925393562, 0.021781827499900985, 0.9591747135366203, 4.533038085174584e-06, -0.5700701166975451, -0.36950868392926883, 0.42431808995723375, 0.10921356514533347, 0.14530400066905264, 0.047491371434506637, -0.09481551917482849, -0.17733570541437307, -0.3967452535642694, 0.11774699302845222, 0.11338693929025548, -2.0936555117580264e-05, -0.00047908823351160433, -3.7604655166539654e-05, 0.019172616077563927, 0.0014954949673101055, -3.5590494748763615e-05, -0.0015914681765773306, 0.20149359194347988
34, 2, 1, 0.019038544461439606, 0.021782202418897733, 0.9591747216497282, 4.5314699344580485e-06, -0.4360286997659274, -0.5012922812414697, 0.5467984641463375, 0.1908072221164875, 0.01173692783431729, 0.16848512478482128, -0.02808227375597403, -0.3617833981890427, -0.1528011742946434, 0.14590951033560984, 0.0051701960963286085, -0.000927398858301022, 9.453043850917049e-06, -0.001394983854125235, 0.020138682789516235, -0.000633361170785165, -0.001342208565896499, -0.001956687975880248, 0.20149359194347988
35, 2, 1, 0.019038533012259943, 0.02178221207365028, 0.9591747234441265, 4.53146996341601e-06, -0.41458063017391034, -0.42187000845187494, 0.5628835071898055, 0.05296685308123741, -0.09701783531274515, 0.15337011625047633, -0.17411283604874764, -0.33680954109899613, -0.19481731757474108, 0.3599704817496693, -0.10581006839223092, -0.00014383449283243748, -0.0013507334236718624, 0.0015840823038693215, 0.02164633786680716, -0.00043279796090870326, 0.0008536935931829295, 0.0008099433234465688, 0.20149359194347988
36, 2, 1, 0.019037856072993495, 0.02178288042428406, 0.9591747263337177, 4.537169004802364e-06, -0.3710524000403582, -0.5385097315799254, 0.3658935000124199, 0.35498296586279415, 0.22175459633750502, -0.018179896238285663, -0.05296231607445521, -0.09163399251107283, -0.15669235211424987, 0.19534398285684595, 0.1236865131603305, -0.000840215243272981, 0.0018467747192397002, -0.0006665007222906132, 0.020590524991200947, -0.0015668913652256173, 0.0012761098233690753, 0.0007728589385108968, 0.20149359194347988
37, 2, 1, 0.019037857128988877, 0.021782882071157635, 0.9591747262703233, 4.534529530182576e-06, -0.4618918034106604, -0.35909406144326944, 0.3257311625595404, 0.14340608451700318, -0.04289074775250938, 0.14250398368464853, -0.037907919711191174, -0.21927870584167555, -0.15157630623092175, 0.2881550812566352, 0.17615735045837771, -0.0013442353856709353, 0.0003663932262749502, -0.001567407156120423, 0.02029295255000179, 0.0007633767664219818, 0.0004483474871725461, -0.001063554404672216, 0.20149359194347988
38, 2, 1, 0.019037689481640703, 0.021783048319369672, 0.9591747274770771, 4.534721912524419e-06, -0.43050006800412743, -0.5647923017289265, 0.5462687776923151, 0.1486953356131613, 0.18508903947455196, -0.015027611421245802, -0.0760564224384874, -0.17433596079895575, -0.05377035977303986, 0.13090612602919496, 0.1065149506603088, 0.0009108555194009785, 0.0007128508850609322, 0.0001502459964834245, 0.020010303747876913, 0.0008179842841121735, -0.0013056542791987336, 0.0003189032752562382, 0.20149359194347988
39, 2, 1, 0.0190376888664188, 0.021783048943921763, 0.9591747274902092, 4.534699450285909e-06, -0.4078149781410053, -0.3375276390819937, 0.5122445865915751, 0.3403052433229936, 0.19347014705336324, 0.03974199225140388, -0.0565006763273734, -0.26768584995204026, -0.06818155322255204, 0.36665789044397706, 0.137919946790746, -0.0010562654500726634, -0.0013280482795967033, -0.0006074975391265278, 0.02046002600833614, 0.0005567194233427584, 0.00016997364378709782, 0.00044864748499792934, 0.20149359194347988
40, 2, 1, 0.01903769188352862, 0.021783045796396592, 0.9591747276453757, 4.534674699117309e-06, -0.2403246275943312, -0.33310604424065743, 0.42172126645848795, 0.27435477276878784, -0.07066471647595898, 0.2312504338514149, -0.06827879114401039, -0.230165738550421, -0.28709458032068513, 0.2716762032728255, 0.0942907844067539, -0.0018947699392776224, -0.00026917384411845145, -0.0003330558486765351, 0.019220768699486742, -0.00020310402937694173, -0.0008479974909448957, -0.0007970193897490635, 0.20149359194347988
41, 2, 1, 0.018266113558231694, 0.02254144318212218, 0.9591873407027517, 5.10255689451598e-06, -0.24210085902052542, -0.2676795238024029, 0.5148601617320587, 0.2583317728741912, 0.19187791141712082, 0.06727630013658113, -0.07089206072146356, -0.1915227709401685, -0.046775445625099096, 0.23660295538045784, 0.0637457904666294, -0.0005312812944076697, 0.000778275744154059, 0.00023298963508553943, 0.020011033915201825, 0.0001594026363680465, -0.000838883082947795, -0.0007701549808413679, 0.20149359194347988
42, 2, 1, 0.018265985010982807, 0.022541569765492396, 0.9591873420312155, 5.1031923093436485e-06, -0.46470877857946535, -0.35038083869186665, 0.44442344453793314, 0.11207091351948487, 0.16594303420543954, 0.13673988397761433, -0.02316887232594298, -0.3026073656233637, -0.146768519009147, 0.17972485898861223, 0.09857648839273529, -0.00036681909921281884, -0.0018971688548895184, -0.00200726582248666, 0.020420184003049614, 0.0001623101298593012, -0.0011178192554690968, -0.000286560646956962, 0.20149359194347988
43, 2, 1, 0.01826578839536973, 0.0225418294438472, 0.9591872775035977, 5.104657185362337e-06, -0.2122165607246232, -0.308634767222405, 0.45678452936364033, 0.20494619258602115, 0.030353562005352375, 0.07392841818078383, -0.21321178055411916, -0.06884702406212939, -0.07270083763015187, 0.04172402923334353, 0.01602240902387701, 0.0010270114091340443, -0.0005095614318487003, -0.0011413076033693825, 0.018778577641252903, -0.000174360798231047, -5.3011870604491654e-05, -0.0002145693497726992, 0.20149359194347988
44, 2, 1, 0.018284528358868807, 0.02255363667148067, 0.9591555141464644, 6.320823186142719e-06, -0.37313351030604475, -0.32930505875612937, 0.3472113724678029, 0.19088115445845605, 0.1371748875675675, 0.2765854009701417, 0.05944126807153689, -0.11477965724594918, -0.043091748980869114, 0.13236577244965675, -0.031851658377401074, -0.0002677765376610848, 0.0013930284645835512, -0.0005716025892203519, 0.020925410879434593, -5.202739694415265e-05, -0.00016498003319982276, 0.000887909571835235, 0.20149359194347988
45, 2, 1, 0.018284528331030964, 0.02255364954100718, 0.9591555015182911, 6.320609670838373e-06, -0.10882013264672112, -0.296419802136687, 0.34451642791090403, 0.19226192777542975, 0.31299318641804835, 0.3799980360989906, -0.19743291613236325, -0.09893926053916612, -0.08024350511287734, 0.1945693474918002, -0.060764279387053935, 0.00033090408640730685, -0.0006799475957589594, -0.0005378956498749481, 0.019866346463935293, 0.00020501653405989015, -0.0010339605289217538, 0.00030706874900621623, 0.20149359194347988
46, 2, 1, 0.018279555734998756, 0.022558404027757325, 0.9591556854337162, 6.354803527768162e-06, -0.32938362977752406, -0.2656779293846296, 0.42195622890358553, 0.09257089873757891, 0.1154874375171755, 0.19362979114842135, -0.1502323469476813, -0.2314993361721091, -0.13966645173072084, 0.17648809415469344, -0.0729186397719665, 0.002372963816140034, -0.00041065526744770136, 0.0001006133680415151, 0.019547804173186314, -0.0009664365146839873, 0.00016160063979169128, -0.0010335533482335514, 0.20149359194347988
47, 2, 1, 0.018279554426278696, 0.022558406139806263, 0.9591556845662021, 6.354867712977516e-06, -0.3629189734156282, -0.31271539823320676, 0.2450195988985943, 0.34310242047301903, 0.1819126488794756, 0.09831957990207994, -0.23108314136781938, -0.10826397217784214, -0.1682256254601225, 0.18791058557700313, -0.15427966244841815, 0.0008317125090445451, -4.699700066907288e-05, 0.00017660078534655898, 0.019310363846870744, 0.0006295785464103282, 0.00012311634529493326, -0.0006266061259979176, 0.20149359194347988
48, 2, 1, 0.018279496790743137, 0.02255846442424036, 0.9591556837541187, 6.355030897796197e-06, -0.14640385338449066, -0.27379866387584906, 0.4092925003032469, 0.2643709718536562, 0.18533736056532701, 0.06059198261723251, -0.24578585495872537, -0.16360450923523845, -0.06754226262693824, 0.15922869863464542, 0.048348484691779416, -0.0011349343682778789, -0.000510283021714828, -0.00044991824427378333, 0.020192602144060497, 0.002665069222382391, 0.00042007167090898424, -0.001436955075746648, 0.20149359194347988
49, 2, 1, 0.018361189564742475, 0.022476137930707827, 0.9591562344018095, 6.438102740237608e-06, -0.22979419897936548, -0.32828493898888206, 0.4013679881784314, 0.24654027798492462, -0.003427304889358762, 0.004902498484388951, -0.021697556797103078, -0.12762070767720296, -0.10245840508629418, 0.28871567729261755, -0.007310244603404242, -0.0006019096674296823, 0.0007903752338698797, 0.0009651246145966687, 0.01923969326964586, -0.00027585596214819844, 0.0002527464074348259, 0.000604723095713005, 0.20149359194347988
50, 2, 1, 0.018364321124511425, 0.02248789784528351, 0.9591406072042106, 7.173825994429866e-06, -0.2910660881402995, -0.2306615943202946, 0.28538938813519216, 0.19093016850127958, 0.24932391958090339, 0.09200821003655611, 0.00017869599923159285, -0.09646126895745807, -0.12772634191290638, 0.12205697033932097, 0.3056653974471298, 0.0013749055616283825, 0.001965983369473254, -0.0009057030337199896, 0.0191109879040898, -0.0005323176162377453, 0.0005404837869648091, -0.00045326448247364414, 0.20149359194347988
51, 2, 1, 0.018365077269712846, 0.02248718677544197, 0.9591405605353305, 7.1754195146421825e-06, -0.2799773142799948, -0.21119891142246386, 0.40035095478232, 0.18670731849346084, 0.013086975675982871, 0.1833995565099408, -0.025197265116337898, -0.05282642125039255, -0.3770292216708583, 0.04813625090745759, 0.015751423311978954, -0.0007526023953279881, -0.00045475177849022545, 4.102292463540122e-05, 0.019712037662544583, -0.0007923351569740937, -0.00040710594901561934, -0.0016909138200073234, 0.20149359194347988
52, 2, 1, 0.0183648194499874, 0.02248868364471241, 0.9591390771014102, 7.419803889927527e-06, -0.3282298278738945, -0.20651864282195276, 0.3304902781234834, 0.23261573091580073, -0.03807534613731382, 0.02279819655673221, -0.08564995932279927, -0.17985047813001648, -0.0980956069284085, 0.1344003418294915, -0.08592371970563044, -0.0006708377040139013, 0.0001131568671494387, 0.0007909011518528189, 0.02098770100781356, -0.001162153948509405, 0.000989923512484733, 0.0007436133978264933, 0.20149359194347988
53, 2, 1, 0.018364959594888146, 0.022488542253589268, 0.9591390779626194, 7.42018890302013e-06, -0.42390845128143206, -0.30017575797892687, 0.39203890580604456, 0.20758160232885836, 0.15937089351999875, -0.016273081264723356, -0.08334548584059757, -0.09850015569601925, -0.2813833615494128, 0.19186358373027934, 0.14087894588242778, 0.0004871144078812878, -0.001377312537506307, 1.7830741184200078e-05, 0.02038353020880858, 0.000864215683210603, -0.0014423991733046781, 0.0007293257443385849, 0.20149359194347988
54, 2, 1, 0.018365222036199457, 0.022488758918398608, 0.9591385935317934, 7.425513608556292e-06, -0.40985522198366897, -0.2470761360631518, 0.17213355790935822, 0.23897592554156266, 0.10128171989307382, 0.21020673761677955, -0.04267149481542639, -0.1307098167451765, -0.25398727549213324, 0.27711933628393853, -0.009092654320195043, 0.0006667577294121767, 0.0004796875730682361, -0.0008769803448597641, 0.02024490017499881, 0.00017397427748036946, -0.0004256314566264366, -0.00046090588879240703, 0.20149359194347988
55, 2, 1, 0.01836513761246245, 0.02248892618024316, 0.959138482496191, 7.453711103225534e-06, -0.289222161290889, -0.37931742477213304, 0.25414993784841244, 0.2718534549968633, 0.20793254714807352, 0.0886868616137762, -0.17722033175082166, -0.009910568110281969, -0.11850076450847606, 0.029712976201719022, -0.05678758585337244, -0.0007029356546706342, -0.00036241641045808604, 0.0010302423665437001, 0.020525876336834538, 0.0008847265442505466, 0.0009174754268523351, -0.0012745343054371377, 0.20149359194347988
56, 2, 1, 0.018365137180573497, 0.022488926720279023, 0.9591384824555563, 7.453643591078595e-06, -0.2805120986386416, -0.44240968102593803, 0.25777514255961576, 0.1267972254812381, 0.23438179319479327, 0.04697385473568366, -0.2093389556884111, -0.0853846823546367, -0.2064699618166422, 0.14094007641689346, 0.05447947640153378, 0.00016756870696106634, -0.0004806035289389452, 0.0005465880231471993, 0.019611624038457447, 0.0007603667575802887, 5.206236267696451e-05, 0.0006431236083102441, 0.20149359194347988
57, 2, 1, 0.01836513170865817, 0.02248893545487182, 0.9591384781152414, 7.454721228508214e-06, -0.3736801740196884, -0.37476867926175245, 0.2947278121548615, 0.1213318183123854, 0.04820458942521327, -0.08728240690352977, -0.25350804161551427, -0.14038234289923518, 0.014767623167378452, -0.04390059392227734, -0.01856310649595795, 0.0005303889871019882, 0.0005944577407203675, 0.0014781468459804654, 0.01984636576672171, 0.0008198337916333145, -0.0005302797155800562, -0.0009234678264155331, 0.20149359194347988
58, 2, 1, 0.09314625683266625, 0.0791147452535315, 0.8152782359006094, 0.01246076201319281, -0.30588723343042434, -0.08796201838075676, 0.1033507744050673, 0.12759455355336471, -0.03251937554098745, 0.16489835729478966, -0.025422617709465613, -0.07380190601004279, -0.06963673297544032, 0.23825983728312053, -0.004313509609749999, 0.0015904038730169465, 0.0011239440304234689, 0.0002866815454513719, 0.020466515503450373, -0.0002318522462126459, 0.000213814017136917, -0.0004651353487173224, 0.20149359194347988
59, 2, 1, 0.09322330072545479, 0.07958119516138124, 0.81464737386907, 0.012548130244093984, -0.14355759811819208, -0.23244025629509973, 0.33285075455206936, 0.1881251524803359, 0.3020582488945445, -0.005839485439024084, -0.15555215613488638, -0.15577764165303765, -0.0544471210666323, 0.024300280308160248, -0.013998607608822105, 0.0017588202723846785, 5.231229487577321e-05, -0.0019593851862481464, 0.019784650074060446, 0.001295214890677097, 0.00021814874680261127, -0.00023083829091867522, 0.20149359194347988
60, 2, 1, 0.09322191883310547, 0.07958330639213941, 0.8146474011186696, 0.012547373656085523, -0.37643262637150215, -0.20703932586818735, 0.3467508257377769, 0.13397680052671151, 0.14713272956811907, 0.1529025429612674, -0.1302970238992027, -0.21808777404687124, -0.11154048299737485, 0.22339828365906741, 0.09614783472597874, -0.0010459129782298255, -0.0017748958792297713, -0.0016499740753752816, 0.021572313791851993, -6.211268898092573e-05, -2.0404514559651357e-05, 0.00032958789971180647, 0.20149359194347988
61, 2, 1, 0.22150093696830087, 0.17911803978613958, 0.5561704351416952, 0.043210588103864474, -0.012360102582217047, -0.1909434623581559, 0.10906302087167256, 0.22873357143764514, 0.159665392665888, -0.16269440646560876, 0.012681232496758833, -0.17211805972081645, -0.1756725671087968, 0.20507833018074068, 0.01713709686719466, 0.00023683854759753127, -0.0012279388372032668, -0.0015955711090183781, 0.02188057361836504, 0.0014336364847950729, 0.00018881693893217438, 0.0005082446617833599, 0.20149359194347988
62, 2, 1, 0.22156167747868935, 0.1790586971899922, 0.5561704007110448, 0.04320922462027356, -0.25772298148823847, -0.21921073621301868, 0.3696724441935023, 0.2611208589514557, 0.10998414148129827, 0.03420650367507677, -0.08283905776181293, -0.10543820052800246, -0.06540999451453061, 0.29942560425510817, -0.17775216351735407, -0.0007379016283692725, -4.499967554762449e-06, 0.0012592982184165768, 0.019899499382411433, -0.002244296980232986, 0.0004201409733427724, -0.00012013836882568995, 0.20149359194347988
63, 2, 1, 0.22178544554837668, 0.18016748802883228, 0.5548147814907772, 0.04323228493201384, -0.1246512147866083, -0.14387393683276312, 0.2874858426457963, 0.18295422923141297, 0.25659724508528126, 0.1334873157403265, -0.11709799777481353, -0.134936062971639, 0.2757552271925018, 0.15267276637314905, 0.05244130234296729, 4.75100306344565e-05, -3.9144689227021094e-05, -0.0004079787880544784, 0.02068154510359397, 0.0007616903152369656, -0.00012496403017238315, -0.001716599343556761, 0.20149359194347988
64, 2, 1, 0.22178546776731115, 0.1801676213084238, 0.5548147868788059, 0.0432321240454592, -0.21134813981984107, -0.38686211908173274, 0.3477602170572533, 0.10486130785079442, 0.08784228574714274, 0.1496940421235803, -0.17276602522588352, -0.2519961475225606, -0.09734130299163268, 0.27793974399727345, -0.0269838863382441, 0.000503261141525463, 5.423166452526065e-05, -0.00021932056933136965, 0.020014290295641897, -0.00023547054330364304, -0.00038163471975746354, -0.0003039072044220203, 0.20149359194347988
65, 2, 1, 0.22177397132210624, 0.18019137498326776, 0.5548025919516277, 0.04323206174299829, -0.16539230703746904, -0.19769830467060723, 0.20792021229549867, 0.1423354631719257, 0.28935946732208817, 0.06390841796342595, -0.06794036871216771, -0.004727565296191694, -0.21687527259730577, 0.29892751077639046, 0.13560398571035956, -0.0003129303831870748, -0.001139477120517583, -0.0006955583143175845, 0.02111324068765732, 0.00017079301165169494, -0.0019195541430440158, -0.0016405362257598303, 0.20149359194347988
66, 2, 1, 0.22177497576792227, 0.18020161029903856, 0.5547904965646765, 0.04323291736836267, -0.31844535863924756, 0.026420530993589163, 0.10124505158227726, 0.3068843724300068, 0.07177780930556191, 0.09166476901091528, -0.26527728897865427, 0.05717223910502909, -0.10856169497706117, 0.09319198904699888, -0.18165914568221259, -0.001924972212866995, 0.0005550936751694399, -0.001079402344939255, 0.018109823150894117, 0.0006004100505952863, -0.00038489666786101033, 0.0003313977292239512, 0.20149359194347988
67, 2, 1, 0.22178242935179218, 0.18023472340668895, 0.554749811597782, 0.04323303564373693, -0.14630499108568595, -0.11724069278889004, 0.39036090414718533, 0.256413667644948, 0.1528012056874272, 0.010000599541676846, -0.20664719840804285, -0.026955963276277205, 0.11671117422188308, 0.14561193928786, -0.031692601819999486, -0.00029313627325416847, -0.0009333666893671626, 0.0003501113834997746, 0.020095133189226684, 0.00156613090868677, -0.00010885170311850194, 0.0005850163758804833, 0.20149359194347988
68, 2, 1, 0.2217825923879487, 0.18023708719784948, 0.5547476362815014, 0.04323268413270042, -0.32123537808352787, -0.11210781267817913, 0.2874395931852545, 0.07200987982418935, -0.0007527330882219907, 0.17118965176265433, -0.20952005624384032, -0.06446129617481047, 0.08903438918827457, 0.1183190526237666, 0.09615792735026826, 0.001726878181198451, -0.0006538196227472207, 0.00021431806302034476, 0.01822345240801672, 0.00032499858427422715, -0.0011338534180242914, 0.0005128034012263979, 0.20149359194347988
69, 2, 1, 0.23017301154307684, 0.18372974731736724, 0.5370566713373739, 0.04904056980218211, -0.21445133607896133, -0.2988160091293161, 0.18926089729830023, 0.23366069011989993, -0.08525302033030216, 0.04946127834161881, -0.010369613427095126, -0.13044735164128238, 0.14562467117656813, -0.006620375004683843, 0.0018748604327339644, 0.0003233972160872309, 0.0005372599109912628, -0.0007935691829913754, 0.022014951543084343, 0.0012562808537821299, -0.0021935187968172305, -0.0008886660959239077, 0.20149359194347988
70, 2, 1, 0.2301731670976695, 0.1837306922983484, 0.5370555326981011, 0.049040607905881044, -0.2642872343057272, -0.26735336575978297, 0.22928116629930867, 0.1574417817244532, 0.19359362998018265, 0.07877390381495947, -0.18793360732257275, -0.13751220619050278, -0.2070714326162809, 0.10061778840461692, 0.06461101314036595, 0.00018267035451540614, 0.0008463482274726241, 8.916691398652823e-05, 0.020408029816488708, -0.000537260053275703, 4.753184409014787e-06, -0.0007235765630846861, 0.20149359194347988
71, 2, 1, 0.23014732082130404, 0.18375135499402684, 0.5370527982449776, 0.04904852593969141, -0.11112229527602646, -0.2571579960555674, 0.23809369133209674, 0.12364228431799451, 0.18157334841298564, 0.10036753335338877, -0.2091502842878362, -0.10634318001385715, -0.04526646743582275, -0.030969907221558946, 0.0162891225101668, 0.00033245871531196807, -0.00015896658052992624, 0.00035491500460944556, 0.02022396744584106, -0.0007426266554577524, 0.00040878106796373635, -0.0012815310995266899, 0.20149359194347988
72, 2, 1, 0.23014692206886733, 0.18375204172332443, 0.5370527828935875, 0.04904825331422085, -0.10373886952116865, -0.16365974776332043, 0.29720844966464266, 0.2580254455199379, 0.21264037266685087, 0.04247629496191494, -0.27662925674148253, -0.16241460562776958, -0.07190508733066542, 0.10235634738314077, -0.02971354717123793, -0.0012602649563486137, 0.00037572545898828085, -0.0007045322906053713, 0.01842170602795675, -0.002529749109334678, -0.0011941492134627855, -0.0004807124566427724, 0.20149359194347988
73, 2, 1, 0.26531373528349445, 0.19902658288477484, 0.44494059858113594, 0.09071908325059486, -0.18713385932997084, -0.1525876694692246, 0.10549929906329321, 0.2289806218912233, 0.1498181251263403, 0.020404684358922176, -0.032015571039335056, -0.18710270075357008, -0.007942223616765132, 0.07332729102213278, 0.06756925494594056, -0.0026279300393884236, 0.0004626047957057686, 0.0005697971597184928, 0.021142873231774943, -0.0009029155777073394, -0.0015745349685600603, -0.0001431420804666913, 0.20149359194347988
74, 2, 1, 0.26531337811971617, 0.19902757743955585, 0.44493968591199945, 0.09071935852872842, -0.28235129725601277, -0.16273939083551342, 0.1530699770989355, 0.162989054436983, 0.30937812100794515, 0.2262622987034776, -0.20759723061433757, -0.006320157632611523, -0.0212441292758776, -0.10657200045576747, 0.20029752038746204, 0.0010401296521245595, 0.0011417519285704025, -0.0007110984406931663, 0.018027715710950177, 0.0013472540986063319, -0.0002761632734734281, 0.0007198939359255657, 0.20149359194347988
75, 2, 1, 0.2653315777344505, 0.19914675808246207, 0.44470533229915676, 0.09081633188393068, -0.15582926392171598, -0.13091393273701138, 0.0802346489605759, 0.34323061964157703, 0.29401183880133025, -0.014480714429499764, -0.12414010447007887, -0.14722494263491206, -0.22664672489029197, 0.03839349420270531, 0.09716547545485618, -0.0006309686754444263, 0.0004994676843765442, -0.0012275518772566472, 0.020714600755323803, -0.00015912945671774336, -0.0003625788967935549, 0.00016283972329254583, 0.20149359194347988
76, 2, 1, 0.2653309683260862, 0.19915215693139202, 0.4447049411892522, 0.09081193355326951, -0.2970547172842518, -0.2156596874642725, 0.22340773576716622, 0.13760013460722403, 0.40796882910345716, 0.0863316703556384, -0.19154467062893688, -0.04300346630072773, -0.10889827155875867, 0.1588153842734304, -0.004112614590591024, 0.0002903758193688861, -0.0003852718251742673, 0.000665789369374389, 0.02026362635022529, 0.0022911140253679655, -0.00046279132331302484, -0.0005922212873294398, 0.20149359194347988
77, 2, 1, 0.26573828167119046, 0.20228382001908946, 0.44411499529041026, 0.08786290301930982, -0.16571111856049967, -0.22831527092434886, 0.3653113189021127, 0.26245264129984464, -0.02090000350340877, 0.32222618391221897, -0.07593031054061065, -0.02175764361256314, 0.03240492211613634, 0.1630540155072168, 0.034309068455875905, -0.0005449269590909186, 0.000298963486498675, 0.001094072957400653, 0.02013481873457098, 0.0019039287678994977, -0.000456123163208628, -0.0004203095307054675, 0.20149359194347988
78, 2, 0, 0.2727379163786299, 0.23087627875448052, 0.3640462067661, 0.1323395981007896, -0.00742547384328387, -0.1596101352364736, -0.04384085615081492, 0.1272613385741291, 0.12351896708137952, 0.1783179651489129, -0.11815966203577985, 0.002122728904252891, -0.13492495094407309, -0.003630329424685852, 0.06369102449980119, 0.0008763383520798421, -0.0011474043488187073, 0.00028292267165492386, 0.01848157344342559, 0.0007061635811270593, -0.0015046136140200114, 0.0008153911758112259, 0.20149359194347988
79, 2, 0, 0.2882083597500673, 0.4228757500790865, 0.14992208701422038, 0.13899380315662585, -0.13790371052719125, -0.13715239864784107, 0.15282260351345328, 0.20151842566273004, 0.10998156900905787, 0.11066615662744166, -0.12311670495775626, -0.045849559120823793, -0.05143492280575488, -0.024328094385549216, 0.05663196077996925, 0.18691228702745172, 0.10617146971060713, -0.03224762853826128, 0.15306151575093457, -0.1497406605021518, 0.2537028013083297, 0.11537197265272078, 0.20149359194347988
80, 2, 0, 0.03268263295099999, 0.5666270611033486, 0.19056228324804864, 0.21012802269760292, -0.1309674010853826, -0.1319646428104972, 0.14640896778815066, 0.20037487277551308, 0.11162297624342676, 0.10943336528925443, -0.12321941263838765, -0.11705408038221958, 0.10097062769984685, 0.24749384959930118, -0.1012302178637445, -0.12832765254377804, -0.11848916803929115, -0.05400422517970559, 0.022963080242151206, -0.13140939938399848, -0.051319209624017884, -0.09756636265262433, 0.20149359194347988
81, 2, 0, 0.02218334800334445, 0.575836983390194, 0.19159775901600207, 0.21038190959045944, -0.12642027478818632, -0.1248472903209489, 0.141408004209397, 0.2008005128727531, 0.11180722510277867, 0.11025712576507482, -0.12519556396148104, -0.16220695493655785, -0.08702294161795332, -0.040112987162301175, -0.011220296894056717, -0.01703162295423018, -0.10646455045239216, -0.03581686331179256, 0.01901415090598655, -0.024347801975971993, 0.16243831299105857, 0.0759486569381235, 0.20149359194347988
82, 2, 0, 0.014313881038982639, 0.58338680671986, 0.1918199899838538, 0.21047932225730365, -0.12166478077028609, -0.11917580747206817, 0.13551714007077995, 0.1998733097407833, 0.11016260667902791, 0.11061153011361875, -0.12205707973105254, -0.05255456464662942, -0.15543451182085527, 0.039492952582326615, 0.02905737665149543, 0.15852958935529496, -0.0481361597772791, 0.005158265213540942, -0.009902616530065338, -0.14638570925701297, 0.039918943307648835, -0.06928890073956363, 0.20149359194347988
83, 2, 0, 0.0006833028824454951, 0.5861923317246377, 0.20278671459124945, 0.21033765080166741, -0.11359933762065252, -0.11516177752007917, 0.12806736623525367, 0.20166720536689509, 0.1088543611908704, 0.11057037595676897, -0.12329686308350225, -0.039900922994732746, -0.06849374765121181, 0.11541304679224851, 0.013272501237870082, 0.12433249563515622, 0.009272451084144318, 0.13180643308362405, -0.053413711193983304, 0.06300301608219877, 0.01835971422846943, 0.1509076628733661, 0.20149359194347988
84, 2, 0, 5.848234240739089e-06, 0.5862584172701263, 0.20329202804437016, 0.21044370645126273, -0.10764263821051309, -0.1087714630834219, 0.11970862167587482, 0.20296051991276162, 0.10954433909099952, 0.11034681376736866, -0.12537969157372175, -0.08017867915199768, -0.09068023393691885, 0.1905210240957523, 0.09989024347693254, -0.006644678771833376, -0.04230691508455058, -0.10788503613498712, -0.007210270621983744, 0.13808712077501173, 0.07776370044726968, 0.06524997597590837, 0.20149359194347988
85, 2, 0, 1.3799313426998637e-05, 0.5862614231983663, 0.2032921784241172, 0.21043259906408945, -0.10186362767556556, -0.10382639749321529, 0.1171411711842221, 0.2016773800363651, 0.11200028195561629, 0.10962433712607081, -0.12346806079915698, -0.13419067632439458, -0.21944594467180165, 0.1953050150604358, 0.09821624400344667, 0.14155790777627902, -0.012565896274183707, 0.08760147710107466, 0.12812658077328104, -0.018356576166382386, 0.04131489322377769, -0.2038341747821299, 0.20149359194347988
86, 2, 0, 3.6897453156881996e-05, 0.5862848685563529, 0.2032972806915964, 0.2103809532988937, -0.10018829888308804, -0.0992715271212121, 0.11114409135431598, 0.20169106971204323, 0.11209718539960993, 0.11026142321368068, -0.12410051834924758, 0.09666850944651317, 0.009493137778654482, 0.022924325719867848, -0.08449818785055432, 0.03696072183769621, 0.12007802392124316, 0.025444473318510276, -0.028583655420478103, -0.013194824621104748, 0.14478885652977044, 0.1274307086940167, 0.20149359194347988
87, 2, 0, 5.333625284686417e-06, 0.5862849430500258, 0.20329734664179186, 0.21041237668289775, -0.09203855819836279, -0.09103875229292804, 0.10555578412406089, 0.2004016742218982, 0.11034606763197721, 0.11124648641684887, -0.12387036224344206, -0.21451667197427887, 0.08281110767253334, 0.017404424885431074, 0.030941328089623688, -0.05292960672155883, 0.15845763605164978, -0.21335464255923844, 0.10735922651442695, 0.0882187755467718, -0.1810065339005373, -0.044285460819594474, 0.20149359194347988
88, 2, 0, 0.00029251051545213253, 0.5863201191488959, 0.20329860256318025, 0.21008876777247182, -0.08890277261610474, -0.0865195192655795, 0.09719606287605012, 0.2012727449173652, 0.1122101404653264, 0.11107563490557926, -0.12430771152714049, 0.09672039166623012, -0.062140883149399154, -0.011033073452001645, 0.044961120056611424, 0.2510436618998575, -0.06999053692359249, 0.09443598695706691, 0.032947349561622784, -0.01609423671996198, 0.002341329366986593, -0.07538331801303363, 0.20149359194347988
89, 2, 0, 0.00010081300230948265, 0.5864045601282825, 0.20343369685122206, 0.21006093001818596, -0.08270272897421067, -0.08359930015430819, 0.09250411465210082, 0.2013217179783211, 0.11151597737831147, 0.1094140951940287, -0.12356454497039844, -0.008964459600633422, -0.038231956662526254, 0.12757926680633572, 0.10468424787283497, -0.017344731494698302, -0.006515670756531003, 0.12522708369934754, -0.09391282829828998, 0.06987378060713131, 0.006837613536050243, 0.059777514958359056, 0.20149359194347988
90, 2, 0, 4.590873137524296e-06, 0.586421801403809, 0.20344291606794992, 0.2101306916551036, -0.07504475241186978, -0.07623667296069939, 0.08549127689027641, 0.1997813909784179, 0.10982995611180804, 0.11101009393629653, -0.12355851135971614, -0.1442168468929958, 0.0669499193292849, 0.0008596293849664538, 0.014908768360138066, -0.010919396862163968, -0.019681829179523967, -0.057129231949736944, -0.15892280393947802, 0.07920321475700064, 0.09503975864405459, 0.0835024123666787, 0.20149359194347988
91, 2, 0, 8.406458849656224e-06, 0.5864224225035656, 0.20342946147935473, 0.21013970955823014, -0.0687392353073916, -0.06828857322431378, 0.07853355027221184, 0.20042113078759277, 0.11135401887181684, 0.10833587040680866, -0.1240859322991694, 0.03224950778984681, 0.11077520511960288, 0.03122951225754154, 0.25660786422811566, -0.0017365642484642174, 0.038113068839497985, 0.044322928294446354, -0.12930614214988492, -0.15176611144254878, -0.1077793934227812, 0.037519989337043216, 0.20149359194347988
92, 2, 0, 9.886402400507677e-06, 0.5864227454794215, 0.20342950017683542, 0.2101378679413426, -0.06589722726625097, -0.0638609026056444, 0.07221293657830728, 0.20029409822782193, 0.10927281024966277, 0.11264431684876561, -0.12287484945103677, -0.1904823456489766, -0.20709317702585234, 0.12958778720743885, -0.011850980246438806, 0.09327182902721286, 0.08454941938987175, -0.046935042171372544, 0.014019165999996298, -0.08764369317182692, -0.025692726492184244, -0.10187645457424295, 0.20149359194347988
93, 2, 0, 5.140070954144832e-07, 0.5864296804823009, 0.20343068462452782, 0.21013912088607584, -0.05845813934825176, -0.05921473376129801, 0.06568121722586992, 0.20004807669911173, 0.11111482792955633, 0.11167548534419088, -0.12321475383786196, -0.15735697685098562, -0.26540929934482055, 0.1030402601692445, 0.027787300986597357, -0.08742789812357873, 0.00576309916885427, -0.0843191002531369, 0.023390418181524677, 0.14867310852071264, 0.011604152883558254, -0.17239005279386568, 0.20149359194347988
94, 2, 0, 5.257474004167382e-06, 0.5864297789074541, 0.20343118159906273, 0.21013378201947897, -0.0528102166331153, -0.053658614701736176, 0.061032534016562265, 0.20320378447817927, 0.11145580737732282, 0.1084797653776313, -0.12538752290213231, -0.036721862658898895, -0.1331376471129913, 0.1592413621412521, -0.07704944394794228, -0.012070285498234194, -0.09625622507421422, 0.08397257872802431, 0.12948970330161655, 0.07339656224300106, -0.12129887797737282, 0.08317159630237794, 0.20149359194347988
95, 2, 0, 4.7784664185896925e-06, 0.5864305278613794, 0.20342804027341474, 0.2101366533987873, -0.045823690467394415, -0.04664021697404612, 0.05427736666159257, 0.20077442305064813, 0.11097588325493035, 0.111258686709616, -0.12395621207108305, -0.053459743647203975, -0.028809650566963857, 0.00416156082305742, 0.055740440563430825, 0.04991114092989954, -0.017874980457443818, 0.02819331718890452, -0.17435842298583892, 0.02865133094618471, -0.08086896049046963, -0.07353911365607232, 0.20149359194347988
96, 2, 0, 1.2616198769093877e-05, 0.5864311405085219, 0.20341485243413274, 0.2101413908585764, -0.043359864562499885, -0.042825395003986175, 0.04778278757153846, 0.202814578811417, 0.10944700373678198, 0.11159354910687118, -0.12466838672750273, 0.03443621377527759, 0.01100961238712549, 0.14918697231415118, 0.06948515981358352, -0.15237809379536352, -0.09426585944039548, 0.03222344326118901, -0.05406311076005392, -0.055640581362707664, -0.13852120023730627, 0.09583013067178844, 0.20149359194347988
97, 2, 0, 2.2860577487228506e-05, 0.5864331301627417, 0.2034159823100239, 0.21012802694974714, -0.035682288762967904, -0.03583468507044901, 0.0404610225728214, 0.19990933809226386, 0.11234660708157038, 0.11068483713182446, -0.1235083269358036, 0.19078567314241052, 0.19940480601705418, 0.16337261339669337, 0.16187520996843785, 0.11816791807356715, -0.015266890764125287, 0.10979782357874354, -0.12018981554011413, -0.0695961832272445, -0.02225200924118706, 0.015673636296375075, 0.20149359194347988
98, 2, 0, 2.1733421042274816e-05, 0.586446002886985, 0.2033855083466791, 0.21014675534529376, -0.030488648112458678, -0.030565269734800487, 0.03385566922874747, 0.20078100889506234, 0.11189713721375918, 0.11027916007674936, -0.12357411379266832, -0.1359263296460324, 0.18732138325244635, 0.0122306867186265, -0.10606916627700494, -0.01328053150432435, -0.0689504520047484, 0.01699611837746689, 0.05027026743833699, -0.06507896936167992, 0.04483526019211767, -0.09345966273217982, 0.20149359194347988
99, 2, 0, 2.5281040833216032e-06, 0.5864468529894937, 0.20338146035841387, 0.2101691585480091, -0.026534386248428642, -0.027864514826290467, 0.02760030128577635, 0.200982517921743, 0.11196066595800362, 0.11043099343174259, -0.12512253399550904, -0.07795253631009516, 0.030741455689621798, -0.042799841011152376, 0.0032851906101169443, -0.0606470188822395, 0.05176142957181059, -0.011106150349492343, 0.0477596106164554, 0.05110982076366044, -0.08724464341795227, -0.15556235507169663, 0.20218302520316517
