t, Event, Policy, P(still), P(random), P(reach), P(transport), o(t), s_a 
0, 2, 0, 0.9417474865913391, 0.017457710579037666, 0.040794823318719864, 1.7614858460746063e-09, 0.6238918139661551, 0.6941098894530437, 0.716903336978268, 0.49985721755883733, -0.03948739600270016, -0.1729233154915249, -0.08721740284944535, 0.27715094819805686, 0.2870302709530927, 0.28580586737100977, 0.07076599245567985, -0.0028292229733702474, -0.04532586195769895, -0.23008322554002084, 0.056159734735219645, -0.016480891316695594, 0.05309639644554106, 0.10995495189035262, 0.5577527825359353
1, 2, 1, 0.6465039069115978, 0.024405892230732282, 0.32909020085652696, 1.1428854517119276e-12, 0.5693717677109464, 0.5679042408225109, 0.6365315437435792, 0.5573801206696277, -0.11104034254078261, -0.11132268188980024, -0.12646510069831768, 0.11893823378919906, 0.35247190023454966, 0.277060586009933, -0.03173818641782081, -0.0489881069591714, 0.02957222391874708, -0.05599150207025323, -0.06784484759022794, -0.16557564594873037, -0.024533661424412795, 0.17749031368365337, 0.5577527825359353
2, 2, 1, 0.645255508727858, 0.02440763708485716, 0.3303368541784012, 8.883664357130646e-12, 0.6866664484381799, 0.42683667547471804, 0.6241117015363168, 0.5476320611929546, -0.18344591609753774, -0.22873453128044346, -0.12405217251911713, 0.40100616945274703, 0.3139572065039545, 0.21649193132414074, -0.018627954825072575, 1.90696344285363e-05, -0.0021969314912072976, -0.0006269202280788211, 0.05046719612021687, 0.000395334088347298, -0.0008589615475166687, -0.0006331520341830649, 0.5577527825359353
3, 2, 1, 0.6416545181696869, 0.024417484998687868, 0.3339279968223065, 9.318792816446009e-12, 0.5748237464293088, 0.5854459452750712, 0.7606976492085196, 0.5267296238698489, -0.035959299431160885, -0.1278353216871689, -0.13452385117772764, 0.2916064406334329, 0.3357631325409308, 0.18838521972073594, 0.05117804077854514, 0.00040684129628161634, 0.0009367159160496034, -0.0006417824903717648, 0.05243568381444556, 0.000994209680529535, -0.0004999007735854409, -0.0007455711191782942, 0.5577527825359353
4, 2, 1, 0.6292653255616095, 0.0175046901620992, 0.3532299772789217, 6.997369498304376e-09, 0.5865761682237484, 0.4513544620245396, 0.6345404727484253, 0.34766267551108737, -0.17825819632209755, -0.1398336380398329, -0.04440504924076845, 0.21571487876134002, 0.10989863927035906, 0.2942421000094636, 0.03621543560273409, 0.0008489941960740863, 0.00015542701523377925, 1.2081222393866711e-05, 0.04988697709855027, -0.0006472589480147194, -0.0006183175036385196, -0.0010502332086981027, 0.5577527825359353
5, 2, 1, 0.628930339219566, 0.01750558955339744, 0.353564064231202, 6.99583458295324e-09, 0.5976710497916315, 0.5719487342737251, 0.7817863013177554, 0.34293394926573334, -0.18971822720467607, 0.0717355422571343, -0.09232015398304713, 0.11066263873883922, 0.3748549157489379, 0.24664216689224552, 0.0789004391242077, -0.000855150715364666, -0.0010417404752875645, -8.475379045146571e-06, 0.04964690790199881, 0.0007425756975881543, 0.0010016064463030112, 0.0009080504055643658, 0.5577527825359353
6, 2, 1, 0.6284956213934763, 0.01744949441061505, 0.3540548772077493, 6.9881595267788505e-09, 0.5052038467338325, 0.555152421355955, 0.6290586325530729, 0.5733857599276494, -0.07981724307564435, -0.09829322169674579, -0.18731404648857417, 0.30784534540940317, 0.3578718752474995, 0.3284968722859233, -0.09263763661456104, 0.0005286371639048493, -0.0002614834299125273, 0.0002942267037069143, 0.04876668008020555, 0.001102787433309331, 0.0005791431910484803, 0.0006891641204691401, 0.5577527825359353
7, 2, 1, 0.6283863164253108, 0.017449379773013966, 0.35416429682100453, 6.980670780344622e-09, 0.5488172241738276, 0.4803027709994569, 0.5848400705701131, 0.5679650996531681, -0.17916815095395316, -0.27332911130759374, -0.2755326256911445, 0.18355202832021644, 0.33186177146556545, 0.3459940533295606, -0.06487515419982023, 0.001543953019372701, 0.00021330477366382698, -0.0005980761153872775, 0.05037698381460949, -0.0006441324163138746, -0.0003201986561893952, -0.0019667086189536754, 0.5577527825359353
8, 2, 1, 0.6262721018592434, 0.0174543753970849, 0.3562735079446814, 1.4798990333812585e-08, 0.5270027245929787, 0.6083795195559636, 0.4960851299062029, 0.6307154798459994, -0.1411812441584269, -0.13396526973589037, -0.043282921330215204, 0.3523159981932896, 0.27350001375982025, 0.25615021265520965, -0.19436808190779084, -0.0007090498922042819, 0.002426810426131451, -0.0009248549211446428, 0.05072620847724191, 0.0003016390760753307, 0.0005103818122868931, 0.0008338481996109755, 0.5577527825359353
9, 2, 1, 0.6253412142486479, 0.017458452133759992, 0.3572003077196668, 2.5897925352561487e-08, 0.640680034092527, 0.462944314690014, 0.5225956478895271, 0.5301342278041439, -0.19509397564791012, -0.03671412125702979, 0.08205736349763719, 0.24350898910867672, 0.2400356474155859, 0.285918518982435, 0.012213317501774115, 0.0018601881361814429, 0.00026638936776031814, 0.002195870305488444, 0.04918415311047468, -3.369775150559792e-05, -0.0007717153963700146, -0.0003478703523012614, 0.5577527825359353
10, 2, 1, 0.6258613436668452, 0.01653613541739608, 0.35760250559367557, 1.532208310233917e-08, 0.38108934351924423, 0.5981956699621365, 0.6597792719264856, 0.5688192978941133, -0.13999403984923378, -0.20762004860286795, -0.2494953433455402, 0.20852195613439134, 0.20308220326864954, 0.3806012868019959, -0.026943969219383513, 0.0009204029709564399, 0.001412693783882878, 0.00047180967566686947, 0.050657531992195616, 0.0011668290920007801, -0.00047735359331175294, -0.002019674035491454, 0.5577527825359353
11, 2, 1, 0.6192159665708649, 0.016543468273745577, 0.3642405469628976, 1.8192492037066684e-08, 0.7398598283304867, 0.5654022068533396, 0.5571264769604591, 0.5889459554688394, -0.15581665916665893, -0.24909674857221234, -0.06815925696604, 0.24942995659454162, 0.2899672087544336, 0.37827792715006653, -0.11209902015842814, 0.00017802310263067544, -0.0014948924315128364, -0.0006771611055762513, 0.04974375270797232, -0.00028705830105647844, 0.0001942499888661849, 0.00022175142942725272, 0.5577527825359353
12, 2, 1, 0.6159282065291456, 0.016448443903795826, 0.3676233445707893, 4.99626925741096e-09, 0.5307825464240862, 0.4924093838026984, 0.5427890730611231, 0.5720810305976857, 0.031353246744163864, -0.14724238221452807, -0.22979838625250207, 0.157160557992467, 0.2195453262236049, 0.33100994610149437, 0.04996469300884523, -0.0009218108082992152, 0.0003730617319060258, -0.002252754761192274, 0.05171380854912211, -0.001039304774082459, -0.0011366533077379992, 0.0003782861214994743, 0.5577527825359353
13, 2, 1, 0.6119569930668025, 0.016396541666393958, 0.3716464599337293, 5.333074308502957e-09, 0.35744715565051016, 0.3815887180962344, 0.5733725849323097, 0.58226035148989, -0.09718210213943612, -0.07359295765108005, -0.21549201057726206, 0.2777849211882551, 0.24709462251434777, 0.23819473875749786, -0.15015257090316209, -0.0007915787102090267, 0.0003249412771243842, -0.0007098975467995717, 0.049806073681977155, -0.00046526566658604176, 0.0004559280826057385, -0.0012847998255187992, 0.5577527825359353
14, 2, 1, 0.6118558102938224, 0.016396831932226026, 0.3717473521274814, 5.6464702592885045e-09, 0.5203006215512864, 0.43433488678078136, 0.44070678258510476, 0.4659125827181524, -0.23281935082311844, -0.0886208131200656, -0.1672902182566917, 0.322469736185049, 0.1622250448391686, 0.33560843160084747, 0.06812814616496568, 0.0011428822049082393, -0.0005599592238320739, 0.0002372720564033233, 0.05018615471390349, 0.0008071154476612538, 0.000976618190886618, 0.0008166552516646154, 0.5577527825359353
15, 2, 1, 0.6114275761155923, 0.016397013911119886, 0.3721754042529605, 5.720327401317525e-09, 0.5872676320462442, 0.36355625939566955, 0.627132807844365, 0.5322605534097025, -0.044146601635631375, 0.08207258213045573, -0.0647951467965152, 0.06351336952854589, 0.3166249802520039, 0.32917146775392453, -0.18010304301112173, 0.0004716858850286317, 0.0008873087367669661, 0.0013728627944377496, 0.050001674388113246, -0.001142717699437355, 8.02584413735729e-05, 0.0009689020906531615, 0.5577527825359353
16, 2, 1, 0.6114529157438781, 0.016306690614504345, 0.37224038821137134, 5.430246314145964e-09, 0.5198764548783652, 0.3828074083446597, 0.35749755277864187, 0.5931395087170568, -0.1753261213615062, -0.26385904075705113, -0.38085296706040667, 0.21800845227458882, 0.21253217898830856, 0.26309297835855183, 0.07665827736922792, -0.0004824406769118674, 0.0007229491656275148, -0.0007992580613121008, 0.05037026243077007, 0.0005948540751175678, 0.00026122941360872743, 0.0009689628039521459, 0.5577527825359353
17, 2, 1, 0.5833410909008507, 0.01646941855661954, 0.4001868239670596, 2.6665754701463937e-06, 0.4681238539516044, 0.48183901827917774, 0.42818034082572504, 0.710565017101908, 0.017213252287132885, -0.13379662602261583, 0.021777665907966325, 0.04621289121748899, 0.3224821408906755, 0.36117323231834375, 0.05221545153871834, -3.8341708683513184e-05, -0.00037485890276882253, -0.001898880256056095, 0.05005109630783459, 0.00010296648881100283, -0.0008680367088534461, 0.0013866080236175655, 0.5577527825359353
18, 2, 1, 0.5833394089714583, 0.01646887392823355, 0.40018905325214704, 2.663848160987585e-06, 0.7697737981652478, 0.4640572610627499, 0.3546140979835911, 0.5616899170429167, -0.2634774755951098, -0.27436257149317067, -0.16048151196196597, 0.23853678828185335, 0.33400414580772714, 0.243050002248631, -0.014730044518384578, 0.000629938943374947, -4.111075454938649e-05, 0.00037530372356494804, 0.048350399307417004, -1.652114301116118e-05, -0.0008601635235596907, 0.00010569281866703402, 0.5577527825359353
19, 2, 1, 0.5831751955073701, 0.016469164057741296, 0.4003550517282111, 5.887066775156212e-07, 0.44188856401971544, 0.4789214241992371, 0.5564146806063596, 0.45959459510916834, -0.03897958023224588, -0.19263741936582476, -0.2548806558038567, 0.28467039687106466, 0.24469356609706377, 0.2445740775854818, 0.11150465236263511, -0.0006302542422107148, 3.678526614042744e-05, 0.0008562654429147007, 0.04974695079337008, -0.00015937869887520958, 0.0003187799587330718, -0.00021604772499185418, 0.5577527825359353
20, 2, 1, 0.5165721851322933, 0.017935541574550618, 0.4654808240586942, 1.1449234462042788e-05, 0.3762686194720005, 0.525726310158096, 0.4642857248612103, 0.6061225673536429, -0.147668517538288, -0.015120882024487702, -0.031925886883357776, 0.17598670855399404, 0.2112281745050582, 0.13926720840042633, 0.07589667094744161, 0.002512388201220376, -0.0006493934640551442, -0.0008752935948111225, 0.050129382860009154, 0.0003203291420530973, 0.0009097259613636928, -1.8233702661865992e-05, 0.5577527825359353
21, 2, 1, 0.5155506151243613, 0.01780749323889736, 0.4666305172706202, 1.137436612112621e-05, 0.3867080741842217, 0.5354042288861651, 0.6127243389511715, 0.4394775370238758, -0.04670237791247502, -0.21556022061670116, -0.2181723734211122, 0.17976538697538053, 0.200750061227338, 0.26096769931082026, 0.04247391714535072, -0.0005483705496950109, -0.0009817834609341747, 0.0010558944442962946, 0.052174164233351805, -0.00019425601478372981, 0.0011780618227650028, 0.0014898008720499335, 0.5577527825359353
22, 2, 1, 0.5155449009841062, 0.017807422601691426, 0.46663630207711226, 1.1374337090108918e-05, 0.500946496659744, 0.4163696508712696, 0.47491834072438477, 0.6341330310891242, -0.01660259799828514, -0.1412089855620432, -0.33422439335145326, 0.41423520512169165, 0.309455709210712, 0.18431117518012569, 0.02479343065026921, 0.0005639764643232215, -0.0005214699070251757, 0.0011478663479050869, 0.051085198751335756, -0.0026642036911575647, -0.0006341458296980744, 7.678781637356223e-05, 0.5577527825359353
23, 2, 1, 0.501472961372063, 0.0178436365950153, 0.4806719337770177, 1.1468255904056046e-05, 0.4283814952319758, 0.44947153072869855, 0.4461072745141701, 0.7958563645766727, -0.15618971496196307, -0.1366555000102497, -0.12307355053740188, 0.17469748228696685, 0.3668908018064349, 0.2876868032385483, 0.003957397673702537, 0.0028550185417150105, -0.0007576613341326529, 0.0005068508930779218, 0.05098130303609226, -0.0008399424030619675, 0.00185866395610085, -0.0007629115066497597, 0.5577527825359353
24, 2, 1, 0.5001101343643468, 0.017804148169754196, 0.4820740294312504, 1.1688034648548562e-05, 0.4173265031403341, 0.4327762349039858, 0.3544279262735073, 0.5962045027795104, 0.021147854148181145, -0.02968614878389213, -0.19224049628219442, 0.01051975643159806, 0.13108153867405345, 0.32507690280997337, 0.1469458706567104, -0.0012380680081321028, -2.5914691971706297e-05, -0.0014312075987090204, 0.050214964698802114, 0.0002447981874912106, -0.0011502453524094545, -0.0006406154972855199, 0.5577527825359353
25, 2, 1, 0.4998472766933463, 0.01774563252346003, 0.4823954025266275, 1.1688256566211038e-05, 0.4608798677581724, 0.39587811397684874, 0.45706253951741527, 0.7544539211366905, -0.1069482688048455, -0.36807375580322743, -0.028579304584101496, 0.38168129607986023, 0.19140144930403163, 0.2563171210518215, 0.036943981443158976, 0.0003587524205416571, 0.0006809141831326734, -0.00021092006217291468, 0.04907931303498151, 0.00014189251820035864, 0.00020936043292323585, 0.002062238029038741, 0.5577527825359353
26, 2, 1, 0.496607413111136, 0.017765992842385336, 0.4856144876860235, 1.2106360455272481e-05, 0.41897809763860494, 0.48697978800117925, 0.4002578448770845, 0.7181114739105211, -0.18039002780333105, -0.19707146356453628, -0.2143391710708118, 0.01868800056459956, 0.24140866165499503, 0.1627395919645421, -0.0403829146907171, -0.0005910037236387112, 0.000821397635583136, 0.002151631313127569, 0.049768239691852484, 6.487048511062587e-05, 3.0050781758719722e-05, 0.0011984263182301044, 0.5577527825359353
27, 2, 1, 0.496544382530431, 0.017766164778344324, 0.485677348629612, 1.2104061612593084e-05, 0.4580995969205019, 0.4768722855343287, 0.5236845536505723, 0.5483251032664282, -0.12865147341688496, -0.1434911906073611, -0.1353169027105046, 0.2089970807740781, 0.16613524737735913, 0.39960238862086095, 0.08443878547965443, -0.00030285246374210824, -0.0007963914493574391, -7.429947855874403e-05, 0.048432364095971764, 0.0002902808893994126, 0.0008064671037067656, 0.0020637504028447845, 0.5577527825359353
28, 2, 1, 0.4962585163723401, 0.0177676249600519, 0.4859617547139003, 1.2103953707799263e-05, 0.3483594733795838, 0.7394711965238804, 0.4914417133123837, 0.28259898401083705, -0.1558177113641467, -0.20015251531590553, -0.15744015150692098, 0.21826744628373565, 0.2924446074140696, 0.33953635243432345, 0.24471662866761618, 0.00020037750001568466, -0.00011992605392413206, -4.6856380736291697e-05, 0.05021070997195718, 0.00045055193833634796, 0.0011857319770962461, 0.0008861570169370168, 0.5577527825359353
29, 2, 1, 0.4957142951581726, 0.017768458060029108, 0.48650519805399195, 1.2048727806396082e-05, 0.48107637227938865, 0.604088184850111, 0.5725706464343471, 0.43219139242723975, -0.2583755428529927, -0.17474841399325455, -0.11102296020060602, 0.2064963631828333, 0.18113918319788547, 0.3209451389779108, -0.07032868168105641, 0.0013415047562987186, 7.878511005676586e-05, -0.0005240241323688189, 0.04877071676657007, -0.00035000637037638243, -0.0004260180849286617, 0.0011549695638331252, 0.5577527825359353
30, 2, 1, 0.45730415345294256, 0.019225165642306603, 0.5234543244890866, 1.635641566431773e-05, 0.4931651453213857, 0.4687418536999587, 0.43896790094566673, 0.6244086973596141, -0.0613862255316282, -0.28579141389711726, 0.05922474146872185, 0.23996626188725675, 0.3039777254569666, 0.20981862988987982, 0.11802782614524185, 0.00013973144912202473, -0.00018806366926661368, 0.002219499575854577, 0.04861364334693442, 0.0013979346184592, 0.0006648964992284304, 0.0004058940446693431, 0.5577527825359353
31, 2, 1, 0.4518429918179092, 0.019242387912185816, 0.5288913066489772, 2.3313620927930992e-05, 0.31142127287432847, 0.6670452880300052, 0.2837017210251962, 0.6555187402246196, -0.08186464662089345, -0.10140373015785145, -0.052780531768540265, 0.17041321185296318, 0.24467777859402845, 0.39498588246671135, -0.05197138581102463, 0.00023517554921888842, -0.0023032618634139614, -0.0009791839907603793, 0.0493131670601844, 0.0005802944074073909, 0.00023462566967212689, 0.0009285315654066114, 0.5577527825359353
32, 2, 1, 0.4598314382520057, 0.004650168390237308, 0.5354951331226704, 2.3260235086787945e-05, 0.29247587462278724, 0.5446893977214641, 0.49494804284099747, 0.5588238242357775, -0.05816926877910513, -0.06680693420830153, -0.0878723380467159, 0.261369097716251, 0.1512794896048121, 0.19057717403271907, -0.027186776523091365, 0.0009328654224275878, 0.0006271041301270006, -0.001529028276837706, 0.051828983962582384, 0.0007564043756068258, -0.002046587975805641, -0.0008975162607768135, 0.5577527825359353
33, 2, 1, 0.4597778841199367, 0.004648885383037526, 0.5355499705167718, 2.3259980253952935e-05, 0.3610472240021916, 0.39438988383424844, 0.4716306873517998, 0.47583091866682975, -0.22647759083088448, -0.1405702858161299, -0.08536979828074039, 0.34731694124329093, 0.34504356515329127, 0.28544112852591985, 0.06452834073280164, -0.0003787975723686709, 0.0009194533759113291, -0.0015234107534266826, 0.04813649774770114, -0.0008725228592612391, -0.0003095981804359535, -0.0002438247505098795, 0.5577527825359353
34, 2, 1, 0.45123346138657083, 0.004497252707558092, 0.544247785671883, 2.1500233988103654e-05, 0.35863192593591053, 0.20545598368203577, 0.4114160412840211, 0.5353435205249623, -0.09458572828803627, 0.03553162282298663, -0.164424700220807, 0.24010399716560166, -0.004468955078166426, 0.19408337703332745, 0.04736966025159674, 0.0005010622668761015, -0.00040268201922190187, 0.0004958783353558212, 0.04895203208340017, -0.0008298690884720848, 0.000552260416334838, 0.000758084204557576, 0.5577527825359353
35, 2, 1, 0.45093873468002643, 0.004499277031241952, 0.5445404867259562, 2.150156277541366e-05, 0.46466736520752044, 0.33185896922620556, 0.4450510735510721, 0.663031392294356, -0.10480002238065786, -0.016946355458064787, -0.14603473721088395, 0.24819723823257273, 0.32941248817614616, 0.19512895447652356, 0.18532100479306712, 0.000530383483955661, 0.001752169031806727, -0.0012553772510969848, 0.05023999797204175, -3.555185840414245e-08, 0.0005565252874667316, -0.0008606405774168989, 0.5577527825359353
36, 2, 1, 0.4491969631942464, 0.003938259475795245, 0.5468433611203546, 2.1416209603753346e-05, 0.4901465633316814, 0.34693478976014164, 0.5836693878654933, 0.41432340502035014, -0.0878082834712158, -0.055029043841872925, 0.04241026180285199, 0.3800639041314427, 0.03894619413914353, 0.18069224903050946, 0.03385577959704121, 0.0008082336769263435, 2.4352998289388664e-05, -0.0006246834418683912, 0.051558142850736975, 0.001698550129717832, -0.001589586383783791, 6.748307400147931e-06, 0.5577527825359353
37, 2, 1, 0.44411200093304515, 0.0038693876340960428, 0.5519975538548275, 2.1057578031300134e-05, 0.40937172262124627, 0.1682995771100781, 0.5191413483952005, 0.5212387263756133, -0.04759728831119801, -0.3280914083222831, 0.016933790554574203, 0.05947501597280371, 0.37047835488308467, 0.15622436245596066, 0.06544967624272188, 0.00043515446141151266, -0.0010482280951048073, -0.0002084396424966829, 0.04980285733399497, -0.0013658048807243036, 0.0014808666966296018, 0.0006232637838625316, 0.5577527825359353
38, 2, 1, 0.44410937004002554, 0.0038700147069816787, 0.5519995250614074, 2.1090191585441423e-05, 0.16903504519305398, 0.3981201290721879, 0.26108328109191714, 0.4665858790523488, -0.17328767621853933, 0.019073047351556193, -0.0649838033830216, 0.11328174184372868, 0.25458791966256006, -0.07467930708019073, 0.1657173278288077, 0.00016721799647477766, -0.000682512291104039, -0.0005575683075635712, 0.050346286041958635, 0.0009463040009326098, -0.0015644925771394667, 0.0009345688270530903, 0.5577527825359353
39, 2, 1, 0.44360555031555077, 0.0037703953466725944, 0.5526030552042579, 2.0999133518680212e-05, 0.2508145352838448, 0.5103110289846956, 0.4970410681865549, 0.6399353131431138, 0.14760838838199222, -0.04678674121746444, -0.192084338272614, 0.06439284232259823, 0.16835338519053872, 0.09744688466040714, -0.11842851604328004, -0.00043218240855016796, 0.0011375583796147432, -9.572000713393159e-05, 0.05018042019389977, 0.0010667962515344617, -0.0001429606760341253, 0.0005979142943287104, 0.5577527825359353
40, 2, 1, 0.4425576149031119, 0.003359819266566306, 0.554057415281527, 2.5150548794778747e-05, 0.14087304325772315, 0.4958604877937228, 0.15283819295356857, 0.5743189604297818, -0.05644315758065256, -0.08390604235614758, -0.24783764762402596, 0.18159518917747863, 0.2186320918275655, 0.19738113413587127, 0.02850099188029051, 0.0014980978012557535, -0.0010471742727694562, 0.0025116311232018422, 0.04892197724295452, -0.0019325003494972172, 0.0014943524186294059, -0.0018743147578622848, 0.5577527825359353
41, 2, 1, 0.44255755333755176, 0.00335980522205514, 0.5540574910797196, 2.5150360673470427e-05, 0.43346128617298774, 0.3839147573338527, 0.4150865137917072, 0.5471065243436621, -0.08334119019881034, 0.06091342598691929, 0.008162855728815189, 0.38396145891501793, 0.21362172363925044, 0.35655448307738835, 0.11637068604097847, -8.68526750821824e-05, -0.0007496221666394832, -0.0016945743206459747, 0.04950172186894387, 0.00214487503932946, -0.0018738620875221987, -0.000876532493982286, 0.5577527825359353
42, 2, 1, 0.4426251901902739, 0.0031885777267608856, 0.5541654707257535, 2.0761357211639676e-05, 0.37895579772923976, 0.43408776994551745, 0.3264468198365032, 0.5163566839190106, -0.23960418127665042, -0.2335284020656343, -0.07461298467856833, 0.395594675052953, -0.05345117211117425, 0.14939489558719193, 0.08066670166469221, 0.0007697237203021411, -0.0006508363022467885, 0.00042772393878227, 0.05038307979054515, -0.0021723285791729247, -0.0005835882182441172, -0.0013020620296105546, 0.5577527825359353
43, 2, 1, 0.4288835009882312, 0.004136881260294803, 0.5669556313620148, 2.398638945919864e-05, 0.3488827163748164, 0.4219200927743885, 0.3844270645938256, 0.5559654818675919, -0.13332427468965116, -0.08331078304588183, -0.017118300456615353, 0.3619865973583464, 0.09752085278038268, 0.14520312940548996, 0.08850551020250266, 0.0004576756438928106, -0.001831128976226078, -0.0003429679716144171, 0.0488634445042266, -0.00032056797792337337, 0.0006591416620077415, -0.0011535549498178676, 0.5577527825359353
44, 2, 1, 0.4134064510569704, 0.0023727589166341522, 0.5841950526912204, 2.573733517521949e-05, 0.16829203124288175, 0.3499311030702388, 0.3528789490392915, 0.5044720073813853, -0.02791648629417919, -0.06682360449642075, -0.2138017980466503, 0.14072279758657058, 0.018896328854629996, 0.15747788906885848, 0.0864592371405348, -0.0013189331807418583, -0.0010738842335841596, -0.0006797739186755777, 0.04968745070828573, -5.118328095683577e-05, -0.0011068131402219602, -0.0006923276683163191, 0.5577527825359353
45, 2, 1, 0.41335845751404365, 0.002372846379635533, 0.5842429594546547, 2.5736651666127665e-05, 0.34258996930118546, 0.25158342580444387, 0.4928434605162897, 0.591805569635335, -0.24298526584351993, -0.24718633959952951, -0.15302512315784664, 0.23707519649027983, 0.175242273644875, 0.27754490954953404, -0.10803372554058085, 0.0005175090983129015, 8.688277624601415e-05, -0.00038276953697403553, 0.05042264573366578, -0.00037079654286433867, -4.715022184046653e-05, 0.0010064304934315395, 0.5577527825359353
46, 2, 1, 0.3923248121613674, 0.0024748565791398694, 0.6051408882264542, 5.944303303861821e-05, 0.20715403127759732, 0.28187078700958923, 0.2441456740064048, 0.7307105110993969, -0.006826921974247791, -0.07406082421263353, -0.23050500240518934, 0.13178398926876975, -0.011338447053115019, 0.28616197253523973, -0.08885373945651115, 6.329285194109069e-05, 0.0008264491462980203, 0.002024160653582114, 0.05091675351428535, -0.00016639800895207045, 0.0002643606738230434, 0.0024807352650648307, 0.5577527825359353
47, 2, 1, 0.38790266390604794, 0.002493823046731514, 0.6095440145388417, 5.94985083787407e-05, 0.23580866769094336, 0.41457009832586084, 0.5207493350468531, 0.5582146951077103, -0.052267795491351056, -0.2570015429139479, 0.009442658481252964, 0.14417372066926148, 0.2739544111705956, 0.3313456423619495, -0.05147409042818487, 0.0008334417419777566, -8.746350256464214e-05, 0.0031869100170538118, 0.0492612189614012, -0.0015460522128368061, -0.0006416146853680524, -0.0011315031510741934, 0.5577527825359353
48, 2, 1, 0.38790267463706035, 0.002493799113714208, 0.6095440343233962, 5.949192582925468e-05, 0.26476921502337086, 0.1246384650497627, 0.18314977029117419, 0.5893963146455148, -0.3715826395259988, -0.05824732096892972, -0.15453088268124987, 0.061574507226874256, 0.3186081125343039, 0.0865277579267119, 0.14380029909048792, -0.0010454855388672927, 0.0014834083942368488, -0.00010153489932097088, 0.049504503652959636, 0.0005086957945254168, 0.0015725837742001114, -0.0016559615473775078, 0.5577527825359353
49, 2, 1, 0.387859918869728, 0.0024935809201357593, 0.6095879785994543, 5.8521610681784144e-05, 0.09089331258134234, 0.17856244829554624, 0.43449105496175733, 0.6387670668536577, 0.08441374486676083, -0.03187755559775215, -0.18699942660281593, 0.05732199448545401, 0.26647059797361045, 0.19770612337659507, 0.1952370989757341, -0.0004911231240951054, 0.0007279169326907268, 0.0014931641152642933, 0.0512448239048637, -0.0014679035945559253, 0.0003722266555064804, 0.00037461800163498995, 0.5577527825359353
50, 2, 1, 0.34415094560230813, 0.0026894633137449155, 0.6526553333735836, 0.0005042577103634107, 0.42373254042905567, 0.3543646178027358, 0.30140171709627966, 0.5175040879821199, 0.05397877731814036, -0.17736298338122033, -0.02140921690420563, 0.12078437156934271, 0.147192826826633, 0.23474513193544372, 0.07626263870607541, 0.0017597175597052028, 0.0003902280763481575, -1.5727682904085938e-05, 0.05026224992699152, 0.000669115756816863, -0.0005992300888935537, -0.0016884386881924336, 0.5577527825359353
51, 2, 1, 0.33548890038251034, 0.0010442921102564126, 0.6629767895816496, 0.0004900179255836605, 0.38679469373312625, 0.280373947601827, 0.4266407611784918, 0.5717073936356565, -0.07915371981804699, 0.006023954759008077, -0.15335688480061999, 0.14999510207826935, -0.024039584085785194, 0.13177210635707978, -0.07723361734731783, -0.0007270128511601994, 0.0011082353897826414, -0.0008660229784959736, 0.05045118764322028, 0.0006046197895179497, 0.00039923361612260696, -0.00046353218047244374, 0.5577527825359353
52, 2, 1, 0.33285892863415023, 0.0006606419933687729, 0.6657528787986424, 0.0007275505738385784, 0.44468463332281416, 0.17428649552034986, 0.2859099612408746, 0.5497309391954598, -0.18893214005675815, -0.1737171910276748, 0.010979359405792154, -0.07762117200633165, 0.15264564944671377, 0.07396321401961448, 0.0316010022987561, 0.0001671687561828964, 0.0009158757656958474, 0.0004980395770744743, 0.04994418472883337, -0.0013243272300415047, 0.0013317046266638113, 0.00010131170619136188, 0.5577527825359353
53, 2, 1, 0.33285330359957066, 0.0006608277771335935, 0.6657586007617274, 0.0007272678615682796, 0.1719249914908524, 0.3470990358443241, 0.3650015895759499, 0.61497962730616, -0.2770316139466396, -0.30658677818600866, -0.02449856449598332, 0.08019370580634212, 0.245571566306971, 0.10245902106385815, -0.08668198967974797, 0.000442284792993251, -1.5506281005126896e-05, -0.00037606984931314963, 0.05006770573193385, 0.0017595874199798438, -0.001723901019170887, 0.00097666828842877, 0.5577527825359353
54, 2, 1, 0.3328011525398517, 0.0006610704264627015, 0.6658113375515828, 0.0007264394821027616, 0.4267407502808839, 0.15449301020293554, 0.3388375563369035, 0.5691310187655296, -0.10584756999635989, -0.056893910474163735, -0.2901870487058388, 0.20714059139733618, 0.2765513777253704, 0.1091375818587265, -0.08538071403491071, 0.0004324771540192565, -0.0018698374659181644, -0.0005074530401433036, 0.05016126124311852, -0.00049245846826754, 0.0003093962299173524, -0.00011338241948768499, 0.5577527825359353
55, 2, 1, 0.3308247676353316, 0.0006608538312266575, 0.6677440924392938, 0.0007702860941479611, 0.18813461543944898, 0.2848221708736986, 0.3078309344489328, 0.495032372399516, -0.19361566885465004, -0.06372966206130853, 0.07860663675764346, 0.20761587172863316, 0.18239709462506215, 0.16068694777664122, -0.09354065096476522, 0.0017160996065739593, -0.00038544793624137286, 0.0007517081671899108, 0.049686942111163854, 0.0001044367287069458, 0.0014580293797164586, 0.0006418003961090887, 0.5577527825359353
56, 2, 1, 0.3308088889428509, 0.0006605641989253721, 0.6677614022670888, 0.0007691445911349833, 0.26227963866213166, 0.08696224795691618, 0.39554084286638974, 0.6609780266604206, -0.18232892172671003, -0.20424107618510784, -0.21774473248546963, 0.13625119460618212, 0.06624204874414967, 0.2536462516505634, -0.20514051801851255, 0.0018818112456642912, -0.001599768787921269, -0.002873758166790617, 0.048041063782120495, 0.0001912844147871238, -0.0008454073150601562, 0.0005000190894537694, 0.5577527825359353
57, 2, 1, 0.15987036654143708, 0.006140085455904671, 0.8326987662451065, 0.0012907817575517353, 0.17303138461322234, 0.24615916558696918, 0.35055530034901505, 0.37758635144362745, -0.0493541206752085, -0.09209412194155324, -0.047024004943551655, 0.12102555910557145, 0.20517188422289362, 0.16498742224363033, 0.03671219200232077, 0.000988598118031806, 0.0008902403232975197, -0.0004883486367907801, 0.04966564936839142, 0.003066932937282244, 0.001353763016507419, 0.0008635911134546109, 0.5577527825359353
58, 2, 1, 0.1574518916653886, 0.006141011078928272, 0.8349968492694853, 0.0014102479861979838, 0.28144645770819626, 0.28618764251521234, 0.17260106386850987, 0.5206907101853042, -0.13817109265622904, -0.11841860821335908, -0.0873979514943966, 0.15393839612877205, 0.22940304976589534, 0.1292808728626125, 0.02041249940956789, 0.00017045741548137364, 0.00033864530214502286, -0.0006164199388841225, 0.051684120058006267, 0.0003864857558232077, -0.0011051943358278585, -0.0004252221844970855, 0.5577527825359353
59, 2, 1, 0.1552856306490291, 0.006143530915544663, 0.8371510844264834, 0.0014197540089428617, 0.23314579003344932, 0.32371856652388775, 0.25882540889803257, 0.45866189488400744, 0.014466462122945023, -0.18928251854191241, -0.10963878933128468, 0.21990024047170947, 0.1705091459450006, 0.21665935787436172, -0.04035237384928621, -0.000539888889725323, 0.0005024731411746667, -0.0010004808519527794, 0.04813604455759458, -0.0012380040236140825, 7.927499976970263e-05, 0.0012561268008951065, 0.5577527825359353
60, 2, 1, 0.14415916205869386, 0.005882362523230232, 0.8485306097106787, 0.0014278657073971575, 0.18847621533792472, 0.2408050891731862, 0.3692133452517395, 0.8602955335652883, -0.1044528945909939, -0.1423676016362164, -0.12662153531767675, 0.18971938327253568, 0.1487950671652862, 0.17714442423130536, -0.09009529665468755, -0.0008336220130267683, 0.0008255342260593409, -0.0002322558982812974, 0.048532002168333435, 0.00033703611122624314, 0.0010630044494542579, -0.0003550393343256555, 0.5577527825359353
61, 2, 1, 0.12507883586914542, 0.006098929582906173, 0.8673876406206557, 0.0014345939272928793, 0.2510161976835644, 0.2485404296527225, 0.39503789273210066, 0.5474465353351704, 0.10126869127872609, -0.09491488048151697, -0.15350476656674178, -0.05411904571715749, 0.20986232247948858, 0.13011636001080068, 0.06316208627104687, -0.0003155855762552233, 0.0002726461960506326, 0.0004888998468934877, 0.052397508022014996, 0.0004800166531917635, -0.0001514806562994368, 0.0005740728840318445, 0.5577527825359353
62, 2, 1, 0.1250809350067846, 0.006095007431726894, 0.8673894629752735, 0.0014345945862149147, 0.39548073113392923, 0.16192446336352212, 0.14911415010710843, 0.597901839536229, -0.12941812178181245, -0.13564208571166242, -0.2885898198312141, 0.18642423128739938, 0.16068381792696967, 0.17901059252564536, -0.22532165330777465, 0.001383919233773906, 0.0018575821680938882, -0.0013587392202843553, 0.05179957603887432, -0.0004419114356886473, -0.0012553127529237576, -0.001248104363558443, 0.5577527825359353
63, 2, 1, 0.12506410250316677, 0.006092251640160485, 0.8674141777025869, 0.0014294681540858642, 0.28049707378550337, 0.18830673915309565, 0.3262219465251798, 0.5982243820489443, -0.0524538630332426, -0.03456290069794586, 0.0894510681781699, 0.07059858322456751, -0.0406157529420037, 0.33617282117392455, -0.15755223761802944, -7.940522037016419e-05, -0.0006198339056517391, -0.000501932673385491, 0.050713924676651104, 0.0010922701052534128, -0.0011513801875653552, 0.0009268082833412232, 0.5577527825359353
64, 2, 1, 0.10505315533086138, 0.00479307494140802, 0.8883109801484063, 0.0018427895793244227, 0.1691310085078599, 0.3182946334101445, 0.35257149307864166, 0.5109998416110993, -0.13650953947534855, -0.08519694285901332, 0.027325801128406057, 0.05278444122611596, 0.06888212353407297, 0.17746591889464125, -0.030677479386762983, 7.976180723687145e-05, -0.0004984064524646252, 0.0012221363626356975, 0.04918137441406706, 0.002109099605909443, 0.0005721903826463506, -0.00048474008154161027, 0.5577527825359353
65, 2, 1, 0.1050582434269295, 0.00478767031239921, 0.8883122492951364, 0.0018418369655347697, 0.005591951672049733, 0.3095400545911514, 0.1909843949244921, 0.5670629947401193, -0.2936356496337803, -0.12416797794664328, -0.20472586946415952, 0.027562770414348747, 0.007469821663041343, 0.03387105892607066, 0.17490462168178164, 0.0015308704344067167, -0.0014089877212037415, 9.10749465999792e-05, 0.05195793794812168, 0.0016525078357728003, 0.0012627907942863678, -0.0014098385544103632, 0.5577527825359353
66, 2, 1, 0.10469253560552515, 0.004840382539769774, 0.8886122655409002, 0.0018548163138048634, 0.26199519422693635, 0.2749616828939251, 0.1860051882966219, 0.590922667675559, -0.08718925925368487, -0.3185477400543576, -0.12976991083157283, 0.15225984754054517, 0.06366124625137204, 0.012579684656781675, 0.06023159056824155, -6.530864153418516e-07, -0.0005261913240914046, 0.0010575688238781027, 0.04980276798539023, -0.0015407977392936033, 0.0004839268867769152, -0.0012985025231756744, 0.5577527825359353
67, 2, 1, 0.10420186076755701, 0.004859108319559813, 0.8890812813051969, 0.0018577496076862682, 0.10379838913443273, 0.2107139987744882, 0.24225178048117582, 0.6630675726503499, -0.17335781883275878, -0.14526361202588528, -0.21284781454134513, 0.07255355808206754, 0.12320551755647706, 0.012195190708054127, -0.031739693071815026, -0.0028381522480351875, -0.00047727904839350345, 0.0011273818477723345, 0.050130511368223364, 0.0010610548853712486, -0.0005208943100161532, 0.0016727007198362627, 0.5577527825359353
68, 2, 1, 0.10110746466675512, 0.00495147486099185, 0.8919379109560347, 0.0020031495162183975, 0.31292020381617586, 0.16305026347536578, 0.1491885690886602, 0.5486233517171498, 0.00018207103919243295, -0.15407499063563035, -0.07355641883612221, 0.17675423473007798, 0.2501755603928099, 0.15151349661143043, -0.008845485976270391, -0.0010342409982690417, -0.0001972405068417338, 0.0008853589130290503, 0.05055557380149021, -0.00032205951756775566, -0.0010485542686226464, -0.0009671799240411784, 0.5577527825359353
69, 2, 1, 0.10062519647098259, 0.004907535458044204, 0.8924608454533173, 0.0020064226176559835, 0.43932111626208475, 0.23170307548673136, 0.2907734664414803, 0.47120452897528703, -0.12979100087831275, -0.14503838515599415, -0.05216498790550998, 0.23709557206131873, 0.24390807278421534, 0.05237930303743517, -0.08129456748006317, 0.00039502186870385496, 4.977435247036846e-05, 0.0013828786645801307, 0.05094738872434984, -0.0005132018633503344, 0.0008116523645512973, -0.000835669258514663, 0.5577527825359353
70, 2, 1, 0.10067867325255143, 0.0048541605417331355, 0.8924758060325833, 0.0019913601731321685, 0.13256334120340757, 0.06245084865848434, 0.2179776891455941, 0.6453071600800193, -0.09650512503967687, 0.07252119672291872, -0.36923713641510886, 0.03836443912527313, 0.11956771736369642, 0.014279737071761712, -0.2051463754538906, 0.001254345981868938, -0.0010492089667070042, 0.00012483607533164345, 0.05128624147527886, -0.0010318681805125082, -0.0012446860043649197, 0.0005943430952520423, 0.5577527825359353
71, 2, 1, 0.10223398632352854, 0.003231059499680307, 0.892545471097776, 0.001989483079015106, 0.23112171895209777, 0.16906251599568373, 0.25197760499746885, 0.6714238206881599, -0.09198392490412172, -0.26823138978237726, -0.14890082873627294, 0.1416371470161714, 0.03308234335035789, -0.173150883347143, 0.08591213171951176, 0.00014224747865089786, 0.0006356288858909546, 0.0005197247619688247, 0.04996375878520613, -0.0014292275825781868, -0.0004198747183261061, -0.0010030475849402967, 0.5577527825359353
72, 2, 1, 0.10060423827698621, 0.00333617950216639, 0.8937709508370567, 0.0022886313837908153, 0.38096264053018514, 0.24517933462341385, 0.2078569317104853, 0.4585673033047709, -0.15338816839065741, 0.04103387346835772, -0.011406886733118071, 0.06490299017837467, 0.0036027811361558637, 0.1649609949022691, -0.05377186472588338, -0.000918660878915002, -9.298381034998141e-05, -0.001115224776592665, 0.05244785327581962, 0.0005559463745630959, -0.00019742302727979223, -1.1183224796047402e-05, 0.5577527825359353
73, 2, 1, 0.10932373239498133, 0.0006820246189655197, 0.888371992302675, 0.0016222506833780531, 0.027608647425374166, 0.1516567921838233, 0.18973372545156245, 0.5065430086580556, -0.18866330326561204, -0.133648694407393, -0.13736434089517557, 0.1706149208612838, -0.006239999654870998, 0.1830917657990621, -0.02511763947920633, 0.0003925895827071718, 2.398296036984014e-05, 0.0010672795477182425, 0.0507219059683612, -0.0012277078368545912, -0.0016508947758012745, -0.000256896028100082, 0.5577527825359353
74, 2, 1, 0.10831298187197148, 0.0010812212987620236, 0.8888332403118895, 0.0017725565173770145, 0.07036582338577799, 0.2903378527104642, 0.1137813004745293, 0.49256592675867095, -0.0019882636526283417, 0.03615157064311687, -0.009064123376289368, 0.25077252001292993, -0.04224565409411561, -0.03625236323237315, 0.10601128880431647, 0.0007963311673181258, 0.0006870284573626653, -0.0009396710458693688, 0.048408427994402946, 0.001119032335606117, 0.00021679281880439567, 0.0011802487538630888, 0.5577527825359353
75, 2, 1, 0.10845971181181681, 0.0010085373237376336, 0.8888563952528037, 0.001675355611641878, 0.21960186622935002, 0.21239961778182853, 0.286852592432397, 0.5650661065559907, -0.27827371975358595, -0.07506936471560147, 0.038359146596463424, 0.08418432915922516, -0.02035362712960943, 0.19890381364031148, 0.08478080529306994, -0.0011811939938533207, -0.0020387830786087685, -0.0020313373475792837, 0.04949316796646219, 0.0009265859751493612, -0.0014255954888584793, 0.0008250500543617969, 0.5577527825359353
76, 2, 1, 0.10848038262609976, 0.0010137894142331504, 0.8888113930804808, 0.0016944348791862603, 0.07272149777967298, 0.01959556185001212, 0.054042252538935576, 0.629846955897434, -0.01054530931896489, -0.12753343492847233, -0.24055818332239065, 0.13171857886333632, 0.05951203057432719, 0.06253473324673305, 0.006104843361899425, -0.0002994733324235822, 0.0005431464571878183, -0.0011436991920548369, 0.04794579769606998, -9.645920540089729e-05, -0.0006365899044620453, 0.0008970688160801873, 0.5577527825359353
77, 2, 1, 0.1084268498756461, 0.0010141048554169847, 0.8888633688186475, 0.0016956764502895109, 0.15678840232160066, 0.1947994765079389, 0.15798592825238583, 0.528370349164472, -0.1473584867208587, -0.19516579293770406, -0.2257113001421162, 0.12138980470550273, 0.1454876879165899, 0.15893497328126055, -0.23270482172617668, 0.0010520784223965935, -0.0016776574136431704, 0.0011862360065276031, 0.0506795843204451, -0.00045571054340496866, 0.001984209707921025, 0.0013629229364394795, 0.5577527825359353
78, 2, 1, 0.10843386487822204, 0.0010006391966945229, 0.8888698938161411, 0.0016956021089423593, 0.11235010648868893, -0.024550476254281882, 0.11230844095892016, 0.6184142527605168, -0.15347191261358167, -0.017696302312817557, -0.08479713402303553, 0.12791065834304577, -0.012011480667022678, 0.10727478523770846, 0.1947940045462842, 0.00020678751925917092, -0.0019467595768030074, 0.0005108971247104936, 0.05044812275772178, 0.0023682284031987305, 0.0007605103169610142, -0.00011126363666361748, 0.5577527825359353
79, 2, 1, 0.10792786271961449, 0.0010208858324389511, 0.889258947537712, 0.0017923039102347126, 0.1752254347092566, 0.08600503412267727, 0.06331018746843133, 0.6605500106436188, -0.11992242483230935, -0.017813973449387843, -0.11366811901428793, -0.012872361964781809, 0.18664562327943401, 0.1845362308375041, 0.08434023947276834, 0.001267165071666016, -0.00020988255703009313, -0.0015896703709055784, 0.05009334212486165, 0.000499641848482364, 0.0009807507810646724, -0.00018832365357539097, 0.5577527825359353
80, 2, 1, 0.19080860584433926, 0.0005485720348834603, 0.8038305899317939, 0.004812232188983356, -0.11422038454788234, 0.1611366502448884, 0.17082730174281874, 0.5037719043057326, -0.053159881176338866, -0.10749289594594771, -0.023186781925270194, 0.03409345462684622, 0.03875354034159832, 0.17669820787511223, -0.10989783611791153, -0.0011897120469612813, -0.0003361204896745648, 0.0011283579639828987, 0.048645265365838936, -0.0024433662418407737, -0.0009743956939315561, -0.0027379481226712248, 0.5577527825359353
81, 2, 1, 0.19065036557163545, 0.0005414402262169084, 0.8039965286623755, 0.004811665539772157, 0.06359126369226004, 0.07771569548962332, 0.2436856295342041, 0.6536597105073062, -0.049141625622065574, 0.09576794046927847, -0.15083258729338977, 0.16873238770114543, -0.03975819555963996, 0.18816860667799856, 0.07851453206133446, -0.00040634605332770437, 0.0001489963571810618, 0.0011103684163392476, 0.04999533779191835, -0.0012791699912069942, 0.00030398625972418965, -0.00047865736218719675, 0.5577527825359353
82, 2, 1, 0.18505043666914242, 0.001075225801869905, 0.8054904972793606, 0.008383840249626915, 0.045422814542279456, 0.022215053074795987, 0.020915556024865323, 0.5882368694049707, -0.048768143886263195, -0.06529622901805661, -0.020883949848843654, 0.09185581646023586, 0.16568340805776413, -0.06636227102223617, 0.08785965740189901, -0.0011279362223598295, 0.00046306367325841353, -2.8180378044778426e-05, 0.05201636370106281, 0.0016343738156209691, 0.0001297716040267007, 0.001263461110953355, 0.5577527825359353
83, 2, 1, 0.18333846961591677, 0.0011005386243770083, 0.8060485380203762, 0.009512453739329988, 0.18316472199598763, -0.04602384495263765, -0.0039334280220848505, 0.5878027947490747, 0.021294833552197967, -0.1419888779650646, 0.014578241677221349, 0.05554337020484751, 0.23099626378137822, 0.17164139181360824, -0.07518798869580004, 0.0009774530421798858, 0.0018389802584093968, 0.0017916914140369178, 0.049493146209390666, 0.001612776675057714, 0.0006312904162013508, -0.0002521083409356221, 0.5577527825359353
84, 2, 1, 0.18441356678191445, 0.0004742635438089011, 0.8055799087712427, 0.009532260903033994, -0.1319671758091372, 0.08558139465684558, 0.043281958056603766, 0.6231826965850942, 0.003001390894922551, -0.15090110893469327, -0.11500156285255311, 0.16257398652074062, -0.14411273955361892, -0.07406739485776043, 0.11320302002066078, -0.0022304998392255757, -0.0020273597786456556, 3.5908931347449645e-05, 0.049114586007820725, 0.0026532773863707252, 0.0007849926989070999, 0.0002814951780087772, 0.5577527825359353
85, 2, 1, 0.18453210277021856, 0.0004752924084574537, 0.8054523029366697, 0.009540301884654222, 0.10615580500054549, 0.11466992991037477, 0.024538977230609483, 0.5673983133992555, -0.20775402864098388, -0.17553480634710672, -0.13295177337825873, 0.12348993110156208, 0.036268422853916314, 0.25408649091637314, -0.010423117051929578, -0.00022596808677947993, -0.0011413518639956921, 0.00240153963495169, 0.05115306253419695, -0.0023231171872995565, -0.00016759380568933362, 0.0007667711366313309, 0.5577527825359353
86, 2, 1, 0.1845450928169514, 0.0004753360069420734, 0.8054577647724325, 0.009521806403674036, -0.10227244464453325, 0.24681465001662045, 0.398968159426984, 0.5332026388777515, -0.2483333464175567, -0.042087880348882334, -0.31247069028733226, 0.11048181652581916, -0.10288878905246604, 0.09227306283277645, 0.009570217808332993, 0.000209949442310319, -0.0020162447312419597, -0.0006533013430789335, 0.05197520362005198, 0.00042626759934628964, 0.00010464223498780057, -0.00036844215574350156, 0.5577527825359353
87, 2, 1, 0.1824751940390105, 0.000606242871937867, 0.8066430432875855, 0.010275519801466187, -0.10930656106314958, 0.02647941389341978, -0.024424490893466787, 0.4974381331058327, -0.11177882131830667, -0.15954572955379903, -0.15017778032819748, 0.09541857742938965, 0.07880512557892572, 0.1527903942150301, 0.08967667950870611, -0.0014793596709096126, 0.0011739093931367923, 0.0005027528941752076, 0.049666047672766334, 0.0001786227019804538, -0.0006210463542630303, 7.35623093395946e-05, 0.5577527825359353
88, 2, 1, 0.18213957472748127, 0.0006599442800953111, 0.8067014917803896, 0.010498989212033821, -0.0016341560873051608, 0.09077268733800797, 0.05582955498107702, 0.3208208933343529, -0.12391491717251854, -0.2631212484062066, -0.09333142452866738, 0.001775273011448092, 0.06533450128715454, 0.037561938742154036, 0.10116000011684005, 0.000832949295814624, -0.0008483821429037992, -0.0009587818411661492, 0.051526005981947474, -9.478883059806144e-05, -0.0005759951053149252, -0.0010808941992076222, 0.5577527825359353
89, 2, 1, 0.2368958563433554, 0.0023308875677742276, 0.7291253875475832, 0.031647868541287226, -0.002867304027774298, -0.0208067612984039, 0.1189584945308316, 0.5876604454823233, -0.0023498409272162623, 0.1285610887307239, -0.01012182968552322, 0.01838011692218701, 0.022464415980809293, 0.03796278304756161, -0.14040660370523392, -0.0003944790049123921, -0.0002842953044215297, -0.002945529015742308, 0.049896591829020134, -0.0014443053815073963, -0.0005964887398717969, -0.001175951995510542, 0.5577527825359353
90, 2, 1, 0.23906453854054793, 0.0014706266305898126, 0.7272995193963727, 0.03216531543248955, 0.062098899561181344, 0.05823127934195119, -0.11718996561809931, 0.5910950218879721, -0.15253874130983616, -0.17109522639833968, -0.06372581079963305, -0.018001298967758463, 0.1748762001543401, -0.02408299851465633, 0.12065441879922531, 0.0013233571853327668, -0.0003662277190429788, -0.00040357580806658965, 0.04976300785975671, 0.0007936029268788833, -0.0018111132932382423, 0.001138296948698781, 0.5577527825359353
91, 2, 1, 0.23909934757205326, 0.0014710393227469495, 0.7272621755518845, 0.03216743755331535, 0.032167537216497004, -0.03627015345156479, -0.04886620548930508, 0.6510983110922083, -0.17841774867472365, -0.19829567595242423, -0.18236546395823963, -0.03703710050206103, 0.13784727369287172, 0.09826006513302228, 0.07102638129892216, -0.0005145176632409902, -0.0016625341969583145, 0.00033644961218267245, 0.05040552949172984, 0.0005120043488120159, -0.0002469101282730452, -0.00020530873492222452, 0.5577527825359353
92, 2, 1, 0.23913672747997541, 0.001473620111324389, 0.727217971268476, 0.03217168114022421, -0.010464025975794423, 0.06884817730334479, 0.10370054066309442, 0.4517741425826275, -0.36051322761064447, -0.13699038754628232, -0.0974543857428349, 0.0832054848712616, 0.043954945844884685, 0.05537462168172419, 0.0836603690578892, -1.6680698676184023e-06, 0.000333930370627418, 0.0001782485350893481, 0.049778803318012745, 0.00013254212555453214, 9.099254092272725e-05, -0.000509904684426141, 0.5577527825359353
93, 2, 1, 0.23832494668421686, 0.0015959117732723342, 0.7274508097093086, 0.03262833183320222, 0.03800449204222175, -0.011225144827928368, -0.04525179836509764, 0.6564997986846703, -0.1826678860584296, -0.09655745751231078, -0.1389932479976325, -0.1107093762659606, -0.15115128792004526, 0.013900246356537, -0.03087835629381854, 0.0007021084276495504, 0.0005879691067998265, -0.0014334318210515952, 0.0493999818581987, -0.00019267513043402345, -0.0018841908991952567, -0.0003222194813460421, 0.5577527825359353
94, 2, 1, 0.24004507856498825, 0.0016194321532166406, 0.725656416491852, 0.032679072789943184, 0.10990707184848672, 0.08873351820193638, 0.04916567488452587, 0.498961701668965, -0.12991362406972765, -0.020201539152523474, -0.1873233341375021, 0.012013172067527004, -0.04037593346971229, 0.11206659902337479, 0.0392709188212947, 6.22605630352102e-05, 0.0011269631723215471, -0.0005794218759969431, 0.04905797529796154, -0.001076220207332796, -0.0015325101870153845, -0.0005416991662744234, 0.5577527825359353
95, 2, 1, 0.23993126365777967, 0.0012606248802907198, 0.7257125606231999, 0.03309555083872974, 0.037138548896461274, 0.15843171899513447, -0.04581715715695069, 0.6148232564495867, -0.2082865994300417, -0.05702238684862685, 0.008304268098452283, 0.013595296354729645, 0.22454882918077543, -0.14269156960526558, 0.012570268186961261, 0.0010321718470798736, -5.130839052486127e-05, -0.0005455727221417248, 0.05192669365721916, 0.0006262732507835076, 0.00043072216361153277, -0.0005955353053332431, 0.5577527825359353
96, 2, 1, 0.2398433618753773, 0.0012693979004320265, 0.7257405218202908, 0.0331467184038998, -0.0014676988557687288, 0.13576657939033404, -0.21018280954677432, 0.797597713476747, -0.07149726049910538, -0.12860380098759377, -0.18718022427442382, 0.09693571555309247, 0.12038414558808161, -0.02628997856291875, -0.030494393525042428, 5.771738277935856e-05, -0.0008939463518662514, 0.0017249188516356509, 0.049437340933572924, -0.0004753145298577031, 0.0007830550784175948, -0.0010255883586986758, 0.5577527825359353
97, 2, 1, 0.23981139799111095, 0.0012737821470654987, 0.7257683927892961, 0.03314642707252756, 0.118937481028388, 0.05527078560030463, 0.013703976564614079, 0.5654690136855852, -0.06977146243211516, -0.10036294363039991, -0.2735774887126637, -0.057692768046698574, 0.15942974535155313, -0.02320109066261792, 0.0222338024394758, -0.0010368355807914, -0.000911726169509623, -0.001674020006013383, 0.05021333832787931, 0.0007131500385137033, -0.0002717918134919179, 0.0012889733523199815, 0.5577527825359353
98, 2, 1, 0.23927188941127123, 0.0012869748132956062, 0.7258832547486697, 0.03355788102676352, 0.1397080801218907, -0.037834078913808515, -0.16617044572389994, 0.5386677201645629, 0.02713666301092028, -0.10789888224570054, -0.1196484945266365, -0.0264709692783067, 0.03456117026666982, 0.04192783016988179, 0.11854313301229598, 0.0006356052752499591, 0.0014961484897809073, 0.0006376442529858404, 0.05110080812923394, -0.0011314649473313256, -0.002522483928957878, 0.0005569145904046384, 0.5577527825359353
99, 2, 1, 0.23934341380364949, 0.0012868219645740748, 0.7258124103135476, 0.033557353918228776, -0.08399681815922239, -0.07141881636730195, -0.062412337019931693, 0.6473700257838282, -0.18655490740267894, -0.1823022922118441, -0.2701480001021678, 0.07336949994633357, -0.0070035925913467245, 0.033493892688906346, 0.05136198400813946, -0.0003468748468495865, 0.00017263727798007552, -3.202952857775623e-05, 0.049564572528041674, -0.0011047376209799137, 0.0008070507365402454, 0.0012326899638185796, 0.5553770841943776
