t, Event, Policy, P(still), P(random), P(reach), P(transport), o(t), s_a 
0, 2, 1, 0.1331288069486618, 0.22522644698619843, 0.6416447162628174, 4.602961567456987e-09, -0.5803809743004944, -0.4690740116215107, 0.6822320558938391, 1.0170638670568437, 0.19837341320009877, 0.18808032960472518, -0.24733462568346587, -0.18258656893932415, -0.3560289552989259, 0.3933347867702562, 0.050982973157182476, -0.12059561546366578, -0.09125884953304406, 0.07764272197019487, 0.15795291342064302, -0.06916551655204971, 0.20090912083095852, -0.10762762283808154, 0.9
1, 2, 1, 0.13312858343295655, 0.22522647487732475, 0.6416449372256331, 4.464085689404043e-09, -0.49730605554829943, -0.41446847117555363, 0.5719283357683163, 0.9351174363452648, 0.09918331061777073, 0.028529492095062857, -0.15624130752794033, -0.32095477640036496, -0.31550017262378904, 0.3719491497702975, 0.15381882529939683, -0.00043406024359613025, -0.0022354538303513316, -0.00100092600911525, 0.08923566500996798, -0.0002744648475969756, -0.00033844980125693103, -0.0008245825538981445, 0.9
2, 2, 1, 0.13312440425538222, 0.22522712274913398, 0.6416484685313931, 4.464090749958722e-09, -0.5635979064562411, -0.551245731756517, 0.6389390567319975, 0.9031011241154887, -0.009242470225246624, 0.23738934816703433, -0.22245440264693944, -0.2636824824975449, -0.03955066106397944, 0.2399616784407565, -0.03461344432585683, 0.0015259358562564947, -0.0003120443985301327, -0.0002171310191658274, 0.09045093556204517, -0.0013231078662148967, -0.0008760915309685225, 0.002727939639365175, 0.9
3, 2, 1, 0.33407006147074725, 0.023178691554592703, 0.6427512423652526, 4.609407475339847e-09, -0.6212218868450903, -0.5700207973845889, 0.6264248629179503, 0.8947035347767598, 0.11448959178262792, -0.13058557242375915, 0.07945656274951732, -0.16067599102409505, -0.2326465506655234, 0.24059154096061391, -0.0364666353501457, 0.0004923784992660458, 7.030493295281855e-05, -0.00098210971351928, 0.09085369509708384, 0.0011050353306855801, 0.0008557868150838749, -0.0010514298752469303, 0.9
4, 2, 1, 0.33404581848018555, 0.023187559967849557, 0.6427666169332792, 4.6186856566871545e-09, -0.5732441317626384, -0.6150429910456551, 0.40132570209164253, 0.9749717000963898, 0.27531718364661123, 0.20954485947030604, 0.008297788311818289, -0.4253047124475627, -0.20895959821277216, 0.38190547750945636, 0.04267339555256483, -0.0014419001302626267, 0.0018765604910573248, -8.4693518378121e-05, 0.09195809446129014, 0.0007474210333783407, 0.0003765468078107514, -0.00011553365489738822, 0.9
5, 2, 1, 0.33404273724447286, 0.02318690831118723, 0.6427703498256543, 4.618685680348567e-09, -0.43309153811509615, -0.5061710328132126, 0.7208657398616684, 0.8596264446119841, 0.12959520984296255, 0.08461108338930298, -0.10041361590508953, -0.3048082930366036, -0.35724586449231355, 0.3351460059772805, 0.08027480414584097, 0.0027229706611173075, -0.0009054481658116263, -0.0009498324317577277, 0.09113773639069658, 0.000593312163087408, -0.00033505819354129053, 0.0005279081016629642, 0.9
6, 2, 1, 0.3338667811835925, 0.0232238053689768, 0.6429094088271028, 4.6203279989289695e-09, -0.5774825887903741, -0.5905701715499155, 0.5474285938067164, 1.0150150336998929, 0.027784609507863635, 0.15751221908473068, -0.14478211087894774, -0.35411920394697427, -0.27870876266321065, 0.23072970500267748, 0.00787762118125097, -0.0015017856049605917, -0.00018636792346561398, -0.0008171779018066368, 0.09004604661006563, 0.0011359152172489594, 0.0013449642140612554, 0.0007860609027104997, 0.9
7, 2, 1, 0.33387964712480434, 0.023210269129435804, 0.6429100791254223, 4.620337590478863e-09, -0.4222882447695606, -0.4416264906730241, 0.5715674615907257, 0.8132601512246305, 0.08118589590930843, 0.09307003789964777, -0.03634125953704644, -0.44742001266100206, -0.28879916606480077, 0.16843636536170298, 0.26647347319086034, 0.00047200725258265356, -0.0006149356946151456, -0.00033162378683362643, 0.0899083490971706, 2.7301682536753306e-07, -0.0014217432025338968, 4.8920762449029015e-05, 0.9
8, 2, 1, 0.2719839151779118, 0.03221804469158603, 0.6957980354434659, 4.6870364731218844e-09, -0.6097093453024557, -0.4763254953049887, 0.6404558866714462, 1.0140627037213126, 0.060682727311006136, 0.08249485402775439, -0.0667184521533458, -0.3442874502563519, -0.14204493642776267, 0.36604472599945614, -0.056947967331360164, 0.00023214509178938383, 2.9447155047096853e-05, 0.002247792218761399, 0.09064968462124953, -0.0008240164911201036, 0.000854054581054848, 0.0015222839550780097, 0.9
9, 2, 1, 0.271983903599717, 0.03221804530657788, 0.6957980464066686, 4.68703647312356e-09, -0.5939248841819825, -0.6224656043509148, 0.7584284878165682, 0.9333423454085137, 0.157310151001339, 0.09471269162645786, -0.32445927830136007, -0.4324979793396103, -0.0739344019314987, 0.30333468148367587, 0.053276018600221374, -0.0008231932923731993, 0.0018866347364976759, -4.484310054295402e-05, 0.08924219666671783, -0.0002050169513181679, 0.0012089618288453105, -0.0006549366583691746, 0.9
10, 2, 1, 0.2720036790898783, 0.032195075097576555, 0.6958012411164054, 4.696139682355982e-09, -0.4763485491554971, -0.6591412883251018, 0.47186646545287625, 0.9527667246286609, 0.162394216430501, 0.22545821036173033, 0.03117651205575176, -0.29484608632005754, -0.1331920111909662, 0.2764863524296496, 0.1694287899938609, -0.0003818086094307633, 0.0006414867194161807, 0.0014762224836796108, 0.09108929323033642, 0.0017662924768301527, 0.0010321041054792586, -0.0009082135590017875, 0.9
11, 2, 1, 0.27185065076017967, 0.032212813433033206, 0.6959365311106447, 4.696142525459228e-09, -0.4116732579811714, -0.6994283684876473, 0.6341344038592294, 0.849551808411794, -0.05217637561064081, 0.04241177827657135, -0.0823248339136172, -0.32478151750307854, -0.45184468386873444, 0.36639651190482503, -0.07734408045732193, -0.0004243528684506998, -0.0007286091822320837, -0.0004085023684215327, 0.08883614016659468, 0.00043605773522081067, 0.0030039389740348674, -0.0012261490538782156, 0.9
12, 2, 1, 0.2718506581300058, 0.03221279310828158, 0.6959365440655702, 4.696142465784442e-09, -0.6597242647643738, -0.6804337671553622, 0.5822740094409982, 1.136307822287393, 0.2848989885104587, -0.05620896272736651, -0.2439589290368432, -0.2611035839002244, -0.2845457808714419, 0.2988079705061171, -0.06483196444467558, 0.00032931610745243206, -0.001160178647556818, 0.0004037345113295043, 0.0873482167477447, 0.00017302534528794832, -0.000360175925417709, -4.661392319345933e-05, 0.9
13, 2, 1, 0.2718506581300204, 0.03221279310812044, 0.6959365440657167, 4.696142465781703e-09, -0.605621295601767, -0.3856663070848224, 0.5928889540360662, 1.12173345734084, 0.11743720077801603, 0.2365039151361862, -0.23367593646128496, -0.0841687914008584, -0.22476943676872518, 0.2611418367045523, 0.31162245980160147, 0.0005822143658902899, -0.0006733653663288412, 0.00013229348930028523, 0.08916922855022537, -0.0017697969494262639, 0.000651581162681178, 0.0008777175078586599, 0.9
14, 2, 1, 0.2702037134097969, 0.03274665206131656, 0.6970496282004471, 6.328439514238371e-09, -0.3920614778264924, -0.3561177521791611, 0.47622787257052723, 0.9617401688705911, 0.17255862518494752, 0.0637492945433431, -0.08650459334787236, -0.22603739975549483, -0.13096719228916673, 0.2589680694817417, 0.019255345373215528, -0.0005444266107208722, 0.0004863741664627542, -0.0009915971053552706, 0.09009004427947334, 0.0007746731077323836, 0.0001868320755147047, 0.00028547471781674774, 0.9
15, 2, 1, 0.2702018822239737, 0.032747230515926616, 0.6970508809316514, 6.328448401714205e-09, -0.6432846656407918, -0.4768083156189783, 0.5769837396063647, 0.8031168412512144, 0.03656330197412992, 0.24134310968317774, 0.030176542314374853, -0.24670463768514153, -0.4520068984177138, 0.22918364058707352, 0.13827614108508873, -0.0004225761031435588, 0.00022629112226474468, -0.00025250679626074885, 0.09004614160153772, -0.0009753854538915986, -0.0008510235987081744, 0.00047947149940216484, 0.9
16, 2, 1, 0.2701959846467399, 0.03275057631098452, 0.6970534327123393, 6.3299362713052905e-09, -0.6250482403293331, -0.46329197942553646, 0.5878893562181162, 1.0805059906378969, 0.28758748363080355, 0.36472778035301234, 0.11762200614551928, -0.24280434920471988, -0.13792437393773718, 0.27014634608727583, 0.02937639069788191, -0.0008683988150158348, 0.0002973254098470826, -0.0008889664286345188, 0.08838945277989152, 0.001143457536165292, 0.0023416804782723567, 0.0002728739561473493, 0.9
17, 2, 1, 0.27019597102440085, 0.03275058047975461, 0.6970534421659043, 6.3299403661747255e-09, -0.5814523303940012, -0.4390617397601382, 0.36200400287928547, 0.9760342777687638, -0.01081139118733534, 0.3119544632513453, -0.177484379352343, -0.3897772489896944, -0.3438416304475546, 0.20337958059573397, -0.031196434274115486, -0.0013129603667550332, 0.000133703052452186, -0.0014924822284276746, 0.09003637265428663, -0.0008953347947372916, -0.001909522141467355, 0.000565079190441696, 0.9
18, 2, 1, 0.2694555071114712, 0.03285385808201985, 0.6976906284759644, 6.330544614726101e-09, -0.4464024736457081, -0.46388635574140685, 0.5659218226994486, 0.8613863614385739, 0.07183749051391591, 0.16066016222834978, -0.1552985501266867, -0.3821452323580902, -0.23235425897937642, 0.3519170994728846, 0.027895638846863323, 0.0008698139638188887, 0.00042413722171168275, -0.0005553723271986363, 0.0900067351427429, -0.0006749500265807813, 0.0004508168732479759, 0.0021398032166650327, 0.9
19, 2, 1, 0.269287037273336, 0.03291038486246843, 0.6978025714861709, 6.378024728047336e-09, -0.48238739334199787, -0.5817672205123211, 0.47004216385164704, 0.9631208089540951, 0.1956791869169437, 0.14407587532189048, -0.09908003994205335, -0.2671907077130614, -0.25538524290135955, 0.2473990425424394, 0.0778403279558492, 0.0007380078700847468, -0.0001663494565038244, -1.7903193679058656e-05, 0.08951032074667467, -8.172520697685834e-05, 0.0010332453440305297, -0.0004198120066787049, 0.9
20, 2, 1, 0.26922630471748776, 0.03294929568850178, 0.697824392015072, 7.57893863327049e-09, -0.6288817726273307, -0.40056516244425405, 0.5001792010735339, 0.8364522210999011, 0.18768270219760125, 0.11845805751995162, -0.001098393510757134, -0.3077023507501436, -0.15356160629637758, 0.015540993694522554, -0.09781678084163313, 1.3010047628789072e-05, -0.0017393371971666956, -0.00040915137107078837, 0.09200639917439687, 0.0009211841431266396, -0.0011223768342989184, 0.00028209483927139624, 0.9
21, 2, 1, 0.26921283629534615, 0.03295096075011, 0.6978361953755943, 7.578949652236505e-09, -0.4207670716074907, -0.3503433975017627, 0.6598826324373528, 1.0054836673700471, -0.03199573064744543, 0.08602771203938979, -0.18879657221908536, -0.24346930239619385, -0.12325605661770182, 0.2472459869795643, -0.030176129647562562, 0.0013206154569615608, -0.0006222919700726845, 0.0009767619820879548, 0.08951950954538838, 0.00016452530384028307, -0.0007336196477461928, -0.0005833536305446845, 0.9
22, 2, 1, 0.2693018360108355, 0.032825398528334715, 0.6978727578805127, 7.58031698156857e-09, -0.4158433602466373, -0.5363769780972956, 0.5384954532060987, 0.9647208919217153, 0.06276577932257701, -0.15366034552554225, -0.17303634196130496, -0.126778186756573, -0.23131976777781396, 0.2380551550288354, 0.07157593913174398, -0.00022549410686834368, -0.002049345564599351, -2.215697941469059e-05, 0.09053399330666087, 0.0002448510139556181, 0.0006976270314000719, 0.000805495672502249, 0.9
23, 2, 1, 0.26930183169413013, 0.03282539894470989, 0.697872761780843, 7.580316981940944e-09, -0.4670703162088651, -0.4006050157473017, 0.6432841665709643, 0.9115736121331605, 0.003615821453293555, 0.20214287925544605, -0.33072063168975696, -0.3035914703303009, -0.07865091664254009, 0.22654451164728048, -0.06193883862796262, -0.0026781613389921213, 0.0011381350105234343, -0.00034143189279137474, 0.09046732617271368, 0.0008820016513482489, 0.0016981197416978387, -0.00032793366739182684, 0.9
24, 2, 1, 0.26725664020637807, 0.03316548516443041, 0.6995778670485001, 7.58069130394839e-09, -0.4042959243307519, -0.425264548802082, 0.6879409938698445, 0.670132039659579, 0.06717102788260675, 0.14373182993046646, -0.1644550437329923, -0.4325994328071266, -0.07593379179999774, 0.21313758855863035, 0.04211080014950106, -0.0016957308268539893, 0.0005487762621214671, -0.0005009284515479995, 0.0893486254369441, -0.00029878295371179626, 0.000639635062493409, -0.0011644800813393904, 0.9
25, 2, 1, 0.267256630722291, 0.03316548739563496, 0.6995778743013826, 7.58069150911297e-09, -0.4642336708117455, -0.4689133215791605, 0.5302363996167542, 0.8207746428439655, 0.08431136812189813, 0.3424294607885079, -0.18760673527226138, -0.3097353836115535, -0.2938120036806797, 0.18268998991577637, -0.11698204352746, -0.00017550458511162987, -0.0011528138414722586, 0.0008927742307220802, 0.09050202689462879, -0.00041616761059618207, 0.0006470893410799357, -0.0009636083505757939, 0.9
26, 2, 1, 0.26754096665614713, 0.0328192557556505, 0.6996397699895776, 7.598624745559474e-09, -0.47112173943712204, -0.2535788075174044, 0.40111299921074794, 0.8600721516213314, 0.0566609591558412, 0.0963054075126842, -0.05628493221429529, -0.13338818177862902, -0.32617786003176175, 0.3720728853565768, 0.1177938167110872, 0.0011359877618800714, 0.0018227134386495174, 0.001020573603769796, 0.09043809161205163, -0.000791658371837372, -0.0008758179070013893, -0.0009676023723706915, 0.9
27, 2, 1, 0.2627642128985716, 0.03377305055218182, 0.7034627288525761, 7.696670427173854e-09, -0.5092254791360945, -0.4452078836051725, 0.5863977871787613, 1.0522017214127908, 0.01560058515960655, 0.044297621496290074, -0.1639607000110705, -0.22864952136414987, 0.04968244634742538, 0.25044911177616347, -0.015178763172313087, -0.0009970202453346106, -0.0011754024315722392, -0.0013465521555506032, 0.09153160349330339, 0.00020649349281761203, 0.0007963803185945636, -0.00036328622290700377, 0.9
28, 2, 1, 0.262763787700394, 0.033773079233593004, 0.7034631253693425, 7.696670556420392e-09, -0.42883863582598547, -0.5922227551152022, 0.5363792140281516, 0.9952424237162193, 0.14843849198591902, 0.17263909679589953, -0.24631913119817, -0.2903692878947558, -0.13557606768143962, 0.4670754234812007, -0.19527318071643812, 0.0011839751040801567, -0.002339912884173304, -0.0016573933302120882, 0.08917399274296783, 0.00014082573016639736, -0.00033835155929450814, 0.001459149348427908, 0.9
29, 2, 1, 0.26245870527625886, 0.03391214700839076, 0.7036291388159887, 8.899361856574294e-09, -0.5021894729478624, -0.5342834449692163, 0.4283673094443775, 0.7631411853099638, 0.20390341554746394, 0.18279116351999364, -0.025740049452353773, -0.23927483923495005, -0.1949541754769472, 0.2554952154741373, 0.056009796980384795, -0.0012449101058972828, 0.0012330324117084185, -0.0015554086113132044, 0.09128644626645396, 0.0011684737299185693, 0.0005731860190609125, -3.0111610676503814e-05, 0.9
30, 2, 1, 0.2955064593725855, 0.00017620659246409543, 0.7043173251230785, 8.91187183949398e-09, -0.2080900236454078, -0.35862510869307085, 0.6569049007182407, 1.115085724668033, 0.13925852403489755, 0.02312611274634061, -0.0011684914626773012, 0.022540559923963154, -0.24882838087963002, 0.15773025810705885, 0.0024287474593960552, -0.0006499344317611551, -3.833887965146051e-06, -0.00014634504950690325, 0.08948137347239361, -0.0004223045401457445, 0.0012702003762871295, -0.00036768340852014626, 0.9
31, 2, 1, 0.2954873124552924, 0.00018013212705147706, 0.7043325464981312, 8.919524870424154e-09, -0.38557583787012517, -0.3745666127809846, 0.37531357343579813, 0.9231173192502407, 0.1135302998702912, 0.016859680099091855, -0.21612404157050488, -0.11289279855748502, -0.08148238170615481, 0.3539913405044216, 0.033124373012362526, 0.0010857304716923918, 0.0008367012231476759, 0.0011368876689219437, 0.08799034945125614, 0.0014704911675232515, -0.0010933783889268075, -0.0012464659931032645, 0.9
32, 2, 1, 0.2954872565426196, 0.00018014240500107735, 0.7043325921328535, 8.91952590624157e-09, -0.3482966616026473, -0.39481442076614054, 0.3926691005485555, 0.85069253398136, 0.06123495761411564, 0.17015067960657068, -0.31810802729978616, -0.2536265180084733, -0.3408628570118276, 0.22385588349552962, -0.018013019061392722, 0.0007887131169198302, 0.0010480281313105693, 0.0009615378837033542, 0.09060689988490703, 0.00022792238363603104, -0.0010693133269874112, -0.0012016852357529583, 0.9
33, 2, 1, 0.29541386062047514, 0.00020902119807443572, 0.7043771090515959, 9.129854544332768e-09, -0.5241269144969666, -0.21976656131784833, 0.4061228364064391, 0.994986927113025, 0.018973036524438304, 0.15295640140102884, -0.1314657107258522, -0.029147270549327798, -0.2416319260459842, 0.17141441909532495, 0.0508044002940828, -0.0010895197108831023, 0.00020648334617342544, 0.0009532500512179085, 0.09070086370839968, -0.002072199225196616, -0.0002427719737909117, 0.000835120747998599, 0.9
34, 2, 1, 0.2945027514276718, 0.0007906148331275071, 0.7047065839826154, 4.9756585267194826e-08, -0.4007315451500479, -0.3454518275649746, 0.35129611195390675, 0.8880244993212256, -0.04936041609985462, 0.17413635026004867, -0.06320115277688722, -0.1714969262322129, -0.2692930568290582, 0.08975674556986095, 0.06008263949963821, -9.802256041659637e-05, 0.0015688123048432704, -0.0001548001356834002, 0.08927484819025441, 0.0004075620864326825, 0.00039894054891017493, 0.00041661973041225674, 0.9
35, 2, 1, 0.2919863457262879, 0.0015394488977652431, 0.7064741547935528, 5.0582394119233244e-08, -0.5152020629418564, -0.4608811190385854, 0.43353281256706167, 0.7998803004566855, 0.16977560706555997, 0.25307183906926534, -0.00608474582436791, -0.25770179545798905, -0.25191152874892736, 0.4026249239782751, -0.07760428860033672, 0.00040861235575253175, -0.0012192861865106086, -0.0010172766998516295, 0.0901740887722955, -0.0007071749968655111, 0.002065381944608814, -3.575203529875758e-05, 0.9
36, 2, 1, 0.288419574401146, 0.0024089450116454073, 0.7091714297397799, 5.0847428725123243e-08, -0.5045277020709792, -0.45925414238989726, 0.5754254408266766, 0.8779028221266847, 0.12939024480247419, 0.1043619568096213, -0.05604560855102011, -0.28679947796116606, -0.16488765433302735, 0.2679154983615178, -0.13882912979877146, -3.384698349407946e-05, -0.0002707438124290991, 0.0009725632480274967, 0.09078658447029818, -0.0006700416255735981, -0.0006076779729985456, -0.00020835078248196726, 0.9
37, 2, 1, 0.28841464390756355, 0.002409680922711465, 0.7091756243169587, 5.0852766252357125e-08, -0.17987933789799296, -0.2859822187056201, 0.5131645293473776, 0.9615421552055896, 0.11666910648305025, 0.18283966479785693, -0.09390971864391318, -0.16355625724172293, -0.2383277478009597, 0.12634103161808743, -0.0021588609504522432, -0.0003658574516612899, 0.0008224952878458893, 0.00018529964911324085, 0.09011221811711485, -0.0007463595427990749, 0.0012141219840394772, -0.0003826775893701709, 0.9
38, 2, 1, 0.2884066131395248, 0.002414130320204347, 0.7091792056765615, 5.0863709428798844e-08, -0.3960054838804455, -0.2543713827934488, 0.48665773644609145, 0.8868840299187479, 0.05927921210690747, 0.27347662004638373, -0.1465270485021283, -0.18404240257243204, -0.26156140438589043, 0.000247430445130048, 0.057916585501489905, -0.0014148439750945054, -0.00013277355078239133, -0.0007298428661055088, 0.09066046133152096, 0.0007282261103382727, 0.00036773017981861717, -0.0007539086743864256, 0.9
39, 2, 1, 0.28181699850314923, 0.005080771241865699, 0.7131021651788547, 6.507613031828102e-08, -0.5132246039985062, -0.4377798262314654, 0.44045634546010737, 0.9250789702922662, 0.20695932173959183, 0.06651736092177839, -0.04464279184349562, -0.2942408102449416, -0.24828905307879348, 0.2329219893730846, -0.011612786070060038, 0.0013108269110556577, 0.0009978599838254855, 0.00014410510159943303, 0.08918868802208736, -0.0006571793600369987, 0.0001385571573763075, 0.00033820454521203035, 0.9
40, 2, 1, 0.2817171523259294, 0.005116353717275126, 0.7131664287698416, 6.518695382950003e-08, -0.3836341721782701, -0.2874260564828518, 0.45018289375687426, 0.8071040527362632, -0.00799271023661272, 0.16818653153481528, -0.15214622499909355, -0.25657897160699467, -0.1567895123443986, 0.18786827023740096, 0.03998659036373427, -0.0002639540178537148, -0.0004298665569733485, 0.0009383828866203557, 0.09117132217908067, -0.000273863843641899, -0.001738640857085734, 0.0029658916838829624, 0.9
41, 2, 1, 0.2788932033771733, 0.006002479736290117, 0.7151042516970425, 6.518949416713196e-08, -0.37444833793768867, -0.38171370091534723, 0.725135898737954, 0.9018466632731815, 0.1468549027761703, 0.2377274428136642, -0.011009587723856008, -0.2511663553373563, -0.12950031469112683, 0.24197192888016975, 0.10534993381045858, -0.0017269955445942228, 0.00022011332401374162, -0.00013402318868896762, 0.08948792615311758, -0.0012271810063913826, 0.00044948317985457566, -0.0010432214297851118, 0.9
42, 2, 1, 0.27672287590552924, 0.0063862202581453685, 0.7168908386067732, 6.52295522023831e-08, -0.4206604495592739, -0.2544451916769671, 0.5355991798398342, 0.9922092692717079, -0.08991414905230291, 0.058259184782586, -0.12603862049657477, -0.23678021145654832, -0.21741259378773964, 0.3226137352215951, -0.0338351591350815, -5.879392732537036e-05, -5.59067465833023e-05, 0.00030145117886343513, 0.08917902067648556, 0.0007905876337965563, 0.00043997600000296325, 0.0006648472947342414, 0.9
43, 2, 1, 0.27644766703679474, 0.006483312017094145, 0.7170689549312282, 6.601488300790193e-08, -0.3832353910270091, -0.48033499417907705, 0.40482138500184145, 0.8225594622634806, -0.0341467910112254, 0.053438334427822844, -0.14827065821252533, -0.0554468251135299, -0.01837716773737641, 0.22926191156187542, 0.14009524711741025, 0.0003315590058868594, -0.0005227930136200301, -0.0006633597528673124, 0.09046691967700585, 0.000987406120788213, -0.0006256579641379953, -0.0004061992919185257, 0.9
44, 2, 1, 0.2764459676920208, 0.0064820100131241076, 0.7170719561774543, 6.611740081197825e-08, -0.3244825260731518, -0.11484315179456686, 0.45464366496003417, 1.0057996866834533, 0.2269188004797326, 0.22588721480378818, -0.017068410102920283, -0.09763094043403293, -0.12362785952365593, 0.1708130679367847, -0.03267684308121557, 0.001123696382528886, 0.0010658954123106165, -0.0007250156452840115, 0.08981992540822738, -0.0006693640371844453, 0.0019838350442494593, 0.0030853718909438807, 0.9
45, 2, 1, 0.2763178021106477, 0.0065364585828713, 0.7171456677072577, 7.159922331590957e-08, -0.35959505216538573, -0.17669203215478313, 0.2082193945664806, 0.7392196327117969, 0.045503507667069565, -0.05406713012047708, -0.08386123561413072, -0.15437039380328393, -0.29734879108234996, 0.3100363029064186, -0.014990454542199789, 0.0025389390132457418, 0.0011593391527285547, -0.0006757036834033329, 0.08929460421792787, 0.0006731450901279567, -0.00014186588087027093, -0.0016716104522450665, 0.9
46, 2, 1, 0.27631150275760785, 0.006540208226948483, 0.717148217254255, 7.176118860393651e-08, -0.19880760335349076, -0.2159876338178761, 0.3055544146763317, 0.8270540315693072, 0.12310397745078308, 0.147712283666494, -0.1313430800040743, -0.3147423460395153, -0.22302390488303278, 0.10525622327482946, 0.21639414108302604, 6.342074457380798e-05, 0.0005729301239603841, -0.00236904023883397, 0.08746768900212638, -2.9413822587982554e-06, 0.001526445005317576, 7.087503475652845e-05, 0.9
47, 2, 1, 0.27622237500054997, 0.006574232240411124, 0.7172033207514626, 7.200757621569284e-08, -0.4174782811082851, -0.315259334744407, 0.3361365042511021, 0.8709409704533323, 0.09047560752500794, 0.10599472735424482, -0.19052838247598353, -0.10340324507867309, -0.34211045743834895, 0.15755228160329565, -0.019923148385222234, -0.002012961809022644, -0.00025462721573437654, -0.0013465880105172504, 0.09244746445290414, -0.0009402351154101351, 0.001170506342828055, 0.002016274400740053, 0.9
48, 2, 1, 0.21816552277125256, 0.05450425476424038, 0.727264040010908, 6.618245359909383e-05, -0.3044016570578456, -0.3926712935343842, 0.28579403642818646, 0.997951852918731, 0.078662027421778, 0.2429148696075678, 0.04504257694571336, -0.23282086324644533, -0.11481458733037761, 0.10573230447528434, 0.04636294139184468, 0.0010469175613016365, 0.00036123353218175475, -0.0008725422606365409, 0.09063339223822271, -0.0011890573900582414, 0.0014919296944177348, 0.0009441349953176143, 0.9
49, 2, 1, 0.22285193449131943, 0.04868029090034567, 0.7284011321833649, 6.664242496992485e-05, -0.19225786602139042, -0.18388202757467764, 0.25598797746202673, 0.8740705709664919, 0.10682019889834204, 0.09908566261749727, -0.005784150225291174, -0.22725702556301625, -0.2428806365744467, 0.2261342415116696, 0.09200274150497481, -0.0025917763221197892, -0.00023968294663404897, -0.0006780853515244276, 0.09040122778068996, 0.0005773647869796499, 0.0012658287706239233, 0.0018584123929548068, 0.9
50, 2, 1, 0.22250680320264946, 0.048871872392289656, 0.7285546500184725, 6.667438658833924e-05, -0.17767776295361976, -0.26644315947922886, 0.16557565776611832, 0.9678703398056994, 0.07444865411561419, 0.2119745196206214, -0.12978405537093157, -0.2973418448113951, -0.3020960591795867, 0.20303705360455818, -0.0587045895061357, -0.00021372962732714483, -0.0002285916507834938, 0.0008698204665485035, 0.08903664707885667, 8.46158028495752e-05, -0.00019729059766672425, 0.0015281784621201965, 0.9
51, 2, 1, 0.2225061853447262, 0.04887214271367982, 0.7285549976132276, 6.667432836649939e-05, -0.4049462166990877, -0.3512460634968341, 0.27989457453761607, 0.9192443336225111, 0.08011771669641758, 0.09932865014154443, -0.26966282207201553, -0.039180032800365264, -0.12402142017766433, 0.1457460620201301, 0.1354307964170995, 0.0012880191594133548, 0.00029486374486330615, -0.00017050550760396564, 0.08954259932862375, -0.0012909474447431787, 0.0001474344928781535, -0.0012821843906663769, 0.9
52, 2, 1, 0.22250601288600097, 0.04887218384567024, 0.7285551289406615, 6.66743276672694e-05, -0.29779811937601985, -0.13424822206249093, 0.4590160598376811, 0.8912884754603375, 0.2539919919802201, 0.18350825864829634, -0.09304870211854048, 0.027185003129964903, -0.11216186996581848, 0.30727698865959335, -0.20003819396024766, -0.0011149206462526835, 0.001826076219053114, 0.0016900977285790892, 0.0925125339621842, 0.0015847838713792697, 0.0007662432742304587, -0.0002279797110222897, 0.9
53, 2, 1, 0.22095202499347832, 0.04992834674509804, 0.7290527206825907, 6.690757883296416e-05, -0.18958735844896682, -0.3040603584163662, 0.3074227595968766, 0.8783029900063661, 0.08599657991597293, 0.18503617449604626, -0.10912324132406206, -0.1552902024407023, 0.03597177742378597, 0.12257677967475702, 0.15928431613775348, -0.001199735174926902, -0.00019062232142026293, 0.0019020194432434803, 0.091340401035185, -0.0009005379085929303, -0.0005036942714934851, 0.001051957605008942, 0.9
54, 2, 1, 0.22064960216281823, 0.05003830208439021, 0.7292451873669319, 6.690838585973037e-05, -0.39404742960744166, -0.43214360191632456, 0.3980400237419535, 0.9879641965797671, -0.09293776531017564, 0.08573936945000107, -0.24420136469820214, -0.24240535240630745, -0.1303837165362723, 0.11183814748689089, -0.047358693284611696, -0.00027901567252900305, 0.0012062802509900023, -0.002074378524052408, 0.09190135196804172, 0.0011053018371123902, -0.0008219252740182429, 0.0005078226410783937, 0.9
55, 2, 1, 0.2203580812170659, 0.05020780213477478, 0.7293671674963662, 6.694915179305382e-05, -0.4199916033195751, -0.4158879954176868, 0.2988664272781075, 0.8760178269708463, -0.015848694080466276, 0.10590626541495625, -0.13593044173796962, -0.19309319567918223, 0.10178753827184828, 0.127956498003133, 0.07426629040088427, -0.00085044909921988, -0.00025381315363514647, -0.0003792132554646293, 0.08929888858039615, 0.0007698954721901563, -0.000638967467062069, -0.0007313891510595665, 0.9
56, 2, 1, 0.22035755902647594, 0.05020816030714694, 0.7293673311155012, 6.694955087589374e-05, -0.22217968581609887, -0.3402617417307159, 0.28477980429246746, 0.8542334947521116, 0.16525727128161366, 0.14838724514497464, -0.15882642924914528, -0.2199282830650648, -0.035533566273655705, 0.0020497944208886175, -0.15163177718116871, -0.001521091761625556, -0.00053122311457936, -0.0020790170443046, 0.0895920601322182, -0.0006326869225303032, -0.00020605564012018165, 0.0016186998003655411, 0.9
57, 2, 1, 0.22037080367391282, 0.05019184863667117, 0.7293703981188878, 6.694957052822555e-05, -0.33663218049435945, -0.09058322524718702, 0.3823961699089612, 1.0333255199797056, 0.11290233535884744, 0.16369921247216376, -0.08940388135160143, 0.04467486322560814, -0.36374990157029224, 0.0986007506399589, -0.04293285737166924, 0.00010722806483989923, 0.0016699356930817773, -0.0001598499038073253, 0.09086528439936058, -0.0011410897535672228, 0.0005476025616078329, -0.00021591778342026083, 0.9
58, 2, 1, 0.22036164556263033, 0.050197170715868066, 0.7293742335671205, 6.695015438097166e-05, -0.3069174559051453, -0.3147712188520923, 0.26837225843487955, 0.7929861711804829, 0.16963523673840836, 0.1402169057289771, -0.20043229649696612, -0.03440052094012329, 0.003264402145793777, 0.12897911612918367, 0.16554684643765355, -0.0005116964191237124, 0.00014700218958309854, -0.0005569423878223784, 0.08894531968481612, -0.0009924285913591544, 0.0007946687229162643, 0.0005428203423124812, 0.9
59, 2, 1, 0.22036027133971497, 0.05019800510035378, 0.7293747733718036, 6.695018812768055e-05, -0.18944682679108185, -0.38574738861930535, 0.28180543394337343, 0.9740369857926389, -0.05182032560609886, 0.0003471134558454381, -0.27992886831241764, -0.11857985552551802, 0.14594667912532394, 0.0376295471961442, 0.10141298280027926, -0.0010946133401279813, 0.0009079149577887298, -0.00021212387710662552, 0.09067532087647229, -0.0005115045300197271, 0.000605643321601184, -0.00190886649385198, 0.9
60, 2, 1, 0.22035429731271058, 0.05019986638618901, 0.7293788861132242, 6.695018787619854e-05, -0.18825409307838423, -0.283496949632314, 0.42020709095768644, 0.9459796015867123, 0.14914490778050252, 0.2048925622465005, -0.14391289811352684, -0.25081884798996346, -0.3057408331165007, 0.2641579928677995, 0.1175608045305836, 0.00014746466992014666, 0.0012946282347749834, -0.001370660332287983, 0.09166754280351268, 0.0006533231027951492, 0.0005193436701361323, -0.0010538168266819358, 0.9
61, 2, 1, 0.2148173435013744, 0.052239942156736725, 0.7328755187293221, 6.719561256679458e-05, -0.22753152239548474, -0.22493127659539444, 0.35081519599860567, 0.9725207604624518, 0.2346627935568259, 0.019963805282887583, -0.010796148092526093, -0.029086278533590516, -0.041856864661666396, 0.30532866173871404, -0.03541916903772514, -0.001012190595951484, -0.0017752710918055227, 6.997419253079506e-05, 0.08876004759021672, 0.0016829243688409358, 0.002366242983137697, 4.081626946646074e-05, 0.9
62, 2, 1, 0.18703161553521827, 0.07552795134367443, 0.7371396593928536, 0.0003007737282537357, -0.1336920269337996, -0.30682361348454945, 0.17561490225593937, 0.8435010880045025, 0.12945312784944754, 0.0633864732555248, 0.06453574289689686, -0.0816269059162891, -0.14438826537958876, 0.12918817351087272, -0.0335847811725299, 0.000642938559636592, 0.0010317810954534868, -6.667039766123444e-05, 0.09087138911724725, -0.0009577644272365174, 0.0005942745380219774, -0.0003065316241570385, 0.9
63, 2, 1, 0.18691996007700623, 0.0756232951009138, 0.7371559076670839, 0.000300837154996014, -0.12432032007958312, -0.2299193375867799, 0.28438720201332546, 0.935809969301212, -0.018416143698933386, 0.17916221731985277, -0.11923683601262032, 0.03348130494858814, -0.01572033671937941, -0.11095503188353475, 0.033942641325263215, -0.0018707865512496927, -9.949787036319627e-05, -0.0006670492232306915, 0.08967849215964659, -0.0005155198157316375, 0.0007750753633024752, -0.00011810516589623332, 0.9
64, 2, 1, 0.1913774201781115, 0.0708265021187664, 0.7374950577198409, 0.00030101998328115287, -0.10605352926438712, -0.3808497217312582, 0.26495157369906097, 1.021926488686312, -0.00809179306088581, 0.12835421505599337, -0.03576218498141256, 0.0420255925055014, -0.3449047423144974, -0.01753139173086895, 0.0857770020532236, 0.000525197955414757, -0.0002646351145864446, 0.0009501187530229317, 0.09011693835662023, 0.0006210144479862914, -0.0018094852289854886, -0.002055686441294248, 0.9
65, 2, 1, 0.19503685416423866, 0.06693807702751728, 0.7377099918761502, 0.00031507693209397304, -0.1353780273643828, -0.23598374704207833, 0.026099327673149774, 1.0177165176384784, 0.18679675761392608, 0.04715097875470749, -0.018985920472275118, -0.1390202561682693, -0.1566928733798106, 0.18868625028729027, -0.006519064112189263, -0.0005888164567196864, -0.0004074436705245489, -0.0009275156372168872, 0.09003486625165416, 0.0008815833582623243, 0.0011060522505844748, 0.0005208748783369089, 0.9
66, 2, 1, 0.19470682199700048, 0.06720299380398065, 0.7377656406576891, 0.00032454354132987784, -0.11648333563454041, -0.1850248819848188, 0.06076602893757925, 0.7746035210572682, 0.253295285535511, 0.14874834647816174, -0.0523234581440233, -0.19368454050196976, -0.023892215745611935, 0.11966321937567129, -0.1339726174269864, -0.0008788404402465631, -0.0009655958892855988, -0.000758176548745391, 0.08941263302191563, -0.00024989497751624483, -0.0015466906900427429, -7.936506608245493e-05, 0.9
67, 2, 1, 0.19470565992755143, 0.06720369921216483, 0.7377660973113614, 0.00032454354892222316, -0.09583272865484141, -0.09633342367363532, 0.4204228008180328, 0.8922172297575885, 0.08126026421390285, 0.17916289154434695, -0.20310986784261126, -0.18280533373857705, -0.0964540485580429, 0.0025948786106986697, 0.1624658746857946, 0.0002523177147193709, -7.622055748592821e-05, 0.0005495282145961939, 0.08879778747100249, 0.0005818117506511234, 0.0010581551827048975, -0.0013391369056118896, 0.9
68, 2, 1, 0.19475048286590865, 0.06714997260242551, 0.7377749567136174, 0.0003245878180484742, -0.0747956242612817, -0.4187801520276505, 0.2994010939120558, 0.9534140970673868, 0.3947525047344257, -0.016377302869718502, -0.1433945413124356, -0.0529045821264593, -0.09422057168104309, -0.11443943154736606, -0.03582964244259703, 0.0012053017454018355, 0.00210809861952535, -0.000287572984160353, 0.08851055507159501, -0.0005277346257084299, 8.0460455539994e-05, -0.00012840554627187984, 0.9
69, 2, 1, 0.19474862021390088, 0.0671513839732162, 0.7377754075230948, 0.0003245882897882694, -0.253812175751572, -0.20215456824503492, 0.255209074962615, 0.844360701258138, 0.07838959570897668, 0.20482592830060153, -0.13311690376981017, -0.029156138495552153, -0.06492045245010239, 0.03577816855714142, 0.20784306696299834, -0.00038224743772528, 0.00022968956052285186, -0.0006417168743184647, 0.08947845782591933, 0.0003393984900482348, -0.0005361112743748014, 0.0006636333266547873, 0.9
70, 2, 1, 0.19474857650825741, 0.0671514089961994, 0.7377754262004832, 0.0003245882950600865, -0.11130805396816786, -0.16551305316402684, 0.10364757523537127, 1.0515524994919934, 0.10577122569503968, 0.11460541782882779, -0.3349091958052896, -0.11590597449413238, 0.05046681561387841, 0.07725746196520422, -0.13661114321045892, -0.0015212752437890375, -1.693449391016784e-05, -0.0004354182118841302, 0.09014432657575447, 0.00020552579662895233, -0.0011462009725931534, -0.001918789319003961, 0.9
71, 2, 1, 0.194374333904229, 0.06746791464427854, 0.7378326613206341, 0.00032509013085833685, -0.16038986020969698, -0.22706700814484634, 0.2240389270314625, 0.9058228223076116, 0.06473755427051962, 0.2538634374920757, -0.0636314493520098, -0.03437155407250635, -0.1301526152016466, 0.010499618278573552, 0.132819855369656, -0.0006616929624132414, -0.000605355214277331, -0.0005843047194583428, 0.0891620769162553, 0.0002241050358413389, 2.7905429884760118e-05, 0.0014875816928429683, 0.9
72, 2, 1, 0.1943757901830991, 0.0674660615530892, 0.7378330577788256, 0.0003250904849861299, -0.06427587375077319, -0.11219274431647844, 0.3010048770470055, 0.8818534683749333, 0.24873188444106895, -0.041474666842887566, -0.19477213023208678, -0.18530830336977783, 0.10141174627258125, -0.022444278263352713, 0.013431539553625096, 0.0004782601841583456, 0.0011461986214067591, -0.001270326842644953, 0.09087208609659857, -0.00011951455788491178, -0.0018266461312156205, 0.0009473752305862226, 0.9
73, 2, 1, 0.12856645349455886, 0.12059857126242172, 0.7501997326803814, 0.0006352425626379085, -0.1034315557301901, -0.19699340665105877, 0.13360412963093005, 0.9102146253500847, -0.05463497068572913, 0.08656278216661602, -0.10237030128663027, -0.10644035466043096, -0.11305798861331011, 0.04327018879492632, 0.037097533101365134, -0.0007597827522727006, -0.001083805087681996, -0.000795670786649293, 0.0893293039931419, 0.0020794520496068077, 0.0016115933573038863, -0.0008978963221354629, 0.9
74, 2, 1, 0.12365978360234071, 0.12336289271953384, 0.752340641628414, 0.0006366820497114134, -0.1046110935246711, -0.159351353950352, 0.296375801617332, 1.0272449674366466, 0.049496447532748955, 0.12249849050834086, -0.07444014696072991, -0.09292869283714178, -0.09457098199162584, 0.12522695844595166, 0.14830661533893338, 0.0004880300871715793, 0.0007498057798206103, -0.0011255040287184441, 0.09057422239305413, 0.0017248028010342278, -0.0024346291831069586, 7.57819738130652e-06, 0.9
75, 2, 1, 0.12345003040173243, 0.12351968213759576, 0.7523927248919631, 0.0006375625687088358, -0.09721829141944513, -0.19806476383966948, 0.1318860427003578, 1.0505940774557276, 0.11199887475185513, 0.17260845529844698, -0.16215132704861832, -0.10928615813671946, -0.014215089638167389, 0.05621386745817627, -0.08167709918275394, 0.0011897311642640254, -9.795722297063682e-05, 0.0004684109799176999, 0.09103539633831766, 0.0006444013093597485, 0.0013403668224993457, 0.0001163135028306766, 0.9
76, 2, 1, 0.12345002435321455, 0.12351968394645253, 0.7523927296395924, 0.0006375620607406411, -0.23261312715726773, -0.14928161298186662, 0.29333010259316045, 0.8263346069660121, 0.2940630033551185, 0.05857990365570096, -0.32644024839012004, -0.020019745222616625, -0.09344823164704288, 0.21517887179490924, -0.09106425303967039, 0.0007938268365997179, -0.00011326335487477849, -3.056189035206926e-05, 0.09161732832674548, 0.0008028761517662128, -0.0014078768880663273, 0.001067126361950495, 0.9
77, 2, 1, 0.1234421688324124, 0.12352433713314663, 0.7523959311789559, 0.0006375628554851428, -0.15207237144031274, 0.044603064372409684, 0.20185639132520813, 0.7500396582402253, 0.12126492336036492, 0.04427415144336603, -0.2628424969023338, -0.08519997530002155, -0.1395569630942887, 0.06704301698292846, 0.06434400629875997, 0.0013631504542626631, -0.0009793300571408758, 7.239443358975397e-05, 0.09056008430080695, 0.0003629801121342325, -2.632234330239126e-05, 0.000923059210546213, 0.9
78, 2, 1, 0.12268357289213451, 0.12404476857440916, 0.7526330925032368, 0.0006385660302195523, -0.18403411866404487, -0.08328422289485281, 0.1366148574197046, 0.7847190481141035, 0.23201874639360848, 0.02024912183352635, -0.14852494128311844, 0.0588918312026526, -0.005738488523220331, 0.11966202851675549, -0.001130437569765394, -0.00011061108582257283, -6.663139229076854e-06, -0.0019693321147652163, 0.090350328153359, -0.0021765534194041554, 2.7353252592899196e-06, 0.0008359902361054558, 0.9
79, 2, 1, 0.12253712565940945, 0.12416259548538613, 0.7526552809237804, 0.0006449979314240246, -0.18120124283804287, -0.20943624486703497, 0.055860392632697556, 0.9592199783319494, 0.09557988020751233, 0.2136382615654063, -0.03247784478147925, -0.03136785409099561, -0.07595135418135582, 0.07952567635052991, -0.2395951737818177, -0.0001680760598285003, 0.0008489688197533682, -0.00011932481902414875, 0.08939208346337413, -0.0015430006301584138, 0.0003814455097141249, 2.9803258108316694e-05, 0.9
80, 2, 1, 0.047607598299017194, 0.18854863847497236, 0.7614158522710557, 0.002427910954954815, -0.1570680696111162, -0.2395755474308207, 0.06328856846354511, 0.914532406133741, 0.01467262496063867, 0.13233747804536017, -0.012064575995479698, -0.08169213541355133, -0.039834855302383884, 0.0915089878935876, 0.034105148884954736, -1.8864153650245512e-05, -0.0016545823287512022, 0.00020219502625699114, 0.09093953172649383, 0.00048323911695494546, -0.0012021452524219251, 0.0012560827083001164, 0.9
81, 2, 1, 0.04759907844996252, 0.1885558490585069, 0.7614171268854653, 0.0024279456060653944, -0.22130457984975765, -0.21746923889970518, 0.02759774392481824, 0.947764190559304, -0.10516131493484644, 0.2593712972056549, -0.17281071618915153, -0.006392105021693151, -0.09710360436913769, 0.0024934873403009263, 0.02223088719176875, 0.0005375021164944079, -0.0002129218264015031, -0.0005454147841816692, 0.08955911010437267, 0.0010198656004897545, 0.0003368075084320066, 0.0013118026315857949, 0.9
82, 2, 1, 0.05176458818364205, 0.1841208713212177, 0.7616743301114893, 0.002440210383651021, -0.2302084695216023, -0.16982968933979956, -0.0015432125098549187, 0.7783919611906895, 0.008968016253471345, -0.01810345245396261, -0.11488164157084804, 0.12531379244282864, -0.04283785523056012, 0.032308079941922696, -0.02063505315907992, 2.9947604860003494e-05, -0.001263130749980521, -0.002249651644583463, 0.08961109324620688, -8.397921705564923e-05, 0.0003738412598561155, 0.00022638573267144566, 0.9
83, 2, 1, 0.051700984332668905, 0.18416941974217202, 0.7616892516956654, 0.0024403442294935844, -0.08926204175578653, -0.2110112210580409, 0.07627365783511246, 0.9184696894906901, 0.11734774489470996, 0.22603795037321897, -0.1398500696444037, 0.0013767462037227673, 0.05936705619341624, 0.13593541591538258, 0.052203753055589365, -0.0004158686780800601, -0.0003955102864176779, 0.0005096615283066701, 0.08875802247737982, -0.0021168193105577, -0.002342429246378825, 0.001533368338605997, 0.9
84, 2, 1, 0.05169560173455945, 0.18417235338575866, 0.7616917005668715, 0.0024403443128104755, -0.11127044958281954, -0.23781697982387237, 0.293936171455217, 0.6634681342975739, 0.24417949071369863, 0.11687084594980335, -0.15860870122682075, 0.046806977048881995, -0.1049062470894859, 0.0953510647620621, -0.06287516496351621, -0.0007349639362255767, 0.001742149190266873, 0.0002121881326568909, 0.08934181286590777, -0.0006216620923000611, 7.787939187783285e-05, 0.00023582301321626014, 0.9
85, 2, 1, 0.049007260564143125, 0.1863009856734038, 0.7622008344420834, 0.002490919320369784, -0.12141968751085452, -0.27292313736097756, 0.05704033618008471, 0.780657216968357, 0.10987034962550028, 0.12393682896162636, -0.046576348045736495, -0.1644442901798538, -0.07716600217915162, 0.1450570598521332, -0.10351060064856896, -0.0007463745445153463, 0.0018424409790765098, -0.0002759311579007352, 0.08945155653619391, 0.00020121033070028617, -7.420236205655858e-05, -0.0006189322350018919, 0.9
86, 2, 1, 0.04900887658314683, 0.18630139955798886, 0.7622014422529392, 0.002488281605925106, -0.22752459944111258, 0.12393922083332591, 0.12059740118524039, 1.062062436368495, 0.24714278388148853, 0.15209247930544864, -0.1321805144149099, -0.23327347300499035, -0.1687615399532206, 0.13295193242559858, 0.03735641680427082, 0.0010170547530925537, -0.0004722099687227712, 0.0014728087677707948, 0.09052122085100706, 0.00015426311826863246, 0.0002538564823677869, -0.00014313709583020515, 0.9
87, 2, 1, 0.049005137184263935, 0.18630387029169546, 0.7622027103664172, 0.002488282157623405, -0.04310140069800313, -0.02569571108762393, 0.2126807975432019, 0.8561778041664517, 0.14569759739112048, 0.21780089235896022, -0.2819342320287575, -0.05602814947686876, 0.00594245694920909, 0.008423006029004665, -0.024247083786825024, 0.0006709705885830847, 0.0009122976511391053, 0.00037287560188506056, 0.08979383536686586, -0.001531854590467424, -0.0004646427512654891, -0.0015243487605540067, 0.9
88, 2, 1, 0.04263145409762326, 0.1905567843892049, 0.7640623760775729, 0.0027493854355989935, -0.09077575569719827, -0.1812705700937099, 0.007911456168895093, 0.9740350729477442, 0.16999975852953222, 0.06364102378786227, -0.024568188357982468, 0.01554931125784878, -0.040560442480745404, 0.13360361995477307, 0.03729444908169783, -0.00018197883749083096, -0.0005092633910748665, 0.0014705159859168407, 0.09046110894046513, 0.0004144179196184313, 0.0026084379798414817, 0.0014707155153054247, 0.9
89, 2, 1, 0.04266982710413774, 0.1905166806881762, 0.7640631121382517, 0.002750380069434344, -0.14146084590408153, -0.2181260273662804, -0.05510492875777442, 0.88092951813547, 0.2296077716918048, -0.03413519059874002, -0.05922929778424302, -0.082066663190235, 0.05260402887507365, -0.012091788956804872, 0.10508909452273096, -0.0008814751502577371, -0.0022776305988559302, -0.00017605613177259347, 0.0906135146156399, 0.0007680564527159932, 0.0006099821462215097, 2.9464894135274875e-05, 0.9
90, 2, 1, 0.042621311097511085, 0.1905504458633577, 0.7640764513760784, 0.0027517916630527954, -0.0845930668348332, 0.17596236752019065, 0.11020187189149647, 0.9292104608224072, 0.12181553379036006, 0.07946183332036569, -0.04951359660450718, -0.04807761225259999, 0.05632394597819148, 0.05547191503243494, 0.02765794607999509, -0.0008412968500053676, -0.0007674707496559361, 0.0016705210926244347, 0.09152599209104291, 0.0004794190737581386, 0.00028622324436394537, 0.001508586991549297, 0.9
91, 2, 1, 0.16154925324539482, 0.06985221871271664, 0.7653613688257217, 0.0032371592161668282, -0.07456026886678288, -0.18684055562605356, 0.06962553188359054, 1.0746253865840052, 0.19969383196582643, 0.07790159408415027, -0.008302687647806927, -0.09479635921783511, -0.14811095133550825, 0.021090053596189765, -0.01087064988789083, 0.00039245718231399493, -0.001054942211327617, 0.0007190094218424163, 0.08768817286997244, 0.0016797454914745987, -0.00028506266038096843, 0.001678825039319975, 0.9
92, 2, 1, 0.15939315586605288, 0.07125054222495948, 0.7661184832421561, 0.003237818666831526, -0.10841396974951856, -0.2601647755516723, 0.1646632482873574, 0.8572921508891606, 0.12116510259953231, 0.21242872879604208, -0.047738849692667354, 0.14168512387391657, -0.1300153128761893, 0.207963142679869, -0.05142888492806612, 0.00011011942212698046, -0.0002645714474401386, 0.00046478404505200286, 0.08949132458716685, 0.0008959977366066546, -0.0011938340063954603, 0.0002254675003512879, 0.9
93, 2, 1, 0.16072024364983856, 0.06984888620850609, 0.7661901109372911, 0.0032407592043641794, 0.059763308408967285, -0.036732970781945984, 0.007062941267661249, 0.9293052126009979, 0.1639055630221859, 0.10140864425304622, -0.08533728258698134, 0.06858950193859241, -0.06581282720161341, 0.08476264416437906, 0.15316799576111706, -0.0008643479810459334, -0.0006003830447944518, 0.00038762171885660293, 0.08929399424301654, 0.0019068902231756178, 0.0005239929515126942, -0.00100103434218122, 0.9
94, 2, 1, 0.16060799206990573, 0.06994191401559086, 0.7662081086481488, 0.0032419852663546824, -0.05746745232388578, -0.2858376795115902, -0.0630118144075532, 0.9989229957331833, 0.12085061871459461, -0.13556675914723942, -0.10324710197246612, -0.14724184114737893, 0.08390018190270025, 0.20337059821631448, 0.007200987567964287, 0.0005397732902591354, -0.0010576571568157573, 0.0017014900432103966, 0.08908891251475022, -0.0007754730459481603, -0.001655333154167903, 0.00043960123842579915, 0.9
95, 2, 1, 0.16060794976124446, 0.06994195151614106, 0.7662081130035775, 0.0032419857190368116, -0.09981016321267422, 0.10272295552701101, 0.050030777693550264, 0.8280702684414241, -0.03942918549899541, 0.15579287367690342, -0.22269783894648554, -0.07856406419224853, 0.07454934379230052, -0.1642603975941265, -0.1739945888444231, -0.001085943024458864, -0.0005083387123601608, 0.0007677407389011682, 0.0894918551501037, -0.0007054082416260504, -0.0006116717340622999, -0.0006566677939279745, 0.9
96, 2, 1, 0.16058234103062297, 0.06995739192885181, 0.7662169212256834, 0.0032433458148418974, -0.1502981821315874, -0.05461959355290781, -0.013700862834265887, 1.0761886335076234, 0.31742394556250203, 0.21176605273689492, -0.10047206405114673, -0.07743638955067347, 0.028088789064670817, 0.1119632947615858, -0.0850924505895469, 0.00047628823057993265, 0.00026350716801380524, 0.0007351738961748998, 0.09087257823586367, -0.00014715731859867568, -0.0009796531752538507, -0.0001729096728349191, 0.9
97, 2, 1, 0.1605794036999961, 0.06996017000848796, 0.766217011437694, 0.0032434148538217785, -0.1329804350588102, 0.06940629622920402, -0.22303582931348656, 1.132459209653035, 0.034374225087048425, -0.036971209290953676, -0.16145840084189858, -0.05143109807939973, 0.1592017588343307, -0.11068713473448041, 0.11651785531462526, -8.251433215281335e-05, 0.0002719782115898019, 0.0007709241473075578, 0.09050835618316506, -0.0013146026519876418, -0.001190613719194987, 0.0003986471917292502, 0.9
98, 2, 1, 0.1605772578022826, 0.06996196672190817, 0.766217339686827, 0.0032434357889820783, -0.09861350647816695, -0.04637425362085394, 0.11229710238999473, 1.0239118192560925, 0.15878208687831524, 0.3205857343164197, -0.12064176680447594, -0.11796181335503075, 0.07956953781874856, -0.0020102909986862705, -0.0706452528552506, -0.00030532161220564295, 0.00023780749140156487, -0.00024388502935448518, 0.08930893238222727, -0.00010989909124323165, -0.0003142658173880467, -0.0008788674005194621, 0.9
99, 2, 1, 0.16052910864313746, 0.07000053947642101, 0.7662267125246588, 0.0032436393557827366, 0.06087186079754544, -0.0470969123157467, 0.06734721993261009, 0.738323620932914, 0.22052014029134268, 0.10078590772728416, -0.1942888040768998, -0.01872262189725914, 0.005136693254817859, 0.018177615984074684, -0.0009010805436142912, -0.000700730016563266, -0.0011233806792076185, -0.0007015573367053005, 0.09069170640079555, 0.0018899898437029228, -0.001832258875361702, -0.0012123076543842815, 0.9
