t, Event, Policy, P(still), P(random), P(reach), P(transport), o(t), s_a 
0, 2, 1, 0.8663002252578735, 0.051649950444698334, 0.08203990012407303, 9.949679224519059e-06, 0.624409037705439, 0.7429886411468567, 0.5517273249958536, -0.002323497873528668, -0.14700489194943384, -0.11537531819269112, -0.05274804678269226, 0.3508209778238709, 0.1767874979048035, 0.3964878694403568, 0.0654355536925357, -0.0322261291778181, -0.26227801474911067, -0.07983564372952016, 0.24616216136255203, 0.1376867623350085, -0.176488886152899, -0.0753599884015124, 0.059502151557781914
1, 2, 1, 0.8697663924159601, 0.04555974857527246, 0.08467093888810308, 2.920120664346761e-06, 0.7301036243250961, 0.5879707830385897, 0.46617073555702876, -0.10382345169061472, -0.17939155571687954, -0.15884370521289073, -0.17281998406012505, 0.17909630152828085, 0.24478999300884072, 0.34343393603717837, -0.00920411402965816, -0.0007927499930953848, -0.0009223238931595311, 9.572559142733024e-05, 0.09581976089055524, -2.283883224144849e-05, 0.000631195350145477, -0.0003064725762823445, 0.059502151557781914
2, 2, 1, 0.9021727805813133, 0.011457526420388896, 0.08636968880225272, 4.19604504439764e-09, 0.6844793054520526, 0.5798431760768765, 0.6816398628575968, -0.005176131815741225, 0.0553675855457451, -0.154060476290628, -0.026678258024344682, 0.16976838876535993, 0.26652680882529245, 0.3546278933966051, -0.055183306472581274, -0.0003067154302058604, 0.0015060909503361807, -0.0011241773514400473, 0.09510908884108148, -0.0008650685561919543, 0.0008369229465759697, -0.0003903978124168715, 0.059502151557781914
3, 2, 1, 0.9019670553680619, 0.0114623613988775, 0.08657058320822264, 2.4838088412454093e-11, 0.5130212586202942, 0.6279081790650416, 0.6980576809763825, 0.09023656823295693, -0.23710410609868146, -0.018835434516793915, -0.04887666398407442, 0.24545759200392828, 0.24081055633959175, 0.4647368070509804, 0.1351617962403638, 0.0003554188925122823, -0.0008778319241260095, 0.0006397780253388758, 0.09511356646772585, 0.00036958209036745487, -0.00043568705147178227, -0.0010119941534845844, 0.059502151557781914
4, 2, 1, 0.9019611211335729, 0.011454881377542504, 0.08658399746657947, 2.2305142112556394e-11, 0.6278178440692161, 0.5813328585375486, 0.6902366526334702, 0.1934782100230698, -0.10845728535115662, -0.26203579235373475, -0.1966158419545327, 0.20938924264039116, 0.340143224933988, 0.2520643692868061, -0.1812104972683234, -0.0007396950247985418, 0.0011383227256253569, -0.0001978050691713288, 0.0948453491375592, 0.0004661808517296837, -0.0001327843053765883, 0.0010456204535792357, 0.059502151557781914
5, 2, 1, 0.9019171339569836, 0.011461706559955081, 0.08662115264238962, 6.840671813262313e-09, 0.42055790418748495, 0.6074914246061939, 0.3206116923399442, 0.10001029797638603, -0.18175495068134845, -0.0692329695319994, -0.18588850412236393, 0.4223062701995288, 0.34372374998117106, 0.39377515585903533, 0.202921070329349, 0.000512724578723993, -0.0003867929736041234, -0.0011899558911072632, 0.09438888318974822, 0.00020390006596057725, 0.0013387764029829327, 3.401935010130334e-05, 0.059502151557781914
6, 2, 1, 0.9088933838525385, 0.0024778427115734565, 0.08862550329270023, 3.2701431876948104e-06, 0.5154037705728629, 0.49013021850360394, 0.3874003743299233, 0.1840796556233531, 0.027253255342924797, -0.07701307816575054, 0.018816743792610113, 0.2842678965316311, 0.28110278821757234, 0.3041449943632086, 0.03980232522471673, -0.0008241643935046857, -0.00011938363992683841, -0.0015155352298574123, 0.0950362030521478, -0.001024347747150776, -0.0001973184603708842, 0.0011746977075598592, 0.059502151557781914
7, 2, 1, 0.9082291202682332, 0.0017732362447675112, 0.0899974511992137, 1.9228778560058418e-07, 0.5778246719696482, 0.37807278858076493, 0.5631088143140685, 0.15812989081418208, -0.17836758932726599, -0.06562724811801149, -0.05593413122875063, 0.24451169573524023, 0.42131222957550774, 0.29302253929515515, -0.01149578045300293, -0.001417202806572435, 0.001472026507256474, 0.0013184493598608267, 0.09550805250986888, 9.456529101616539e-05, 0.0006419273644610554, 0.00010421214855306149, 0.059502151557781914
8, 2, 1, 0.9075176988195578, 0.0018906815722908304, 0.09059148199776361, 1.376103878583567e-07, 0.42646894886726533, 0.47921580786683665, 0.5022605309764896, 0.007918405830414855, -0.06154626700905108, -0.26289380753905683, -0.12773478913927372, 0.16925580108978708, 0.41779696013717704, 0.2445529460450123, 0.0737983457922252, -0.001309702175209038, 0.001107141478264863, -0.001276485225470273, 0.09589061806113705, -0.00024437006802000623, 0.00024630390013672147, 0.001076101078630349, 0.059502151557781914
9, 2, 1, 0.9075923738973249, 0.001798512584945694, 0.09060906612329692, 4.739443253713192e-08, 0.6612654277339323, 0.4054572531078996, 0.3173086771183068, 0.13295234005210338, -0.21362975665260803, 0.044719495240138095, -0.10647342525768252, 0.17104873959886727, 0.1573609609176318, 0.3911656514295642, 0.039824746584756265, -0.0008599765760172311, -0.0011437037014980294, -0.002787590885183722, 0.09550952313090186, -0.0007838095066362179, -0.0008380152952683253, 0.0011574025266869895, 0.059502151557781914
10, 2, 1, 0.9075854776914796, 0.0018011119523296747, 0.09061336944605179, 4.091013894965652e-08, 0.5014327546908468, 0.5305652796559034, 0.5975879922228958, 0.03293128690598973, -0.3344947276963771, 0.026517260691642997, 0.01921066081128737, 0.3133444851585068, 0.21136587379022892, 0.2552608998231108, 0.06533742546080329, -0.002178176845256255, -0.00046706347228865413, -0.0008178143012768965, 0.09638232472876826, -0.0005758605478023555, 0.0015873851117333686, 0.001201490750939858, 0.059502151557781914
11, 2, 1, 0.9076091848501272, 0.0017339641436929444, 0.09065681371227843, 3.7293901458468575e-08, 0.478970712678052, 0.35131386659102287, 0.5398673607618812, 0.04943846457528694, -0.20373782279286243, -0.08014304910280101, -0.16073989912977388, 0.11010906835423831, 0.2566655361323439, 0.23511450539429615, 0.0056200212917632995, -0.00010107058426254353, 0.0010506477222743155, -0.0002451485429657405, 0.09349796080726089, -1.84280635332128e-05, 0.0011752979342585469, 0.0008384844516698088, 0.059502151557781914
12, 2, 1, 0.9076090623026764, 0.0017338887127940497, 0.09065701176970167, 3.721482796630477e-08, 0.5715926889976276, 0.5959599707255634, 0.500511697741192, 0.1607656563253275, 0.07059543789534597, -0.12631522193176453, -0.3066143932897383, 0.2723029012454921, 0.05877308073839882, 0.22785533511451064, -0.0012621327974643326, -0.0011126447737188673, 0.00034186324139158405, -0.0005739043496572974, 0.09506715699518348, -0.001252474932410652, 0.0005899891533774841, -0.0010992242039678088, 0.059502151557781914
13, 2, 1, 0.9088316105398013, 8.571649826632817e-05, 0.09108262690561467, 4.60563177868355e-08, 0.49477716965969887, 0.4687391470204744, 0.452789176244908, 0.17335279983206045, 0.0055363783889558205, -0.008749510215902579, 0.04140775461066957, 0.24606802627183133, 0.16371111182178769, 0.4542145355215955, 0.017574421122855722, -0.0006189498942161666, 0.0007707916871342248, 0.0013395984672216852, 0.0949884738850987, 0.0006893482276984487, 0.0018041933516629988, 0.0004566099147691443, 0.059502151557781914
14, 2, 1, 0.90879080162178, 9.968282292055277e-05, 0.09110949054076405, 2.501453549184557e-08, 0.4786622506937418, 0.6405489465327581, 0.4698863686794482, -0.04897260566145345, -0.0904768904969968, -0.18365381374827933, -0.16885072542570556, 0.25391123168909946, 0.18161161152623634, 0.29785281745796427, 0.22361845797913285, 0.0006725854605367463, 5.922556969491616e-05, -0.0026889802305966057, 0.09687962395162462, -0.0010833597913226926, -0.001125713870296165, -0.0013984877195538869, 0.059502151557781914
15, 2, 1, 0.908748308423881, 1.1200844350132993e-05, 0.0912404902512735, 4.804953613659359e-10, 0.24679595032116297, 0.5323197247077327, 0.6296961778619299, 0.11433056890599413, -0.03361020718459812, 0.06381169884983628, -0.08459301847754587, 0.2309545584635586, 0.24426254545926768, 0.4202488909206581, -0.12946557885735485, 0.00045546528608312025, -0.00010854016961185078, -0.0011876478791580378, 0.09455464388715722, 0.0012609799155795644, 0.0010448555958257528, -8.825690669231716e-05, 0.059502151557781914
16, 2, 1, 0.9087432220517785, 1.2590706157255749e-05, 0.09124418497068404, 2.271380203802333e-09, 0.6083785941362342, 0.5661835271887712, 0.5388270127260625, 0.19554715308489934, -0.13433648947199361, -0.24456252029218448, -0.06462403317662314, 0.2734324431096121, 0.2885367152371113, 0.08716348040535422, 0.016459947828690084, 0.0004285743250567635, 0.0015909271985946973, -0.00022985308961787697, 0.09323038702118334, -0.0006659987008283367, -0.0008432257968599609, 0.0006145224875697411, 0.059502151557781914
17, 2, 1, 0.908742917806891, 1.2659027875722123e-05, 0.09124442084047552, 2.3247577327909406e-09, 0.4899128533558543, 0.5651176594034997, 0.4775169614439775, -0.045857051077144814, -0.07790263137713661, -0.04917311449263493, -0.2743349395523145, 0.4401807901141847, 0.12549541384308277, 0.15376617151172528, -0.0331357991617425, -0.0005012906958755035, 0.00013583240141210417, -0.0006442429470281353, 0.09381405413792576, -0.0014984024599447895, -1.868966883311266e-05, -0.000787785176611263, 0.059502151557781914
18, 2, 1, 0.9085064823484107, 3.216696252546024e-05, 0.09146134980696649, 8.820972523553832e-10, 0.5639666251427482, 0.5616657024321005, 0.5400371293190853, 0.1328125521685303, -0.2373401621309858, -0.06560289949341887, -0.07523865948998702, 0.2336464933814668, 0.3319534527938876, 0.4746717193636373, 0.05104335473877989, 0.00037185655656274825, 0.0033736030035411584, 0.0004007872582896722, 0.0941197133621419, 0.0015775540798257195, -0.0001228873305388468, -0.00040256344638860597, 0.059502151557781914
19, 2, 1, 0.908452630905345, 4.406700097297374e-05, 0.09150330120266621, 8.910157731251548e-10, 0.5525069794497834, 0.5733933724581711, 0.6951391051868099, 0.10513295493855054, -0.2679492159536887, -0.010671802090199089, -0.09814866333889476, 0.3517855088095215, 0.27259020709483067, 0.20532476058544175, -0.03330294154087756, -0.00014960014679040105, 0.0011580285574798678, -0.0007275261808707559, 0.09520866107831892, 0.0010377437678876886, -0.00021078805166029738, -0.002297774050313721, 0.059502151557781914
20, 2, 1, 0.9083994492742795, 9.443739039533864e-06, 0.09159109574565846, 1.1241022476965781e-08, 0.25709357176424713, 0.3162544864181405, 0.4252077689175492, -0.007878983020742535, -0.2199968357426468, 0.03238729388873003, -0.1757717437892566, 0.17465590288017308, 0.40387566718169465, 0.3397162463258644, -0.06693069389733333, -0.001562656178732022, -0.0004632790638743672, 0.0008455103741721856, 0.0935273607273098, 0.0019923998277546007, 0.001628491411476262, 0.0008798508232489854, 0.059502151557781914
21, 2, 1, 0.9083994377679119, 9.450824247505943e-06, 0.09159110017689964, 1.1230940989973619e-08, 0.4056598477571807, 0.2200147827304284, 0.7635372968951584, 0.11219751701329994, -0.05284414169881274, 0.16817003791860285, -0.16728815844677988, 0.012378410862547585, 0.11839316718567013, 0.1918843892946716, 0.3154779797060462, -0.0003388196112976043, 9.29611077697079e-05, 0.0008351115025013092, 0.09506692120281776, 0.0015175978500479395, 0.0007692712686510437, 0.00045220328062993697, 0.059502151557781914
22, 2, 1, 0.8581848109815113, 0.015326963514156293, 0.12648633318102478, 1.8923233076494441e-06, 0.29333228065401473, 0.4694001635799555, 0.5650492007424551, 0.071977503247899, -0.08369463035929199, -0.1469020476494008, -0.053104480020938816, 0.3653172206905683, 0.09939078260207337, 0.2937653180810763, 0.09003340114732727, 0.0008627946979342688, 0.00043366836274258473, -0.0005255111504482478, 0.09576017199828354, -5.753476239136783e-05, 0.00027251379509261626, -0.0002497031123186146, 0.059502151557781914
23, 2, 1, 0.8554289306718753, 0.01596162198087301, 0.1286082701098737, 1.1772373778050524e-06, 0.26416884864917767, 0.4237917451927228, 0.5453484464605409, 0.006249003883119319, -0.15143880058506826, -0.045904239124208455, -0.03559343835628699, 0.2502646616461634, 0.3150689043919561, 0.24483430836452014, 0.029528063990438412, -0.0016346213953828351, -0.0008858720057140097, 0.00018377351976485418, 0.09482302541969881, 0.0005833025360003232, 0.0007694040150311687, -0.00012532276907074763, 0.059502151557781914
24, 2, 1, 0.8529309001928275, 0.01642115305307204, 0.13064664786821956, 1.298885880916037e-06, 0.4372764155218264, 0.5357836099063559, 0.5082400669309223, -0.11807979039186442, 0.08656065011491085, -0.06619560903502746, -0.1383827604753674, 0.43538733920365685, 0.27819009459046706, 0.22539115874794718, 0.02211372369460159, 0.002066878545313859, 0.001044862349097409, 0.0004984554990820238, 0.09507874085271315, -9.682026650467725e-05, 0.0006392751102684573, -0.0018431710027849504, 0.059502151557781914
25, 2, 1, 0.8661522265451002, 0.0021491955246682364, 0.13169746083128128, 1.1170989503336048e-06, 0.5475560215228844, 0.3981251232342523, 0.4842230860377096, 0.18722821653214056, -0.08840557377054012, -0.20796351863731938, -0.018500115367330695, 0.14307580008769788, 0.2618238304830451, 0.19052752912975973, 0.07715463636829929, -0.0005440778681078749, 0.00010362759257001911, -0.0005888459313992354, 0.09382206800834525, -0.0016720801357248919, 0.0006005088278630252, -0.0015503312193825562, 0.059502151557781914
26, 2, 1, 0.8661361389148413, 0.002151042970957801, 0.13171170804811505, 1.1100660857934038e-06, 0.3757542415085133, 0.4235652935173294, 0.4477032810058842, 0.0863446610242393, -0.053093953299817656, -0.2605315777223405, -0.23089507831844913, 0.14307780747731003, 0.2767059818288307, 0.2414692210144714, -0.051746281829783226, 0.001082453688336805, 0.00048644441969580436, -0.00048277793082435216, 0.09534438687333849, 0.00019455466080198675, 0.00019989424438603102, -0.00041646014178133755, 0.059502151557781914
27, 2, 1, 0.8665539426962879, 0.001626662994240293, 0.13181926914893385, 1.2516053796901544e-07, 0.28715535653333674, 0.4498007350788771, 0.7598195486695493, 0.12260825893533908, -0.03808874744027568, 0.04257186130869808, -0.017407876913650155, 0.16633772704684285, 0.2150290469013028, 0.2741228341720239, 0.061020556448712716, 0.0010676975253266544, -0.0016405791828724287, 5.2559830603625e-05, 0.09558418404594139, 0.0008298072761237349, 0.00036205294740015276, -0.0028764277340040515, 0.059502151557781914
28, 2, 1, 0.8665524924757144, 0.0016271032687978555, 0.1318202805313886, 1.2372409914047787e-07, 0.3053211968677604, 0.36877069055505435, 0.5960192175638369, 0.09305406919045192, -0.12803365457976246, -0.2079358581488501, -0.2771454261083179, 0.38836657105267064, 0.0682910274151212, 0.2743059161317229, 0.15487053042671733, 0.0007009004805704389, 4.713861495612298e-07, -0.001081111663642144, 0.09411249169626443, 0.0028480976153227836, 0.0016310956591317062, 0.0005704621058230317, 0.059502151557781914
29, 2, 1, 0.8667858345149608, 0.0010126085583363304, 0.13219487872740993, 6.678199292969727e-06, 0.3513132589551059, 0.21802063187844523, 0.33987997971269446, -0.17032505063286507, -0.06023762433865369, -0.06441815751571367, -0.21366430142262524, 0.09194034415730006, 0.19116216247155737, 0.14611149762366252, -0.11822268780691329, -0.000651873528882496, -0.0010228776770965934, 0.0008336929259184697, 0.0955267304869503, -0.0009528224063343387, -0.0005449118001332532, -0.001713954079570621, 0.059502151557781914
30, 2, 1, 0.8667869804794569, 0.0010090105491276766, 0.1321973127248292, 6.696246586159529e-06, 0.35987130092156433, 0.5067059707933187, 0.3905637060378522, 0.13016604058525177, -0.07488701954321272, 0.08677828056759296, -0.25231026791302835, 0.15515112793822067, 0.12091606303908979, 0.1318867209924698, -0.06449794118273228, -0.0005398717833732345, 0.0010593929334880416, -0.0008110289293751744, 0.09469843345838369, -0.0010760215822036862, -0.00013500035778099784, -0.001106718777605635, 0.059502151557781914
31, 2, 1, 0.8668063824430144, 0.0007530759622062634, 0.13243925696916994, 1.2846256093229734e-06, 0.3142855285163848, 0.20321040039892174, 0.5175096510333227, 0.09363609569491457, -0.1934143323011248, -0.21748135218059517, -0.2063213592222965, 0.18020894912576949, 0.22313093353768415, 0.2181212978821435, -0.06679659314178125, 0.0006918948977343755, 0.0017425462480210273, 0.0011454536728261145, 0.0964925360136371, 0.0018756996649424383, -0.0006295033067294848, 0.0011057712549273312, 0.059502151557781914
32, 2, 1, 0.8666485476857552, 0.0007758934026309275, 0.13257348859556248, 2.0703160513956777e-06, 0.23102952247023073, 0.351545331995254, 0.3307841244390789, -0.09131849743595302, -0.22443134369469497, -0.206622566778423, -0.13380170553714965, 0.23985555219168467, 0.19260859284105847, 0.329044324507281, -0.0631088994023801, 0.0009665206804899509, -0.0009296813393786377, 0.0011968685697127492, 0.0942652425761102, -0.0009073492504050153, 0.0009082172488020024, 0.0002627498729305021, 0.059502151557781914
33, 2, 1, 0.8663931333945913, 0.0008610739015907087, 0.1327416904677191, 4.102236098887047e-06, 0.3433403244928531, 0.19683867324224302, 0.3485038184054937, -0.030291486271499392, -0.07869623772267502, -0.1919424230359675, -0.10603284099987405, 0.1702265740216352, 0.21963316202366015, 0.2097949616305545, 0.060867690588074265, 0.001166179049853632, -0.0011742752312958837, 0.0011008912294336382, 0.09558459872513059, -0.001121405643648187, -3.154544891829031e-05, 0.0005807858237480813, 0.059502151557781914
34, 2, 1, 0.866380322892928, 0.000864098959038557, 0.13275130574760866, 4.27240042476048e-06, 0.20752587495071487, 0.41974920271085503, 0.41626666652618366, 0.2557960528893397, -0.14834474460666056, -0.07366087817880038, -0.03874214047445161, 0.16273404041765394, 0.09561223196291072, 0.14891804953251322, -0.16540529689778075, -0.0003014602717727331, 0.0022383567054175928, -0.00045291227697263523, 0.0959020319376896, 0.001202073668207499, -0.0006953605994755669, -0.0013616413757032548, 0.059502151557781914
35, 2, 1, 0.8657008156310438, 0.0009585709836515059, 0.13333967812857192, 9.352567327222242e-07, 0.4695998243373859, 0.3969895145261729, 0.6021816137897898, 0.027621209765245902, 0.02258842422300018, -0.23891087515488074, 0.05855585672848018, 0.38449857754937755, 0.20475379764348106, 0.36932928601081627, -0.10796105208245599, -0.0009995959238318164, 0.0023308438366476656, 0.0008902263022309721, 0.09465735308068306, -0.0010249301752491215, -0.000724591860159748, 0.00047123195412735933, 0.059502151557781914
36, 2, 1, 0.8657074233817711, 0.0009155507514222674, 0.13337682626758038, 1.9959922627165677e-07, 0.3712687998160489, 0.45362150975259485, 0.44455073162317393, 0.2212259053470093, -0.07607222721738846, -0.13663105492083427, -0.0372496917479461, 0.17372980641159405, 0.08555184319849056, 0.2850564436931283, 0.021158324698320106, -0.00041844163035956015, 0.0007156954453828683, 0.0004134289811321032, 0.0947690258426471, 0.0007679054621382816, 0.0005951015072122783, 0.0006149193901021319, 0.059502151557781914
37, 2, 1, 0.8657075054899914, 0.0009153816721089978, 0.13337691252471076, 2.0031318883435482e-07, 0.372955983463559, 0.3505421839273149, 0.3872284060033904, -0.08368701700931158, -0.2608970890488105, -0.12650087695801873, -0.16580458594700273, 0.04664714120239333, 0.07597401948705562, 0.04295969936028132, 0.14986844177941946, 1.9771126952321032e-05, -5.83803088070557e-05, 0.003703994383146807, 0.09597902337685034, 0.00028425399296952024, -0.0004519413284368637, 0.00014394340878696972, 0.059502151557781914
38, 2, 1, 0.8657068140709283, 0.0009154991156087516, 0.13337748673440042, 2.0007906248936816e-07, 0.4198096462580986, 0.4597655066323675, 0.5436932822643679, 0.027261855677321922, 0.18246537947979782, -0.05819618039912652, -0.2197427226588024, 0.31819063893660066, 0.10979906759074802, 0.20873986870777844, -0.07694131836447102, 0.0025043583526656995, 0.00012953892175785077, 0.0007740815706060423, 0.09556969434999726, -0.0004958279733730563, 0.001231048657936846, 0.0012499406190122193, 0.059502151557781914
39, 2, 1, 0.8665231598463728, 2.5485904250659675e-05, 0.1334506368286199, 7.174207565859335e-07, 0.3402814736130642, 0.452076769890831, 0.36248618894447027, 0.13553055650680523, -0.09832286859000802, -0.08458088999932963, 0.0467453149267681, 0.10260965235880563, 0.12410009816486396, 0.23154360289730938, 0.021044848354638816, -0.0018516170392880716, 0.0005363188337605919, 3.345611096652221e-05, 0.09565238310965465, 0.0016635581094457345, 0.0008299136565952722, 0.0002527213153234832, 0.059502151557781914
40, 2, 1, 0.8665398510534128, 7.738252757653545e-06, 0.1334516965750702, 7.141187593068041e-07, 0.2948847239529082, 0.16677481079145542, 0.49644188907402126, 0.09910910512115398, -0.02495313787882003, -0.1293861961958897, -0.18644552722872057, 0.07180916630072795, 0.08682967793393424, 0.11799754040361403, 0.18177143449315078, -0.001706526330012711, 0.0002476504285631988, 0.0007525117314757127, 0.09640810749678606, 0.0017857788954204572, -0.0012663383199528907, 0.0007068149771385882, 0.059502151557781914
41, 2, 1, 0.8659122165184273, 0.0002474762760192739, 0.1338277061472403, 1.2601058313152904e-05, 0.5441424685080525, 0.2759216215000678, 0.31570901735143675, 0.07134305009859393, -0.06539124817079375, -0.20967728990545148, -0.1414188791313162, 0.2513643320751421, 0.30668978168208433, 0.08978718669871391, 0.030392630579617004, 0.0014574904240858908, -0.0005723725289644738, -0.0013061609666586015, 0.0956276904245752, 0.000975082157423789, 0.00024931071076106164, -0.0023410495931867645, 0.059502151557781914
42, 2, 1, 0.865919538152737, 0.00024013604787060763, 0.13383013499442226, 1.0190804969957496e-05, 0.42493222352060644, 0.45985710134984625, 0.3548016766085423, -0.027216897161466948, 0.055402030731642384, -0.13509728779517605, -0.2655448132503895, -0.03100400829087624, 0.2153717657472193, 0.3680227285266464, 0.049106655985585404, 0.0008230509729450052, -0.0012476001461202758, -0.0005830776449111532, 0.09479349178259897, 0.0001505227494048558, 0.00018289581060301158, -0.0021646623947392707, 0.059502151557781914
43, 2, 1, 0.8659230823558148, 0.00023560808158376145, 0.13383113211690859, 1.0177445692924764e-05, 0.28307017247276445, 0.40832253999568735, 0.18206227427372193, 0.18675039137297014, 0.16353269475378746, -0.08322646937565434, -0.27179671441231246, 0.176978951018088, 0.16191299191272815, 0.24514050629664474, 0.09697658038252066, -0.0010989971510387496, 0.0023707583285632996, 0.0003048915525356734, 0.09484362491884224, 2.342474609295322e-07, -0.000865546334001837, 0.0009636641170501564, 0.059502151557781914
44, 2, 1, 0.8659254591073624, 0.0002308609197389575, 0.1338340221029761, 9.657869922541294e-06, 0.2762534737186483, 0.20962533418259754, 0.43092811045582674, -0.09872896611129019, -0.09673026750377388, -0.09951937069599798, -0.3056183604492778, 0.1797205757970135, 0.28148692965483546, 0.1811383424303181, 0.11103344164164745, 0.0007584026241810437, -0.0008424111502773448, -0.0011350577836434558, 0.09663262748898294, -0.00113308113469172, -0.0007584114511580097, 0.0014664520337954162, 0.059502151557781914
45, 2, 1, 0.8659247294397976, 0.0002312849989642645, 0.133834323600178, 9.661961060095458e-06, 0.35337942197661615, 0.591119386866052, 0.3125014536997954, 0.15794085304483083, -0.14303419592087938, -0.13275789300008337, -0.20506541187866287, 0.16750124471732206, 0.03450776773073268, 0.1543438981067186, 0.22866930336310767, 0.00010727705352249503, -0.00038717615869347934, 5.67272729760771e-05, 0.09493766107168775, 0.0007608951168603926, -0.0008192890400470585, -0.0009295132090785108, 0.059502151557781914
46, 2, 1, 0.8659373373638152, 0.00021726050503286822, 0.13383576372606723, 9.638405084776207e-06, 0.5113407081930745, 0.38308207908912173, 0.16278086930179983, 0.08589173407620429, -0.18948980604773116, -0.05825819718083376, -0.1336387806318065, 0.06516519353077123, 0.1325144536005381, 0.07784616817102619, 0.17989273108388565, -0.0001578035857756713, 0.0021285152721590146, 0.0012471050714436586, 0.09497686734540994, 0.0009033091203537227, 0.0006729965206206267, -0.001231054731571498, 0.059502151557781914
47, 2, 1, 0.8654649558115913, 0.00023727336420215515, 0.13428177296084223, 1.5997863364203425e-05, 0.40454024537112926, 0.258181822366054, 0.29418978971363885, 0.06986698221793716, 0.004049594821555158, -0.16880341941551608, -0.0323185373726131, 0.22887285218070388, 0.24164025787776572, 0.289277114408906, -0.039903001311821645, -0.0004485897945272173, -6.364649173949912e-05, 0.0004184030292705211, 0.09376540147736304, 0.0022021281308638838, -0.000805001301653459, -0.0008480844290039925, 0.059502151557781914
48, 2, 1, 0.8654647275997827, 0.00023735896204040685, 0.13428192079029772, 1.5992647879271877e-05, 0.3252601902534837, 0.3176377523980736, 0.3498264362085854, 0.12228881448441686, -0.30359299506572157, -0.02867610236613142, -0.04718697625551482, 0.3002593539467072, 0.05822439088094768, 0.07063370617612505, -0.013214545081878425, 0.0009428551262649501, -0.00028531684792944365, 0.00043005995474139564, 0.09449346650202682, 0.0006665545047815456, -0.0006164340927237347, -0.00021704134437810777, 0.059502151557781914
49, 2, 1, 0.8654501263958706, 0.00023953807907328681, 0.13429431697252722, 1.6018552528825313e-05, 0.24669757891943114, 0.2596507066049746, 0.41584980753178113, -0.029912187503363875, -0.03829856316718625, -0.09672054761189952, -0.25996240082233807, 0.18175450798547432, 0.2924677297166569, 0.13467297513140414, -0.018108388626349725, -0.0019202247123176661, 0.0006130273585836641, -0.0009307787660620011, 0.09340495313669049, -0.0006069311228779797, 0.0001257183379556638, -0.0003856935851098939, 0.059502151557781914
50, 2, 1, 0.8640974640301887, 0.0006792075729464401, 0.1351998755884414, 2.3452808423376092e-05, 0.2647639054303691, 0.32599132758029487, 0.3940246799257473, 0.04915814070939776, -0.14186719345205162, 0.047123004323268304, -0.10973178102102148, 0.31980826057146033, 0.21549193531550176, 0.1504334992378705, 0.004780243428769845, -0.0014444871431745967, 0.0001866114789859811, 0.0014954610216301348, 0.09513064027327271, -0.0019007952685000796, 0.002030360965767689, 0.0006870908421965255, 0.059502151557781914
51, 2, 1, 0.8640964889226959, 0.0006705630747774439, 0.13520952660747454, 2.3421395052180762e-05, 0.1273570140924919, 0.16680956564934485, 0.40615365031631007, -0.03376531381618129, -0.20310925843458402, -0.19147987519320359, -0.2424949408313156, 0.2594780049735997, 0.17431150270833212, 0.18799757173520654, -0.03525584124142406, 0.0002331253510649631, 0.00032505736134258895, -0.0016337997600277625, 0.09526465866784763, -0.0003621887982819893, -0.0006058040913460461, 0.0010806785352936656, 0.059502151557781914
52, 2, 1, 0.8640962679798184, 0.0006706415970881943, 0.13520979138401032, 2.3299039083025094e-05, 0.351676074666452, 0.3268892993038547, 0.13933367362835442, -0.030466330335504454, -0.10234103712798348, -0.30139152592724444, -0.16333659510223106, 0.10374872082064357, 0.03881592929296056, 0.380506585511123, 0.07757576709672034, 0.0008553569696751393, -0.0009629678896083361, 0.0007762975057188975, 0.09701887913547821, -0.001366393139630189, 0.0009544648621908983, 0.0005218634879174744, 0.059502151557781914
53, 2, 1, 0.8641189024804615, 0.0006421870507172838, 0.13521549949948417, 2.3410969337020032e-05, 0.3785890551636143, 0.2368417945466937, 0.31206331877923826, 0.008721762858016225, -0.16234283231389093, -0.08754003309733398, 0.043223310613877255, -0.03132014801631509, 0.024757091283391718, 0.07550570550841472, -0.03423582396885241, -0.0011151135454575023, -0.0004891109576377657, -0.0007507163647818636, 0.09511511910687143, -9.621627150101082e-05, -0.0005426157600369296, -0.00023740684100466875, 0.059502151557781914
54, 2, 1, 0.8641205365048817, 0.0006393127185132137, 0.13521671815597203, 2.343262063297036e-05, 0.25929497326770223, 0.15776469714273428, 0.36925355442097746, 0.06899375963577631, -0.2673934474558733, 0.03428357550107954, -0.09570834549626402, 0.052239810546245914, 0.007813062266594551, 0.08254372568212899, 0.061292279521621564, -7.70681740018251e-05, 0.0009382694528761238, -0.00015764323596127182, 0.09435002467143803, 0.001186329759635586, 7.727754457434429e-05, 0.001588236251090253, 0.059502151557781914
55, 2, 1, 0.8640930318156667, 0.000651123000624522, 0.13523227727970394, 2.3567904004795565e-05, 0.40244221846514516, 0.2180608943419847, 0.3953965730288438, 0.09257224001693642, -0.10140637306665494, -0.10382481161419548, -0.2498118557659308, 0.2501001602998172, 0.20717627167923885, 0.07476687289067915, 0.06590187684188269, 0.0014581068763871493, -0.0004851814058351663, -0.0002685705726346432, 0.09527096875408922, -0.0007922606226776733, 0.0008605070401153861, -0.0005514380763673593, 0.059502151557781914
56, 2, 1, 0.8640605313026488, 0.0006682822243055978, 0.1352462544884706, 2.493198457497933e-05, 0.27960928021689496, 0.265801855030303, 0.28942052319080963, -0.003476443583423483, -0.2055923300556069, -0.1568431521940224, 0.02361499370196025, 0.3349515580095939, 0.04117740190880709, 0.09436539748334105, -0.030447936323955194, -0.0012668468690152511, 0.0003277540858697957, 0.001733638268576542, 0.09397685101073774, 0.0004892424094821641, -0.0011293840124677686, -0.0011489302221687704, 0.059502151557781914
57, 2, 1, 0.8640604030212226, 0.0006683525129119031, 0.13524633120480295, 2.49132610625853e-05, 0.43407341440571967, 0.29741985732009907, 0.28666676816801046, 0.035118397478942465, -0.21175842779195514, -0.19238531692299116, -0.10660563788718953, 0.07501150331138792, 0.11301086685895359, 0.1693283042366619, 0.09488878167019363, 0.00018796809650608622, 0.001725527285670999, -7.506432925201156e-05, 0.09298611118099215, 0.0007707619168397514, -0.0009052995326378092, 6.131925074159299e-05, 0.059502151557781914
58, 2, 1, 0.864302113323141, 0.0002565507173778599, 0.13541210066767137, 2.9235291809757822e-05, 0.3385539900272706, 0.07485113253712586, 0.34550711666088807, 0.011652215020668433, 0.10149807544527781, -0.11250038593393852, -0.16231169427654055, 0.1420409035104015, 0.06509224844169956, 0.14781204849090537, -0.0954142089963762, 0.0005815601036528217, -0.0014192582115959695, -0.0015866199678334423, 0.09417984988275986, 0.0015329833397497593, -6.88588679985893e-05, 0.0012710935306698755, 0.059502151557781914
59, 2, 1, 0.8067928611046798, 0.020023207678097142, 0.17312212695245005, 6.180426477299583e-05, 0.2839808796570324, 0.20751979721751296, 0.39174343227253, -0.14565406729455307, -0.04322596307876379, -0.07615817412801726, 0.10056758540775368, 0.2517402903232851, 0.3668807925110939, 0.2546990815453395, 0.03444525854625744, 0.0005978159533406889, 0.001171830116637625, -6.03010130716265e-05, 0.09509014175445415, 0.0007608028178576198, -0.0006705457508394887, 0.00015725226600597395, 0.059502151557781914
60, 2, 1, 0.8062912112329917, 0.019962648076830642, 0.1736569534062771, 8.918728390029527e-05, 0.33470117356406404, 0.4540736439567447, 0.24537571352656395, 0.08039304843122061, -0.11501687035483574, 0.038387226511805525, -0.031766060101317314, 0.20071226063140796, 0.17246652557135142, 0.24156232078614, 0.04578964162587811, -8.098864394200453e-05, -8.979149502408795e-06, -0.001533331618179961, 0.09366187413123592, 0.0008969590636741232, 0.0008080608343772526, -0.0006812555519186619, 0.059502151557781914
61, 2, 1, 0.8133246472057436, 0.007986950427841411, 0.17850263818378517, 0.00018576418262992043, 0.1410586113456223, 0.3373763543376829, 0.35563449798979346, -0.061519493248142834, -0.12911357547385777, -0.09671830669289654, -0.1550045836369606, 0.29690482546088937, 0.1462869463568111, 0.1658985508263346, -0.03864720168117447, 0.0012217636896629826, 0.001040591928081374, 0.00020332517988100578, 0.09347683255171321, -0.0007640067766015812, 0.001351574161580841, -0.0010928656930169467, 0.059502151557781914
62, 2, 1, 0.8181203418390606, 0.004321231015648944, 0.1759451789488094, 0.0016132481964809494, 0.058005576830521766, 0.11818502501117605, 0.09244766767891674, -0.09275087596693687, -0.10841287246338871, -0.20803953476721243, -0.14932989007438674, 0.03748914981103742, 0.07247599804202894, 0.1280449879286949, 0.02335976333271201, 0.0008188326270207024, -0.00026077726319301584, -0.00048108503979448316, 0.09600945159257859, -0.0003149524436081168, -0.0007064897036499116, -0.00034887863364392016, 0.059502151557781914
63, 2, 1, 0.8181317562379106, 0.0043531259304696954, 0.17589759231646404, 0.001617525515155707, 0.18507038720200075, 0.1779119666238474, 0.14754848756930736, 0.20917395353000295, -0.18668774954946557, -0.16927843964743772, 0.08656858541010033, 0.05417415291856229, 0.032540337555524636, 0.12067198334595916, -0.0842125293328027, 0.000873196719915742, -0.0009267625969281183, 0.0006548351618128087, 0.0959254908965124, 0.001928202990826789, -0.001275006461541197, 0.001678161140204185, 0.059502151557781914
64, 2, 1, 0.818128757112841, 0.004360808951880443, 0.17590258871492362, 0.0016078452203549419, 0.3248245137037844, 0.40777020310561224, 0.17712108113006164, -0.1305806513945802, -0.09922666379645381, 0.05315716381429745, 0.06064482856723483, 0.1411999976012213, 0.17645672036860632, 0.0805170603656473, 0.0034164836201234145, -0.0002804038619920202, -0.00020442480076262795, 0.0014912813020359563, 0.09455658450722448, 0.00011520061886248427, 0.0013035565925601058, 0.00039910048170373267, 0.059502151557781914
65, 2, 1, 0.8183624960122383, 0.0006378682433056477, 0.1794146517189368, 0.001584984025519183, 0.08475058969468537, 0.09328463150045121, 0.22813857652801656, 0.12969451047524647, -0.2788950991106388, -0.15246170374809162, -0.06661934891249116, 0.041793331000311254, -0.0017057831895217034, 0.27062060470257315, -0.12526675482626132, -0.00023210258415637533, 0.0002383789884591453, 0.000712566738731054, 0.09358950630367566, -0.00017537600736446408, -0.0007231110435435566, -0.0009149191307535386, 0.059502151557781914
66, 2, 1, 0.8183629640874515, 0.0006414050899116979, 0.1794089042707201, 0.0015867265519167039, 0.07606332054209594, 0.11409302303661346, 0.13591866965611749, 0.009123150713315487, -0.1913730680619518, -0.03728072044270801, -0.062123068515308, 0.1606002260717952, -0.0037006224209763074, 0.22313522529124788, -0.1578269359326438, 0.00047633610738606006, 0.00022966343439538846, 0.000680370508829484, 0.09474971920924138, 0.0020631998378932525, -0.0011170391902393, 0.0014870411693032233, 0.059502151557781914
67, 2, 1, 0.8183629713202676, 0.0006414265506473225, 0.179408947642528, 0.0015866544865571544, 0.40880839324542234, 0.27300981607839614, 0.08840704843716574, 0.06282852541842672, -0.1707104707906612, -0.10555795149063744, -0.23778579276840345, 0.184729631847156, 0.025823503188523566, 0.13186692919544876, -0.0002494262433277078, 0.000702344216930029, 0.0014275243814364474, 0.0003707850468896369, 0.09426514602603708, -0.001808377134334666, -0.00031302179291734764, -0.00021592948746476637, 0.059502151557781914
68, 2, 1, 0.8185056077246132, 0.0004392000558464253, 0.17943513778561382, 0.0016200544339264513, 0.2937113779588244, 0.20094630956602208, -0.04936790633211112, -0.0370601785489881, -0.1472356983777784, 0.04000557229061661, -0.11213077644418776, 0.14187945383833495, -0.004622655441876599, 0.042548612855638865, 0.040854821431972464, 0.0008237374014517538, -0.0008414031686000058, -0.0013576808015235869, 0.09417848499335647, -0.0007745585103495303, -0.00011589720320472229, 0.0004970437604308056, 0.059502151557781914
69, 2, 1, 0.8186134242427543, 9.83355394327698e-05, 0.17966799741894895, 0.0016202427988640778, 0.056522516858479976, 0.19379097717620958, 0.46067590958189425, 0.05201968966460354, -0.08990601899569978, -0.12512646874988195, -0.26777802353751445, 0.10759535760739813, -0.07879851840794408, 0.11660716518522289, 0.01039755509202751, -3.4170226196015226e-05, -0.0008133326899980361, -0.0005688746438412958, 0.0947992709329487, 0.0011265962881059554, -0.0010929358563473571, -0.0014535251815367433, 0.059502151557781914
70, 2, 1, 0.8187481726473165, 0.0001335783791550165, 0.1795005507995861, 0.0016176981739422687, 0.19614274973646384, 0.10830049379421061, 0.13918525718761843, 0.015381699278858112, -0.04857395128887042, -0.18097658189449523, -0.1297144559954106, -0.004403416013080519, 0.09631906751284895, 0.23620114650529636, -0.07036440482532598, -0.001270109567000125, 0.0002945987447424471, -0.000691801742405793, 0.09550836679387358, 0.00015445235067514104, -0.0010855548199605349, -0.0007153866167547742, 0.059502151557781914
71, 2, 1, 0.8187482300741594, 0.00013614230757916397, 0.17949781906913095, 0.0016178085491304753, 0.21068487870049046, 0.12491700058927158, 0.2079213500126201, 0.11916304883747134, -0.1862196261616878, -0.3084048917196423, -0.19047441683039396, 0.1161352974965719, -0.06830459948095738, -0.10195520166149716, 0.10315248262175089, 0.0018056371279927305, -0.00156814869321905, -0.0013018820669549154, 0.0936619395339959, -0.0007667624958424464, -0.00020368197353049593, 0.0009599552556933952, 0.059502151557781914
72, 2, 1, 0.8187379384139536, 0.00014136814227140725, 0.1795023662874228, 0.0016183271563522947, 0.19577536992823555, 0.15857748275915115, 0.1910454549141535, 0.1079578315990837, -0.12533379628825048, -0.15857729619310304, -0.025692850892814832, 0.131185653989311, 0.09026241088820798, 0.25551082499355365, -0.08125377954373134, -0.0007445957606940622, 0.0008690686714873015, 1.3778531912725114e-05, 0.09632082425746426, -0.0005011586643334229, -0.0013509505169734327, -0.0015302055360011495, 0.059502151557781914
73, 2, 1, 0.8187376942363677, 0.00014149563853800375, 0.17950248953821107, 0.00161832058688327, 0.09950611289449444, 0.33948061302641636, 0.1725147661924906, -0.10307208884142349, -0.22058357086454058, -0.20601024120114036, -0.19627275966947275, 0.21506118187012793, 0.15164726388943486, 0.18662284700701584, 0.17831599667938575, 0.0014685967520906063, 0.00018877348909564491, -0.0012441670949275465, 0.09518881246684674, -0.0005609810810662019, -0.00048722033719306157, 0.0020257579025182975, 0.059502151557781914
74, 2, 1, 0.8187366601540116, 0.00014213560733751063, 0.1795039324370831, 0.0016172718015677594, 0.2761649922435729, 0.11460141829772111, 0.1956192144742484, 0.1389608536098194, -0.1357666395823594, -0.08261628278669117, -0.16857920238163052, 0.12361749710644014, 0.25440760138393964, 0.09665486813328106, -0.05454249926242668, -0.0008048620883612219, -0.0007488345405991517, 0.003067720662587696, 0.0944549146909037, -0.0014480376113727414, -0.0009215982296278298, 0.001274708640132987, 0.059502151557781914
75, 2, 1, 0.8187387076640708, 0.00013736918612103398, 0.17950597651738678, 0.0016179466324215098, 0.20803494481062307, 0.22902798717912623, 0.28800190675627707, 0.09642036163172608, -0.015475466865425003, -0.21263609681614937, -0.0522225686420672, 0.05270293285126626, 0.06980499977809038, -0.059185836956627026, -0.10869713988147638, -0.0006926038422951023, -0.0007399926028968343, 0.0008072450261709426, 0.0947827212166478, -0.0014145536341944708, -0.0003502382890467321, 0.00010708973604579318, 0.059502151557781914
76, 2, 1, 0.8187387192984735, 0.00013863900836552268, 0.17950762081341803, 0.001615020879742995, 0.2832761587271976, 0.10944250280646454, 0.25507096133614293, 0.06985432568244698, -0.15129406761397796, -0.42961016172110894, -0.18594793916721103, 0.13372458237055987, 0.14677350298791886, 0.1845454017364525, 0.05787157500269259, 0.0006058340061552836, -0.0004503889406460234, 0.0018875376239157408, 0.09479697637255671, 0.0014655802787105986, 0.001276549019797664, 0.0006853558478746995, 0.059502151557781914
77, 2, 1, 0.8247672352505374, 0.02034607697835764, 0.15044857716419593, 0.004438110606908898, -0.024807597356835666, 0.01301276088516956, 0.16402002849700292, 0.017127279066067924, -0.16219498900839535, -0.09879381490049022, -0.1853731827749679, 0.12209569974220216, -0.030583826756778565, -0.03375231896808267, 0.04701858662254495, 0.0003439708837919121, -0.0006307411924293196, -0.0012542283345863508, 0.09627069189260272, -0.001742428473570487, 0.000941770383212949, 0.00019568262845270847, 0.059502151557781914
78, 2, 1, 0.8247675410659274, 0.02034572661262399, 0.15044859733328755, 0.004438134988160997, 0.15972473226913575, 0.267799581501058, 0.13788387589339485, -0.15627993291147685, -0.15211573775270695, -0.12275777400723098, -0.1780150548520663, 0.07468592093113362, -0.05044137497805068, 0.1501911676862389, -0.059764126064896894, 1.0603689634452616e-05, 0.0011629759381530688, 0.0016409931946276151, 0.09452363255361883, 0.0015872315602640124, -0.0012530249422306983, -0.0012166657088297074, 0.059502151557781914
79, 2, 1, 0.8249517965418485, 0.01988841693939533, 0.15068146293767823, 0.004478323581077943, 0.2095271824273423, 0.08399666195355318, 0.04824762393104824, 0.20892370690890746, -0.16977827024787356, -0.08305414925623897, -0.09371184781144293, 0.04732907832527509, 0.19715998345721947, 0.18310661514028664, -0.06648967363155951, 0.00019769796735358362, -0.0006717893870499443, 9.331827988084181e-05, 0.09619059546025124, 0.0003946060689573194, -0.001322679012548509, 0.00032674097117126266, 0.059502151557781914
80, 2, 1, 0.8249518307183191, 0.019897676088009235, 0.15066511713636233, 0.004485376057309393, 0.14536550225058506, 0.1129219292138087, 0.0856541919981063, 0.0010294347902525369, -0.2990598830500336, -0.3317099759888048, -0.08970349717716912, 0.0290276697391376, 0.19579976495128246, 0.06995727755579986, -0.1532752065371873, 0.0001621915982876934, -0.0008696333006634286, -0.0025702714261694676, 0.09469866562462587, -9.822838092507845e-05, 0.0010107415027004098, -0.0013261855167499739, 0.059502151557781914
81, 2, 1, 0.8252736567549481, 0.02015180911576749, 0.1499522022613615, 0.004622331867922861, 0.13999752227058512, 0.20208800063437735, 0.043716608672784374, 0.10281613623833619, -0.0956518697792929, -0.008042384556871762, -0.1138173124495038, 0.03695678721213248, 0.11500091965251472, -0.04673766996639667, -0.046937441525113144, 0.0005916693905797486, -0.00036780602837576786, 0.0002005146341376976, 0.09504768584055621, 0.0008855639353994749, 0.0006090219789054479, -0.00045839654795482005, 0.059502151557781914
82, 2, 1, 0.8371489226927538, 0.007550442600853479, 0.15067036277022483, 0.004630271936167994, 0.08259699558240215, 0.2735455876618186, 0.28470924688289173, 0.024694760126713462, -0.11000661720430757, -0.07608029808846196, -0.10881400668956251, -0.010855760532095604, -0.046775122617785214, 0.14361548051720546, 0.16799260308643688, -0.00020114210205621268, -0.0016792081666772447, 0.0006499124374550632, 0.09393271702797948, 0.0005507201858646868, -6.22973170481261e-05, 0.0006907137476625919, 0.059502151557781914
83, 2, 1, 0.8371505141158911, 0.007485608959628053, 0.1507327987402845, 0.004631078184196414, -0.006432159179783037, 0.1845860395261833, 0.23967439170842839, 0.09918209895796379, -0.11380380717335023, -0.2411174465029434, -0.2647067783260345, -0.06840017573489232, 0.0014772252688742492, 0.0483548408788891, -0.10583296968530856, 0.0002901226858976135, -0.0003784485600178256, -0.0013172992911766978, 0.09609126088255418, 0.00015725385725871385, -0.0014817642960462361, 0.0001891120381791887, 0.059502151557781914
84, 2, 1, 0.8371603330964381, 0.007495675844570259, 0.1507218844134843, 0.004622106645507245, 0.2094736458671939, 0.10014587090850988, 0.27823930937012276, 0.027855187524222374, -0.1567011342942186, -0.26985263193774245, -0.06534268611462746, -0.015798106166280558, 0.1549863842712576, 0.1104273601744542, 0.1262589832265049, -0.0010451010054501543, -0.00027875246185490084, -0.001162676906850454, 0.09642398338365185, -0.0004477411307831818, -0.00109348575181053, 0.0009807314457876879, 0.059502151557781914
85, 2, 1, 0.8455422852988561, 0.02349323366944446, 0.12363390920016522, 0.007330571831534282, -0.108384393511166, 0.11942104473664741, 0.032948207699214506, 0.01690656820684498, -0.16638538480225754, -0.15812096704695439, -0.029965123799832193, -0.020914834938189564, 0.19409494715166092, -0.09151258339622773, 0.04226083935959698, 0.0013993057872122264, -0.000869853769547644, -0.0007431481137640447, 0.09734118594122398, -0.0016506043069476593, -0.00030466822399322915, -0.0008683412913485097, 0.059502151557781914
86, 2, 1, 0.8472834691803913, 0.01896860823721218, 0.12642044963869653, 0.007327472943700073, 0.059230246535603236, 0.07810088333212527, 0.07510359998146712, -0.010726764679571399, -0.2006307084130085, -0.07177337200318705, -0.12010612917109784, -0.30522579990144394, -0.06332029663119927, 0.21700100578075965, 0.014389423459857697, 0.000755226005473439, -0.002180978687512454, 0.0005369075840499845, 0.09462117708547639, -0.0013558632470592798, -0.001395103174621452, -0.00019887404392737496, 0.059502151557781914
87, 2, 1, 0.8474754405803798, 0.01904064062223613, 0.12613373120828442, 0.007350187589099694, 0.11885220227030802, 0.11409545524614981, -0.011525030131020797, -0.03544390323370903, -0.06634726420798204, 0.024792131156220965, -0.14122678743775935, 0.08812175302819979, 0.07516656418954468, -0.07534129234606343, 0.09631182198109388, -0.0007307704623285346, 0.00042156240897170996, 0.0012399305373468966, 0.09493772334345729, 0.0006869676219173084, 6.850349138246027e-05, -4.3969412739274004e-05, 0.059502151557781914
88, 2, 1, 0.8646991607605459, 0.00391101167344427, 0.12335838533227349, 0.008031442233736218, 0.013606539306794374, -0.004006898273690407, 0.09435587635148077, 0.010130528394509303, -0.025432774530417736, -0.11670779532622848, -0.0888909947040758, 0.04473317012544592, -0.001859214515143759, 0.0802167744369633, 0.06691738187703211, 0.0011576884707134583, -0.0008629605121561896, -0.0018976605634496197, 0.09395131553159108, 0.0011831122269077708, -0.0008086723769819946, 8.746932256129e-05, 0.059502151557781914
89, 2, 1, 0.8674128347099163, 0.007683095414558873, 0.11652413183853565, 0.008379938036989188, 0.00779498926976766, -0.05747725188411427, 0.08253832537699449, 0.11797908485609716, -0.2122595495821133, 0.021611094361840655, -0.0362338923614476, 0.08583768783586876, -0.04810660555190543, -0.05622570705014631, 0.13196761269528118, 0.0003822082611282879, -0.00024081899098093713, -0.0004842355642795602, 0.09369475952995912, -0.0002166597005730846, -0.0009401787248105983, 0.0014419551402566526, 0.059502151557781914
90, 2, 1, 0.8677819532470906, 0.008008336563397092, 0.11576054143818847, 0.008449168751323831, 0.1415493554860401, 0.04651428578732759, 0.0338661493435236, 0.20649207368722539, 0.12161385815421406, -0.20240777211009164, -0.17846693735802374, 0.035662853867162364, -0.018569111550427973, 0.11435746726022841, -0.0011278778511364842, 0.0006734732628161646, -0.0005193685408271211, 4.235350238824917e-05, 0.09365552120271163, 0.00024995523828612044, -0.0011283559659423395, 0.0009681097065930096, 0.059502151557781914
91, 2, 1, 0.867782514899333, 0.008000508231058807, 0.1157623682543669, 0.00845460861524131, 0.10428590224512284, -0.09376380898026637, -0.06797684076548902, 0.08243502657487316, -0.24327816011208556, -0.08503285332322648, -0.22418108748682072, 0.19499328178366176, -0.149448540505534, -0.030133867485984206, -0.07933946515451915, 0.00034694743749330743, -0.0009263352887158079, -0.0009733508695576496, 0.0943420462842483, -8.13735983101436e-05, -5.8882462001118944e-05, 0.0015582576160916549, 0.059502151557781914
92, 2, 1, 0.8677825496489244, 0.008000558548477659, 0.11576291659300546, 0.008453975209592485, 0.06305071813339302, -0.04293768086717793, -0.03003111104511822, -0.13164180929706337, -0.2107316690735756, -0.04038723454209133, -0.30084431213723317, 0.06598736514456545, 0.1720361260829542, 0.37027476076506943, -0.047876066222659795, 0.0008425657626543769, -4.374391759142382e-05, 0.001525622533920213, 0.09542479014434979, 0.0007694267719182992, 0.000733879683627193, 0.001198512003103465, 0.059502151557781914
93, 2, 1, 0.8677835780719405, 0.008001925719047346, 0.11576069977627172, 0.008453796432740378, 0.18026179201508064, 0.08382399405678867, 0.17010246087347358, 0.04312817805651224, -0.23313526815234606, -0.10556368815934943, -0.17897563307987294, 0.06859901507707306, 0.02889673324820226, 0.20514164708638108, 0.08896881344032995, -0.00036382550651856095, -0.0005555229174096125, 0.0003447564123534452, 0.0955330355063435, 0.0001829134197051101, -0.0006652758955588867, 0.000453483178524776, 0.059502151557781914
94, 2, 1, 0.8678133844477006, 0.008295739156531763, 0.11523621165532995, 0.008654664740437627, -0.08310343819935209, -0.03082776064964331, 0.18397658025432423, 0.019158269972640824, -0.09780555484544785, -0.3132310483583408, -0.1342494257425003, 0.07893945216422071, 0.13151445694562425, 0.0208942717803469, -0.0875482028478785, -0.0002549446420867397, -0.0005134994208358267, 0.001363636951603174, 0.09406626497550291, -0.000982654574836431, -0.0019696405058694274, -0.002362704061785853, 0.059502151557781914
95, 2, 1, 0.8683902746508135, 0.008863685765683364, 0.11390866494071908, 0.008837374642783977, -0.056728815157519305, -0.08081077048047791, -0.034663958113467876, -0.044905279521437566, -0.09602794533727882, -0.1493055985283403, -0.01702590246269886, -0.02942084368391753, 0.13146945340670296, 0.14575263394822935, -0.12350123250194808, 0.0007747885611949444, 0.00023520952554666324, 0.0006271639787132381, 0.09571100482443673, -0.0006998904887314149, -0.000546439094291859, 0.0001807353296626364, 0.059502151557781914
96, 2, 1, 0.8683907439797487, 0.008863717275211467, 0.11390811800746774, 0.008837420737572129, -0.04188116869494862, 0.12821769856887216, -0.03695085966533908, -0.004765477409505059, -0.11137565796951539, -0.21628928645601558, -0.24795634870741515, -0.09852528090173136, -0.0066653231365544465, 0.0900242149032992, 0.047946608628033426, 7.003384005157344e-05, -0.00042764887901350037, -0.0008762876326803128, 0.09561063592232565, 0.00019712235600593398, -0.002245339418467791, -0.00019359211606943515, 0.059502151557781914
97, 2, 1, 0.8729322114625702, 0.010176279430543543, 0.1080046114152107, 0.00888689769167566, 0.12215427794571239, 0.06882618989177536, 0.11820386596300221, 0.1462585787205191, -0.10989747135453572, -0.026459533786968782, -0.05881493777252249, -0.12374088418508503, 0.11672383575252562, 0.04546579091906737, -0.01079254953294625, -0.0008363008554202057, 0.0008104370931783904, 0.0010299614770597407, 0.09516200136106948, -0.0006684144275709865, -0.0007842851418437971, -0.0011818048721755692, 0.059502151557781914
98, 2, 1, 0.8800164993023132, 0.0020877181236138654, 0.10899009100629968, 0.00890569156777311, 0.06066229742703061, 0.04905361256344655, 0.010796017886153048, -0.11232976882349995, -0.06159562841762004, -0.14248206685049525, -0.12815718915856766, -0.1882239024608325, 0.12296247136974983, 0.08567039720199485, 0.1022815962714175, 0.00028056956651341706, 0.0014674818251760474, -0.0002160103334221259, 0.09604152793568081, -0.0005789668648310216, 0.0011657753798438304, -0.0017509863437067726, 0.059502151557781914
99, 2, 1, 0.8800193321284887, 0.0022465288705864864, 0.10882189102192605, 0.008912247978998648, -0.04915247443235186, -0.012187697119025658, 0.1436163256681997, 0.07398959556149524, -0.38377966947868847, -0.13297907198487938, -0.1612636536843562, 0.04009720227167674, -0.007322069070344944, 0.01797346949846903, 0.23164680179028613, 7.290830211361699e-05, 0.0003708433459356619, -0.0010048060705138125, 0.09590001096291935, -0.000562067786153464, -0.0007284197466404776, -0.00025069047911027345, 0.06205659080512212
