t, Event, Policy, P(still), P(random), P(reach), P(transport), o(t), s_a 
0, 2, 0, 0.9149929881095886, 0.0786546841263771, 0.006260970141738653, 9.13753392524086e-05, 0.44458196076580697, -0.6408145581846884, 0.5597049080932934, 0.7630556047508785, 0.010997201424121505, 0.15934442557286732, -0.09365234747147486, 0.2559918379726393, -0.3439265855326033, 0.40883349931355006, 0.1648545648158266, 0.029598888974915576, 0.02468704678880334, -0.03699248565770065, -0.11398676822563236, 0.11955066208388129, -0.04819483424122128, 0.11476898017395361, 0.8
1, 2, 0, 0.4223526413646357, 0.5388989776975076, 0.03870887628964811, 3.950464820857047e-05, 0.5701333070408336, -0.5691022056158482, 0.6370389917583972, 0.8003396007064192, -0.1082762396415921, 0.11011499626712182, -0.12364027211427966, 0.421601234240862, -0.3228865183880356, 0.3125682608612551, -0.03436514524897434, -0.17286472956367563, -0.018229529547062494, 0.013077883026834413, 0.043901565098984484, -0.03772080410590895, -0.05388517220082496, -0.19724026307907777, 0.8
2, 2, 0, 0.4121145712244854, 0.5489011760786907, 0.03898342269090082, 8.30005922903929e-07, 0.5632949331455257, -0.5652532088432463, 0.6317119905254354, 0.8001196873301092, -0.10930823987621896, 0.11005721380283753, -0.12357548183460662, 0.2326878863322913, -0.31949249592970613, 0.20940272491363404, -0.041383564303208394, -0.00260924420234298, 0.06741767909470224, 0.049079019961466866, 0.10652280012247921, 0.03974724707042177, 0.0654291243867136, 0.08904276649728264, 0.8
3, 2, 0, 0.39386749242951796, 0.5666121441481385, 0.03951865778942013, 1.70563292344198e-06, 0.5580627831328526, -0.5589162610577958, 0.625603537171985, 0.801744031213907, -0.10974469145107302, 0.11147820203529649, -0.12367582623084314, 0.2580799614775241, -0.2070456842388083, 0.15757071157519362, 0.06100687208421298, 0.11191388301121133, 0.06420588729480016, 0.09201233743316314, 0.03938803395415217, -0.0765700570957827, -0.15148329461825594, 0.05674672230121921, 0.8
4, 2, 0, 0.35141888526982623, 0.5884647818903118, 0.060077058534165166, 3.927430569665373e-05, 0.5537556366939516, -0.5534396866239955, 0.618951053909446, 0.8003883193243249, -0.11080512344482843, 0.1101724335848135, -0.12470902902720557, 0.2796697594280962, -0.4029097770425866, 0.4820957031719983, -0.0001506028785250413, -0.17427966193389688, 0.052668043665394404, -0.07813879200324612, 0.0530422385708873, -0.17536546180631726, 0.2382010145165779, -0.00818653681163151, 0.8
5, 2, 0, 0.3514103691551873, 0.5884798218925081, 0.06010974793254859, 6.101975602464746e-08, 0.5464527812721669, -0.5467157254778174, 0.6122366378849906, 0.8020300061678849, -0.11182529069142991, 0.11081437565158656, -0.12415259986958505, 0.4154506933694802, -0.07073251652659138, 0.34042381795656196, 0.07576644758618736, 0.003833631003066118, 0.1513333491361348, -0.03405599112204484, -0.00010503635412334456, -0.028582614752574103, -0.06491476860307151, 0.2889962910251228, 0.8
6, 2, 0, 0.3471733997443235, 0.5922645360972904, 0.06056051495156376, 1.5492068223496437e-06, 0.5420925012936516, -0.5391652313725064, 0.6063701884068187, 0.8004527926024633, -0.11110661969654614, 0.11161627661203674, -0.12553638032500683, 0.3896218523403781, -0.2210421021992583, 0.16510956540875904, -0.07893984975657553, -0.10304382151817852, -0.11299506572269569, -0.020573769306663915, 0.1508949008274014, -0.024764797132808648, 0.023304401535355557, 0.157335642953363, 0.8
7, 2, 0, 0.3279748146395005, 0.6112781560422221, 0.06074597112537877, 1.0581928986388746e-06, 0.5368404420312693, -0.537345166820623, 0.600551501035349, 0.8007412309843479, -0.11041556797948611, 0.11028888487807575, -0.12471688794736657, 0.17661775027456464, -0.2742187295036828, 0.2060391812957998, -0.10331114072373586, 0.08807148974928701, -0.07520706214947058, 0.09740901025789545, -0.09279901692716483, 0.015839405381451045, -0.043445389981483444, -0.015363212380258381, 0.8
8, 2, 0, 0.32142538753539474, 0.6169258238406689, 0.061642852999921484, 5.935624014922771e-06, 0.5290516854436322, -0.5283835790571881, 0.5951342208108225, 0.8011320736847358, -0.10921590810123818, 0.11056801692976773, -0.12572434406258118, 0.19385665959559248, -0.22062718954448104, 0.29113314762308484, 0.18232029502715594, -0.02322048501680283, -0.07239665387011501, -0.0031993017375745334, 0.01147972766474931, 0.10889533572229777, -0.04496745526103453, -0.19255493502534188, 0.8
9, 2, 0, 0.2556740738924033, 0.676031163477628, 0.06826467284620912, 3.008978375941447e-05, 0.5232653486572744, -0.5243444492765976, 0.5890672046498812, 0.7999362916367058, -0.11172965580252141, 0.10961059177422336, -0.12482368513698276, 0.2447711102855165, -0.19918648202234795, 0.4417888775656264, 0.06902856489236234, -0.05121278809255168, -0.08516984212481396, -0.0140042894116006, 0.08444093671009034, -0.04421287688252896, -0.06257486448134814, -0.15433454722560383, 0.8
10, 2, 0, 0.25540944653624614, 0.6761926121921021, 0.06839653917407988, 1.4020975718054257e-06, 0.519324255364223, -0.5174382926819943, 0.582250400128286, 0.7996654483617357, -0.11026938478433686, 0.10874926893333998, -0.12566730355074596, 0.1869220987673536, -0.2652372998971292, 0.18987274598705023, -0.07326045066543378, 0.031538071289188084, -0.08631208793434783, -0.17647571452168226, -0.06091633580396647, 0.035125622865638736, 0.02657540859224955, 0.0628137247335788, 0.8
11, 2, 0, 0.23272833506841367, 0.6968079011445922, 0.07045394767578861, 9.81611120553839e-06, 0.5144057334966778, -0.5148618340507457, 0.575149383789369, 0.7995583424843573, -0.11060003463176035, 0.11121355228354042, -0.12376992146723051, 0.23281595646464268, -0.3136888039980163, 0.426062712806775, 0.0029320003689578657, -0.0054343848372925396, 0.09919143132289454, 0.0739112947931536, 0.061792929215038386, 0.12662688656326246, 0.0014233466226328802, 0.12890585723897668, 0.8
12, 2, 0, 0.1449386022900824, 0.7838074100679645, 0.07124490182074684, 9.085821206311736e-06, 0.5065548483162045, -0.5070857175400469, 0.5684905765523224, 0.8031998587265768, -0.11198513985752465, 0.11035644018189077, -0.12402484821854191, 0.047645364410059086, -0.19444519905798768, 0.282954292977178, 0.05624071091763581, 0.11680616432234477, -0.05386671671797566, 0.17777027069267212, -0.1255295525598436, 0.07636223817614943, 0.16518365971264573, 0.056341044046160214, 0.8
13, 2, 0, 0.14377795446208122, 0.7849088825251928, 0.07131191684837275, 1.2461643530826467e-06, 0.5025373085576837, -0.5013264886723924, 0.563985840512303, 0.7987438832756164, -0.11039637155338378, 0.11056749056879171, -0.12558332101710562, 0.16169110816981214, -0.21459534134251507, 0.15517973577305283, 0.03968599388048162, -0.16392565453090635, -0.050543179340019374, -0.033708427172306044, 0.006874846177446792, 0.14180062096462392, 0.029501437407703234, -0.08348941161701004, 0.8
14, 2, 0, 0.13039355257932703, 0.7971739117465304, 0.07241713337027514, 1.5402303867557218e-05, 0.4987549028998813, -0.496981801133445, 0.5567520870231037, 0.7995036576036905, -0.10941953258925688, 0.10990597613733248, -0.12444578218698625, 0.29389671132785045, -0.25941346669682563, 0.22473627924015016, -0.11388244871506566, -0.003584100921697883, -0.04183569590471304, 0.0006403441665376079, 0.1736329495325062, 0.1253745309146254, 0.20486192873575626, 0.06349352869567822, 0.8
15, 2, 0, 0.127669921652159, 0.7997553504602307, 0.07257352731575312, 1.2005718573380795e-06, 0.4931337586571728, -0.49201010009600477, 0.55144587207383, 0.8005659648051611, -0.1124912891400696, 0.10990094497073966, -0.12354546231093315, 0.4136812120929593, -0.09518793726642867, 0.2902616352519188, -0.02581603070156796, 0.1369907777572762, -0.12198257413132947, 0.13898220765040406, -0.11382514640990275, 0.10642491002333143, -0.18226193399015908, 0.11339308472965777, 0.8
16, 2, 0, 0.12764910847747363, 0.7997735704273222, 0.07257729432562446, 2.6769579605802615e-08, 0.4870806839187146, -0.4845471350700824, 0.5451876579487741, 0.7986260137559529, -0.1115980302820639, 0.10972382124040987, -0.12415406166464622, 0.28998008003124737, -0.30871523865390715, 0.2886483019741662, 0.04760449422786493, 0.024193438310191835, 0.12372708523495264, 0.17655536317500725, 0.07037612116731976, 0.1952809288760021, -0.130378639847221, 0.20486059112075589, 0.8
17, 2, 0, 0.06473432178449416, 0.8610820973076935, 0.07416498638180989, 1.8594526002539714e-05, 0.4814477966075438, -0.48008899453732257, 0.5371234602165369, 0.8014050564091326, -0.11084960844763958, 0.10988069771776102, -0.12221309964832487, 0.19870959490273987, -0.1961527151972205, 0.23053064331006606, -0.11072423898210962, 0.18556587198213728, 0.03633145451032711, 0.0457641069680822, 0.1748230281212328, -0.08075732100491381, 0.09035290088407452, 0.09534128853161432, 0.8
18, 2, 0, 0.016744220958446344, 0.9073995517270355, 0.07584018675753097, 1.6040556987237127e-05, 0.47480929298505625, -0.474532280118534, 0.532121852570301, 0.8005438430183286, -0.11320692492427928, 0.11021938462082795, -0.12535525342240278, 0.24174841959500232, -0.19350512525475588, 0.25103606686080226, -0.07785964555509861, 0.060895221446782576, 0.1495396872107141, 0.04919753221547113, 0.07861911306820092, -0.18825046385865535, 0.033918524864524804, 0.06051065352956055, 0.8
19, 2, 0, 0.01586455691607522, 0.9082613384979797, 0.07587384656606254, 2.58019882473167e-07, 0.4691771714900022, -0.4696385538063472, 0.5246218959833924, 0.8006282360673331, -0.11024798403809337, 0.1111696654470444, -0.12451350358817007, 0.22645617913336688, -0.4160390511143288, 0.1706449222067768, -0.026699470768153565, -0.06452760905610323, 0.09984782783343162, 0.07990158069411639, 0.002997841686314462, 0.06946377122720525, -0.15322879923278226, -0.009643240793327155, 0.8
20, 2, 0, 0.016206080187583596, 0.9079197727899136, 0.07587414076707219, 6.2554305955764105e-09, 0.4655551006287397, -0.46309788493906234, 0.5198430607607409, 0.8000031965367131, -0.11123934858477842, 0.11005607489692615, -0.12300463825213748, -0.11906950602633777, -0.18574694962119803, 0.08274794821394924, -0.013214651583781406, -0.12655933359612548, -0.14833346191359414, -0.0066877757695691835, 0.07766716051578568, -0.05985640366692453, -0.14251569708277656, -0.21245035299966367, 0.8
21, 2, 0, 0.01610594357645369, 0.9079800991608649, 0.07591287729591445, 1.079966767023377e-06, 0.45928437160363844, -0.4571062248258734, 0.5132785164109306, 0.8000082016272732, -0.11145571272869001, 0.1106453845949698, -0.12498582902161062, 0.03750040275593056, -0.29188067542578927, 0.18384502413516707, 0.057380208498098884, 0.035892755530652624, 0.09046207861387816, -0.09298002899922533, -0.007926803041733233, 0.14259737513027826, 0.19789735446666684, 0.1284826936366261, 0.8
22, 2, 0, 0.004390496919938462, 0.9191092768277138, 0.07649077123172797, 9.455020619805822e-06, 0.4527316973940696, -0.45033927285912034, 0.5064801968692098, 0.8004301393372024, -0.11069316343564625, 0.11099430693124354, -0.12394538534874489, 0.24553914827702777, -0.20583566055513952, 0.2851787269367878, -0.05345106104283268, 0.11210268142784455, 0.07219762416227328, -0.008230858630909473, 0.14351886052303373, 0.04855346493132768, 0.02294485912627068, 0.052797915059299594, 0.8
23, 2, 0, 0.004354338718083969, 0.919153505179554, 0.07649212575652203, 3.03458401423133e-08, 0.44743666749202937, -0.44609632895193824, 0.4996762197370132, 0.8005415863640171, -0.11042546413190088, 0.1113412890861423, -0.12383895563236032, 0.07023786985809255, -0.24226115531484438, 0.15305887399424561, -0.05078586879869458, -0.24795192776423686, 0.20423586701162497, 0.028960168955397526, -0.0365492699707439, 0.013474242037840506, -0.06676918007556444, -0.049861605036033804, 0.8
24, 2, 0, 0.004369799158916843, 0.9191345673119091, 0.0764955458392723, 8.768990172841734e-08, 0.44301503315454205, -0.44042201275238213, 0.4950919441834086, 0.8009179510632345, -0.11041440531885685, 0.11032564826248696, -0.12582501393328122, 0.18979504359917412, -0.27143893165707544, 0.20471208796532067, 0.04657375788599129, -0.16873641644568335, 0.03823543899718687, 0.030547033430014064, 0.1412505973877265, 0.2209316711947312, -0.06232212170026783, 0.2358567044360654, 0.8
25, 2, 0, 0.000456152203267299, 0.9230182905348588, 0.0765250894504027, 4.67811471161097e-07, 0.43396260266400083, -0.4362689175129688, 0.48786830224774463, 0.7985076990911368, -0.11085081144382267, 0.11051602294515084, -0.12267996982691394, 0.23708011871557103, -0.21784972675943176, 0.25987803903525236, -0.03642933198158605, 0.19957552365927433, -0.011484677754903872, 0.1181716914786384, -0.1357324842624395, -0.027945498557584363, -0.008399072075253462, -0.15651393451372234, 0.8
26, 2, 0, 0.0001963806242206399, 0.9232339489478918, 0.07656817010342602, 1.5003244615201436e-06, 0.43036734302685975, -0.43051608086395465, 0.483740616865341, 0.8009106157422223, -0.11198839750623595, 0.11129821621004617, -0.12381733889201715, 0.16697314265392943, -0.239513961683892, 0.33032817992116253, -0.05563061083683648, 0.0982714091250115, -0.05638210874384747, -0.058751190193912006, 0.1793015312842487, 0.14873984306134788, 0.08680534341063335, 0.012929155320629456, 0.8
27, 2, 0, 0.00019934191063241156, 0.9232324710159932, 0.07656818666470483, 4.0866965014425486e-10, 0.4244590194853767, -0.4234442756180127, 0.47560369312937667, 0.8016519816642507, -0.1112435969751309, 0.1107264033928721, -0.12427815893989935, 0.042268615548050614, -0.13595478902540353, 0.34511286832693266, -0.1905381259522672, -0.027761882968376318, 0.10719212794068096, -0.06151740413876602, -0.0909291787224179, -0.03610770323823327, -0.1504575925167294, 0.025636365369816345, 0.8
28, 2, 0, 0.00023491927223315487, 0.9231964553497641, 0.07656861271109693, 1.2666905797738104e-08, 0.4201931631107766, -0.41884590414301587, 0.46956006325382704, 0.8012902947126455, -0.11001078709420527, 0.11011748396614258, -0.12562938495438652, 0.24974103889819768, -0.2946779820454554, 0.19764053900580889, -0.14031654617684527, -0.0729596759637919, 0.019892245643717013, 0.011803973557789452, 0.03506752662783426, 0.14103294816027764, -0.10167692976086151, -0.015294739046411838, 0.8
29, 2, 0, 0.00011270841778070203, 0.9233160462310843, 0.07657120924278361, 3.610835146684091e-08, 0.41314200206617924, -0.41457693979981325, 0.4631003545567102, 0.8011997765969783, -0.11063954331378527, 0.11035215068693441, -0.12255422497529658, 0.36584676187799536, -0.14145001363920748, 0.3759257807399325, -0.10179086174919764, -0.004981508066225696, -0.004611795029307501, 0.1693621935018597, 0.1283539070225413, -0.047913513504615854, -0.08185279615282659, -0.09093968593558403, 0.8
30, 2, 0, 9.13555195968341e-05, 0.9233355927769374, 0.07657298839633732, 6.330712848538731e-08, 0.40663185688756276, -0.4099938613587327, 0.4571987415048001, 0.8018768721432533, -0.11103897023090945, 0.11166881096016446, -0.12347707668331023, 0.2644880944812768, -0.050357824312233526, 0.21363181903710715, -0.08221604447090128, -0.02449770698839577, -0.17846331795110107, 0.14951537854360564, 0.029018726529946404, 0.057893460993591196, -0.0405199755647687, 0.15606239272325054, 0.8
31, 2, 0, 8.23656305339972e-05, 0.92334361939213, 0.07657399285324291, 2.2124093038401824e-08, 0.4013583690199599, -0.40241932624688104, 0.4522244877304261, 0.8011981128578738, -0.10986267749933928, 0.11031639227919912, -0.12460332493162536, 0.020114021846320117, -0.331699501982156, 0.28833541559409986, 0.022800086817507628, -0.04100028214696357, 0.03101547587598205, -0.0009244806678222918, 0.12181570338875099, 0.004876022362369306, 0.0510289389478273, -0.03961826214989201, 0.8
32, 2, 0, 8.274893933561004e-05, 0.9233432544691854, 0.07657399637117902, 2.2029998657846734e-10, 0.39765221124798505, -0.3974308860845587, 0.44403832896116746, 0.800076012226738, -0.11035976436499846, 0.11015560942254284, -0.12526122625645003, 0.36295568448099563, -0.04228648834554087, 0.04138874844881939, -0.08447980606706593, 0.01627509031576542, 0.10124981998375653, 0.047846686618950966, 0.038131108328903394, 0.13608489134354426, 0.13695077743304662, 0.02023670116968892, 0.8
33, 2, 0, 0.00011926426274959128, 0.9232919939586355, 0.07658822180171809, 5.199768969111923e-07, 0.3920068342479988, -0.39259955258702217, 0.4393357395548364, 0.8006809614505407, -0.11249619746583947, 0.11116016304181253, -0.12472223983794588, 0.20315552183220426, -0.09586077639901656, 0.32292260662178873, 0.050152310187484894, 0.06434669906401737, 0.2876462196163153, -0.08392259585418578, -0.016680017971739784, 0.025345769911206777, 0.025326734304457633, 0.07382807271653107, 0.8
34, 2, 0, 0.0001195843509136288, 0.9232919567944381, 0.0765884496878835, 9.166764872548946e-09, 0.38586969988630926, -0.38532968088689434, 0.4326611199646364, 0.7977043879634019, -0.11085927099974627, 0.1099082497990981, -0.12478168585403518, 0.20080035784938505, -0.2709275466115566, 0.16586504547253794, -0.11352563362479717, 0.09538137516048532, -0.09421363892088139, -0.22467542212008315, 0.2540177467345997, -0.1890556014612101, -0.06797988212282381, 0.04613169929844489, 0.8
35, 2, 0, 0.002173847128626886, 0.921212579943057, 0.07661251095370587, 1.0619746101111417e-06, 0.38000294620301933, -0.38037524809383333, 0.42735858584178743, 0.8007879184616462, -0.11255012055662357, 0.11161412647053674, -0.12358390830140083, 0.2310016317447289, -0.10237169547402906, 0.3808980483744101, 0.04739566422960093, 0.05125007884476331, -0.025871666445968538, -0.08617415612740968, -0.1304986332429454, 0.06758090205784914, -0.04421880787379535, 0.0484866577533741, 0.8
36, 2, 0, 6.751383765959885e-05, 0.9232696691071796, 0.07666159837355269, 1.2186816081640595e-06, 0.37528909695604057, -0.37553743088356945, 0.4214675982707998, 0.7997281478643335, -0.11100834162607083, 0.1097227097520668, -0.12434710384477643, 0.1925270502500089, -0.25033466785104996, 0.2729200174403686, 0.13600680320545072, 0.08108821649395295, 0.1152291091909899, 0.0775743657190034, 0.0012859373576619704, -0.028578453819077265, 0.09831838799795938, 0.0036326590290348287, 0.8
37, 2, 0, 0.003523101774403776, 0.9198105934970406, 0.07666612921401421, 1.755145412550242e-07, 0.3679482162376241, -0.36848588657705544, 0.41297630755142195, 0.7995272903931101, -0.11164561575181098, 0.11116001753493783, -0.12387215107719832, 0.26554571949453315, -0.16539792329826, 0.26163279455184735, 0.07640670487397788, -0.0077909740491007105, -0.22818460070329136, -0.03903748281775911, 0.07224244559220871, -0.04768634437511045, -0.05313815112942648, -0.13036604309669267, 0.8
38, 2, 0, 0.00042558228534021167, 0.9228693832718418, 0.07670329123305851, 1.7432097595652387e-06, 0.36377079968175846, -0.36432831294339324, 0.40722825264307244, 0.7999182072175482, -0.11111512873033477, 0.11031934999457149, -0.12451444945078545, 0.21637186315211107, -0.25252433931300755, 0.1566432844833389, 0.013442581626999245, -0.10170348274065429, -0.09858602771234519, 0.04948018443750365, 0.15908384653050983, 0.02334374030142638, 0.06062133265722024, -0.058884309191536546, 0.8
39, 2, 0, 0.0003963545381267507, 0.9228660689251855, 0.07673431424480438, 3.262291883396136e-06, 0.3580780385480936, -0.35851316784250586, 0.4002739927345682, 0.7991595043813797, -0.11068542517029616, 0.11019173823509072, -0.12395437350956037, 0.04092727115583457, -0.0951048370861168, 0.21075652477060514, 0.08005277405622077, 0.021563873630801113, 0.01142584245719742, -0.15349954667406102, -0.22258401242171946, 0.049846203467527314, 0.10036703329273415, 0.008524740045924463, 0.8
40, 2, 0, 0.00039379430330000733, 0.9228701086116118, 0.07673599217001006, 1.0491507814452972e-07, 0.3515111780927077, -0.3530047623351699, 0.39587933797600733, 0.8004692070968884, -0.11170424072413392, 0.10978468745152963, -0.12526820948234246, 0.20257261987838007, -0.1866769783490476, 0.12231712391486091, -0.050687173971374434, 0.18304807219422622, 0.03560262292342518, -0.12857464765476947, 0.07303608175917686, -0.1572520476455308, -0.05450067098195986, -0.1194451422411634, 0.8
41, 2, 0, 0.000206463318220743, 0.9230271999907654, 0.07676498435389528, 1.3523371185748793e-06, 0.34709624548054036, -0.34699272432369077, 0.38899213100523383, 0.7990229909144915, -0.11103265178217889, 0.1098678702071896, -0.1235869280737421, 0.3995899808003563, -0.075908290957704, 0.17310174429944877, -0.02237715898409138, 0.0591871092906028, 0.07433843939609353, -0.07851804570136808, 0.14256845536329016, -0.005588500652332466, 0.003116636356931342, -0.07549646003806455, 0.8
42, 2, 0, 0.00021386293961031365, 0.9230210692331455, 0.07676499527233159, 7.255491259740462e-08, 0.34250832934320735, -0.3410756977234509, 0.3810808769323092, 0.7992145076187331, -0.1115345955391481, 0.1128570857817132, -0.12396247034653449, 0.1471278126079582, -0.09794496673233219, 0.22744435496355594, -0.2713259267183656, 0.03872960436813182, -0.06975103322608382, -0.055003587784616004, -0.07520988708874132, -0.018374989063085812, -0.12966886494185437, -0.178520603663289, 0.8
43, 2, 0, 3.7019790496410123e-05, 0.9231908470658214, 0.07677165890889306, 4.742347891207383e-07, 0.33537923432187106, -0.3355768274570746, 0.37701213682038126, 0.7997532877687983, -0.11021906807474731, 0.1108526073772148, -0.12487388118847828, 0.03344143613020863, -0.23428971022792267, 0.1610567503128677, -0.033468370297652025, 0.0274796507762875, -0.035237579613229916, -0.010686964546793435, 0.045233486556523615, -0.16158944577621595, 0.1280291051699231, -0.038153175473725306, 0.8
44, 2, 0, 0.00012559755957660914, 0.923101925254403, 0.0767724274725396, 4.971348059520466e-08, 0.3291000945255183, -0.3288839042960964, 0.36941097908644355, 0.7994121734055744, -0.10999708986514231, 0.10975778998748673, -0.12480848960912598, 0.2120143448358413, -0.20067446782191828, 0.2162721532288625, -0.006349398710450649, 0.036454660140575766, -0.09634750377869504, 0.01544420102701761, -0.0008907369134646959, -0.09907466492104158, 0.11896134082718793, -0.08488607802976293, 0.8
45, 2, 0, 0.00022514356433289904, 0.9229867234424447, 0.07678737236242385, 7.606307985517088e-07, 0.32464254763119854, -0.32540066859042227, 0.36606748760800056, 0.7994905699526176, -0.10843989984695483, 0.11266476796376856, -0.12458208376483097, 0.2734954499421762, -0.23777120751941663, 0.20506134137238607, 0.003504177713455267, 0.018964138765975757, -0.044795486944715815, -0.03254178402929841, -0.07077560508363659, 0.028530269452463546, -0.0006055987455865712, 0.1515270239724556, 0.8
46, 2, 0, 0.0002820019188170579, 0.9229248653274985, 0.07679288664803303, 2.461056513981969e-07, 0.31849698583027464, -0.32073824147984165, 0.3571751689899158, 0.7996690044503288, -0.11256043310705173, 0.11025819447205895, -0.12576928287757955, 0.03701640553593557, -0.3260936904980876, 0.09959280726529778, 0.12728290283914326, -0.04501419112523228, 0.025260870251776136, -0.01579921706859027, 0.06779530710057258, -0.14807314784530978, -0.04180204849149345, 0.0659776582440457, 0.8
47, 2, 0, 0.0003631680174296533, 0.9228438037750218, 0.07679300038794976, 2.7819598746934072e-08, 0.3128451714407102, -0.31262740810249545, 0.35161779182245484, 0.8006913062980315, -0.11063658138951568, 0.1116326812690905, -0.12566973689015926, 0.1140891103926871, -0.26234834847230604, 0.11213859344480767, -0.0688026667384785, 0.04346172954031242, -0.012991347917962961, -0.1172876807516203, -0.003279965959861697, 0.22211823398275357, 0.05403189695418744, -0.1317646541956207, 0.8
48, 2, 0, 0.0003121806539405114, 0.9228859238611391, 0.07680087391558993, 1.0215693305470418e-06, 0.30915726507054797, -0.30732637201458474, 0.34537198035499395, 0.7993759885127159, -0.11043709586819017, 0.11223829545585814, -0.12323372137014439, 0.23870308525702733, -0.07034199636893063, 0.27491039915993276, -0.08918543014960026, -0.09553137893628556, 0.09967370940129969, 0.05508857600897547, 0.2261405939686874, 0.12848424440207656, -0.025947078999325284, -0.01010800706198962, 0.8
49, 2, 0, 0.00040914900101142064, 0.9227818941987238, 0.07680844845261356, 5.083476511749556e-07, 0.3042086960281035, -0.303385737826738, 0.34042554899899935, 0.7992203888994992, -0.10869379842090461, 0.10953215805294132, -0.12444599299092354, 0.11468256129270693, -0.20805657606255606, 0.406623964038651, -0.003033009834753439, -0.0975965304793546, 0.05780683605520974, 0.08898698494951437, 0.04375834230746717, -0.0715735758784479, 0.10620478211722947, 0.0499965100431662, 0.8
50, 2, 0, 0.00010068454411034632, 0.9230540394139336, 0.07684170833430429, 3.5677076518107084e-06, 0.29767198091420866, -0.2977510546162915, 0.3339187638285671, 0.79966341546935, -0.11075431701187732, 0.11129404243768048, -0.12557120512806333, 0.13938606522150943, -0.20078107492642067, 0.1950692032465079, -0.1002515290776834, 0.11584907089960375, -0.008062175781399145, 0.005236704568313187, 0.1589181585034835, -0.030148229687889237, 0.1730697915332002, 0.20514347615991949, 0.8
51, 2, 0, 0.00014669946731902858, 0.9230079837073143, 0.07684174691800974, 3.5699073569184466e-06, 0.29158234668856053, -0.2906288450846376, 0.3259789602496725, 0.8007830529726597, -0.11072061063905518, 0.11240507384480994, -0.12513587442536506, 0.20554770351959037, -0.046811943047420555, 0.5110394278275006, -0.14266080967417952, -0.08776347580313029, 0.1443445348429187, -0.08279598940270151, 0.010493178886885843, 0.15114018396242493, 0.01630140395962517, -0.026484841980790236, 0.8
52, 2, 0, 0.0012627322104219044, 0.9218152523485935, 0.07690725812966887, 1.4757311315722477e-05, 0.2880753939349565, -0.28507426685549797, 0.32145120582919257, 0.7999158701160877, -0.11136749734341223, 0.11131365784805614, -0.12399610679619266, 0.21094286735270512, -0.04484135926520296, 0.2557072108284655, 0.08569088607790068, -0.0855086424002188, 0.06562506840590791, -0.16736088194432208, 0.048976335659667705, 0.11065674579484805, 0.002513738651270494, 0.036702342571416365, 0.8
53, 2, 0, 4.813503910103922e-05, 0.9230285585388337, 0.07691665447601607, 6.6519460492252916e-06, 0.27933044803350976, -0.28110370034348764, 0.3149248146072041, 0.800427492445416, -0.11189600453111419, 0.10978958416598779, -0.12342220802578519, -0.005492307089764226, -0.11202399711816961, 0.33358984490767585, -0.0533457232521828, -0.01768115951025277, 0.05809866639274939, 0.15594607492451243, 0.1386216393976399, -0.019536116970689014, 0.15282919578474624, 0.03381969670626684, 0.8
54, 2, 0, 0.0004267588316327708, 0.9226477259600043, 0.07691870491249125, 6.810295871627649e-06, 0.27623668093561426, -0.27580078093295757, 0.3067744769630255, 0.8010118931239377, -0.11176072091250766, 0.1098203735154842, -0.12439925302468968, 0.2211089374800575, -0.06035280099104885, 0.14233261684376225, 0.006435857469174422, -0.01810048752222411, 0.03788907666098112, 0.0375935535087218, 0.17174552667890036, 0.06807028805178912, -0.11377336760340251, 0.08884644107714669, 0.8
55, 2, 0, 2.1590226398652584e-05, 0.9230541378186995, 0.07692214577881262, 2.126176089247647e-06, 0.26843443977928144, -0.2700335143438666, 0.3013626950419862, 0.8003311829245069, -0.11220755056053822, 0.10987767612708044, -0.12431510012031799, 0.07151890253963475, -0.08485594693035535, 0.0762894596837063, -0.02823726670416963, 0.06643281282731983, -0.005976605886715844, 0.11157028096116346, -0.061287888962481205, 0.046768159547006485, 0.2655829547469244, -0.08342776597706716, 0.8
56, 2, 0, 7.194554552182772e-05, 0.9230033664985842, 0.07692244636955867, 2.24158633528093e-06, 0.2663773717599852, -0.26270428008629193, 0.29599181390806595, 0.8016815933073218, -0.1109465779388347, 0.1113895143524849, -0.12296860364477043, -0.09812519019605462, -0.034248026303920084, 0.052162480006179554, 0.1401554379910204, 0.009146762949721403, -0.216124963592445, 0.06750636538799679, 0.08968612631257544, 0.2287346891070285, -0.01572736619553205, 0.09045098681546938, 0.8
57, 2, 0, 5.102706939233538e-05, 0.9230240264122199, 0.07692271922780652, 2.227290581328643e-06, 0.2583550716491664, -0.2593584660311562, 0.2868191506704169, 0.7997905361598059, -0.11042931210326301, 0.1113631108020489, -0.12484987149936877, 0.2532885130706883, -0.09953666845080618, 0.11244328783353652, 0.07105360971005098, 0.024739984804391286, 0.1383595550976047, 0.16148982111323246, 0.16605240233491797, 0.09645609145302492, -0.06266216786753229, -0.03206216672070939, 0.8
58, 2, 0, 0.006705062501441646, 0.9163544942206294, 0.076936169378382, 4.273899546827494e-06, 0.2538982492571579, -0.2533989165643447, 0.284531165190589, 0.8007180166977363, -0.11154115523058492, 0.11067394116871494, -0.123603142889924, 0.09235332396448477, -0.18178219704460238, 0.1807373796289924, 0.09513709994786435, -0.05916147557441802, 0.03049164925070779, -0.07361779095646119, 0.04244887251354568, -0.0292221177163551, -0.1850795073178592, -0.08579555367200964, 0.8
59, 2, 0, 0.0004102017781949833, 0.9223936581359714, 0.0771660149448042, 3.012514102956776e-05, 0.24845806073315693, -0.24730084805732652, 0.27645164614266016, 0.7966345798288026, -0.11109017643790313, 0.1114588338886423, -0.12409308909977088, 0.18007675493092862, -0.21572594483432378, 0.10257874480152547, 0.048984168293418055, 0.0164700828175375, -0.03140041580164346, 0.017160943086697484, 0.19829578548337373, -0.05286073285705791, 0.02878745289955619, 0.10154953587686748, 0.8
60, 2, 0, 0.00042174655115998215, 0.9223816735391557, 0.07716646653670432, 3.0113372979927337e-05, 0.2411636753537462, -0.2426291165895032, 0.2735281114230521, 0.8009726302325753, -0.11026764429399391, 0.1100857657275706, -0.12536009489301364, 0.13720857470471842, -0.16419478416120073, -0.046135146135629704, 0.027826428494766048, -0.043394303684778715, -0.015191152044830953, -0.15857976313965053, 0.026802334242300767, -0.1913977409936775, -0.06741745768403974, -0.018770468756147022, 0.8
61, 2, 0, 0.0030170074725524537, 0.9197196321753998, 0.07721867574064116, 4.468461140675336e-05, 0.2366372333372428, -0.23664428610482754, 0.2656929812389215, 0.7996041406062281, -0.10999979739573629, 0.1103653592972765, -0.12434212151999305, 0.16593488159454423, -0.1514925189688276, 0.22038332045705716, -0.04531690056643645, -0.09174307796291847, -0.017480913662235042, -0.1191824546431796, -0.020085330171844447, 0.10289332322355697, -0.09830281379254682, -0.014798062600247155, 0.8
62, 2, 0, 0.0038971281539376423, 0.9187364783197869, 0.07730641203080887, 5.9981495466571634e-05, 0.22903049999946495, -0.23046942516737734, 0.260340110221354, 0.7997306148087666, -0.11205551464773753, 0.11128256650763793, -0.12590755337482828, 0.24400856935204623, -0.06776716109320838, 0.17251752019817448, -0.002057110526367409, -0.01049497924869118, 0.1636357200530402, -0.05190875337231708, 0.1593203037586745, -0.053232441684940124, -0.13390799467277828, -0.10704897685161985, 0.8
63, 2, 0, 0.0020008773648941512, 0.9205021721392199, 0.07742591044343512, 7.104005245081147e-05, 0.2256114093179827, -0.22484513650721416, 0.25110145935467887, 0.7997046659143038, -0.10889980564484295, 0.11083255890595467, -0.12440893418562901, 0.1410190771881787, -0.20642923538010632, 0.33103600843126724, 0.1260040082437895, -0.0785083881997275, 0.08878191523947403, 0.16292984845934355, 0.03306612028661812, -0.013194369299851289, -0.10850928980318875, 0.07480919708578501, 0.8
64, 2, 0, 0.004004967527250724, 0.9180872870925797, 0.07774724602218419, 0.0001604993579853679, 0.21897997171725386, -0.22030951824060319, 0.2467989817364072, 0.7997601389735295, -0.11141329901471977, 0.11091437101332555, -0.12597307961335566, 0.10816100704276099, -0.10127130284039898, 0.13650914350047344, 0.1760664263905248, -0.010231179415067897, -0.09221099767507011, -0.10228368914750827, -0.008505330773513847, 0.06250510686849473, 0.012596347398800353, -0.039683352628479066, 0.8
65, 2, 0, 0.0016439518482838172, 0.9204229332507883, 0.07776819173457863, 0.00016492316634928613, 0.21349275965043574, -0.21359279476587645, 0.23994748282910883, 0.8002086741641449, -0.11153335373755806, 0.11165746604670013, -0.1243919751016084, 0.26453802076984945, -0.06178342657387061, 0.08461563702233563, -0.08589663287572338, 0.1344873748315212, -0.17486181435589263, 0.10255106407099938, 0.08638707984497049, -0.09293898680804771, -0.09576938202257963, -0.03525287886538453, 0.8
66, 2, 0, 0.00045255663241418163, 0.9215638973813179, 0.07780337595095349, 0.00018017003531430804, 0.2102906645859251, -0.20976729620261364, 0.23541791624210978, 0.7989998112133114, -0.1123888096203772, 0.11279591838324213, -0.12450838078102007, 0.09089772407136591, -0.16355999555667933, 0.1259734308878801, -0.06694363740399284, 0.020704205055685463, -0.11591297594872522, -0.040676598689467255, 0.0057736685567097825, -0.04428826941372872, 0.1286860126565287, -0.07200594276377922, 0.8
67, 2, 0, 0.0004690352430927419, 0.9215443794178836, 0.07780851020144201, 0.000178075137581717, 0.20355664399951973, -0.20400189236400984, 0.2279674804444854, 0.7995176010037743, -0.11150885169586726, 0.11069628529904843, -0.12369441651722475, -0.0419015810442855, -0.11521186846004436, 0.04741759267576597, 0.11057815764283463, 0.058471873005238484, 0.2011229679685366, 0.04091606115700357, 0.007832561752245459, -0.13004792836722015, -0.02062435606373665, -0.04918085718417285, 0.8
68, 2, 0, 0.0006444119949948477, 0.921338533296217, 0.07783438497708743, 0.0001826697317007749, 0.1965094794278049, -0.19688470976301034, 0.22198320571141233, 0.8009185721780275, -0.11051629184314031, 0.11047980081828337, -0.123474122509344, 0.2552064566063795, -0.032455526582166105, 0.2614132488229899, 0.11921891852540012, -0.06998233525836932, -0.06870171028621781, -0.030772985844790695, 0.1265314006401979, -0.12842818181956117, -0.04086087822798707, -0.1325410208666155, 0.8
69, 2, 0, 0.00010251101558001541, 0.9218781110034205, 0.07783599653184127, 0.00018338144915822083, 0.1935627763856646, -0.1910656105609881, 0.21351641203422736, 0.7991729598655467, -0.10977301140427212, 0.11096164056573196, -0.12496931680970247, 0.06653205711503271, -0.027663898727578053, -0.028160253279191094, 0.018838605810605473, -0.024248419534349405, 0.04075892558398153, 0.2006793437459527, 0.06901082218716767, 0.05273552835452775, 0.0059542061724220325, -0.019963857497270775, 0.8
70, 2, 0, 0.00012115048790834857, 0.9218590325301637, 0.07783622761502379, 0.00018358936690414032, 0.18310331845346067, -0.18787206217414923, 0.20920977416952108, 0.7975071537577663, -0.1110040621201075, 0.10888636451318741, -0.12325001337968874, -0.11618510406491396, -0.06345335385097409, -0.022832818988326765, -0.08523381192567585, 0.030326577723673597, 0.024863307507051388, -0.1956892666525102, 0.09833928971312525, 0.09532960853151343, 0.004634747807190462, -0.0977531746906797, 0.8
71, 2, 0, 0.00012496124054069846, 0.9218551868178414, 0.07783625358867821, 0.00018359835293968118, 0.1816478009631332, -0.18159341945503182, 0.2017695404368837, 0.7981632472881581, -0.11076724055563278, 0.11137257535438613, -0.12338991891827497, 0.22115379569801438, -0.17600195200717894, 0.00409444411228409, 0.08659220181130747, 0.10603858163645401, -0.17873103118183103, -0.18246815889504103, 0.06529067618766492, -0.14490108657421194, 0.06330208323424139, -0.2934787509715814, 0.8
72, 2, 0, 0.00013921774973420833, 0.9218496170569337, 0.07782747980879309, 0.00018368538453890406, 0.1755520333507217, -0.1756582854103369, 0.19694965160528244, 0.8007803855713931, -0.10956855403291758, 0.10980574990146948, -0.12408794108873873, 0.02840185614181907, 0.007982917037481541, 0.2497650865713729, -0.08022918309318765, 0.06129771006212783, -0.02146229307113985, 0.12069949810036022, -0.1626315189717356, -0.10940156613084266, 0.09762314191212652, -0.17953162328954067, 0.8
73, 2, 0, 0.0001427746141926046, 0.921849252264931, 0.07782427617686238, 0.00018369694401397624, 0.16951380085888118, -0.1704509360316318, 0.18873298029086377, 0.8010839142532055, -0.11140620051495091, 0.10991850245220056, -0.12401487735222663, 0.16176666746775717, -0.24431452644651888, -0.018933985930306586, -0.22064401147462367, -0.043657829417530866, 0.17477262738176583, -0.07351348737134786, 0.06326097907335712, -0.07272313733564204, -0.0494936554164061, 0.0799467069130487, 0.8
74, 2, 0, 0.001636470239675427, 0.9203536935173252, 0.07782563031861275, 0.0001842059243865955, 0.16595057915362862, -0.16422138459111374, 0.18374172604108382, 0.7993328286969718, -0.1119848559330237, 0.1117667463059071, -0.12235520477544834, 0.18741082046986773, -0.07704311895163961, 0.1574381911169478, -0.0762795999962075, -0.10308079051323711, 0.055491103686334545, 0.1863424838769355, 0.08767222167593162, 0.018513322024609178, -0.056915955729445834, -0.0930420911964008, 0.8
75, 2, 0, 8.704538916906625e-05, 0.9218533965354766, 0.07786080509870134, 0.00019875297665301121, 0.15953596153187138, -0.15909264328788675, 0.18094406274698813, 0.7995475256849163, -0.10899820894947843, 0.10984050165236554, -0.12424882952168396, 0.2641201160476557, 0.01104564242329581, -0.06337945281875827, 0.1649410817916155, -0.08227093969191082, 0.07610220507499632, 0.06777659450881642, -0.038380081326923596, 0.02982510700426419, 0.09873107013663399, -0.0246637852790906, 0.8
76, 2, 0, 0.0022741023400015825, 0.9196634812819218, 0.07786269069201748, 0.00019972568605916837, 0.15356857547584277, -0.15263850318477645, 0.17086433215232155, 0.8004807388859195, -0.11191652784398443, 0.1126157812737999, -0.1223371350696623, -0.009189909363613812, -0.08696459552162553, 0.0778249092413196, -0.06282989939657838, 0.008516689212710352, -0.04172960994593378, 0.03961633744946046, 0.008707548675328, -0.03695476070370261, -0.1513772334461053, -0.07688917766962948, 0.8
77, 2, 0, 0.00035100954279172487, 0.9215715785712951, 0.07787418946384798, 0.00020322242206522844, 0.14659618816555195, -0.14605091653235616, 0.16742258622985506, 0.8000932838102501, -0.1116912568038555, 0.11213075246899044, -0.12442761302084429, 0.01933998383158513, -0.19141851883084046, 0.09692199411249236, 0.10358648760837874, -0.14218085343830328, 0.12893570429610207, 0.14484616151128618, 0.0183003593739061, -0.0592581759187731, 0.008245317267600345, -0.062324629425265024, 0.8
78, 2, 0, 0.00017362912215221745, 0.9217363904942268, 0.07788133318213913, 0.0002086472014818515, 0.14245800793485, -0.14180114709033279, 0.1591725984603563, 0.7989775781846565, -0.11134373843663956, 0.11040325780170293, -0.12511432611102166, 0.20609014214542914, -0.023135586643736612, 0.03374783031728934, -0.10334148343219304, 0.04504575988193036, -0.06525038299432487, -0.010498508012947114, 0.08141086834410712, 0.08158545880989534, 0.07006504664453811, -0.014777207440947016, 0.8
79, 2, 0, 0.00024211414617675102, 0.9216636851917022, 0.07788316559690872, 0.00021103506521242583, 0.135836087990241, -0.1363634529545599, 0.15411684485421145, 0.8020952423611606, -0.11071178481332475, 0.11124526186319525, -0.12610793404929602, 0.09537441629434333, 0.16263329234083304, 0.11734471018258272, -0.15200681269990843, 0.08286092233191715, -0.06780770622313678, -0.11479827916595098, -0.04578671639678475, 0.04236804854710049, -0.032688163072549015, 0.04408787954576899, 0.8
80, 2, 0, 0.00250282196239902, 0.9194746806614121, 0.07780497320061948, 0.00021752417556945708, 0.13198657114057583, -0.1330896349830912, 0.14650459797391632, 0.8019681760378294, -0.11107466063911053, 0.11226721501507261, -0.12443278818627872, 0.06578251994282827, -0.13394681096511743, 0.10480330696002933, 0.07002543550278983, 0.010068340793527274, 0.026898796117517144, 0.018019198309371574, -0.05574106847630689, 0.1115738138764509, -0.07857675401703011, 0.029123151315529155, 0.8
81, 2, 0, 0.0015273485784064844, 0.9202731523535201, 0.07793092053093366, 0.0002685785371397859, 0.125330306009496, -0.12556846781479347, 0.1418950584712299, 0.799379972039902, -0.10999028659552679, 0.10958145787137963, -0.12471866432908991, 0.1305696373154745, 0.08171107736884392, 0.1325642339577048, 0.21049695433563223, 0.12328170316687326, 0.05341350130840363, 0.0008437605706776545, 0.01084524978249583, -0.01876321659148409, -0.09903921347853278, 0.04032787033597049, 0.8
82, 2, 0, 0.0006045948775397471, 0.9211315449744087, 0.07796627938207264, 0.00029758076597899213, 0.11953259572895067, -0.11947145577809956, 0.13601924491034517, 0.8003977971488467, -0.11128210959329776, 0.11098633836348504, -0.1240617150134659, 0.0345368465370547, -0.08583749135050985, 0.11828905808841372, -0.007027386949147692, -0.11746851300257817, 0.013518021534828917, 0.03691188294155585, -0.018108797013550282, 0.10598963045180543, -0.05657743873497131, 0.05888954432396963, 0.8
83, 2, 0, 0.0002667671386134035, 0.921438512424966, 0.0779821088036286, 0.0003126116327919644, 0.11647110287392068, -0.11462337202708653, 0.1275700165651065, 0.799945693437733, -0.11308165180315524, 0.11008205259080692, -0.1254724902383289, 0.005440265353966012, -0.10373814162427886, -0.1349891979056808, -0.06838972801185526, -0.00396454349170206, -0.04314761701419168, -0.021027178492648894, 0.1681049399103339, 0.0466711830882548, 0.012021344060845025, 0.055701438509524234, 0.8
84, 2, 0, 6.659235917532536e-05, 0.9216023256868094, 0.07800212036325735, 0.00032896159075795456, 0.10946179318925275, -0.10915766123103035, 0.12265518324103974, 0.8000957658992931, -0.11374040390624915, 0.11052631279959671, -0.1233054408972722, 0.0528575888472956, -0.0967156073193581, -0.09461163069081811, 0.11390874355451071, 0.014725610955998735, -0.02762371871163749, -0.0279897836409486, -0.15738119897937095, 0.06526785583019148, 0.045909692458956104, 0.08204697413634224, 0.8
85, 2, 0, 9.732378774508699e-05, 0.9216039487351219, 0.0779683717537529, 0.0003303557233800936, 0.10175723532864733, -0.10205133078615321, 0.11551463492867182, 0.8010779452334236, -0.11095687126766518, 0.11045059501441563, -0.12441190702145336, 0.2297431477338277, -0.14897900019871435, -0.08480020897853838, 0.012722210207927692, -0.13718166970543177, 0.07150558586612905, -0.04797268786955639, -0.04262203890884519, 0.2241297135371152, 0.21860904848219992, -0.04374162312699232, 0.8
86, 2, 0, 0.00019864860856269118, 0.9214986137562491, 0.07797042907870488, 0.0003323085564833475, 0.0989273419396919, -0.09636162239907903, 0.10835697174338985, 0.7985396039342727, -0.1118217369903862, 0.11071143113784579, -0.12423161334657021, -0.12285679059133237, -0.17780389621956222, -0.027005049846937933, 0.013409498143824167, -0.0720349018927265, 0.014440249529706498, -0.013788289576857163, -0.042483170881797476, -0.1044307100797105, 0.1670785777114071, -0.034208482132037796, 0.8
87, 2, 0, 0.0020186814519333822, 0.9196627447666849, 0.07797783030363317, 0.00034074347774869164, 0.09247535496083185, -0.09314515465901621, 0.10297064693788224, 0.8011404920400462, -0.11146475318957252, 0.10962463109984695, -0.12497868556320242, 0.05345819142736018, -0.014912934071999872, 0.0823569953594575, 0.05276536044996818, 0.02887177567732412, -0.042143909834782375, -0.1094024178311079, -0.14032123860281975, -0.012337674020604102, -0.0011079795592072164, -0.1416570327955346, 0.8
88, 2, 0, 0.00086069002927532, 0.9207028182822471, 0.07805276406763403, 0.00038372762084354513, 0.08957832273235415, -0.08731289255499257, 0.0977187813165867, 0.7993602966296306, -0.11133986146666745, 0.11120812473703912, -0.12315733880745912, 0.23723336168458814, 0.022039666741582604, 0.15142946712049962, 0.13673028038812104, -0.09669695454972041, 0.24439150711571989, -0.02411017872578642, 0.29078385628081127, -0.0015604124589513025, 0.021703380955943617, -0.02995109566137133, 0.8
89, 2, 0, 0.0004575520457488322, 0.921083045154086, 0.07806571543780222, 0.00039368736236305925, 0.08084683132932892, -0.08329910182460894, 0.09243307051949787, 0.8011071064168858, -0.1118051195896391, 0.11041065012647648, -0.12633266350314934, 0.09245732358129424, -0.009597057538350523, -0.007434148789077011, 0.1100829179705299, -0.05918846539033187, -0.05520500055862408, 0.03786460625622111, 0.08899574396914436, -0.03705630943408069, 0.03997046716649763, -0.12161207705432908, 0.8
90, 2, 0, 0.00042152846622549035, 0.9211243019758029, 0.07805653922846531, 0.0003976303295062934, 0.0753359555101401, -0.07859911467220583, 0.08481267543586304, 0.7999295469279979, -0.11066674617442493, 0.11092226379966201, -0.12437874755614449, -0.11781295760668238, -0.1581509337157593, 0.07457540657529908, 0.13460201934280705, 0.07661207783222121, 0.1544278996261799, 0.08918750208749153, 0.3178795054944002, 0.0705032141626867, 0.11196109400962995, -0.047745524600041306, 0.8
91, 2, 0, 0.0003576612683321371, 0.921155269932702, 0.07807271285158596, 0.0004143559473799013, 0.06966430345939803, -0.07161097422234959, 0.07765123497303415, 0.7993986199633414, -0.11278610005863707, 0.11091708346518865, -0.12494331508223303, -0.012318121393596154, -0.04067228396805652, -0.03454675911639494, 0.013978510957665077, -0.10956629465415882, -0.02873591710547722, -0.10665056335550038, -0.0822113779957309, -0.03717714556919431, -0.010331080688626919, 0.005837999673796548, 0.8
92, 2, 0, 0.00012043127285664511, 0.9213829841229956, 0.07807808277104565, 0.0004185018331021001, 0.06398599257848006, -0.06525888256970078, 0.07169463788301962, 0.8009668006658315, -0.11340109116072652, 0.1098692858727048, -0.12519644585170747, 0.010222186395681995, -0.10403957922019465, 0.043354293427765714, 0.12914261420082018, 0.12140502896966279, -0.059560014764755254, 0.11536278163057208, 0.04034070024109275, 0.07172356421390402, 0.027459714062914187, 0.08966577733379712, 0.8
93, 2, 0, 0.00016371307290603734, 0.9213390869136979, 0.0780769830080089, 0.00042021700538703264, 0.058757270203128896, -0.058944582411414294, 0.06610307064107736, 0.8007730512920757, -0.11273608348817817, 0.1105501904597765, -0.1238483641103093, 0.23409786838358732, 0.012923774365675229, 0.041280394961180765, -0.07644246050984549, 0.020531201430988834, -0.0702173711928401, -0.04818685995761402, 0.19653298058343374, -0.031537097758678745, 0.04054429983654519, 0.06792797377018882, 0.8
94, 2, 0, 0.0025119116302251164, 0.9189390512369721, 0.07811158548233353, 0.0004374516504692256, 0.05510245192079709, -0.054030777805150434, 0.060426324985765625, 0.7999195843476372, -0.11287374724075978, 0.1105100392808794, -0.12281795879099464, -0.04529164399376363, -0.044081384891316557, 0.18199850693337227, 0.1718600548792801, 0.040878407710372947, -0.17324029657204365, 0.03131502330929056, 0.07666450053933196, 0.009220513857832449, -0.09782151331257458, 0.2027972257987345, 0.8
95, 2, 0, 0.0019779831733213018, 0.9194382651961108, 0.07812931732321719, 0.00045443430735066665, 0.04582930915304718, -0.04677926275642204, 0.05403121396485068, 0.7996043944096763, -0.11013283390096092, 0.11010411335676247, -0.12422421476980543, 0.04657459874485744, 0.06202364354965521, 0.004490648284466889, -0.009956596137989254, 0.018177585095158936, -0.07950543395737592, 0.023811114070813974, 0.0036111122993523316, -0.10042625100817884, -0.08406206243428625, 0.03643012519561981, 0.8
96, 2, 0, 0.00037717642358793037, 0.9207738606846835, 0.0782898426106871, 0.0005591202810414373, 0.04158133462927155, -0.04375359799720662, 0.048082583313254976, 0.7991794219996244, -0.11098708324319251, 0.10983967294379168, -0.12447903317070652, -0.19957981842263423, -0.1382061311066955, -0.06829397988299282, 0.01709896317476292, -0.0891152884413046, 0.10981531494958703, -0.01699627492904954, 0.09508284692538109, 0.04473139898074568, -0.028105096266569752, 0.12929974044233675, 0.8
97, 2, 0, 0.00024071733411465255, 0.9208951896539392, 0.07829734756864548, 0.0005667454433005621, 0.03588088142163367, -0.03607845490235814, 0.0401394952352817, 0.7982340770931828, -0.11030177874916287, 0.10970266819875733, -0.12306662340611696, -0.08115512828546882, 0.09576460693262931, 0.017911338388915427, 0.041956441942428695, -0.10504397241630463, -0.06481791486737815, -0.015562010860252514, 0.02957221764641258, -0.2096595368777736, 0.06882891040043389, -0.0025206488814249048, 0.8
98, 2, 0, 1.1003855244591695e-05, 0.9211206762305553, 0.0782992824186993, 0.0005690374955008987, 0.030945534581686224, -0.03184236547355236, 0.035548815158499995, 0.8007033833022138, -0.11006532511722464, 0.11084412249634801, -0.12469876695395403, -0.0816472958785435, -0.12881862490966783, -0.07811825493239685, -0.06305898589017364, 0.10995919487546621, -0.05233592244357184, 0.08593547038578317, -0.012204554977149423, 0.027740918620890197, 0.1188514779820665, 0.009257403473546998, 0.8
99, 2, 0, 0.00039153767320158455, 0.9207511932014157, 0.07828810634916, 0.0005691627762227655, 0.02570387206439202, -0.025056035816636946, 0.031718250849440265, 0.7994296653025648, -0.11026625475343144, 0.11110159249142189, -0.12474678592636576, 0.20804742636687862, 0.1557387858958014, 0.14818243675235002, -0.010150318842487908, -0.03573775861951959, -0.027922683925186813, -0.015230932889612022, -0.07794921264192001, 0.024642937303795884, 0.09520349607026504, -0.0921513382764019, 0.8
