t, Event, Policy, P(still), P(random), P(reach), P(transport), o(t), s_a 
0, 2, 0, 0.821247398853302, 0.014208197593688965, 0.16454443335533142, 1.3722733019361222e-11, -0.712377002938877, -0.6255254085086719, 0.7237031257675169, 0.28995982231671136, 0.17413738496274914, 0.1283320792957688, 0.015503531489918832, -0.24984639478647513, -0.32786428960669667, 0.23795373113593632, -0.03406487838902956, -0.033291909503534355, -0.15238988681090526, 0.030113448371674324, 0.15968454094368256, -0.19788931633053564, -0.1546545295569351, -0.011894479290023015, 0.2
1, 2, 0, 0.8193154222246504, 0.015067615380139945, 0.1656169623816447, 1.3564851479182309e-11, -0.5681876502834857, -0.5685670429375598, 0.6360702881469718, 0.19814305536059834, 0.11042950249239145, 0.10989316020492183, -0.12353104093352536, -0.2602507291461139, -0.27718804136255887, 0.40531852580748484, 0.10855235735658653, -0.12197826633547985, 0.06916919637191002, -0.03292340699302397, 0.10122607978727946, -0.04853368045407084, 0.10888052490233376, -0.05883203125273394, 0.2
2, 2, 0, 0.8193051531151669, 0.015069510171347045, 0.16562533669991775, 1.3568290964800754e-11, -0.5637160750365503, -0.5644361679052669, 0.6318265851415428, 0.19824950421895973, 0.11098475890997894, 0.11082946054125882, -0.12529297654424598, -0.23288913588169372, -0.18669647465473777, 0.28925018818556003, -0.1980349601972058, -0.02579388156289631, -0.020132823512853313, 0.05679390603264869, 0.0005230793684354973, 0.0008069598545080716, 0.33052287562223837, -0.07706731071572663, 0.2
3, 2, 1, 0.3812860519172711, 0.04614283805668873, 0.5725711100117438, 1.4296416212606337e-11, -0.5581488556476657, -0.5580685495555668, 0.6248327321719993, 0.20004060332076373, 0.11120591853510453, 0.11067683199276272, -0.1239312247913612, -0.19954184398837432, -0.2638999809808734, 0.4514422955817931, 0.02469960320360342, 0.06895118526409169, 0.03552712970413153, 0.13012108126679803, 0.07186814378091468, 0.07147053404404444, 0.11692414061453446, 0.055066161903431624, 0.2
4, 2, 1, 0.38224545679604355, 0.04470062301942543, 0.5730539201701789, 1.4351985955910858e-11, -0.51945417070158, -0.5131808702465854, 0.6905889810827561, 0.28971661267806237, 0.011252002799737915, 0.2538672483848431, 0.0137973663544938, -0.29822015209892294, -0.18209543083302662, 0.3247924453214933, 0.039302899802515355, 0.0008396100386386676, -0.0004023823481176982, 2.6953512719102178e-05, 0.08853025645744508, 0.0008605316951865611, -0.0008322745448799084, 0.0002621868014998748, 0.2
5, 2, 1, 0.3822455475432328, 0.04470046648129766, 0.5730539859611176, 1.435198595591144e-11, -0.45448757882317103, -0.6396342927760571, 0.7759329955757637, 0.1783522253850714, -0.041406148104322506, 0.05614845078769935, -0.2802993979752641, -0.5302089334530316, -0.2948902515997126, 0.32246486582462885, -0.12941632236678052, -0.001489601536839498, 0.0004936061988988534, 0.0019745326722714622, 0.09008378221567073, -1.7055600970028826e-05, 0.0009211783742187155, 0.0005158714199574578, 0.2
6, 2, 1, 0.3822550891911622, 0.04468130113569303, 0.5730636096587841, 1.4360758986648573e-11, -0.6631853106300097, -0.4721415005546815, 0.4979862906353171, 0.11231598848034885, 0.21978815460451076, 0.1419096200306424, -0.08484039537501872, -0.32855023888743046, -0.42456795360319316, 0.4159402539850648, 0.09475186772854835, 0.00036646422680363923, 0.0010585536281191002, -0.002249562477578571, 0.09017255163711477, -0.0017275839664415318, 0.000727082765276102, 0.000590532477299151, 0.2
7, 2, 1, 0.3820863262372929, 0.04469804624940134, 0.573215627498945, 1.4360759087427523e-11, -0.5517810276408479, -0.7017559536259406, 0.8470356475919466, 0.23342175038376864, 0.21160942444897674, 0.08429148070414791, -0.016903085720758448, -0.3455532254403231, -0.2533629819885731, 0.47077466893845854, -0.028785140120011272, -0.0012543289289487281, -0.00027447791458394007, -0.0004999635639422519, 0.09052239288181174, -0.0009791704733969615, 0.0011213267168004675, 0.0001996723196144364, 0.2
8, 2, 1, 0.38207827474502926, 0.044679807377603284, 0.5732419178630066, 1.4360826127778193e-11, -0.5691967495531631, -0.46142618215884046, 0.7204555372555197, 0.1569169733900862, 0.2371360959346372, 0.09488318501562379, -0.1587341800210297, -0.21557889215719905, -0.37367707324118665, 0.307615077959765, 0.04329970676089494, 0.0008160182016593781, -0.0006215577282677065, 5.8568314250321836e-05, 0.08946525308230716, -0.0016670421099552989, -0.0021091221905410375, 0.00023914073775368954, 0.2
9, 2, 1, 0.38137258438277033, 0.0447553024831742, 0.5738721131196941, 1.4361455109377941e-11, -0.49098715094484013, -0.6272079593689369, 0.7057368813218386, 0.18335194686176115, 0.13711419719042667, 0.04715525601120698, 0.06507939466512516, -0.33261769330865065, -0.4995174541002889, 0.22425933415566343, -0.12935696306285685, -0.0002334284574192754, 0.0012656111129835744, 0.0001723234152071918, 0.0897151478143077, -0.0013252762053740388, -4.7565479444059545e-06, -0.0005000367912246165, 0.2
10, 2, 1, 0.4113227985193323, 0.007619152660598079, 0.5810580487937987, 2.6270794976857997e-11, -0.5791051452956841, -0.426103450474068, 0.5651955178720243, 0.2599460193086122, -0.04603739283101009, 0.13178190881038146, -0.16547797495455302, -0.0049911285515043865, -0.41100746185706355, 0.33951853965771195, -0.019688274606995404, 0.0008874712225961524, 0.0013042993127101157, -0.0005870763753334146, 0.09090473453989853, -0.000543908500473982, 0.0005524202378845418, 0.00033335167891776577, 0.2
11, 2, 1, 0.41157278695873, 0.007269362291186024, 0.5811578507230606, 2.7023409705155272e-11, -0.5564142031517763, -0.4619201152227216, 0.6114143123254927, 0.25717697352387686, 0.019071197691589038, 0.20363878233079052, -0.11490631068091875, -0.1916300164567501, -0.1327371909099759, 0.3109185900684686, 0.07880013527983462, 0.002011683168013862, -0.0008031138843544002, 0.0015840534929369263, 0.08816296473868013, -0.0001914730437207076, 0.0003573188479904744, 0.0002831338655612715, 0.2
12, 2, 1, 0.41148579491471377, 0.007285735926693524, 0.5812284691315384, 2.7054361138034837e-11, -0.6471831306532252, -0.6811702284736023, 0.6570837685314748, 0.4106922773501416, 0.2491884806631283, 0.04195911261442971, 0.04974192056908964, -0.23204993962185552, -0.41354116570089994, 0.25645516857429285, 0.13154974116889068, 0.0009413949213459077, 0.0014401344322295749, -0.0004112843703986059, 0.0901261156325949, -0.0007226577442554794, 0.00048223841125546383, 0.00018836694945137075, 0.2
13, 2, 1, 0.41073450711198345, 0.0068470441514020515, 0.5824184481103324, 6.26282179916493e-10, -0.6628684942277514, -0.587396034619937, 0.4941148097343449, 0.23235861582215867, 0.1110894818925287, 0.007478822729318569, -0.061764855745225944, -0.1966627626528173, -0.3750833513790151, 0.1253628334999831, 0.0024747604084927877, -0.00013771781459035357, 0.0011751420374509255, 0.00025652141165292367, 0.08921199109768416, 0.002084432350510475, -0.00022103375201341281, -0.00018568697380022097, 0.2
14, 2, 1, 0.41162171399340064, 0.004948642902405319, 0.5834296421554606, 9.487336090605048e-10, -0.5570839874717308, -0.44589570703985376, 0.45403377591957383, 0.26928151453071447, 0.0876851609886505, 0.2407356928215231, -0.14920605345780716, -0.14561161917135243, -0.31050435900413537, 0.31278228425379123, 0.0013483807110226675, -0.002315833256713789, -0.0006636152892086564, -0.0011913048559338564, 0.09146173855357662, -0.0004379331278012803, -0.0003911513031724419, -0.000459750223104033, 0.2
15, 2, 1, 0.41131641565218535, 0.004962315395549461, 0.5837212678203173, 1.1319477724618394e-09, -0.4872724419554223, -0.5282685343274123, 0.46786554819120535, 0.16293394157233915, 0.21973898018172705, 0.05370151292980809, -0.05893302630815247, -0.33492215947661086, -0.18324786037143231, 0.21058818252505174, 0.058241832766269666, -0.0010283884881798204, 0.0004189598757012803, 0.0003663882056302426, 0.0906486720108805, -0.000532688551699366, -0.000937696948534996, 0.0001578496765411873, 0.2
16, 2, 1, 0.4110224325528859, 0.005011987774163603, 0.5839655784133501, 1.259600424897346e-09, -0.5103354384456386, -0.4682296484450924, 0.41140523209970076, 0.29515473927878977, 0.20387436059187597, 0.0828859886607349, -0.18712727997593218, -0.17988865445628055, -0.32661094062765206, 0.3396378262390757, 0.11787812239934865, 0.0011059210737407385, -0.00012554358283870564, 0.00029847756827499716, 0.08910404233057936, -5.3721597085345674e-05, 0.0004906551858871371, 0.0011066642700886683, 0.2
17, 2, 1, 0.4110203140360899, 0.005012145107148513, 0.5839675395971611, 1.2596004311863717e-09, -0.3502908646552818, -0.4288972548205973, 0.6067881291079098, 0.21138242903215274, -0.03511134153479054, 0.17869636062872932, -0.2574682780919927, -0.34611826681768, -0.2732393940488539, 0.418973179369193, -0.032529237742847765, 0.0007088468219284154, -0.0014800571056858007, -0.000439542485566159, 0.089954992838315, 0.0002699779173868917, -0.0010937305456599907, -0.000765630749579315, 0.2
18, 2, 1, 0.41101683642841674, 0.005013487687926101, 0.5839696746210683, 1.2625888669534529e-09, -0.5181426371503783, -0.5307094050244237, 0.404326121071119, 0.004592626874227368, 0.12748699167871877, 0.31770829744282, -0.06711824367443359, -0.10508906624094909, -0.3929586359730532, 0.3813807020940295, 0.11926904923270962, 0.001022476060904625, 0.0004958704701822135, 4.546411946734291e-05, 0.09084812657230826, -0.0003013657085972, -0.0006653066929122582, -0.0020059546497162625, 0.2
19, 2, 1, 0.4110106488792855, 0.005005409140149496, 0.5839839407175952, 1.2629697386076312e-09, -0.39593757685342423, -0.3305129991581598, 0.5892761251928551, 0.2869316705752658, 0.3519664402168788, 0.20307425957608985, -0.05419548386256062, -0.14423338611415432, -0.17687585303824768, 0.27394603616828905, 0.00588049251191001, 0.0003303133420220688, -0.00020170090167593197, 0.0005303155320036868, 0.09055310258915181, -8.718701873495051e-05, 0.0007292933466097045, -0.00044283115714617994, 0.2
20, 2, 1, 0.4110089931950285, 0.005005661370079931, 0.5839853441718914, 1.2630001667683205e-09, -0.5328861066849303, -0.6460763209370013, 0.5249290575709866, 0.23349128173891756, 0.2687237426976566, 0.05459400104732156, -0.10736725446005062, -0.3026931856201243, -0.45901832804374115, 0.1758737549096117, 0.23941062963107332, -0.001552913709881009, 0.00021239542645615345, 0.0002984269483622009, 0.08956995341233967, 0.0002099149145276758, -0.0024604461616035676, -0.0001773694840917333, 0.2
21, 2, 1, 0.4107197311670433, 0.004851242621856436, 0.5844290188657334, 7.345366952596203e-09, -0.45173785116371395, -0.4587511784016735, 0.3747891143447738, 0.07452698859058857, 0.17911162418205406, 0.07906592369102805, -0.11432100065305632, -0.208876514136234, -0.2702398697267644, 0.27051595573722514, 0.09994609661290679, -0.0011726102678356353, 0.001057531161062501, -0.0009191863120260084, 0.09305323854168336, -0.0012968611196960504, -0.0005933099847834256, -8.383064128625775e-05, 0.2
22, 2, 1, 0.41375417252594726, 0.0013067420252457504, 0.5849390780324801, 7.41632691664653e-09, -0.41275063072259305, -0.5130883053174762, 0.6382990051889255, 0.11354433421277595, -0.0146738139150705, 0.16561669833941764, -0.057844407122451, -0.1331646627770308, -0.11147349009112802, 0.13149053603637684, 0.16334980606731722, -0.0006582908983161152, 3.562014781311502e-05, -1.958143361997242e-05, 0.0912024769244434, -0.0010809703410682124, -0.0007421802588967581, -0.0004932141225979362, 0.2
23, 2, 1, 0.41434694060115573, 0.00043281679355979956, 0.5852202345757337, 8.029550873658376e-09, -0.28058869104096773, -0.5498402339725617, 0.49088611808667676, 0.05844209392221973, 0.005681948009976812, 0.055823543524567365, -0.2156901762879692, -0.09352343662835158, 0.06798738627382624, 0.14923579638228487, 0.02735083548255115, 0.00022064772808020618, 0.0012963228457374242, 0.0006477996518228563, 0.09104473092852364, 3.1042083346556557e-05, -0.00041610083655341316, -0.0008152661654263184, 0.2
24, 2, 1, 0.4144486241924628, 0.0002948883689107402, 0.5852564794019594, 8.036667209080336e-09, -0.3232550826837156, -0.3718167190987719, 0.5091992662963245, 0.14434353637171085, 0.029540542596483376, 0.1259418023172378, 0.06536615037296309, -0.31409563656303147, -0.25792911018547504, 0.27305462429878286, 0.10078390779586457, 0.002186649686634001, 0.0005374552692475182, 3.410409782160619e-06, 0.08798802434757531, -0.0014944796682991393, 0.0010156123430985044, -0.002162967049472292, 0.2
25, 2, 1, 0.4144486240078624, 0.00029488831599252066, 0.585256479639478, 8.03666702921471e-09, -0.6172874034103237, -0.42425825886273955, 0.4015005504060232, 0.08780476404398904, -0.048195464220854786, 0.0751312220127372, -0.3892040954917378, -0.2735936878589641, -0.4799148071152386, 0.4394306618147157, 0.0957386484816187, -0.00018250212228790823, 0.0002513028987631719, 0.0014502552307059551, 0.08971926062178269, 0.0003678551655974536, 0.0013794814928628483, -2.9053854419221902e-05, 0.2
26, 2, 1, 0.4075385470284647, 0.0013790362396719487, 0.5910824035517325, 1.3180130866124002e-08, -0.4759444393449909, -0.32702075995264435, 0.46305811152326315, 0.20916260904360168, 0.19518387957100056, 0.06715437967834208, -0.09950548908954764, -0.09177398157736438, -0.24465560050112672, 0.32062761890468366, 0.02678501825854568, 0.0008099562808756459, -0.0015298827535491011, -0.00016054752247629777, 0.09066604465150753, -0.00027789968692746024, -0.00010759614249988471, -0.0023438734456256243, 0.2
27, 2, 1, 0.4076009602977119, 0.0012946317528073474, 0.5911043947725619, 1.3176918808774892e-08, -0.21537556553374132, -0.6128572263729046, 0.434532709110941, 0.3223598838332082, 0.05493785423967055, 0.11912826406991694, -0.10114944754204865, -0.40249335669381586, -0.14606175733185114, 0.37232874460559734, 0.16519901953651742, 0.0005374574304243278, 0.0005139580687440463, -0.0007119718928396454, 0.09060416529419314, 0.0022032329538931228, 0.0008915990236305845, 0.0012175480892218694, 0.2
28, 2, 1, 0.4075948842924514, 0.0012893782945167659, 0.5911157242359568, 1.3177074883516407e-08, -0.21702600823148455, -0.4296850919716183, 0.555116784098665, 0.22043989189466878, 0.19332499363645012, 0.23633888383714624, -0.12988432834010272, -0.30991790204235253, -0.19350697369505107, 0.21849366073995496, 0.0015231420790349892, 0.00017613743668507838, -0.0003205704301706266, -0.0024797692511840633, 0.08881252687320318, -0.00012486005329799386, -0.0016096229667332813, -0.0009404437613561693, 0.2
29, 2, 1, 0.40578062874094545, 0.0016167198381520584, 0.5926026043287917, 4.7092110758305516e-08, -0.42862346708257065, -0.433732726568154, 0.43240000229640285, 0.22949018467151955, 0.18753370392413177, 0.07457490122265613, -0.04348692836643866, -0.12845716833195495, -0.12877501480326065, 0.28418411390431253, 0.1132081283442469, 0.0006105665989558225, -0.0025033118753470533, 0.0002950792832635752, 0.09074041552410615, -0.0006649588668796263, -0.0005679189922714537, 0.0005749689087084567, 0.2
30, 2, 1, 0.40506057829452863, 0.0016673373195813677, 0.5932720355329048, 4.885298529784872e-08, -0.4876509393850279, -0.4120873690569978, 0.4720269485170764, 0.004709448255000348, 0.18496569833731452, 0.14774031385581657, -0.1293926085541143, -0.19810929744109265, -0.12318626701982924, 0.2267293123456, 0.08812446032675106, -0.0005810667600557654, 0.0008389674490021891, 0.0017860176047294976, 0.0917403559842824, 0.0005158071387964794, -0.0018614012459236093, 0.0002528023324160165, 0.2
31, 2, 1, 0.4033335969663242, 0.0017442077381758557, 0.5949221461909071, 4.9104592851815975e-08, -0.47807480737591856, -0.41668053358694834, 0.5599318746469171, 0.3020837608269523, 0.05175326156411773, 0.17544828698832593, -0.07231261848253032, -0.15828183781834965, -0.25085225602545214, 0.11244374775179952, -0.10576259029481046, -0.00057666426127808, 7.398518107098789e-05, 0.0007240203083606802, 0.08901783457348109, 0.002027707139979982, -0.00023346161826709355, 0.0008497763694172058, 0.2
32, 2, 1, 0.4041946214598353, 0.0008267468559596839, 0.594978397281342, 2.3440286286820675e-07, -0.44905436003975857, -0.4226094873265458, 0.24738366853031096, 0.1325874658294773, -0.14467740137709506, 0.1672659377936605, -0.09107220903471755, -0.19887185552155365, -0.0958629785643994, 0.32433942804424565, 0.21741628771941907, 0.0009044507452690774, -0.00035304899526936064, -0.0012832944704032276, 0.08998830274751558, 0.0009135689608484856, 0.0002527260261403833, 0.0026489352460618743, 0.2
33, 2, 1, 0.4041538545546218, 0.0008153367012696415, 0.5950305736998877, 2.3504422091125782e-07, -0.3881348881529293, -0.30575269286480183, 0.3352488874461412, 0.17597868811100667, 0.16499049070107777, 0.08966939090023691, -0.09842752992593115, -0.23297500798248394, -0.028576471350162835, 0.31747246853688293, -0.14981298537282464, -0.0010384238316596974, 0.000874409336426552, 0.0007630567462439219, 0.09116320150929084, -0.00031815510474006035, 0.0022015837936744304, 0.0010615284292592579, 0.2
34, 2, 1, 0.40408421126936334, 0.0008210786325731018, 0.5950944750492537, 2.3504880990005546e-07, -0.34181454231789826, -0.23229856694573875, 0.41521356579754054, 0.07676563623921104, 0.16952335489738513, 0.13674793257806703, -0.16574975227919492, -0.31636030213250976, -0.26326816864473196, 0.29777644782072493, -0.12732462241317494, -0.00016289678698047216, -0.0018830564229839, 7.62528115141752e-05, 0.09103327567758544, -0.00010765397663074801, 0.0003299548670597061, 0.0005668361391538882, 0.2
35, 2, 1, 0.4036313815726235, 0.000857589931759402, 0.5955107933555113, 2.351401058392878e-07, -0.14588774938093735, -0.32212201595148676, 0.44211104942996216, 0.010371317508792966, 0.11871548947027696, 0.15446569937032711, -0.2728732990067419, -0.105178750589259, -0.18405073977973285, 0.3013123182425381, -0.03396640395058402, 0.0006568893260515493, 0.0005200481334140854, 5.258432890531794e-05, 0.09085689136550597, -0.00045108797327090866, -8.525323747556932e-05, -0.000471455080897097, 0.2
36, 2, 1, 0.4036280894659968, 0.0008578101037469265, 0.5955138652881368, 2.3514211953392818e-07, -0.3228760614562962, -0.2717627194942286, 0.40629213024404087, 0.3938270290239399, 0.10580481679503206, 0.2314492789841947, -0.28356687752268633, -0.16977058615902269, -0.16618619047122501, 0.2468535131780622, -0.03997361240364644, -0.0008710931126504465, -0.0005353031880964411, 0.0002871089667365726, 0.09007437557435327, -0.0002391292747802284, -9.94509129459832e-05, -0.0002652594283709264, 0.2
37, 2, 1, 0.4035230551764169, 0.0008656102424644898, 0.5956110975560083, 2.3702511040878482e-07, -0.345277323157263, -0.4632709976448871, 0.33822894955284055, 0.041359704096914494, 0.05821444454414891, 0.10090445240780674, -0.25349441760822944, -0.20486254232435255, -0.1650902498210288, 0.1887111876992457, -0.0039015626404264175, 0.0015465900134138295, -0.0011685240560790095, 0.0003437507702524963, 0.08900567232465938, -0.00035388675044682565, 7.885526868411954e-05, -0.00025286837411481785, 0.2
38, 2, 1, 0.4035306411245342, 0.0008329285016579775, 0.5956361885823154, 2.417914924503261e-07, -0.37114578166025314, -0.216159362722171, 0.2837856668674667, 0.16967254755692018, 0.06579542142605195, 0.09626722909679222, -0.19548827452167566, -0.20296363854570493, -0.29890364455823953, -0.03782013502868673, -0.09772258522360791, 0.0010327578789896727, -0.0001435144286634186, 0.0011579546363021222, 0.09123171493933273, 0.0004281388903508724, -0.0006918128275249359, -0.0020377196976644903, 0.2
39, 2, 1, 0.4035285838735452, 0.0008327009460137291, 0.595638473389204, 2.4179123719981765e-07, -0.5742909367919435, -0.5453550590004763, 0.6025836179425187, 0.28613220688606655, 0.03620762749121505, -0.10776427861402822, -0.1263648841484047, -0.34770132174208546, -0.2576315363134495, 0.15029391462627467, 0.011523954270144186, 0.0024116234117060502, -0.000413060118049843, 0.00038460629624597524, 0.08993880968863469, 0.0015751989644560143, -0.0005339964071363246, -0.0008386312244257598, 0.2
40, 2, 1, 0.40257964569177324, 0.0009245507263115297, 0.5964955617266268, 2.4185528848424114e-07, -0.43603129889265146, -0.3952739386082374, 0.5138841817686101, 0.19252586995524745, 0.12541546193829506, 0.17919732047822018, 0.10738727351750814, -0.3178438644967996, -0.08499544242272056, 0.23892705179688215, -0.11810977841039087, -0.00019414056907689735, -0.0010514771598467683, -0.000993079098216675, 0.09035262705866991, 0.0009539252147303066, 0.0007522745103369417, 0.0009571310689792837, 0.2
41, 2, 1, 0.40257938498409035, 0.0009245583235972462, 0.5964958148452476, 2.4184706482515557e-07, -0.36527471144884494, -0.2816484388232657, 0.41827375545098694, 0.1912510334411714, 0.33204512213305326, 0.26047355564224345, -0.22180018202897384, -0.21989378637448365, -0.05619930166698679, 0.4262714891601318, 0.019618316050123753, -0.0011237665459323531, -0.0005016309585077091, 0.0018303938462829318, 0.09061870713717803, 0.0009586880738478214, -3.794449010122885e-05, 0.0012905406025441408, 0.2
42, 2, 1, 0.4025766109406682, 0.000924682498805851, 0.5964984647111872, 2.418493387850386e-07, -0.461392318405097, -0.27320380477549955, 0.4854439934067738, 0.20340316930566282, 0.04995463670030126, 0.24080719768487585, -0.26757753689855984, -0.24910560660454148, -0.06589860722384226, 0.12486905162272625, 0.17385559812003884, 3.054309284910654e-05, 0.0001664166582138605, -0.000971560994919765, 0.09144230767824485, 0.00018096046133466237, 0.0004057663342522494, -0.00045542848663299396, 0.2
43, 2, 1, 0.39735476643073486, 0.0014149588562318907, 0.601230030188275, 2.4452475816520803e-07, -0.4644631499720327, -0.4119455735442422, 0.5152387680690087, 0.1874683700732802, 0.20681440682356653, 0.08790381037177572, -0.05824952282775493, -0.21818804861922678, -0.16918526813509036, 0.20366081462632518, 0.008273678130853414, -5.629613799995926e-05, 0.001290689445703941, 0.0004056919208020694, 0.08907600102742473, -0.0002748677782249899, -0.00032296766425476134, -0.0002162686237465414, 0.2
44, 2, 1, 0.396050947097636, 0.0011501434647372486, 0.602797508690592, 1.4007470348255108e-06, -0.16181131404763704, -0.5675856349119782, 0.2146447299118323, 0.1800585129517555, 0.15521659194530274, 0.029912834458839865, -0.11033085321693996, -0.08732922099005846, -0.26453460818219526, 0.34223493223829776, 0.054499369296493905, -0.0007632240168928346, -0.00027577358338892836, 6.489292894405335e-05, 0.08936823379810124, -0.0013791373111368935, -0.0006837655488555523, 0.0013572302137714518, 0.2
45, 2, 1, 0.3960532219028874, 0.001146580695177954, 0.6027987966594996, 1.4007424348619147e-06, -0.2706333609133612, -0.28080586258474277, 0.481357036164498, 0.2897486169446161, -0.03791647900412496, 0.1272255160718277, -0.16842847413357043, -0.28778771225494354, -0.2192649969192788, 0.3027168473733369, 0.02290606584518822, 0.0002651520380969651, -0.0004399122364318926, -0.0002449646348027685, 0.08860226142950892, 0.00045664994819653035, 6.238661939128084e-05, 0.0008717536877089537, 0.2
46, 2, 1, 0.3960251508201732, 0.0010705819885034773, 0.602902865888612, 1.4013027114264618e-06, -0.28690215194852386, -0.2004016100858669, 0.4287242853743793, 0.05922061314192788, 0.23392670228980733, 0.04185792987757377, -0.10480888925606055, -0.2563470267809399, -0.09808533777478773, 0.2160071147537857, 0.1268471471055524, -0.0019265564763427314, 0.0009972415952411112, 0.00045481869477142605, 0.0892108405470537, -0.0003162705793988202, -0.0013369850542915506, 7.664996314107954e-05, 0.2
47, 2, 1, 0.37828923394175973, 0.003946783847121072, 0.6177619841550186, 1.9980561006683907e-06, -0.46115998020693666, -0.3314797672840003, 0.3722760788398187, 0.1717344537461073, 0.1234503276029244, 0.0729641279420565, -0.05972191450480735, -0.1721347326748244, -0.3558060971719415, 0.14016988527465185, 0.026180493913291573, 0.0004845935590075687, -0.0008088274475385058, 0.0003625769593410316, 0.08883159997094964, 0.0010318074031165296, 0.0015350017457828797, 0.00012177239284239406, 0.2
48, 2, 1, 0.3782453804502917, 0.003894023903593801, 0.6178582805975356, 2.3150485789001933e-06, -0.3403885464461309, -0.4987959572484656, 0.2317094962099669, 0.2430728926583953, 0.1664874429204025, 0.09221541457610338, -0.2526426648979606, -0.15543879713808972, -0.08487850475606061, 0.04913932932378129, 0.055261124223309685, -0.001148645966020354, 0.0002837780352025195, 0.0006298429550656423, 0.08947538813890904, 2.2903726439060135e-05, 0.0003437253902851533, 0.0004634955400153424, 0.2
49, 2, 1, 0.3782447865960934, 0.0038864194482305403, 0.6178664668889364, 2.327066739616019e-06, -0.20349437639562637, -0.1877955791805496, 0.26970833661706617, 0.09391038497938331, 0.13703189368780416, -0.17261919630570097, 0.022942161642394664, -0.25814437078062785, -0.3109043093858217, 0.12132819501507915, 0.16836853845093788, -0.0009609513676459762, -9.682375956539358e-05, 0.00013211071880629946, 0.09146262579824255, -0.00011992894013389533, -0.0005757355848838739, 0.000675764883117836, 0.2
50, 2, 1, 0.3614611602406328, 0.005851995376758565, 0.632676779135605, 1.006524700361626e-05, -0.36707165870437214, -0.29339039223794866, 0.3463707827365211, 0.19640874343338832, 0.024583833441986003, -0.0016409189607584195, -0.04129691827594667, -0.17273246467168116, -0.18746295575821284, 0.18503059702829322, 0.0920959021828127, -0.0005951646722977517, -3.282014972679147e-05, 0.0003921047841132068, 0.09019289301064973, -0.0005224366902129334, -0.0006204522275355233, -0.0006176721108097894, 0.2
51, 2, 1, 0.36296103423126186, 0.0038151759827607236, 0.6332137244179666, 1.0065368010878813e-05, -0.4027899497245647, -0.13265741206234888, 0.533483628360804, 0.09741333432732824, 0.04309520109574076, 0.10186453203971953, -0.16038746390632047, -0.24333296029059545, -0.08578425667873439, 0.14717581703429622, 0.047230541000012505, 0.00013466273705127233, 0.00031061007816278794, 0.0006669343008644112, 0.09012037470269514, -4.832832076693021e-06, -0.0007242937514193241, -0.0001232514508285309, 0.2
52, 2, 1, 0.350716434239507, 0.002255927681989824, 0.6469903521032616, 3.728597524153014e-05, -0.32394629600843144, -0.06745581130251055, 0.2967877822886854, 0.09513912217605905, 0.055691059370110284, 0.10504338870132927, -0.04094476303492807, -0.0765908373960405, -0.09034538658436062, 0.19525898162076244, -0.05960865482604276, 0.0005489380006709469, -0.0014263648389040613, 3.944139844085864e-05, 0.0909174470528663, -0.0014874414435340757, -0.0014805594873256807, -0.0013482526761954168, 0.2
53, 2, 1, 0.34993480806367183, 0.0016811374644182888, 0.6483466539137946, 3.740055811529504e-05, -0.29101696023449686, -0.34985575513589046, 0.4301004102782554, 0.39682342262113685, 0.12315092592021348, 0.12548973642678946, -0.11265382806646047, -0.09009378937493792, -0.23262962240243903, -0.05290944807577595, 0.017042833171649376, 0.0007077524386427425, -0.00018265786284864268, -0.002519993709610532, 0.08894462309945532, -1.2121026575429226e-05, 0.0008212752466125748, 0.0022767405159620927, 0.2
54, 2, 1, 0.34992669602213744, 0.00168147207680805, 0.6483544313416969, 3.7400559357598876e-05, -0.3880491602225731, -0.22779526172037393, 0.4952000687542341, 0.17301492343868247, 0.23245945120016193, 0.3171007606513158, -0.20339851169498274, 0.07128621977517906, -0.257449601518773, 0.19109749786116892, -0.14976049260282465, 0.0008684068216483784, 0.00085911152333629, 0.00017864439279541492, 0.0887414621477772, -0.0001925885966634038, 0.0005005967036811384, 0.0010499289545677088, 0.2
55, 2, 1, 0.34857849357479853, 0.0018521367800905628, 0.6495319833876196, 3.738625749125862e-05, -0.07127640205210821, -0.18360082531613808, 0.4443573280869135, 0.25717286723054733, 0.10444277361368115, -0.019900140522654052, 0.03861218222338898, -0.13236043401113726, -0.26364922054388884, 0.23217605438649377, 0.11236338665130638, -0.0006168469261145482, 0.0009098041469825987, -0.0001580491243445021, 0.08915576533405453, 0.0006111385953204555, 9.442845539997874e-05, 0.0003368951982504032, 0.2
56, 2, 1, 0.34888799358550093, 0.0014941156851599798, 0.649579612585388, 3.827814395115867e-05, -0.12829009423463483, -0.16617213633388409, 0.1508772800488486, 0.19421233032290935, 0.0747680390506731, -0.02231068374310392, -0.07831732253814504, -0.2785313156398745, -0.16990441904640993, 0.13249832283128465, 0.032700030042170106, 0.0006746305041002436, 0.0004903598982837028, -0.0005892629169973044, 0.0918308170627191, -0.0006037616069911452, 0.001838033550690536, 0.0009731725812730512, 0.2
57, 2, 1, 0.3478993175515693, 0.0015680523874426746, 0.650493444427712, 3.9185633276141275e-05, -0.28858270728147145, -0.048970114955938324, 0.2614067190604089, 0.09250159757420347, 0.11973736925548768, 0.07777828557584426, -0.16541503329393883, -0.1843790075660215, -0.021842387190603652, 0.19185409079104515, 0.010455407564656913, 0.0002154615615672742, -0.0009843600849820558, 0.0009897625518096363, 0.08933049767409684, 0.0004333777704795164, 0.00019770080592552665, 9.739308495192378e-06, 0.2
58, 2, 1, 0.347918123270386, 0.001415824075046979, 0.6506259032343874, 4.014942017964348e-05, -0.2502421677361859, -0.052940570536984845, 0.25173140392177806, 0.09924687878543352, 0.08976878689043769, 0.17651074075439832, -0.010445561477384513, -0.183916950961512, -0.2498531078790999, 0.19540885857978654, 0.18367738809835057, 0.0014287581126235787, -0.0007169572513267026, 0.002894741008811317, 0.08980372128251507, -0.0012846928629912714, -0.0028123828246889447, 0.0004753421757758314, 0.2
59, 2, 1, 0.34735211411105305, 0.0013459064518647624, 0.6512617820420351, 4.0197395047055196e-05, -0.2261869559056003, -0.1299174955435181, 0.35861416290011394, 0.30465499589473294, 0.10382884748085497, 0.13944459292657613, -0.06210616298732714, -0.14338637253959624, 0.0782756724093127, 0.3468378812427106, 0.10812889182569574, -0.0012731100506819376, -0.0006028667807820423, -0.000690187518046026, 0.09142902822546985, -0.0004071542022677364, 0.000514704471970962, -0.0007850460146970276, 0.2
60, 2, 1, 0.3472379555009009, 0.0013629156392817156, 0.651358463014868, 4.0665844949492234e-05, -0.3715153319930356, -0.3630344355056652, 0.23255778315160872, 0.2402270428910981, 0.1598714098267991, 0.1987387237479939, -0.159865845215801, -0.09004266475487159, -0.2576759222835072, 0.10842834902053711, 0.04997281186423918, -0.00026980102696228935, 0.00035398251027775134, 0.0010611492946135696, 0.08977988442082586, 0.00017101297501510339, 0.00097314750070447, 0.0001132677397003165, 0.2
61, 2, 1, 0.3472377991756198, 0.0013629176957608042, 0.6513586172846332, 4.066584398627077e-05, -0.23139096917808347, -0.3811096933648909, 0.47936556250544715, 0.08621801312255543, 0.11965488929847576, 0.1825667509675588, -0.3088262940973221, -0.07788975931237871, -0.08759067093768418, 0.11224565209387283, -0.26201434222982806, 0.0005265554819791324, 0.0026279763566269218, -0.00029303322116115476, 0.08892041223111119, 0.0003276699385374164, -0.0019027789120025177, -0.00015343128319392354, 0.2
62, 2, 1, 0.347241233825692, 0.001357713357818733, 0.651360410900671, 4.064191581830376e-05, -0.09303072517139573, -0.3494298695003396, 0.42268188641166826, 0.06493815300842491, 0.009392647226421635, -0.12043354316958861, -0.13189530012192216, -0.3459141078138548, -0.21024869382971234, 0.041994755264440256, -0.07815224088817957, -0.001324985045864184, 0.0005150646431958493, -2.4036731606038553e-05, 0.08965494654936937, 0.0019376314842946486, 0.00022412862249939232, 0.0005709071902531492, 0.2
63, 2, 1, 0.3472420134679208, 0.0013559039806238084, 0.6513617084758363, 4.037407561919533e-05, -0.22028340970622856, -0.22349190152365778, 0.2676437712175809, 0.2138576160605979, 0.053599558781886804, 0.2301395939774104, -0.2834870268473814, -0.26962130614663093, -0.04312246932751, 0.07252295007126382, 0.16334033070957069, 0.00017945500631947535, 0.00027008508702131863, 0.0005940813491432241, 0.08979793222543042, 0.0009966872163800545, 0.000339557569207186, -0.00013513104919646578, 0.2
64, 2, 1, 0.3467364091681908, 0.001424994515740679, 0.6517960562857196, 4.254003034893826e-05, -0.2859551732211512, -0.1822886735415895, 0.15229106036775358, 0.2325605770440406, 0.07744641494380564, 0.09421341216160134, -0.2345992361436286, -0.06799142631969157, -0.24029284494405986, 0.15515311320912717, -0.020153828956797713, 0.0005943547195425115, -0.0003862093562646848, 0.000896785850700393, 0.0903429658075158, -0.00012103851810669527, -0.0009760395314094063, -0.0008948797880605636, 0.2
65, 2, 1, 0.3465713857578624, 0.0014237096325129203, 0.6519623329208953, 4.25716887293268e-05, -0.3372476424102978, -0.014157098330152395, 0.3016414633050346, 0.17387270925892867, 0.044308532492107776, 0.10420316272130267, -0.05481256202462844, -0.2440804208256791, -0.26822007028586853, 0.17003752358703345, -0.017543612243671878, -0.0011438633404820563, -0.000641630308100464, -0.00017158549344019135, 0.08997186053743308, 0.00011290300366356893, 5.416293387212093e-06, 0.0006207275714226436, 0.2
66, 2, 1, 0.3436995109292227, 0.0011391120452574404, 0.6550599248495107, 0.00010145217600913088, -0.08419448041968589, -0.12959936302531413, 0.20206602168516405, 0.21550298681363658, 0.18049682121986216, 0.10491148268571833, -0.135483225330785, -0.11614557807144062, -0.17613064892254043, 0.1126909857951921, 0.05467917208291839, -0.000365604786699188, 0.001213849397229788, 0.0004677616591966618, 0.08985417906957507, -0.0003123319432989264, 0.0002298045940495954, -0.000571820949126711, 0.2
67, 2, 1, 0.3433902760627078, 0.0011607944308303782, 0.6553474348577788, 0.00010149464868316289, -0.04950819424743409, -0.27565276840219105, 0.3099631889544586, 0.09296153031387908, 0.0711367755385248, 0.18951750840583168, -0.22945261532837247, -0.12258525233026729, -0.15012575781625548, 0.12165104540192191, -0.10247974314773656, 0.0018002617707545028, 0.0005640446445744267, 0.0006702856316122553, 0.09076649223554169, 0.0011164674960399753, 0.0010499199681342122, -0.0009025491680535699, 0.2
68, 2, 1, 0.3433852484552226, 0.0011599136217142164, 0.6553533408465679, 0.00010149707649521597, -0.17682706352802052, -0.24252977840226184, 0.29680141422533035, 0.36743719613911396, 0.00973536380636666, 0.19888945352715184, -0.25857953808901823, -0.05709369800516202, -0.0314156994026251, 0.06403977432535737, 0.01452276597029185, -0.0015668322116034826, -0.0010503527835995616, 0.0005165628583137787, 0.09162109789442702, 0.00011671639448082539, -0.00010334605572475409, -5.931517364006593e-06, 0.2
69, 2, 1, 0.3433856705375967, 0.001159387017632694, 0.6553534901157975, 0.0001014523289731736, -0.27789229698097057, -0.276416968118929, 0.12363171613534693, 0.2555824784022772, 0.057478900659096666, 0.04014502535740246, -0.2437832368221266, -0.1434145726444451, -0.029066217004466, 0.16390135458423677, 0.24428131874966796, 0.0006723774316816686, -0.00011568294511659312, -0.001862918324889595, 0.0898501692407919, 0.00035955511508301734, -0.002007672619439436, -7.037655110858417e-05, 0.2
70, 2, 1, 0.3448520065207888, 0.0012472406160826798, 0.6537952341546597, 0.00010551870846890179, -0.1902828153659061, -0.026830937871475235, 0.24234087550752123, 0.30602940588580035, -0.028381426479923522, 0.09115105662916934, -0.15212757808227612, -0.14311898906632653, -0.07699210705200432, 0.12799081191630618, -0.06556133025255732, -0.0017582949506202198, 0.0005391260319340175, 0.00010632693824541803, 0.09094742102574517, -0.0008579631137346905, -0.00029023792762588013, 0.0008133181015212007, 0.2
71, 2, 1, 0.344462714535496, 0.0012548995415702228, 0.6541768071545654, 0.00010557876836845878, -0.16946675528783894, -0.08475126253962681, 0.3343066460222513, 0.28375985432418394, 0.10711960878798969, 0.08044526198282925, -0.21910614862282665, -0.1552816559206279, -0.07058804366654617, 0.03509171139888073, -0.07773446311552343, -0.00017378317586843597, 0.0005365904762314259, 0.0008436639329548387, 0.09165945914115983, -0.0030829583818909353, 3.9954014260261385e-05, 0.00021465252800191751, 0.2
72, 2, 1, 0.3444495464934709, 0.0012534767517807317, 0.654191410946134, 0.00010556580861439775, -0.14834069814072845, -0.32250415804582094, 0.20325636874295064, 0.2419418671938524, 0.044701275396980114, -0.0027159202494829947, -0.28541220427913316, -0.08472783608209697, -0.11915530005349326, -0.21605910740182757, -0.07085511291698904, -0.0018436923525267102, -0.00030799065874425257, -0.000742049375929417, 0.08912452251432593, 0.0006120642843671787, -0.0019365744489588982, -0.0017370464298838667, 0.2
73, 2, 1, 0.34403114322625333, 0.001293873399730518, 0.6545485720468771, 0.0001264113271389904, -0.15737812557737982, -0.36719790117920886, 0.1627841427370304, 0.17821326464303472, 0.16323329220796728, 0.10322840906364372, -0.22006423665494199, -0.01739537411273734, -0.030431718071281276, 0.0825447907569977, 0.0811990676811822, 0.002022159597147301, -0.0004428189059112435, -0.0009815630306639134, 0.0906266062086293, -5.8718923992709056e-05, 0.0007896929969161996, -0.001831944280900064, 0.2
74, 2, 1, 0.33390250954534445, 0.0034039199587935966, 0.6564661186345132, 0.006227451861348915, -0.2990119596284731, -0.3006901108048415, 0.049940382010986474, 0.23180914362432853, 0.07274945458439423, 0.004645906920451748, 0.2058775181795501, -0.14579660732388006, -0.13178849816523552, 0.04480739684684843, 0.023595463211015816, -0.0010659946446531555, 0.0011433644252903982, 0.0014829336984954415, 0.08905156831651828, -0.0002114090537811828, -0.002752654402510091, 0.0017217389447716878, 0.2
75, 2, 1, 0.33526370904349273, 0.0015791837104192044, 0.6569287442629386, 0.006228362983149599, -0.23301242670651723, -0.20792295380179615, 0.3470233397684679, 0.11339852670192382, 0.16226380190707976, -0.07061581466948544, -0.0747177437633121, -0.1848488198902279, -0.01562901815592872, 0.03338431246547261, 0.16650001039037338, 0.0009803062984606353, 0.001111255974123591, 0.0009323164514693404, 0.08944369021819806, -0.0003947263673825528, -0.00030154125187653277, 0.00017674607691275777, 0.2
76, 2, 1, 0.3351320595063518, 0.001541471357640099, 0.6570982720642974, 0.006228197071710757, -0.10356115783901268, -0.2923029634955867, 0.27642134006940833, 0.12704143601778412, 0.12285879302502065, 0.13000953856963177, -0.22395083695136023, -0.19557218392806114, -0.23333452403225405, -0.12484922938413615, -0.007963557591107704, -0.0011124632803008873, 0.00029691064027123805, 0.00017607501780347905, 0.09003631940102749, 0.00015957546592024668, -1.842463641150507e-05, -0.0020893233345136196, 0.2
77, 2, 1, 0.3192112832511993, 0.0035990572238866585, 0.6669526118508483, 0.010237047674065726, -0.06254585343171445, -0.3643914916967246, 0.12159736479094987, 0.20752224515629464, 0.19176969043808811, -0.17023335065435402, -0.04660436374942796, 0.04370797988444074, -0.014638959493970084, 0.10451437470055676, -0.024670480448325975, -0.0004037361495154067, 0.00042958496797997645, 0.000130998893169277, 0.09156998693184533, -0.0002170814545649316, 0.0009332742173938693, 0.0011539048892501816, 0.2
78, 2, 1, 0.3238892517533544, 0.003992973465286947, 0.6618654191156297, 0.01025235566572895, 0.014046484587192088, -0.23327261998743895, 0.13404306354827794, 0.18200845505526222, -0.09438528086403908, 0.12674034384299188, -0.20259160032534568, -0.09316658008709447, -0.02370387145993194, 0.2620845758547594, 0.00869663271899349, 0.0009545663627706837, -0.0013789080931443992, -0.0011552228613206101, 0.09160746872996661, -0.0005251903264472469, 0.0008639037745158106, 0.00033996938468381494, 0.2
79, 2, 1, 0.3295378425101475, 0.006206674017518038, 0.6506544612835392, 0.013601022188795298, -0.019954038203107215, -0.21674207032652001, 0.08912593053994189, 0.22289004366491133, 0.2314793824549303, -0.10424347265316584, -0.01981903022169651, -0.15498400832181408, -0.06502702875982565, 0.0860063281624402, -0.056035306091083516, -0.0009524149524827845, -0.0006835814845156568, -0.00011253865016242878, 0.09065374304580244, 0.0005794159516697034, -0.00013028999431172243, -0.00018543355024571372, 0.2
80, 2, 1, 0.3461767348109273, 0.00753293664635811, 0.6286303916552654, 0.017659936887449226, -0.024143722735544236, -0.17429036159408276, 0.007682008175389154, 0.33641678505974826, 0.008232197994034763, 0.07569461866087716, -0.15223436452322386, -0.09234320480434474, -0.04303005450975369, 0.12347380088777174, -0.05601054178110028, -0.002068195383826603, 0.000609139959086582, 6.429900119356004e-06, 0.08928897606455373, 0.00039705820744115095, -6.054283337351413e-05, 0.0008834668151992614, 0.2
81, 2, 1, 0.34641103631814035, 0.007614601119561975, 0.6283160498223167, 0.017658312739980992, -0.005977820111407017, -0.059089120240104355, 0.21026464051742697, 0.11213932581489139, 0.1956723387043349, 0.06092271847658248, -0.2519411301095167, -0.1550418877060156, -0.06523269572192265, 0.08390717364924763, -0.06432532062231895, 0.001274409986538466, -0.001272646365430707, 0.0005513376603692744, 0.09064716073202742, -0.0001432021221228536, 0.001214072607094286, -0.0016929235759902575, 0.2
82, 2, 1, 0.3474771459190453, 0.0010368384892605381, 0.6284186494799171, 0.023067366111776986, -0.3508649110989285, -0.101811465647294, -0.3147041015119521, 0.005416521646349826, 0.006451520046482706, 0.1525225832125693, -0.028701221431940472, -0.10867114315702961, -0.011351535642712296, 0.16135822915498568, -0.01208804105094696, 0.0002054068892975522, -0.0003212687440428063, -0.0017059995958939034, 0.08973745936831204, 0.00019759726367150066, -0.001086911836391968, 0.00023441873121259922, 0.2
83, 2, 0, 0.6919297999733195, 0.024403536665450677, 0.25696728362333154, 0.026699379737898328, -0.15513436774096198, -0.1292689980254369, 0.19655136383915653, 0.3030816704220697, 0.12236298774285614, -0.006410959541857664, -0.02326886405948232, -0.04586705190864275, -0.1854282334186052, 0.1508598526600589, 0.02632816207171364, -0.0007440246683698871, 0.0008647824007524845, 0.001584843935556371, 0.09048417137857707, -0.0014335715632551355, -5.648309499685132e-05, 0.001446975044783015, 0.2
84, 2, 1, 0.19166951568981838, 0.029811285940969445, 0.34993359262199075, 0.42858560574722143, -0.10843713942813264, -0.10950434915974461, 0.12199154615379819, 0.19849955169746952, 0.11106612414091185, 0.10989390527425058, -0.12312256322744167, 0.26587021737332317, -0.13646382034320323, -0.08909480974152037, 0.03109895726443514, -0.22181914416643314, -0.31037487828787114, -0.09566248209079843, 0.11049491981695073, -0.041034303267214224, -0.03135464517808477, 0.03545902930787616, 0.2
85, 2, 1, 0.4671983379915016, 0.02052800238633406, 0.5077761602855023, 0.004497499336662154, -0.1189623197017722, -0.15348676732789693, 0.0801221537275801, 0.18010266809842876, 0.022727095058624535, 0.10381021697522375, -0.14623065371601218, -0.07054724947927196, 0.1012752912762643, 0.11937724790332531, -0.1395119998173333, 6.102540564050491e-05, -0.000480126350110971, 0.001512070804251151, 0.09020447758013746, 0.0008379638239826304, 0.00041165945932442874, 0.00016082078206200342, 0.2
86, 2, 1, 0.46781434944325917, 0.020373592550112837, 0.5069109008227609, 0.004901157183867168, 0.010203051973708011, -0.060592275717979205, 0.1344045357925407, 0.018712002882420586, 0.11659239276299278, 0.23751251472112847, -0.19820962589887414, -0.11556720691447638, -0.05310622562660879, -0.0989167462260008, 0.09035685340346518, 0.0016646832569768642, 0.00022126125746405344, 0.00020934711654178997, 0.0894041057078553, 0.0005534911706510375, 0.0013364819600449203, -0.0017062215582997382, 0.2
87, 2, 1, 0.4678539165059697, 0.020392452793851164, 0.5068249536940493, 0.004928677006129872, -0.04988477757280279, -0.11306365990864628, 0.07366793549951141, -0.04568664143822003, 0.18102173380827094, 0.02755754735193928, -0.2832524240094635, -0.1205297752480092, -0.020120735049683473, -0.15107731775942432, -0.047330530266656894, -0.00031946699057372344, 0.0031024747713483793, 0.00010050843241153219, 0.09051382411128986, 0.000764266440132714, 0.0012188956946629324, 0.0009372656580993656, 0.2
88, 2, 1, 0.32980549993988073, 0.04437223163389103, 0.6189605203768469, 0.006861748049381302, 0.013857081124207993, -0.1727263293094306, 0.2935013007776327, 0.26206238557459205, 0.2109969260468781, 0.10008757623409319, -0.014968040594646449, 0.036602760794272535, -0.07610799282042484, 0.0872316547435252, 0.05554734126649106, 0.0009572967736375613, 0.0011461465757423286, 0.0009284514653222782, 0.08975921911378004, 0.0006139139820845453, 0.0006321192237420537, -0.0017795126301538527, 0.2
89, 2, 1, 0.36456464032297503, 0.037849085257562316, 0.5901650714562803, 0.007421202963182438, -0.2120390162427189, 0.09859061503614394, 0.1908236995678855, 0.2028831324967589, 0.03287763592431585, -0.09137018977698981, 0.0009831605757732343, -0.04162485390474091, 0.018531754831002008, 0.1566819359193985, 0.010041649461863093, 5.209903845749882e-05, 0.0011810184334133133, 0.0019067424286084798, 0.09027318252283144, -0.0005110748348832758, 0.0016899052954408554, 0.0006560633717449706, 0.2
90, 2, 1, 0.3695729781899123, 0.03598961143407155, 0.5867059898644154, 0.007731420511600914, -0.076172612988295, -0.047078865568134225, 0.03965730519013849, 0.2976948841696815, 0.06183364601096053, -0.0065151697213758466, -0.25505838403444275, 0.03999336727033246, -0.2212996723115232, 0.10987614444925416, 0.10011440316006195, -0.00017558968784399409, 0.0005114233292459337, -0.0006539595196777868, 0.08838473591541132, 0.0012891469477732955, -0.0010518869307904583, 0.0016183710571517607, 0.2
91, 2, 1, 0.37260230929818416, 0.002920677014452218, 0.20999191817039528, 0.41448509551696827, -0.05410667602194065, -0.11108932205426363, -0.16305751962457168, 0.3530826482655275, 0.11952621101889702, 0.25021724163743997, 0.017292120020162026, -0.09968572185024821, 0.07094673867796723, -0.0660201620966286, -0.03192263504525949, -0.001291739393550069, 0.00044670634692717606, 0.00010004250358979344, 0.09055933405536351, -0.0001325679700210967, 0.0016573468738857386, -6.256485165370056e-05, 0.2
92, 2, 1, 0.37217236810042437, 0.003299624339099238, 0.2079019429479772, 0.41662606461249924, 0.0008126632547481027, 0.05546889990943922, -0.06434916635081951, 0.11562053851720573, 0.09503921666050891, -0.062016143174521886, -0.08279686159604886, 0.1320723127158255, -0.15080164594186146, 0.19826379621811685, 0.12612415951152486, -0.0005612542002228478, -0.001199725380494392, 0.0001551245610514917, 0.08882169153798793, -0.00158236253956814, -0.000517153075645424, -0.001093495695328336, 0.2
93, 2, 1, 0.36723287449729847, 0.0033844403779869155, 0.20817730979232435, 0.42120537533239033, -0.051376040547962784, -0.26340428079395856, -0.008859787371879235, 0.3027727596798293, 0.04529514554779336, 0.1055634118786302, -0.17474459004108747, -0.00328079410639332, 0.06527380821447713, 0.007082493839000564, -0.01566178818114645, 0.0010504180172816735, 6.282978301787949e-05, 0.00015434839585241918, 0.09092544358762658, -0.0007926605151977604, 0.0016723384406363488, 0.0005585140500074645, 0.2
94, 2, 1, 0.36955034531300496, 0.0007054341696431319, 0.19847742390498482, 0.43126679661236705, -0.15610364118898884, -0.13213630583014405, -0.13211259861838834, 0.05761385532906129, -0.025623498632798558, 0.032824786673607484, -0.045850919553889, -0.15490158725867478, 0.11304091635349338, -0.20804381084354867, -0.055528940321111143, -0.00035314885259167376, -0.0008278957854608619, -6.298920016419409e-05, 0.09191321898615731, -0.0008156157203339668, -7.727474761334499e-05, -0.0013426050472465773, 0.2
95, 2, 1, 0.3293633561576368, 0.0016484399502646966, 0.15475659734629163, 0.5142316065458069, -0.006348714057370486, -0.0006861649874248865, -0.12327835600740647, 0.10636133906968351, 0.10628696397523714, 0.1605033902319038, -0.12697155095867435, 0.05426336721069669, 0.07853009719378813, -0.019997516089474542, -0.05545038259536265, -0.0020715668678878175, -4.472516865469512e-05, 0.0012132697611531012, 0.09075398256578501, 0.0005124804786125923, 0.001739166993738875, -0.0004117364178527331, 0.2
96, 2, 1, 0.1973641069084054, 0.018197738195163814, 0.2054135638727616, 0.5790245910236692, -0.09124003929391385, -0.0053250536484590215, 0.08721800656889951, 0.18798012029269087, 0.24924787143040045, -0.047942967058916854, -0.005371563151484371, 0.09967512478781655, 0.032442575665054874, 0.08624660100698958, -0.04358757814293015, 0.0003643541766068827, 0.001850424050982772, -0.0005746764624202197, 0.09101061381132305, -0.0010832544757814746, 0.00117759350423102, -0.001024306827987182, 0.2
97, 2, 1, 0.1710577289350224, 0.017888146485599093, 0.19454011001113455, 0.6165140145682441, -0.11386802127599929, 0.1100138486856227, 0.04824267178090101, 0.0995379923846573, 0.08978029434182358, 0.08855504185540589, -0.09146492393271069, 0.07935914795374668, -0.03410414380117336, 0.003508225254940417, 0.025499176445005572, 0.0010528956479585309, -0.00035344165983680154, -0.0011174733258257517, 0.08918343322761826, -0.0009599617815821774, 0.00020102141417763304, -0.001216257962361906, 0.2
98, 2, 1, 0.17061300768043378, 0.01797267203741729, 0.1949097498134101, 0.6165045704687389, -0.13335188343817933, -0.09195608966436068, 0.20863038761218866, 0.433151434683154, 0.21279436051141606, 0.1678993219932819, -0.22544463752893756, -0.0019403669379838228, -0.07920002858895311, -0.06279413407692047, -0.10588059341812721, -0.001417912744807481, -0.0002161405703024402, 0.0008680066193676639, 0.09120607098187203, 0.0010047059169673756, 0.0006129195323319404, -3.1221987565392464e-05, 0.2
99, 2, 1, 0.17282919315897902, 0.0015337398164318344, 0.03178612305115707, 0.793850943973432, -0.15161759565378582, -0.0019667002754331616, -0.10640509017393385, 0.3562939132269564, 0.15260711684259057, 0.2265149954135132, -0.0016769651895432113, -0.052990521525446435, 0.15040071087376147, -0.1232825909096658, -0.06766615197947508, -0.0018999489258452022, -0.00150967479196194, 0.0009776375835161568, 0.09134051973088991, -0.0010019056847793966, 0.00010371866587097561, -0.00032469082059636395, 0.2
