t, Event, Policy, P(still), P(random), P(reach), P(transport), o(t), s_a 
0, 2, 1, 0.2491058111190796, 0.25526347756385803, 0.49561750888824463, 1.3210559700382873e-05, -0.6455802195875007, 0.4952020506034692, 0.6141256446013297, 0.6908977461578719, 0.2680655847877266, -0.1300771155640782, -0.023846826815385348, -0.2961368560527364, 0.24588115584316722, 0.17568664801728043, 0.05039535842776619, -0.10214364627490995, -0.1500457241398574, -0.08602598789195469, -0.08613663576819941, 0.07961244017516841, -0.17187733649570586, -0.09416006087823911, 0.7556411443188805
1, 2, 1, 0.24967588697633047, 0.25470074407851545, 0.49562336660198464, 2.3431694435755857e-09, -0.4849273692219511, 0.6200057814865215, 0.8045872496948497, 0.8829357931957731, 0.25140023148114576, -0.1842598819797902, -0.11949669769539462, -0.39965609238566036, 0.15538707722059666, 0.417494529185036, 0.07252372296646103, 0.0011038493168572098, 0.0015219795255030275, -0.0009241019946264978, 0.05044126175364159, -0.0010519081347827035, -0.00028717786886686545, 0.001364814067102613, 0.7556411443188805
2, 2, 1, 0.24970078967298254, 0.25467582990642107, 0.495623378446085, 1.9745113964923812e-09, -0.4634544860132932, 0.5348951289025349, 0.7551661783182043, 0.7882518927865119, 0.08443573688898653, -0.12892319069058272, 0.001281004701320243, -0.2892060398939708, 0.19025204422128472, 0.22375529564885072, 0.22658440169995528, 0.0004969536823247612, -0.0019175242394621193, -0.0022396444166983037, 0.04933781377194769, 0.00020397819355738264, -1.668494729979898e-05, 0.002317960766266274, 0.7556411443188805
3, 2, 1, 0.24971177549389803, 0.254664840384767, 0.49562338257527194, 1.5460631290529322e-09, -0.5609128036290706, 0.6321717967004662, 0.8974411653538414, 0.928474844287899, 0.12915489707791755, -0.11968627314912203, -0.166966999752932, -0.20049357700267775, 0.1146293132642789, 0.15840000020920347, 0.06753513706942968, 0.00015642358469710013, -0.0024433724152745423, -0.0004416687293469443, 0.05034926742614154, -0.00042931050585735505, 0.002503976233620714, -0.0009521420964743791, 0.7556411443188805
4, 2, 1, 0.2497126919919225, 0.2546639236101906, 0.49562338286098534, 1.5369014504665904e-09, -0.7161743977979081, 0.4332632336272524, 0.48274626356990913, 0.6095021590715846, 0.02231571084379298, -0.12628789313505814, -0.21875503236364593, -0.35837868344349505, 0.5265832270395711, 0.2871000441006003, 0.10520001418522637, -0.001136423678618936, 0.0009144498054815174, 0.00046846658724975475, 0.04971572854193101, 0.0008579749909883208, -0.001083542719755802, -0.000363143986794678, 0.7556411443188805
5, 2, 1, 0.24971963455131455, 0.2546569777402351, 0.4956233876866966, 2.17537213536696e-11, -0.4980915133953269, 0.5948848161176368, 0.508850423989867, 0.762458144230963, 0.15498518438095057, -0.18540691320827385, -0.10409822895133727, -0.2132834421460208, 0.34837244046584515, 0.2780426081648006, -0.04795849179837935, -0.00012134498988540716, -0.0008047078915593231, -0.0017807582762787114, 0.0517915225549751, -0.0005461431482023539, 0.0008393937449558897, 0.0001720984158122949, 0.7556411443188805
6, 2, 1, 0.249717209146222, 0.2546593857170203, 0.49562340511341635, 2.334128201133753e-11, -0.5233584150696977, 0.6442343649767938, 0.6421924729145483, 0.8619386961012635, 0.15658753213732018, 0.03155120752637199, -0.15214952028330514, -0.16163507266591623, 0.16826182518219715, 0.3638057518660836, 0.15660261758182945, -0.00014992866674540223, -0.0014649837989774918, -0.0006811436918457929, 0.04937425105476862, 0.0005784432964483053, 0.0010446608755882826, -0.0012397116159879207, 0.7556411443188805
7, 2, 1, 0.2497170327045549, 0.2546595610507229, 0.49562340622110934, 2.3612923077106527e-11, -0.47670651440938894, 0.5965866564717316, 0.5518456669559513, 0.7013556465006231, 0.12353427789047733, -0.20829595627205677, -0.26607155915820174, -0.3507944466274614, 0.1923094291340629, 0.25072257019209154, 0.17032154073153674, 0.00010165412353323304, 0.00038008106299227795, -0.001291897486929572, 0.049685190666350555, 0.00046172546442473236, -0.0019507944468337098, 3.7871973005627184e-05, 0.7556411443188805
8, 2, 1, 0.24971702536110757, 0.2546595683240274, 0.495623406290974, 2.3891034067008696e-11, -0.5991643298967481, 0.6922824160646414, 0.389009781618203, 0.49495308452373116, 0.02078727421298108, -0.19218968144937018, -0.2322216204296696, -0.36406923642274847, 0.16114133503493175, 0.386956685986222, 0.1832916227863757, -0.002350619912820062, -0.00015210253273495526, -1.4724163835721668e-05, 0.0512404422210914, 0.000602091348265797, -0.00037617808686918623, -0.00218938982122852, 0.7556411443188805
9, 2, 1, 0.24971621900245014, 0.2546603696381654, 0.49562341134390375, 1.5480648534196022e-11, -0.726005189988577, 0.6266629316860184, 0.657488317878381, 0.6606792018764722, 0.20062803752841568, 0.07492486915202437, -0.07508655671928424, -0.35026676376835697, 0.20707402765945485, 0.4383534613707347, -0.017962798045461865, 0.0008141400396750011, -0.0006909024357707255, 0.00010672291802026372, 0.0491863155847199, 0.0004628742335149916, 0.0019499992357227957, 0.000508630528253486, 0.7556411443188805
10, 2, 1, 0.24972441351106123, 0.2546521724757496, 0.4956234140072366, 5.9525608821253156e-12, -0.5837232134563427, 0.5062384194119034, 0.597999868019415, 0.7058189048240826, 0.050929415074060826, -0.06188889020949186, -0.1889473385003651, -0.20515347491177116, 0.1309898398169401, 0.33437189688302216, -0.01545344031485112, -0.0017573658704614237, 0.0008092936774529861, -0.0009790257405724876, 0.05000533522760166, -0.00029064878743501315, -0.0022597927678147172, 0.0010409393940744279, 0.7556411443188805
11, 2, 1, 0.24972130367269296, 0.2546552572385593, 0.4956234390826342, 6.11356314251099e-12, -0.6280304826927724, 0.5210550095752131, 0.6295208091436404, 0.6568786356083794, 0.12726086017820282, -0.03641367901951997, -0.12905766831942347, -0.19067860061458375, 0.3810223564813512, 0.3753552226505453, -0.009876808329600273, -0.0016523094010577406, -1.8170791637620976e-05, 0.0016537653188547035, 0.050543570807755546, 2.4972592705753042e-05, 0.00048745280321629245, -5.571192025157208e-05, 0.7556411443188805
12, 2, 1, 0.24997274068597547, 0.2544037023154368, 0.4956235545010794, 2.4975083186616027e-09, -0.5342057913626356, 0.4530542617940078, 0.5237948759987885, 0.6583950311732171, 0.12713440603010576, -0.21159843558871666, -0.12160693731662668, -0.20606752696142427, 0.12900782098158298, 0.21009327831194152, 0.0327653374564055, 0.0016837210174092698, 0.0006180584127895683, 0.0007613743546041267, 0.05126481391164518, 0.0005603076239920626, -0.00045644208753896077, 0.00118157043131653, 0.7556411443188805
13, 2, 1, 0.2499750770847963, 0.25440134592244024, 0.49562357483331043, 2.15945306136656e-09, -0.46552033129910847, 0.33145893349945865, 0.6938132070774472, 0.7079800911771574, 0.12221230706873543, -0.020007817390194815, -0.127403265038163, -0.08149585599580486, 0.11700279195409433, 0.42522484937956334, -0.04686833355908962, 0.0008805079712690905, 0.0020951963918683877, -0.0012442213663068802, 0.04801202024651292, -7.256924943525796e-05, -0.0011712812248190587, 0.0003867832108296312, 0.7556411443188805
14, 2, 1, 0.24997504393715758, 0.254401378681532, 0.49562357522201267, 2.1592978778495048e-09, -0.5736255647326501, 0.4382274830307512, 0.6386269028565448, 0.6318922203240667, 0.14393511567040757, -0.2249579612953539, -0.17102718396069405, -0.38309099459459456, 0.1906514053887857, 0.2151707316705934, -0.15016811794825874, 0.00030727567753996475, -0.0014830265625193958, 0.0017244144885858212, 0.049785856603394976, -0.0013537570889118335, -0.0006916476159526239, 0.00047733097009280067, 0.7556411443188805
15, 2, 1, 0.25005337828961116, 0.2543230271901966, 0.4956235935118628, 1.008329380117447e-09, -0.49906599364713644, 0.25154068483061454, 0.4623338416275467, 0.8085544988394517, -0.02017325655704516, -0.13691380937317263, 0.01056779919926496, -0.1328178800707989, 0.3294344067911282, 0.4830597388094535, 0.0881912023720427, -0.0008916012714254027, -0.0003941946061319193, -0.0002379772684348585, 0.0505128175168873, -0.00016948590157890345, 0.0010080200049568818, -0.0015860738373663693, 0.7556411443188805
16, 2, 1, 0.26290470123910875, 0.24147027217283487, 0.4956250169736832, 9.614373183145782e-09, -0.34364821108194904, 0.4068405164502451, 0.5695248344604397, 0.7715081568263418, 0.14060881146787219, 0.03591461008905468, 0.04093169019623581, -0.30820638016918867, 0.13740121741010541, 0.25146762820167157, -0.08613899066318431, 0.0008948452057770345, 0.001798622520107226, 0.0017585603704276542, 0.04720333252938048, 5.2824203586827844e-05, 0.0005623571717275351, -0.000630749325105143, 0.7556411443188805
17, 2, 1, 0.2629194041660852, 0.24145553818569876, 0.4956250480269232, 9.621292821609443e-09, -0.45433758742010755, 0.598659025488121, 0.5405163189396932, 0.8113002332018819, 0.17934150762772888, -0.07349555502081653, -0.09584678649195537, -0.39002652630881973, 0.15221932587220918, 0.4502457414530848, 0.13862758242718676, -0.0003429798739560995, -0.0004022155900187621, -0.0007677052535828358, 0.04845643900616693, -0.0009826303377466197, 0.0007197156308584725, 0.0004162243217976132, 0.7556411443188805
18, 2, 1, 0.2628702210231262, 0.24150443879635927, 0.49562532406691795, 1.611359661682083e-08, -0.3711157954347958, 0.3844814011848693, 0.38331846107246115, 0.8255236903114097, 0.0538821217011369, -0.04977464722024137, -0.1658137644112051, -0.3953526127928403, 0.2745093279809586, 0.12983812356497104, 0.11711773736514072, -0.0006152401631080654, -0.001147305702792117, -0.0004322916848941612, 0.050536268645985774, -0.0014441260728785773, -0.0005846668783619649, -0.00016519034291179966, 0.7556411443188805
19, 2, 1, 0.26290072021201044, 0.2414723860979512, 0.49562633691162894, 5.567784093377916e-07, -0.3579708832369242, 0.44973740403907103, 0.3297680620572516, 0.719500400328123, 0.03521128525192767, -0.0694802557712014, -0.08413680348065836, -0.2929725065653053, 0.21945728035374173, 0.19645743531999, -0.03146925914062452, 0.0004033722489416587, -5.9515693263437456e-05, 7.239035465276647e-05, 0.049673731578807924, -0.00029558315286113524, -2.38449801724876e-05, 0.00021489139582522125, 0.7556411443188805
20, 2, 1, 0.26289755595989445, 0.24147553380777054, 0.495626358802127, 5.514302079335204e-07, -0.5129789980128523, 0.5195083526658931, 0.4628463390831761, 0.6631856134226213, 0.23443906057627756, -0.06261492548851884, -0.2544384895498741, -0.11418697294930788, 0.3032304662018025, 0.30891993842264415, 0.0660073668683083, -7.0784229100449e-05, 0.0005602841464304056, 0.0008813900419388244, 0.050464055452414315, -0.0013960189767765947, -0.0009917738722367221, -4.108851429436107e-05, 0.7556411443188805
21, 2, 1, 0.27207250860905635, 0.2323001465483595, 0.49562719513807857, 1.497045054868419e-07, -0.26966313616234694, 0.41690070282125147, 0.46512729734005154, 0.9448646494748114, -0.099220969773351, -0.14266470298192557, -0.10054198500892178, -0.1370279800679583, 0.2110261932926762, 0.15596330871998204, 0.17803296191465776, 0.001225976128945531, 0.00276773469562972, 0.00013844008403591108, 0.05145367110486169, 0.0010507668481357583, -0.0006782896432355669, 0.0004740410871935079, 0.7556411443188805
22, 2, 1, 0.27261691853787484, 0.23175519552595136, 0.49562773900109, 1.4693508383971905e-07, -0.5584928898650098, 0.5720604257964832, 0.5170575394447756, 0.6641683307501898, 0.22880882710799302, -0.011892797944067713, -0.06554648069206168, -0.3401925422536493, 0.14590081362682553, 0.25389013599743987, 0.18320134617038203, 0.0013115649384871952, 0.00022322787830920311, -3.850319406847199e-06, 0.04973991614763387, 0.000604004579017104, 0.0005666511450033733, -0.00015286140217057526, 0.7556411443188805
23, 2, 1, 0.27261618715833497, 0.23175590989297856, 0.49562775846436985, 1.444843164250799e-07, -0.4336181495968548, 0.35401154791350375, 0.6695915431282995, 0.7807453583084889, 0.1897019211821497, -0.21689186981984143, -0.07900677196026337, -0.1904954017327293, 0.2880162109628909, 0.40301958564994056, 0.12445633865486827, -2.2468984881272703e-05, 0.0014619731169269233, 0.0024041048857056345, 0.04957433139065512, -0.001231316209825459, -0.00013234274740688093, -0.0009686944354747099, 0.7556411443188805
24, 2, 1, 0.2726252921943707, 0.23174683886751565, 0.4956277642110067, 1.0472710699062485e-07, -0.2959516649544051, 0.3371861725188197, 0.4682832239802222, 0.7350255066787378, 0.16058345183606987, -0.09243781776452621, -0.013950557386086259, -0.25828392377822107, 0.3581102311087442, 0.20557571758108648, -0.17108186319969348, 0.0012735460035850775, 0.000670737807417997, -0.0021389189907351377, 0.05034924336932264, -0.0002040745987063697, -0.0015209747144346, 0.0012063139226439676, 0.7556411443188805
25, 2, 1, 0.27262086129511565, 0.23175124741725162, 0.4956277863648946, 1.049227382156115e-07, -0.43308439202824206, 0.4394315247843272, 0.42910662232445845, 0.8494773846304332, 0.23192456185712645, -0.04269704303414722, -0.2386504402833351, -0.15804451694883714, 0.18731382001482083, 0.2728451220948261, 0.05836058038337126, -0.0004915981094743679, -0.0009281335861700332, 0.001039086580059427, 0.04904184774091016, -0.001315330479260744, 0.0005575982961560914, 0.00011724365448253738, 0.7556411443188805
26, 2, 1, 0.2726137560671914, 0.2317583459502868, 0.4956277931107621, 1.04871759726283e-07, -0.4582588949509467, 0.5609936231875283, 0.6300197307373034, 0.5590011055956866, 0.2822436521430308, -0.037023737522805855, -0.02299709935803267, -0.3000971910665039, 0.12245689956812873, 0.28121372014513024, 0.039466975573305405, -0.00022807295959441273, 0.00048579287575108794, -8.05268005078852e-05, 0.05123495107443343, -0.0018240280260445742, -0.00016379981705944892, -0.00020807979599051554, 0.7556411443188805
27, 2, 1, 0.272606949221251, 0.23176505494943256, 0.49562789273015373, 1.0309916271447796e-07, -0.4163095222719463, 0.4073332767107722, 0.6827118619284601, 0.7202711462217859, -0.01855381524881272, -0.04711688506784996, -0.20242691974424157, -0.2552020708384219, 0.30103879460854716, 0.3524650335635976, 0.09133332671467656, 0.000765104006709162, -0.0001032391591452411, -8.470955457505028e-05, 0.049634930257450686, -0.0006748308352280455, 0.0019560773611806996, 0.0009910759054144983, 0.7556411443188805
28, 2, 1, 0.4817531308677513, 0.022614696469480482, 0.49563186547468946, 3.071880787775904e-07, -0.42049901130767864, 0.35322725962769486, 0.4482368940584006, 0.7867452064490789, 0.13246132693757323, -0.040534064475227075, 0.10643277397966529, -0.37743339062564524, 0.327619848063091, 0.06841190659907725, 0.0867530531626443, 0.0010865596978504827, -0.00024604663334031106, -3.645612700035688e-06, 0.049667760207851075, -0.00036295480582165064, 0.00039651181853078276, -0.0006441898073809968, 0.7556411443188805
29, 2, 1, 0.48176543927831206, 0.022602356829792135, 0.49563190625709613, 2.9763479974300665e-07, -0.47007512516091265, 0.5495658489234746, 0.5382619135426205, 0.8686045040700078, 0.07812118638957138, -0.019688055193538233, -0.21930086767400722, -0.17375754579395436, 0.1837750044560912, 0.2971111601917089, 0.1531584464566619, -0.00047101366123131, 0.0004018637601567145, -0.0007642026393314168, 0.0514176773435319, -0.0005138790703308047, 0.001648033033608737, -0.0007504998209635713, 0.7556411443188805
30, 2, 1, 0.4816509317423065, 0.0227168695959879, 0.49563207715738045, 1.2150432522424998e-07, -0.3815716445973104, 0.35069778391971274, 0.5496901430591008, 0.7299564360235979, 0.18630371617785527, -0.1581593315820824, -0.1251315724323797, -0.07193729755346981, 0.17454842388223007, 0.21585945948069774, 0.006533078019161215, -0.00031806293500714905, -0.0007272804251811137, -0.0005517788386728577, 0.04880932072016268, 0.00011816540354426806, -0.00015066402988305052, 0.0006079068888383955, 0.7556411443188805
31, 2, 1, 0.48111089335667806, 0.023256131252824122, 0.4956328424757765, 1.3291472120411855e-07, -0.4008016598835945, 0.48469796886805944, 0.5019587520719652, 0.904746441632, 0.11935222140465158, -0.1638637634563615, -0.1078442011812194, -0.050226006857315486, 0.1965727726372504, 0.2383358649300252, -0.01591508950046517, 0.0007950617413009592, 0.0011652762005502373, -0.0010373275154942749, 0.051159418512035836, 0.0005579857426053038, -0.0002899312128242195, 0.0024994061671181843, 0.7556411443188805
32, 2, 1, 0.47973889623307586, 0.024626569362554692, 0.49563432948605235, 2.0491831705061956e-07, -0.33544288219624885, 0.29326536530435837, 0.47237268131588755, 0.8254604667695261, 0.24975753418041374, -0.039212740915243294, -0.042919713323189376, -0.22553011686719038, 0.21137382275288355, 0.2381352865591569, 0.0005775707934048913, 0.00028987901579142946, -0.0009206846105941857, -0.0016013739908967539, 0.04823106298273933, -0.0002471644810413663, 0.0002979050664842257, 0.0014159303058762862, 0.7556411443188805
33, 2, 1, 0.4796330177109203, 0.024732248943676035, 0.4956345401477659, 1.931976377677248e-07, -0.3115391631558488, 0.42949081543221856, 0.42846563569415863, 0.7961820778962087, 0.006730492149724587, -0.2099225065362703, -0.20979727213991722, -0.011800069504019373, 0.13377433918898846, 0.19280792690261558, 0.13754013803312556, 0.0013127820431603045, -0.0006688282450475578, 0.0007098844367733788, 0.0507957308047365, -0.0007803998550082583, -0.00032721170805069945, -0.0015627191873799663, 0.7556411443188805
34, 2, 1, 0.4796295738749436, 0.024735671000218593, 0.49563456194750233, 1.9317733556635067e-07, -0.3458087471727385, 0.3709667401910443, 0.3904623296284889, 0.7441361282844322, 0.1427748936061723, 0.002155935515951346, -0.3983118011059872, -0.40228051323619035, 0.2944515786891053, 0.1242799442188518, 0.1574291754119516, -0.0010978369051540472, 5.240639614516119e-05, 0.0011001965427195645, 0.05169923569495216, -0.0005547679999013196, -0.00031767785744728585, -0.0005515504755349358, 0.7556411443188805
35, 2, 1, 0.4796292291736877, 0.024736015449975956, 0.49563456450294185, 1.9087339441821372e-07, -0.29575997661859604, 0.3040738184223931, 0.5362998204484593, 0.7578015095940895, 0.218549823539293, -0.07659857417697116, -0.1876646992350812, -0.04836989995440044, 0.10796656850819333, 0.3963053013133896, 0.1290886196950805, 0.0004071078200481359, 0.0001329591131431231, 0.000765348039569267, 0.05020694908764596, -0.0020198505578513273, 0.000420846086430106, 0.0018014055053763422, 0.7556411443188805
36, 2, 1, 0.47939842050363635, 0.024966179776684902, 0.49563508115658594, 3.185630928753961e-07, -0.3947575001512282, 0.3759308178143471, 0.35752539922521437, 0.7600804080974279, 0.10918027249955682, -0.1655381891039911, -0.09306591000964574, -0.09403740048609123, 0.2734709539723158, 0.2723937755012187, -0.07308244222712984, 0.0003147098557311648, 0.0011379022080536933, -8.000006408941155e-05, 0.05129064756180053, -0.001551392469211626, 0.000654875936304631, 0.0008841971599980241, 0.7556411443188805
37, 2, 1, 0.4792931290533973, 0.02507126101280296, 0.49563529329585565, 3.166379440568064e-07, -0.3556104714423672, 0.5910649866402524, 0.6241593927561456, 0.5786056306023214, 0.1603222291137365, -0.12829748099795762, -0.301786792494499, -0.18811311269143216, 0.35117878870272257, 0.10629115731482353, 0.08975533785866098, 0.0003506876579728545, 0.0011789570050489018, -0.0012822546105068196, 0.05051181277852087, 0.002902693863681235, 0.0008913646048809619, 0.0002641958710432108, 0.7556411443188805
38, 2, 1, 0.4792694130161531, 0.025094977913037112, 0.4956353003111763, 3.087596334472659e-07, -0.36802331143611433, 0.31242375543432227, 0.423822073919638, 0.6708190130959815, 0.23627330880366165, -0.030462053718682314, -0.15190880903212, -0.24412569730765427, 0.2623796873486669, -0.018673105961572255, 0.17631371583262728, -0.0020736602367883166, 0.0007980607195007047, -0.0009271681061540788, 0.04970228362361894, -0.0015090995446456383, -0.0009138980020291518, 0.0010915257723458946, 0.7556411443188805
39, 2, 1, 0.4790513921569235, 0.025312237694421, 0.495635477533478, 8.926151775577871e-07, -0.27328495364221495, 0.4697088604671816, 0.27684288018439257, 0.7825609541837001, 0.21857601895794465, 0.01772763778186919, -0.12415862414533056, -0.222294863767251, 0.15992980808084598, 0.1572436985451302, 0.05848353381672509, -0.0013374826933273561, -0.001017287483188387, -0.0005706039321689934, 0.05053281611031503, -0.0003575659994657826, 0.0009888496705270345, -0.0007284532024389238, 0.7556411443188805
40, 2, 1, 0.4391629485875372, 0.06518225952697583, 0.4956375031683781, 1.7288717108847297e-05, -0.4364089774849972, 0.4331335030954211, 0.3560335987472258, 0.8640680992035623, 0.1381797071845554, -0.14034983671590728, 0.035068652162903294, -0.21729324081433044, 0.18940770371589077, -0.01629535589459665, 0.03989422557711579, -0.0012746419857746804, 0.0012657972643506277, 0.0016795147159077925, 0.049152420220725926, 0.0019918984343225013, -0.0014210490328763884, -0.00040409832527558916, 0.7556411443188805
41, 2, 1, 0.4531277591822006, 0.05124212570870638, 0.4956229568143827, 7.15829471032985e-06, -0.1995315278198218, 0.20982396962338523, 0.4503058331045796, 0.7826515805480121, 0.11960418834398938, 0.05178376835481278, -0.1527990190574148, -0.1540416081914981, 0.05782156743527835, 0.07540551225531307, 0.07257553266340346, -0.0010058277211545967, -0.0012458135436847794, 0.0006823596215195492, 0.05034698094671578, 1.1037863273065476e-05, 0.00018461613377099726, -0.00018647340854831035, 0.7556411443188805
42, 2, 1, 0.452334129427615, 0.05203350353350458, 0.4956240598760462, 8.30716283417071e-06, -0.3140148169506375, 0.3225331076904253, 0.34183201402261754, 0.8799424802984355, 0.08952942080946155, -0.22548423654204477, -0.1499506498820503, -0.1357191350492733, 0.18116397637844456, 0.16861859524774875, -0.06482195587754229, -0.00033245609251715666, 0.001096289883831962, -9.79761468008694e-05, 0.050787796958910704, -0.00011132767522087358, 0.0004507523254271231, 0.00220567464920719, 0.7556411443188805
43, 2, 1, 0.4523212067567403, 0.05204632211132384, 0.4956241154535039, 8.355678431983012e-06, -0.5933567524886333, 0.3252203175689605, 0.20454131033546927, 0.69796270056183, 0.08533895433626479, -0.15026321104632742, -0.22465286975104654, -0.047859439678916524, 0.13538567231386, 0.33060508396559596, 0.187938551810607, 0.0011068496674809937, -0.0005336441272471999, -0.0007708424360087028, 0.051415280409887965, 0.0019963212703147867, 0.0006921928589604166, 0.0020117547967655504, 0.7556411443188805
44, 2, 1, 0.45157676985973566, 0.052792186446056856, 0.4956258539182745, 5.189775932999865e-06, -0.3632092150695415, 0.45293058556374344, 0.4473725166131267, 0.7226238008956265, 0.05901394110404492, -0.112484695729657, -0.2243813825251168, -0.09932486394718112, 0.11296681757888893, 0.1525608729955222, -0.06598994642401876, -0.0016118013392423854, 0.0005753528941451582, -0.0004139700613058788, 0.05091120065983116, -0.000289946929164174, 0.0008438362411893486, 0.0002792865309201414, 0.7556411443188805
45, 2, 1, 0.45121507579157033, 0.05315157721715078, 0.4956262056466193, 7.141344659622098e-06, -0.2652373738845838, 0.3760100054603826, 0.25484848792271153, 0.7439547868617289, 0.1790345962591761, -0.19134944836090456, -0.17112717233747904, -0.1988583997005268, 0.053932493000501514, 0.13854357310951695, 0.01161586872979459, -0.002527074996798739, -0.00012078384262192066, 0.0010762524886299709, 0.049042861706825466, 0.0003789991638183063, -0.0001821697759458077, -0.0007227475954119511, 0.7556411443188805
46, 2, 1, 0.45119177585733933, 0.05317516155363026, 0.4956263390899033, 6.723499127139797e-06, -0.20620150476595162, 0.32445985937059624, 0.5077126505363939, 0.9095483646573111, -0.053307890868123084, 0.02000738160393236, -0.3049256981632122, -0.2173991261403656, 0.16004978303715342, 0.09724789705169251, -0.1466981748501344, 0.002359802133066874, -0.0013056376514329405, -0.0008982316760919471, 0.05027080699847397, 0.0008735156619858355, 9.833658940722682e-05, 0.0004008166544768632, 0.7556411443188805
47, 2, 1, 0.4522792147200899, 0.052078383756736985, 0.49562811488035613, 1.4286642816952657e-05, -0.2670210285350094, 0.390310272421286, 0.3040055443878233, 0.8409189766518986, 0.08511665642952695, -0.024644180910138414, -0.1287432635574534, -0.21911708151004844, -4.2448768056546624e-05, 0.10776372503066037, -0.01659073473701489, 0.00013327872677815883, 0.0003578382331554003, -0.0003081643870075637, 0.04801927265058425, -0.000562119431778157, 0.002012126645957187, 0.0013274423828111425, 0.7556411443188805
48, 2, 1, 0.4515645025724628, 0.05278996820870853, 0.4956308760249643, 1.4653193864255319e-05, -0.2919606262720244, 0.33781242524557276, 0.3806408169240262, 0.8817452402505268, -0.020683891374326933, -0.060992039144018476, -0.2600113391721366, -0.09796061018635573, 0.11217901276964597, 0.19578300803461096, 0.10636485013022479, -0.00034952597017930294, 0.0004857773115117807, 0.0018364121657702206, 0.04974782853674894, 0.0007606226626141322, -7.81164397598736e-05, -0.0003156018979066147, 0.7556411443188805
49, 2, 1, 0.4019976925508779, 0.10211580430319579, 0.4956594716257385, 0.00022703152018772605, -0.2601145975172734, 0.14279021395089125, 0.2620075611967886, 0.772988671437671, 0.14156736784950547, -0.1428090353981995, -0.07252466465323601, -0.21696558308874941, 0.16023426964017914, 0.14547215129863328, 0.03304631154046521, 0.00034537817634167707, -0.0008772848839590796, -0.000617558293599521, 0.050698306899941856, -0.0006661007171494608, 0.00035807988236031055, 0.0016914061563848928, 0.7556411443188805
50, 2, 1, 0.3936170432622871, 0.11048429172574112, 0.4956678100788118, 0.0002308549331600419, -0.10919611978604542, 0.36922751689166045, 0.2331875658090392, 0.7784637368788223, 0.06917069704581075, 0.12541044976510202, -0.03375759177283684, -0.3792127966228759, 0.29880354096315037, 0.18511114313952087, 0.07869841278600148, 0.0009506720898200198, -0.0011339354432724467, 0.000896416771463473, 0.049970366954431425, 0.000867920139174895, -0.0019808063224932143, -0.0016086318261120409, 0.7556411443188805
51, 2, 1, 0.39361703205373233, 0.11048465167605959, 0.4956678109078826, 0.00023050536232555448, -0.2891853948959758, 0.18533784250989413, 0.1306462058550747, 0.7510734945694568, 0.3792282503529724, -0.15653120361390999, -0.15418903668043038, -0.11204937340691204, 0.0003427807310369513, 0.3122610783315779, -0.0014103817607163088, -0.001213227598631067, 0.0005138446618429373, -0.0015393611598508634, 0.050060895595623864, -0.00035249826844369135, -0.0024938465034274127, -0.0007002783823890177, 0.7556411443188805
52, 2, 1, 0.3304952374819566, 0.1736014584976226, 0.4956810426970272, 0.0002222613233937068, -0.42870566766213436, 0.3120874225278049, 0.48373266946313753, 0.8870411904615662, 0.18367112918714357, -0.06708814995275689, -0.03316341805413825, -0.10421701792974769, 0.10770819213970857, 0.07254126271071745, 0.06887610012744956, -0.0016927886017474164, 0.000534964997611682, -0.0003383505369621796, 0.0485719099555927, -6.610631605139723e-05, -0.002440302639047245, -0.00045472100588965145, 0.7556411443188805
53, 2, 1, 0.3335122392746957, 0.17058435272619987, 0.49568115837135224, 0.00022224962775218673, -0.3297949886368325, 0.39822142693595464, 0.31973777239741197, 0.7916295903771752, -0.0430652374882929, -0.13716898829727792, -0.11163835430274563, -0.41664671491289573, -0.16396211301510913, 0.15525770353517154, -0.022017526448901904, -0.0018624937952915767, 0.002059315135845407, -0.0007066578512178463, 0.049750243350591354, 0.000574083254947722, 0.0003816186290408167, -0.00036321313627047074, 0.7556411443188805
54, 2, 1, 0.33351659247331583, 0.17079478344913285, 0.49568121568658535, 7.408390966044576e-06, -0.5058612642357723, 0.10211433803108909, 0.2670100708605573, 0.725323368572764, 0.4076024249019438, -0.1317838305909641, 0.0361475555328147, -0.24427477411146695, 0.07804765068674038, 0.17423908630061274, -0.09729545141085692, -0.0007291095573871623, 0.001276882595929395, 0.0005504867566377082, 0.05011580746514275, 8.979195491513265e-05, 0.00026398587099625787, -0.0003508341735965851, 0.7556411443188805
55, 2, 1, 0.3355399739836464, 0.1687745784382963, 0.49568165668003444, 3.7908980227845035e-06, -0.1666817340067995, 0.4707180786259625, 0.26390990140365145, 0.7747807177598396, 0.12463940257362408, -0.19271893434166742, -0.07631613643148247, -0.07441077707016927, -0.02113933214671011, 0.33064196304001553, -0.1836296462410701, -0.0004038156641151598, 0.0005647102913625234, -0.00020627269722973198, 0.04923964628297607, 0.00044964095026973157, 0.0010433579207415515, 0.0003864316618845911, 0.7556411443188805
56, 2, 1, 0.22293014434638067, 0.2812138750062577, 0.4958132301592715, 4.2750488090158726e-05, -0.194173863243655, 0.1236119490594225, 0.4365780465750655, 0.6683155665285226, 0.20683496710941668, -0.11722858501194226, -0.13495264018836864, -0.09268466696931903, 0.08864128911899752, 0.16854785724647053, 0.07714268606308987, -0.0007045424044691289, -0.0016917710694645607, 0.001527715534984975, 0.0480342719682084, -0.0003803536387216364, 0.0011026823097725332, -0.000257373853334871, 0.7556411443188805
57, 2, 1, 0.22282519961355332, 0.2813188242406657, 0.49581325941679943, 4.27167289817024e-05, -0.36378903116893335, 0.362794857798938, 0.3222653037262016, 0.7451128169316003, 0.1591969954071773, -0.23392068507071348, -0.1141086590236283, -0.25956899903086905, 0.10333087944718562, 0.03895180125632687, -0.022870529090654713, -7.475054367161452e-05, -0.0007079898325875343, -0.0006309297914006273, 0.04989936813436485, -0.0010754695120644988, 0.0007018772570566381, 0.000918732962205145, 0.7556411443188805
58, 2, 1, 0.2225169634837041, 0.2816677467023421, 0.49581374594148125, 1.5438724726019849e-06, -0.2927948924396313, 0.2845182952444772, 0.42467225848085544, 0.6932262619126389, 0.03760977558347674, 0.1220216896259922, -0.10599163273108578, 0.05281470117794107, 0.20585911152221326, 0.1071340868648023, -0.186070794839643, -0.0001992146332456998, -0.0003295078955419884, -0.00071085082086899, 0.04793396493553993, -0.0002036196425675126, 6.639991237947174e-05, 0.0017619312672754305, 0.7556411443188805
59, 2, 1, 0.2299387023131421, 0.27421160599781214, 0.4957315063809462, 0.00011818530809956727, -0.2799131680663307, 0.15057527129106324, 0.1940348365772573, 0.5198405449179921, 0.0003442767621297582, -0.29303798078995147, -0.0859713630371118, -0.14809468657465277, 0.004667207450869992, 0.18267628487761228, 0.14693730979131836, -0.00033054554605343154, -0.0008542671682187465, -0.0015986539010462218, 0.05002978599320712, 0.0016583818686399976, 0.00016400820103140202, -0.0007369844931676352, 0.7556411443188805
60, 2, 1, 0.22996418325736456, 0.27419645711743706, 0.4957315419464251, 0.00010781767877315186, -0.04304099864596609, 0.09720266123338799, 0.3943876803590185, 0.5757494823619017, 0.2450709791330561, -0.09166855923670184, 0.13366282423810838, -0.13154222549657807, 0.06381763517148555, 0.3464871297555918, -0.17857979838485427, 0.00041279031382934257, -7.606109903214074e-05, 9.036744314615083e-05, 0.050205528048876534, 0.002047051148204573, -0.00019074207067847207, 0.0011162885902311244, 0.7556411443188805
61, 2, 1, 0.22828057235285326, 0.2758864715551644, 0.49573168177772153, 0.00010127431426087783, -0.22805997619581692, 0.4452307633376968, 0.18152070677813717, 0.7822804407451994, 0.14207348026993122, -0.13642661116637225, -0.02755497407193014, -0.03218331255891842, 0.27781342099063966, 0.014968348438284651, 0.07737890261406397, 0.0008852238145913644, 0.0018903565686854806, -0.0004591598821165139, 0.04882821644841724, 9.419321896204146e-05, -0.00047838110853824805, -6.748237773345137e-05, 0.7556411443188805
62, 2, 1, 0.22805198585972744, 0.276113637484274, 0.4957320899300345, 0.0001022867259641509, -0.2625698339097798, 0.2205768694530687, 0.3002412006977443, 0.7728026722473677, 0.12240626779946515, -0.3459146711058242, -0.09599873916125642, -0.12453695086165946, 0.07819710045393895, 0.2649673316384539, -0.017246064851961056, -0.0016969902601297667, 0.0016527348610687075, 0.0007970255864140208, 0.04907227881173905, 0.0008071973719679312, 0.00045992363537026144, -0.0005827863797865654, 0.7556411443188805
63, 2, 1, 0.22352421723705254, 0.28063209619613155, 0.49573259355594496, 0.00011109301087098932, -0.3490648813910934, 0.029117098640515794, 0.19246080581749286, 0.8842503999901645, 0.1942019778563612, -0.40062665611016673, -0.045567175052552034, -0.15428321732967332, 0.28866662238516827, 0.05874640154064685, 0.2244967519101786, 0.0010031998943847902, -1.4368495818247941e-05, 0.0008578920076580133, 0.05087655748136218, 0.0007829545300580248, -1.7866656429908102e-05, 0.0015513614589201506, 0.7556411443188805
64, 2, 1, 0.22352888834904056, 0.28073551629260646, 0.4957327310632883, 2.8642950647378573e-06, -0.33026713101635485, 0.2793417979419505, 0.31623963294815594, 0.7240877835991472, 0.3304615641550118, -0.0331448269767821, -0.17228890586538143, -0.11011409390584628, -0.04416515213840337, 0.2065130153793314, 0.13805431558254794, -0.0007777169452296078, -0.0010452204614536482, 0.0010907215694472203, 0.05201725278680325, 0.0016147425299751568, 0.001159544381738771, -0.0008734047557685547, 0.7556411443188805
65, 2, 1, 0.22338229255599412, 0.2808817509216413, 0.49573263358858594, 3.322933778581883e-06, -0.26622208261645136, 0.2742702495737529, 0.28037737599373724, 0.6207402913251652, -0.0016367495492235929, -0.18177936944956738, -0.026815526016138423, -0.321620389285593, -0.012429830221008653, 0.08420767813163645, -0.1258535845618674, -0.0013225594859540538, -0.00010380499638589088, 0.00030032752763459766, 0.049559755642000894, -0.0007420868896545992, -0.0008536786501645496, -0.00016052075224591713, 0.7556411443188805
66, 2, 1, 0.2131768014182176, 0.2909956634159369, 0.49573555275783526, 9.198240801022881e-05, -0.29357727190668886, 0.20235593163496257, 0.23451703480468938, 0.7615130314132321, 0.12869728181284967, -0.11573553982694702, -0.15647373955827024, -0.11999431131678447, 0.01418261008159476, 0.028113478280596148, -0.030486705787449685, -0.0008133345214181277, 0.0018640170846524686, 0.00026202744504116187, 0.048084240357718445, -0.00025038341880364353, 0.00046241212827748183, -0.00011046037570956568, 0.7556411443188805
67, 2, 1, 0.21317053202210332, 0.2910032923198437, 0.49573545191729534, 9.072374075765761e-05, -0.21960268466078164, 0.04163599550032513, 0.2675977247126069, 0.8652263215988789, 0.3036497178896537, -0.26177915760890125, -0.3174453325805153, -0.016182878767956967, 0.031567726057678734, 0.19982392867669127, 0.1201965769754469, 0.0001162489769509172, -7.232350474784349e-05, -0.0003987467085852338, 0.04982463601868786, -0.0012421130025880211, 0.0008262924029297707, 0.0008941632265064253, 0.7556411443188805
68, 2, 1, 0.2131620559774794, 0.29101225642557915, 0.4957354748325821, 9.021276435936909e-05, -0.3030219375081964, 0.25176309836394173, 0.18462587147504506, 0.6939705024693437, -0.022718701141954577, -0.2439085758307217, -0.25119072955290855, -0.2966791546459903, 0.05152269553318066, 0.18241166425879526, 0.09351266936470062, 0.00032244604094329964, -0.00043705398753447685, 0.0005729791134447208, 0.04942812345811922, -0.0003552854071324079, -0.00047776453657195374, -0.0010029313352897455, 0.7556411443188805
69, 2, 1, 0.20703842132233286, 0.29700655754736055, 0.49572916105452797, 0.00022586007577856597, -0.14324988238931716, 0.25285132665532073, 0.09587441234372929, 0.784468753449451, 0.1427074383021016, -0.06708029722420328, -0.24605729869324183, -0.06286491895047405, 0.06955801834866467, 0.06439297481113145, 0.04351413858946003, 0.0009183619738701778, -0.0007122069536277719, 0.000625003296783329, 0.052130106443326885, 0.0005302195599661358, -0.000161970549222531, 0.0016218683923720557, 0.7556411443188805
70, 2, 1, 0.19673942933544247, 0.30728964452407376, 0.4957178826450141, 0.00025304349546969755, -0.1376474180335321, 0.29512639243942573, 0.3277916924176004, 0.8637180378386319, 0.06659440639640724, -0.004334866865053933, 0.02788575284820336, 0.020015886398323912, -0.09048369015204052, 0.16182415086084076, 0.05663331248941243, -0.00048225731689817387, -0.00042174035230857834, -0.0005476872420600409, 0.049131410749224266, 0.001429341407599243, 0.0001225984337429575, -0.0004553115100298562, 0.7556411443188805
71, 2, 1, 0.19148715779582706, 0.3125207000231616, 0.4957275799998707, 0.0002645621811406746, -0.3208517239475082, 0.2068924525875659, 0.28687784689161944, 0.5761295089183791, 0.10334642645808918, -0.06578825500894665, -0.0944942796100147, -0.3021864807051303, 0.07072870545899071, 0.24769946935120393, 0.11385919592018079, 0.0010616291399725667, -0.0008659573312266324, 0.0003022046938249244, 0.050138565089614395, 0.0025749999599807443, 0.00017680126535458773, 0.00033010027437990454, 0.7556411443188805
72, 2, 1, 0.20271215639469345, 0.3020589445647846, 0.4949343866292638, 0.0002945124112580132, -0.14624379543380547, 0.235093327339741, 0.2560932047468968, 0.5798182729191449, -0.014904936924847113, -0.24243644227856506, -0.08050771984868756, -0.00015019124818285156, 0.10065717792896042, 0.023534297792126634, 0.04134919388064078, -0.0007000813988386919, 0.0010049534408998644, -0.0005981842750098039, 0.05008985419122567, 0.0005539224073377465, 0.0001293673143755198, 0.0014595216029811672, 0.7556411443188805
73, 2, 1, 0.19930920037263286, 0.30568561704630137, 0.4946999763164965, 0.00030520626456919986, -0.1615253197238939, 0.034044922863442385, 0.2399505146835208, 0.7705692395572291, 0.1581686068986925, -0.09339488893527684, -0.24190439995435584, -0.008326385173235229, 0.015582498898067242, -0.043718629557017365, -0.11772271325801706, 0.001621872440217348, 0.0009339810924104029, 0.0005154609141244663, 0.05006300228533408, 0.0001538541047687588, 0.0007482616857862232, 0.0012146123383223724, 0.7556411443188805
74, 2, 1, 0.1881217630216074, 0.3167992085794285, 0.49470642938821235, 0.000372599010751739, -0.22521664497658822, 0.2061199816910398, 0.1797468868937308, 0.6385609202994995, 0.21828132295363917, -0.03023946336513732, -0.173511629492539, -0.07768370610367513, 0.24977295052570936, 0.05531193006209477, -0.042045959332261365, -0.0005145933335810583, -0.00028251419255609925, -0.00023410638101504724, 0.050652575719509006, 5.276128896821969e-05, -0.00020290918782315363, 0.0019247835113901644, 0.7556411443188805
75, 2, 1, 0.18292865462747296, 0.32195330888436974, 0.4947065431849657, 0.0004114933031914794, -0.1253499473937734, 0.32058652192764436, 0.2718169369148093, 0.6198233015659993, 0.0866634950516964, -0.029228888964750965, 0.04916022152623645, -0.18492035852745287, 0.05068078575504982, -0.0018378291036486804, -0.1510679588024934, 0.0006959182523380285, 0.001077361918742485, -0.0008898914480583983, 0.049625182781777695, -0.0009378276967721263, 0.0003541975837496296, -0.00043862631465567197, 0.7556411443188805
76, 2, 1, 0.20057723595779092, 0.32375576904644515, 0.4751275006516089, 0.0005394943441551273, -0.04087186825266302, -0.02936424070129249, 0.09706976439500856, 0.8244473093188308, 0.053493896012507314, -0.13056674625865541, -0.15935925026867606, -0.09885040312974218, 0.14658851050914495, 0.0941757837784306, -0.20068409148821043, -0.0006397492402354544, -0.0014477043838933437, 0.0010297913780858538, 0.05050249788746023, -0.0004958656224865123, 0.0012448103768736326, 0.00046963231536483634, 0.7556411443188805
77, 2, 1, 0.19102882075516164, 0.33352554041435795, 0.4748401807263969, 0.0006054581040835741, -0.02489691101696987, 0.05270436968158658, 0.13621418177108163, 0.6339967925676204, 0.023383424904206883, -0.06403217405541371, -0.1383354859393872, -0.3406987296817173, -0.01699938397914228, -0.027538525050935535, 0.010279922843794694, -0.0007341231867774012, 0.0002969851155887443, 0.0007358942580727074, 0.05001379588448729, -5.8687115052108746e-05, -0.0007216081159697063, -0.0012387549904627217, 0.7556411443188805
78, 2, 1, 0.16788046982715998, 0.3565670743212674, 0.4748453160233217, 0.0007071398282510317, -0.13739890288646253, 0.2678793816669836, 0.28970479637964786, 0.5791293472562107, 0.15377125312800588, -0.048379055797989526, -0.04766830519215979, -0.0598839115469985, 0.07544653549965505, 0.09510888655645353, 0.145767967900256, 0.0009607250345856503, -0.0005714761421045596, -0.00046542783933717867, 0.04856303355833212, -0.0007203288975068789, -0.00045860197418196404, 0.00045391536343491817, 0.7556411443188805
79, 2, 0, 0.46051585127163996, 0.3423688401403636, 0.19548531987123122, 0.001629988716765291, -0.10983880560403572, 0.03560905734914832, 0.09266321932835588, 0.8641767347378903, -0.06308854433401248, -0.13943419749973224, -0.019620851506917947, -0.09415136588851444, -0.007351379650625578, 0.03952987719180856, -0.0816817902322122, -0.0015510794797223728, 0.0006240987458033971, 0.0007785969719321471, 0.05036662390253448, 0.0001629849815983571, -0.0009008947459642942, -0.00010678116138968254, 0.7556411443188805
80, 2, 0, 0.0008266323486446319, 0.7978878042008662, 0.19826228499290022, 0.003023278457588665, -0.13209405809847186, 0.13107567874217235, 0.14699619393658214, 0.7563969029127124, 0.10975929007293861, -0.1109510653574862, -0.12447820042577282, -0.17459691424013896, 0.05753215814685466, 0.0509080924961822, 0.08093523719852104, -0.1127887213624075, -0.030420087593472134, 0.05812257541562695, -0.004920516342211456, 0.06438069921728869, 0.09834583555667847, -0.07669354792695247, 0.7556411443188805
81, 2, 0, 0.0004719230868776248, 0.7982649657647494, 0.1982315471274269, 0.003031564020946158, -0.125122529176794, 0.126435165738699, 0.14051866145971914, 0.7538852984629422, 0.10997770258213439, -0.11083114426759218, -0.12323412796837734, -0.049377682150615394, 0.11953555976944444, 0.11782521823497027, -0.006957106044268968, -0.02071468206193418, -0.06120576533102867, 0.13113222288838058, 0.013101155834148176, -0.11665336131685786, -0.013191934089299778, 0.060962280425169234, 0.7556411443188805
82, 2, 0, 0.0008433688436727294, 0.7982916421883496, 0.19782358809013004, 0.0030414008778474953, -0.11940255443817985, 0.12119071069643125, 0.13410385036660302, 0.755805181473493, 0.1077447300202699, -0.11059447299754106, -0.1251793350960584, 0.08243695374687893, 0.05372892399110302, 0.008811679860724364, 0.1459894564328666, -0.03239502693158303, 0.0652003526818439, 0.044058148133773886, 0.08627382958217968, 0.03609403900340617, -0.28352991705273206, -0.027621172226687203, 0.7556411443188805
83, 2, 0, 2.2483123633600128e-05, 0.7991375917592061, 0.19779692487806907, 0.0030430002390913658, -0.11369005369650198, 0.11330163630372123, 0.12805441555939007, 0.7552368192611987, 0.11166506186191123, -0.11166631505912358, -0.12357748412986129, -0.18902659065692712, 0.08512582001904143, 0.021028671947971107, 0.0525464355040899, 0.03152727343265944, 0.0862293127195792, -0.004533076797358787, -0.06631116218512172, -0.02815501353454854, -0.002211284800501432, 0.07125936906179764, 0.7556411443188805
84, 2, 0, 9.949316609541961e-05, 0.799168706759596, 0.19768915131980447, 0.0030426487545039977, -0.1091568995746808, 0.10889731473050415, 0.1236041613362808, 0.7567794460915075, 0.11096317077289923, -0.10929947897500114, -0.12461316818737514, 0.0350474521617777, 0.16756874370151142, -0.06252636492826945, 0.15093320316707948, 0.06493360081123897, 0.10307811991269773, 0.07749127513606212, 0.057282386925984405, 0.05304425806787947, -0.012766664124204486, -0.09784705498363107, 0.7556411443188805
85, 2, 0, 0.00012899219422019673, 0.7991883649779253, 0.1976367011342499, 0.0030459416936044663, -0.10434111015253296, 0.10366973774068348, 0.11548392220740467, 0.7568387307296872, 0.10971574147386402, -0.11039472623833764, -0.12494533275703272, 0.01805670481303112, -0.08067144637590822, 0.24197158706112223, 0.12818536709871936, -0.003707043786941617, 0.033782613350946226, 0.06607280032440038, 0.10741327423348986, -0.08168897526226676, -0.13294448987316893, 0.01870850942396613, 0.7556411443188805
86, 2, 0, 0.0010796067130529848, 0.7997175665726696, 0.1961523677714358, 0.0030504589428417095, -0.09789321101108134, 0.09710086663763115, 0.10997932198138394, 0.7573685969802523, 0.10925292308335914, -0.11350505492051241, -0.12571381574302273, -0.11596738068601889, -0.07379321632636163, -0.014421384987317853, 0.009880616794714686, -0.04404300577460987, 0.07104571615125232, -0.025069740516661183, 0.015996983163051277, 0.02514847498927844, 0.0002588512948326654, -0.05297194886518637, 0.7556411443188805
87, 2, 0, 0.0010482267508073642, 0.799750920933408, 0.19615015131171096, 0.003050701004073485, -0.09419284494969316, 0.09206823237481687, 0.10555769349772763, 0.7568180736962118, 0.10976649276253037, -0.1106456656706343, -0.12485963895619778, -0.1902919199613586, -0.09456395692265267, 0.058287291614666725, -0.05646691398706427, -0.12063479012737555, -0.00505611505835979, -0.11985971970193728, 0.04338845258554783, -0.01855311270756484, -0.05245106890912806, 0.18632046687265352, 0.7556411443188805
88, 2, 0, 0.0003013670490200259, 0.8008411317152135, 0.19576162647559645, 0.003095874760170092, -0.08604630952815082, 0.087701852845849, 0.09651340716447977, 0.7543368945092606, 0.1081525046553357, -0.11304570498982866, -0.12401850260203913, 0.035447198636635154, 0.03433302932164757, 0.12473096146031896, 0.0045404619457753235, -0.02819762591723195, -0.10560126901193898, 0.03241052756837246, 0.00666150236201381, -0.08035523657129627, 0.14491777402409284, 0.10949039283655806, 0.7556411443188805
89, 2, 0, 0.00032784412049093726, 0.8009730818964639, 0.19551427773880983, 0.0031847962442354432, -0.08257987738885883, 0.08087535980956576, 0.08965991151679872, 0.7561921813902015, 0.11178712319767425, -0.11200650192549311, -0.12287744549890936, -0.08172747322112398, -0.049265936180357, -0.04588016031225868, -0.07527805754195145, 0.11087965334944523, -0.012750443062084166, 0.11305478056640203, 0.16310632536193442, 0.24054335125457788, 0.07418088478512379, -0.02231839578032828, 0.7556411443188805
90, 2, 0, 0.0002938880560525513, 0.8010551159836645, 0.19546450682666341, 0.003186489133619628, -0.07520199448087425, 0.07449211455278273, 0.08490737786128484, 0.7561193688061468, 0.11161549573844928, -0.111376912525783, -0.12535895830948368, 0.020436325089392637, 0.03687021394856406, 0.04446574602958272, -0.09791712596453853, 0.05891539716013981, 0.05145719298782917, -0.03682915918577654, -0.07094155016266257, -0.02506871315537997, 0.004399969716140789, -0.09987479161616454, 0.7556411443188805
91, 2, 0, 0.004945261152251478, 0.8019373106117623, 0.18989589480490973, 0.0032215334310763395, -0.07000199029564239, 0.07264168698910131, 0.07969583623618884, 0.7549547723725175, 0.10885111964783242, -0.11013166764264351, -0.12242055537183731, 0.14532054798741814, -0.07246422046447068, 0.0012198225824975983, -0.12549341319329713, -0.10087771551473342, -0.010867063843161747, -0.0427838785751478, -0.13275329523666377, -0.14528031169947067, -0.010095519605291817, -0.11790361334270591, 0.7556411443188805
92, 2, 0, 0.0006172000329873743, 0.806220350810178, 0.1899099776350661, 0.0032524715217686984, -0.06590765364491132, 0.06430849580168958, 0.07334899420473819, 0.7553744867002741, 0.1103859728284506, -0.11140826779615653, -0.12257538163248252, -0.06583052726853067, 0.11581725190630973, 0.16028571660801388, 0.10872429014707596, 0.16245547953202452, 0.023270096027103913, -0.15484328563466118, 0.00712232707923689, 0.21074738405147841, 0.004102824684310532, -0.048561754555728705, 0.7556411443188805
93, 2, 0, 0.0006965379275459853, 0.806273093189687, 0.18988952171753365, 0.0031408471652332624, -0.06018779457822483, 0.05869548314340893, 0.06465309927737795, 0.7557836074383653, 0.11257600250151933, -0.11043771014085327, -0.12471225426280537, 0.007061065366768449, 0.12762004748855055, 0.0394149554970155, 0.07034624983624917, -0.19355353605956077, -0.01157555828837721, 0.009970777559013579, -0.07665657120437204, 0.010795261159249682, -0.032082972793464073, 0.15374951819880964, 0.7556411443188805
94, 2, 0, 0.0004863385395217238, 0.8064850132387199, 0.18988474535196634, 0.003143902869792003, -0.053250108569119256, 0.054235823409703746, 0.061417607700915346, 0.7574671295132211, 0.11228533559147129, -0.11108532276546812, -0.12298186721373454, 0.03718095534247075, 0.052253475364585286, 0.061259852849214536, -0.010778156953695462, 0.025975118050434225, 0.0033929222996858196, -0.14557537808430848, 0.041249871392464874, -0.07927900129315142, -0.11946108402392512, -0.08644305107548497, 0.7556411443188805
95, 2, 0, 0.0005497658659380181, 0.8069048266785049, 0.18931875926909175, 0.003226648186465311, -0.047959105854349385, 0.04864684536821931, 0.0548033721861743, 0.756231043961854, 0.111382927662343, -0.11058161123006774, -0.12363681396847492, 0.16789108798300678, -0.050646921641074774, 0.14272470567922202, 0.04246573847338746, 0.07386147733489273, -0.06460533421792584, 0.0556429361129242, -0.08718093472389588, 0.01840566877968412, -0.03219195413580066, -0.10596415957206733, 0.7556411443188805
96, 2, 0, 0.0005498123412896897, 0.8069048370518141, 0.1893187022555142, 0.0032266483513819807, -0.043395152389941655, 0.044042539081381546, 0.046868355856587586, 0.7561456887107798, 0.11079981129764335, -0.10917267536619876, -0.12411582879879701, -0.17893340318746168, -0.031152428538177936, 0.08615834298105637, -0.326102823465806, 0.15792593136160454, -0.11974383633312131, -0.17060309606581406, -0.03553034243818245, -0.1473729437983024, 0.04630856071586531, -0.13558306404481552, 0.7556411443188805
97, 2, 0, 0.0025085356527741365, 0.8074860664658201, 0.18672980291710528, 0.0032755949643005376, -0.03773149544283691, 0.036395849644951773, 0.041337720008456216, 0.756377470679199, 0.10980800547800344, -0.11042013280599314, -0.12315869882064819, 0.027273934895594976, -0.06369502789093527, 0.029455080155315828, -0.03683305833371743, 0.14125497072166215, -0.0584682814621363, -0.054801714421671366, 0.008223383135817853, -0.09305263839195844, -0.05477334182865114, 0.02833199647865981, 0.7556411443188805
98, 2, 0, 0.00017490022545781634, 0.8099496570861333, 0.18658631785220545, 0.003289124836203401, -0.030214231684532467, 0.03197296518817988, 0.036505276016782426, 0.7585331442136853, 0.11154645216271471, -0.11052854777274972, -0.12376461909425729, 0.031045588040226512, 0.10231121255433744, -0.12940745148341312, 0.16041717929384008, -0.09933146382402913, -0.012956737542097335, 0.03534321228561076, -0.014563256784369616, 0.004974234888835924, 0.14773338576173306, -0.004520173460677333, 0.7556411443188805
99, 2, 0, 0.0001889893594439075, 0.809963030048638, 0.186556321067766, 0.003291659524152151, -0.024774539512795516, 0.0250072110702461, 0.029863442174756772, 0.7549943678420786, 0.11096097988325977, -0.11059257588851115, -0.12384970010408539, -0.07652216701270005, 0.08012246147994753, 0.010510531710731704, -0.12860258820673667, -0.025411231401395958, 0.1710354963795109, 0.1131530910549113, 0.09937829482485658, -0.06036907861163374, 0.0202668764154612, -0.16170601681789235, 0.7542972499473272
