t, Event, Policy, P(still), P(random), P(reach), P(transport), o(t), s_a 
0, 2, 0, 0.9750299453735352, 0.00048441963735967875, 0.024485625326633453, 2.6209110437491745e-09, 0.5648560745393757, 0.6690212832104977, 0.6922048305097565, 0.02650389527995926, -0.1619248937711355, -0.12820120935609808, -0.0026036665661724133, 0.4870671043986158, 0.39496890293709497, 0.25703975143841634, 0.15198071609678107, 0.008462227579095132, 0.09481089829382508, 0.05016071248147781, 0.05563473790119623, -0.0024833654697155503, -0.0068118220346036675, -0.020745278809702263, 0.05711906686926003
1, 2, 0, 0.8660166846775856, 0.018424576488670883, 0.1155587362080315, 2.6257118673993382e-09, 0.5664688074122239, 0.5691026598913245, 0.6374245373206211, 0.05629667307419611, -0.11055685947152964, -0.10975313232326245, -0.12388213044866518, 0.28772289640381016, 0.3461537617234915, 0.47633287367131655, 0.04917401720609652, 0.17600926756012988, 0.17211383537998678, -0.01640047067114677, 0.12350927674163889, -0.14029636882511035, 0.07093818312234308, -0.10230161769971349, 0.05711906686926003
2, 2, 0, 0.8660046757233845, 0.01842494868350091, 0.1155703729715982, 2.6215164190777805e-09, 0.5632268348644922, 0.5631391059643867, 0.6323112892273839, 0.05758334288226419, -0.11101681417501064, -0.11188060303007889, -0.12410723333031577, 0.29084070886346347, 0.2513964542070884, 0.17461169157311834, 0.03670391326309526, 0.060944526023981926, 0.14050100812815292, -0.10232369354830509, -0.02373753589713136, 0.1678576082115028, -0.03856152635717242, -0.0035713667418134204, 0.05711906686926003
3, 2, 0, 0.8660021419998277, 0.018424957282258413, 0.11557289809640643, 2.6215074307195523e-09, 0.5582990951739513, 0.5588294459604589, 0.6256901135901058, 0.05688722566962209, -0.11079616731500516, -0.11118864405940507, -0.12450384946836753, 0.42033760893740385, 0.3470135687429895, 0.15797824880380396, -0.02417056157930677, 0.08011048386838279, 0.07668948941571964, 0.07360327344454752, 0.0681212356073896, 0.16322373330229362, 0.007020227272655025, 0.04850785769092346, 0.05711906686926003
4, 2, 1, 0.4784027233533416, 0.03140123543879447, 0.49019603852583565, 2.6820282547517965e-09, 0.5518553857751759, 0.5531304323412666, 0.6195312897304643, 0.05761918236930748, -0.11155564958285283, -0.11222161305171277, -0.12306459554250453, 0.23706002097333378, 0.348845758517017, 0.37910738042149916, -0.04716707061347706, 0.3277535654325209, 0.016571472692956037, -0.03923524998044841, -0.0022164675787589238, -0.009633013734418107, 0.09790102538949172, -0.03370064881364952, 0.05711906686926003
5, 2, 1, 0.4784476106429871, 0.03134891533988778, 0.4902034692840078, 4.733117356274258e-09, 0.5492832128736095, 0.4964638202914934, 0.6690852594106991, 0.02577121566765972, -0.20854304283976394, -0.13625943744982588, -0.09624275471712189, 0.23718966917745124, 0.07407547705486248, 0.3075368693659836, 0.016893686884637663, 0.0014919253943731176, 0.0006270124995788548, 0.00046698518975167466, 0.01572407613285495, -0.00024317142700029413, 0.0006154430593291323, 0.00045041367714534857, 0.05711906686926003
6, 2, 1, 0.4658639654276505, 0.03147047932395095, 0.5026655407115846, 1.453681387979298e-08, 0.3900428928690297, 0.8503540809364196, 0.7855040397071077, -0.0030606388303371147, -0.2480475568098684, -0.2782581577401387, -0.17216435955693182, 0.2566429230385945, 0.18994882806257168, 0.5155391427493707, 0.02344525244527992, 0.0008358935633495206, -0.0006151098749037281, 0.000657086115077122, 0.01452785505866328, 0.0004379130654417173, 0.0008422051208615873, 0.0007664101267819463, 0.05711906686926003
7, 2, 1, 0.4658515754192898, 0.03147058052166475, 0.5026778296838487, 1.4375196848048665e-08, 0.5678889684404218, 0.4992145067505791, 0.8035125246551267, 0.20578829865442758, -0.024645964101654982, -0.20144643366903972, -0.13984533249492107, 0.340219457019533, 0.4232097337187651, 0.14317961950458577, -0.014151029859810704, -0.0006971155502268553, 0.0004535881511887944, -0.00055040230319871, 0.015177428223668465, 5.302626983712757e-06, -0.0007632430020108481, 0.00037172256218316884, 0.05711906686926003
8, 2, 1, 0.49078729086010353, 0.003169712590461201, 0.5059945717974739, 4.842475196144439e-05, 0.6583716631876483, 0.3276125098585538, 0.49761198067744744, 0.005399542613037411, 0.09438683998090887, -0.013303097350495684, 0.02940244542023578, 0.3179586784281555, 0.11632488608830963, 0.341841350455224, 0.10238138250754245, 0.00045609691292819324, -0.0002469960722814974, 0.0005521145960991772, 0.014808891579347647, 0.0016899133966375459, -0.0005459001330082927, 0.0018388504625693203, 0.05711906686926003
9, 2, 1, 0.490990796552506, 0.0028372325201469002, 0.506123528743004, 4.84421843430786e-05, 0.5701211801276995, 0.5731301795842205, 0.6106811076469267, 0.09318681769112105, -0.17793978988116074, 0.12759161001113778, -0.04331684473755426, 0.38800030463824925, 0.3052579262095814, 0.16796502746472208, -0.0762954072366366, -0.000951749923986076, 0.0006430984771671714, -0.00023068564466813263, 0.014943032066989917, -0.00043964012071319024, 0.0004399014032948019, -0.0020416565804840677, 0.05711906686926003
10, 2, 1, 0.49044988220981217, 0.002846690970618038, 0.5066549881441499, 4.843867541992137e-05, 0.4330219254657418, 0.7101693415308704, 0.48882572449298867, 0.19575413871968622, -0.1700369857466805, -0.24000500382114734, -0.02701075217282848, 0.48889688807172904, 0.40044157222367993, 0.2481744362103413, -0.0734721378029795, -0.0008352865933913912, 7.386272931627853e-05, 0.0009468269895178589, 0.014473670166365808, 0.0013375838583988989, 0.000373946304183003, -0.0013010641327040767, 0.05711906686926003
11, 2, 1, 0.47618291852276773, 0.002975056259872711, 0.520793382088262, 4.864312909760562e-05, 0.4993639443722827, 0.3783824987038737, 0.6590851633226481, 0.05519048110270832, -0.13506949491831688, -0.04653724612532678, -0.20056236419704315, 0.2352374080366198, 0.3700346798263915, 0.2996130785387311, 0.05041284560797652, 0.001622386328264241, 0.001486543570317558, 0.0010092124708022767, 0.014664111399081053, -0.0003864022429387171, -0.0009800318164049848, -0.0008449016926028814, 0.05711906686926003
12, 2, 1, 0.47564503948966974, 0.002998645552275985, 0.5213075281741892, 4.8786783865026596e-05, 0.5836551835500458, 0.4248804612633874, 0.7061966547614748, 0.09684667845652557, -0.17142457092442198, -0.04323949894944464, -0.21470552287133873, 0.11151102340502679, 0.12473270055872632, 0.27032974894966433, -0.04861838258301866, -0.00028935113005306817, -0.0017582449294275347, -0.0007485596923001193, 0.013203836904529304, 0.0004416843593821134, 0.0006118986852335063, -0.00046313871412635813, 0.05711906686926003
13, 2, 1, 0.47409731988046055, 0.003031117211076223, 0.5228194265162291, 5.213639223407632e-05, 0.4821748550987114, 0.694910736913476, 0.5169956720686351, 0.10175878991925899, -0.019897632905512986, -0.08203526692473842, -0.33882886842864834, 0.15806994989185053, 0.0915733033249817, 0.27196853045051067, -0.014246479917726545, -0.001111374851838589, -0.000965981165738109, -0.0003217371820343936, 0.015623177347662493, 0.0003821464413592866, -0.0009602058633028222, 0.0011612179344949046, 0.05711906686926003
14, 2, 1, 0.46865511477924193, 0.0030557444345309715, 0.5281842963215272, 0.0001048444646999046, 0.4620205823997378, 0.5662925699488834, 0.4251372556986251, 0.2123128139266636, 0.03394282561376603, -0.03058430260774748, -0.14791645110202753, 0.18970787208856116, 0.31412297199912215, 0.1855971326318823, 0.1143101199325585, 0.002480155670876898, -0.0005751408323586475, -0.001385141192324879, 0.017447515015440736, -0.00239398251818569, 0.0007017979093642422, -9.297836928958378e-05, 0.05711906686926003
15, 2, 1, 0.4667896801878471, 0.0030804440910597725, 0.5300204505062951, 0.0001094252147978935, 0.4242600472413273, 0.6356688164208937, 0.4802321423434356, 0.1548467242196879, -0.1349132272035694, -0.05445086339835141, -0.0598029271711331, 0.3357630453234017, 0.1912032797200384, 0.3996621378275448, 0.0775421494852815, -0.0006373728595003132, 0.0005690735999761174, 0.00020385702896412217, 0.015859368699194992, -0.0008080542056377024, 0.0018652217211845667, 0.0005782640528941015, 0.05711906686926003
16, 2, 1, 0.4656658917782469, 0.0031284451307512693, 0.5310919405805963, 0.00011372251040562241, 0.5358150238038852, 0.37886612281948495, 0.5945085002799569, 0.04062097049458403, -0.24412980703607062, -0.17846167810609076, 0.027029452338120263, 0.23647530055195604, 0.23113165629077895, 0.132887652792777, -0.0002791933294315263, -0.0007855209346105433, 0.001832316833642663, -9.473694927454749e-05, 0.016182902107911942, 0.0005476719187969433, -0.001604944409384457, -0.0006655313265493546, 0.05711906686926003
17, 2, 1, 0.1885544176153009, 0.006566284343983876, 0.7976348216282537, 0.007244476412461426, 0.4814194571763152, 0.540119715438864, 0.38175407791818217, -0.10399947922593707, 0.04310086313247028, -0.20570927298415853, -0.18890227945588348, 0.18946714547246057, 0.16447640428113833, 0.3753245897119101, 0.12299867341970668, 0.001158968144898837, 0.0004641025519564069, -0.0022206108403506606, 0.014665907507146131, 0.0009153195983349052, 0.000354389059986058, -0.0017593110272196028, 0.05711906686926003
18, 2, 1, 0.18846709488335747, 0.00652663728616064, 0.7977604140333081, 0.007245853797173844, 0.46097605129419783, 0.46684054978966866, 0.4026550632765737, 0.06881203257992241, -0.21777859939506014, -0.12196696175168358, -0.08458937583114413, 0.38795142325477966, 0.16231882039968357, 0.21959199021768513, -0.0030287593832087067, 0.001007146482951387, -1.2995297041105166e-05, 0.0015501165164712551, 0.014377839120100131, -0.001295433400006814, 3.092834361949913e-05, -0.0003729962714295439, 0.05711906686926003
19, 2, 1, 0.030658508300937137, 0.013040522803906213, 0.9369121513805567, 0.01938881751459977, 0.3315020564684529, 0.48769769591837847, 0.3902675193326682, 0.031170277641840004, -0.015863905578780545, -0.16966896368049955, -0.1703482770877898, 0.2569263821436998, 0.06685982729489207, 0.17853464753136525, -0.004058654655225685, 0.0008924841739330419, -0.000525169333509073, -0.000766932152221705, 0.014080176711488698, -0.0016461430589372681, 0.0008545935974789097, -0.0011218005781504414, 0.05711906686926003
20, 2, 1, 0.0308398409495167, 0.012656094948206907, 0.937087623494369, 0.019416440607907398, 0.4011752567737541, 0.545210753182253, 0.46743098232785274, -0.10637230347924662, -0.23391996119443084, 0.05143283234560196, -0.10877983705071301, 0.16209326931930207, 0.05258315397834912, 0.1936290574377398, -0.060473389875111846, 0.000979050247788476, -0.0006589607635602091, -0.00015670615791837868, 0.014631202638850618, -0.00030253928919047837, 0.00026585905242497865, 0.0016982090452589307, 0.05711906686926003
21, 2, 1, 0.02727043969412172, 0.013001308413988215, 0.9415371664210449, 0.01819108547084505, 0.5239102599554663, 0.35254187516630164, 0.33370026835249583, -0.031440873743256346, 0.012027637663839807, -0.27953767727242573, -0.09117410963516867, 0.22543611709596298, 0.22415935505274925, -0.0008987293936941754, -0.022166645241491523, 0.0012647084289295223, -0.0018938004802847037, -0.001408136090579158, 0.01440005805468671, -0.0009393775756478338, 0.0003865525134369614, -0.00012531618174987973, 0.05711906686926003
22, 2, 1, 0.027154598093050923, 0.01301554471694347, 0.9416195728625093, 0.018210284327496308, 0.5869887740982795, 0.46052778239232517, 0.42361774065188856, 0.044221616399414895, -0.2299519146240283, -0.10986834668433391, -0.06818869652817597, 0.13954912650724235, 0.19922364854049143, 0.2270983028688453, -0.1354127880879834, 0.0007102035960485423, -0.0002753764023820847, 0.0010924033755786242, 0.015836453165348763, -0.0027450052340026987, -0.0005143834013838135, 0.00038210226726986997, 0.05711906686926003
23, 2, 1, 0.022862573863541943, 0.013274044092413666, 0.9448672159682846, 0.01899616607575983, 0.49951036403068494, 0.45184923408623956, 0.34199062953855286, -0.10296759001064555, -0.21450137278907774, -0.24760056050094087, -0.03046532464502686, 0.23625242580637215, 0.20481985711883272, 0.14822399895304741, -0.0075369875717710534, 0.0002650218667280832, 0.00165040749717963, 6.381008257352652e-06, 0.01483267971546447, 0.0007487747466026293, -0.0011269359895954086, -0.0005961738321666381, 0.05711906686926003
24, 2, 1, 0.016711875629871205, 0.013304819457502224, 0.9509868619401959, 0.01899644297243066, 0.42250176994528166, 0.45055323797123964, 0.6593042138419049, 0.13122760330609498, -0.07629306481593631, -0.1710679507319513, -0.04037848634817639, 0.3428257142349914, 0.2816229105293916, 0.11639796538313678, 0.3182249006309563, -0.0012670595826324805, 0.0005373034874361193, 0.0015756822340971006, 0.013576447797845276, 9.863605882475572e-05, 0.0005531957567372523, -0.0006306390840443634, 0.05711906686926003
25, 2, 1, 0.022936655460283055, 0.00107924202698407, 0.9553188307243642, 0.02066527178836876, 0.525322488654558, 0.4245435828382069, 0.4045536508785818, 0.08508637198150096, 0.09952345705502527, -0.050048472492934204, -0.0974712118774588, 0.11107576140765515, 0.09631267419506687, 0.07100571933699591, 0.07172425263378773, 0.001536630266734316, 0.00186214873055449, 4.344333316895857e-05, 0.014915826564296375, -0.0015146738799791718, -0.0012630102592535012, 0.000354544203392687, 0.05711906686926003
26, 2, 1, 0.018936101239148045, 0.0011287448350829098, 0.9592668034746188, 0.020668350451150324, 0.3992097985178384, 0.33840692038925724, 0.4335037400814672, 0.05355494513956609, -0.14236023773864095, -0.10503678008219439, -0.23060851431417229, 0.2795096006328975, 0.3651522090090392, 0.16647533633677672, 0.021030178912578447, -0.0005829942082542464, 0.00024269322450746404, -0.000229613278249881, 0.016421087010407148, -0.0008225157064804557, -0.00023237800711596772, -0.0019889873460475667, 0.05711906686926003
27, 2, 1, 0.001315516910436778, 0.0012566132159489592, 0.9767579922571384, 0.020669877616475863, 0.23678607116796457, 0.5902040880313536, 0.42701593132564913, -0.07785689445720227, 0.01753801378287443, -0.2431072634812427, -0.005608579738354003, 0.368027170564633, 0.48063281254952217, 0.31453590749266425, 0.1176727195604744, -0.0014814384512790342, -8.722338181603264e-06, 0.00016185425393801375, 0.01569141845058419, -0.0009239861027078768, -0.00012386350891222827, 0.002372171141350619, 0.05711906686926003
28, 2, 1, 0.002499310489879717, 0.000600960188776543, 0.9775220278656628, 0.019377701455680983, 0.4012100134102072, 0.37435729663512357, 0.35700791718213254, -0.12152449144007053, -0.25058089240823406, 0.11007458795794478, -0.06282677407586956, 0.191988288078957, 0.24260002416248955, 0.23842469282148443, 0.11537300151718063, -0.00022004873233774985, 0.00010621545251646165, -0.00047981164187158726, 0.014139635822055626, -0.0005519791486611112, -0.00021256036808870406, 0.0016294810926291668, 0.05711906686926003
29, 2, 1, 0.002188611660802656, 0.0006059890549769662, 0.9778275665840244, 0.01937783270019597, 0.3451297096082123, 0.41888628267468964, 0.5168502326628608, -0.058114263817131605, -0.25494806995761937, -0.017974788240331486, -0.1591836222578233, 0.07610845847563667, 0.31198860906955933, 0.30749377919502746, 0.05397654415390475, 0.0010307259652314231, -0.0011975139798882165, 0.0017085268488024133, 0.015452601384629292, -0.0011678877481066277, 0.0008138448690291355, 0.0015586282906238718, 0.05711906686926003
30, 2, 1, 0.001019191007819695, 0.0006176673548840831, 0.9789927107387885, 0.019370430898507745, 0.5009226150095034, 0.3180462762769258, 0.5177926721911673, 0.04058073088883837, -0.02934627029719559, -0.12347902412353715, -0.26408987117146615, 0.219151652772502, 0.3434395634774142, 0.15775665378383136, 0.06622391509208356, -0.00029669826070420006, -0.0020168095806989096, 0.0013309721039022947, 0.01352000505447962, 2.047039162591881e-05, 0.0011931699179241026, 0.001029500910245897, 0.05711906686926003
31, 2, 1, 0.0009721015605222171, 0.0006189278242638682, 0.979037228242801, 0.01937174237241288, 0.5412049800337694, 0.3305312716056477, 0.3952212141326702, 0.06560348519919215, -0.030810705324335462, -0.027199093302854926, -0.2683339965659776, 0.10837611831077298, 0.17200351278289794, 0.2903605740697681, 0.016713396892249086, -0.0007617398796975356, -0.00015574238433136553, 0.0009909035557419102, 0.012703715367805245, -0.0009421778456724412, 0.0009712722830962596, -0.00048380556936476315, 0.05711906686926003
32, 2, 1, 0.0009808178613815543, 0.0006127469751390688, 0.979065709759388, 0.019340725404091368, 0.4595613523124273, 0.6524093870978648, 0.2549781761910493, 0.051332250158123705, -0.17860163760978054, -0.06471799811087582, -0.1838853580432958, 0.10227672747208069, 0.12963811321492438, 0.30385282283669224, 0.05929020299844656, 0.0003439800097232374, 0.0003245168243586398, 0.0008884851231176565, 0.014369352362435316, -9.907643307573671e-05, -0.0012879355993861172, 0.00034144451145515003, 0.05711906686926003
33, 2, 1, 0.0009837875399921073, 0.0006047762310054561, 0.9790751536173723, 0.019336282611630066, 0.40688453063620944, 0.46823246531392126, 0.5257940589710469, -0.06697057851390051, -0.16538995116541377, -0.023180710509130988, -0.024017293100473226, 0.2823327809869567, 0.17759598311116412, 0.036347481028714636, 0.09192075317189272, -0.0012518373589139762, -0.0002680628261468129, 0.0008795816361210365, 0.012654762484316079, -0.0012773514266400576, 0.0004053592682157438, -4.846684543772415e-05, 0.05711906686926003
34, 2, 1, 0.0009431951592645654, 0.0006036465560335429, 0.979116551723591, 0.01933660656111087, 0.4321689744947809, 0.48279976581993694, 0.510877474369362, -0.052963973266688516, -0.07265225157239891, -0.02972937929892816, -0.1985260564154176, 0.24716476693385753, 0.08450574382880713, 0.03683131023718358, 0.02513528570799465, -7.454469365976945e-05, -0.0005038950653063851, 0.00209560451368264, 0.015922621207201303, -0.0011012658032077997, 0.0012778901518881586, -0.0009568095785818913, 0.05711906686926003
35, 2, 1, 0.000942500218480706, 0.0006036940530811507, 0.9791180804847899, 0.01933572524364829, 0.39107145345880034, 0.2889432284850803, 0.4697137344146155, 0.026036373976840187, -0.3481324008684147, -0.13201378090510177, -0.24417966477939945, 0.2445036696552357, 0.1132205883533796, 0.2590608101121947, -0.018411372788120165, -3.035747352619059e-05, 0.000873060979713047, 0.0005257511810078825, 0.014318842371521482, 0.002116098659729007, 0.0001481799075612089, 0.000552607070515029, 0.05711906686926003
36, 2, 1, 0.0009105334678463557, 0.0006065976973492654, 0.9791441379097121, 0.01933873092509232, 0.4438723050384878, 0.2655550700230106, 0.3990971431374565, 0.11728660281484751, -0.0610752335912233, 0.14064182396494185, 0.16424239346133235, 0.20790979456614805, 0.24852332745974676, 0.2778203029008691, 0.15411603172269445, 0.001264328034719055, -0.0018979399074034089, -1.400957288297226e-05, 0.013844214180411069, -0.00014826768494695047, -0.0011231907040369952, -0.0007254298885941776, 0.05711906686926003
37, 2, 1, 0.0011131903591822196, 0.0003314825752602407, 0.9792084747678768, 0.01934685229768066, 0.4658025570447924, 0.37414217717995013, 0.35952628696081296, 0.06031624330503198, -0.17919180025543252, -0.05191184869967208, -0.04985748812640609, 0.15063980178155328, 0.23957089925144498, 0.08868955140348356, 0.05806690270564925, 0.0010122573291036796, -4.611661022016548e-06, 0.00033078036908925875, 0.01598619662894236, 0.0013123393597492187, 0.0004091815528927784, -2.3443139357230785e-05, 0.05711906686926003
38, 2, 1, 0.0012279400944635603, 1.6338399711924775e-05, 0.9793205629331931, 0.01943515857263137, 0.33377329861268307, 0.34457009705845637, 0.39769384551762793, -0.019700536362271526, 0.014554247352818095, -0.07363158310342514, -0.05625033023816005, -0.05893898132694007, 0.13108443287999805, 0.15258737333657443, -0.013978103115586818, -0.0002820853576851111, 0.001321629467507457, 0.000613888360638642, 0.01243870994378618, -0.0013498968378034748, -0.00020193676147606176, 0.0007707741743770865, 0.05711906686926003
39, 2, 1, 0.0001237594798206284, 7.458300590478143e-05, 0.9802037941501707, 0.019597863364103935, 0.2943757875503151, 0.440547106657204, 0.3737023239614792, -0.031363289940621195, -0.07907075934519078, -0.2278788737391037, -0.19407659815007353, -0.09340644152578592, 0.026788537459229312, 0.29438908665098046, 0.056020947107042716, 0.000715338786540818, 0.0010475968313019535, 0.0014962101487624726, 0.016516751016759458, -0.0010602913246704868, 3.5773883462146124e-06, 0.000757176100481314, 0.05711906686926003
40, 2, 1, 2.809081763678337e-05, 7.896078027877579e-05, 0.9802790836475435, 0.019613864754540914, 0.27172517334993607, 0.4934001107017254, 0.39836070145588, 0.005853106335441971, 0.08465007588704357, -0.13578962956019464, -0.0319369178246436, 0.1294521065752476, 0.19880575319564808, 0.28860018510194724, 0.058054482733638356, 0.00019962063451605077, -0.0006714882692987739, -4.0948206149060796e-05, 0.01496423103205508, -0.001540755925506075, -8.579544692066145e-05, -0.0007463792064174681, 0.05711906686926003
41, 2, 1, 2.919398750087564e-05, 7.420785432100464e-05, 0.98028304082928, 0.019613557328898183, 0.28180469793112173, 0.3276456186644591, 0.4766497356378629, 0.18456678326274298, -0.11211252430216852, -0.0383582761517751, -0.10541636850812111, 0.12641627003859696, 0.43372248574853306, 0.21914862485726258, -0.03110093720090773, -0.0008184512663885632, -1.4278882924317386e-05, -0.001069440375070729, 0.014671195141653071, -0.0004417612469238973, -0.0013672421456437662, -0.0007546097832784965, 0.05711906686926003
42, 2, 1, 2.8391899142659246e-05, 7.424976511888948e-05, 0.9802838664991033, 0.019613491836635164, 0.42489827606546804, 0.36096325767295523, 0.374105680119743, 0.0898588476550813, -0.13753202225690292, -0.10891073141599898, 0.05190987344836477, 0.34305519630238196, 0.2823000065141233, 0.16111664632853434, 0.011204152569964657, 0.000288520718938477, -0.0005422400613952495, -0.0004553345180642321, 0.013717226791590108, -0.0008402347747548071, 0.00013794806843867466, -0.0007032500142582397, 0.05711906686926003
43, 2, 1, 7.689617363579006e-06, 7.525667918453935e-05, 0.980297537959543, 0.019619515743908838, 0.3818775288037236, 0.2725532372310084, 0.30584115689326924, 0.009381756383846602, -0.038963413083527056, -0.20108410753289693, -0.07721251094375872, 0.17235238719755916, 0.25018744720824027, 0.08036202983365134, -0.0620517791940288, 0.00011399496054080524, 0.0006973068315370319, 0.0010089297651693203, 0.01352964902084704, 7.824070138337336e-05, 0.0008809318189605684, 0.0015993688345897835, 0.05711906686926003
44, 2, 1, 7.226538785466173e-06, 7.451537195491941e-05, 0.9802986137499593, 0.019619644339300354, 0.2756381131700248, 0.2042489232391156, 0.3815843330173663, 0.037159482449310076, -0.14759128458738532, -0.0053655347231652325, -0.18038345173384515, 0.19063588724938302, 0.035806298633812975, 0.3583671848282277, 0.0007758403966516475, 0.0013162541079361307, -0.0001524237837910915, 0.00018195872734516014, 0.014252820937279753, 0.0018967046203171086, 0.0012469014096944792, -0.0001916145141224186, 0.05711906686926003
45, 2, 1, 4.312412521585955e-05, 3.2065359599042335e-05, 0.9803048350450455, 0.019619975470139567, 0.31518115122364676, 0.3394989399630938, 0.4690928737034038, 0.11059981154181191, -0.18119605261776708, -0.06400122625028362, -0.05356668963644281, -0.11801670099072208, 0.20322169589060915, 0.2374949254327939, 0.11068139952161107, -0.0003426569241372898, -5.5371637810937185e-05, 0.00019946262467784455, 0.014555116623066, -0.0019469196172515898, -0.0008877215241007748, -0.0012593958364890874, 0.05711906686926003
46, 2, 1, 3.335720158669325e-05, 2.2800526017832294e-05, 0.980322427131442, 0.019621415140953488, 0.04183061339701806, 0.3344289917794782, 0.3220715799106023, 0.05388885766433042, -0.07402088999825451, -0.14231392156167227, -0.14484944371784894, 0.13047211567755607, 0.03899936999706248, 0.12123611582564667, 0.18039692821120698, -0.00040978127301960347, 0.0016750091381612753, 0.0018483011842768456, 0.015822151236062013, -0.00029382575053006697, 5.492262494208461e-05, 0.0011711004026490252, 0.05711906686926003
47, 2, 1, 2.741505787590955e-05, 2.312372113593393e-05, 0.9803267517056178, 0.01962270951537044, 0.2609029980120148, 0.4489621647582993, 0.307405524025251, -0.02404990077306528, -0.24933675126871643, -0.1315821036852291, -0.1949405401000181, 0.1869142678588932, 0.11321726286703204, 0.14003385649586048, -0.029081182920261284, -0.0009060622431073526, 0.00032457776926924465, -0.0013818177977117387, 0.015157880823697447, 0.001338532615012814, -0.0006457567104677141, 0.0010488166538038532, 0.05711906686926003
48, 2, 1, 1.7318472618072458e-05, 2.3438093431961578e-05, 0.9803525279124744, 0.01960671552147559, 0.28690110363461474, 0.2541582214570105, 0.2564721161585502, 0.07962140421506905, 0.07245913202201884, -0.09675224361755733, -0.22057948232330155, 0.029995018751329906, 0.42636475555872, 0.3583580579300657, 0.12269872199091063, 0.001469376357664655, 0.0008012911016567037, -0.0006151770333147943, 0.016257450550139975, 0.00017155439186194288, 0.0005447880407331622, -0.0006504029212651208, 0.05711906686926003
49, 2, 1, 1.727364578336799e-05, 2.343022212692745e-05, 0.9803525941212627, 0.01960670201082699, 0.23023483309903758, 0.285145633965102, 0.4339285027853922, -0.04672619322373246, -0.1428413815259949, 0.12898974430557003, -0.19869444433475225, 0.2594361876809323, 0.14562874496840256, 0.21033549194675327, 0.006743734901191012, -0.00021142556127445904, 0.0010367290990061745, 4.2145702854418665e-05, 0.014826660944734265, -0.00010209234526179726, 0.0007933856592218635, -0.00025751439390273224, 0.05711906686926003
50, 2, 1, 3.905102798941159e-05, 2.6807675533628923e-05, 0.9803560483386164, 0.019578092957860557, 0.2600164948379611, 0.2705427534799438, 0.19974744128232394, -0.07970675852140723, -0.277234352506113, -0.2803000871604853, -0.031391330999509845, -0.07633097765395946, 0.14180850387434613, 0.18635616428348487, -0.18191998909634727, 0.0007858895201740483, 0.00017115231694953955, -0.0013027562441253306, 0.015303166593975182, -0.0001788914538994316, 0.002238038904373894, -0.0005784057551580294, 0.05711906686926003
51, 2, 1, 3.446924530971058e-07, 2.905884367159273e-05, 0.9803814838588042, 0.019589112605071166, 0.19405102155531825, 0.37563579592711427, 0.3444913753375297, -0.01639476078177715, -0.13299080885835246, -0.22984957687187704, -0.19199105014547344, 0.11547102703870907, 0.06500211651955018, 0.17898358394132155, -0.026156882444414865, -0.0023519379441081477, -0.0003239019324545175, 8.706332511441644e-05, 0.014312830853538658, -0.0021925109766218276, -0.001521428408496662, -0.001005384580463096, 0.05711906686926003
52, 2, 1, 4.5258168695243796e-07, 2.882276959911903e-05, 0.980381542713828, 0.019589181934885853, 0.2851974584964293, 0.3098002684223048, 0.284396106180361, 0.11434930153723624, -0.09231383300386073, -0.12792250356854082, -0.03965764630782209, 0.23578709461024472, -0.04461697455239795, 0.13527558972883866, -0.02589449083849631, -0.0012822329901629277, 0.0003583741422738938, -0.00022393564607561372, 0.015625393846380696, 0.001090017914126397, -0.0017570400933165041, -0.0009150920046818237, 0.05711906686926003
53, 2, 1, 3.3744197301195576e-07, 2.8835176337909302e-05, 0.9803816158206147, 0.01958921156107435, 0.22915035076715426, 0.24622961570782528, 0.36046899506019836, -0.07974514207697014, -0.14704167692490872, -0.10630919709113909, -0.2587002605699705, 0.07823392052100554, 0.05262350446390942, 0.11599517920155544, -0.1476804359614891, -0.0011653737446998887, -0.0001566764271951734, -0.0014291485388052152, 0.015521310975502347, 0.00033300953316548436, 0.00038651217886433143, -0.0012451470363501519, 0.05711906686926003
54, 2, 1, 3.5930002915837896e-07, 2.8789245898235525e-05, 0.9803816167128256, 0.019589234741246957, 0.32952974527579293, 0.21871006886087266, 0.1320932147769295, 0.08613622058245489, -0.2122359002445664, 0.046844577610733816, 0.03811311750352366, 0.2180331643224635, 0.13405886172399895, 0.1854140619070363, -0.11727525217467831, 0.00030929037109591435, -0.0014826591232516386, -0.0004476432027612955, 0.016556401032967606, -0.000698231827251231, 0.000801838873212192, -0.0006020854327333429, 0.05711906686926003
55, 2, 1, 2.264604369705626e-06, 2.887848038036078e-05, 0.9803828371488637, 0.01958601976638638, 0.31862921423284374, 0.30913833989968026, 0.13187916731668012, 0.04998623462443571, -0.03611572705010674, -0.2486989988793642, -0.14617001530882545, 0.2475453958828529, 0.0663019387430668, 0.0937797324370063, 0.042157903458985624, -0.0005925888490479069, -0.0011626391155809502, 0.0011600427382236513, 0.01499480647773982, -0.000914284296690877, -0.0013098570935344592, 0.0004175201739584653, 0.05711906686926003
56, 2, 1, 3.0179556691597976e-07, 2.8978939019438574e-05, 0.9803845916646113, 0.019586127600802448, 0.3598509089918539, 0.26443989209797736, 0.4061232409018613, -0.13634591396270496, -0.03314577931229956, -0.10463503405391676, -0.09425704978270921, 0.21064092139014795, 0.26966456016327156, 0.12704289431928992, -0.015468305105168681, 0.0002934377151943897, 0.0005708632530302992, -0.00044415734477640234, 0.014405517563672723, 0.0007576022635791026, 0.0021917931664077388, 0.0012083671314837541, 0.05711906686926003
57, 2, 1, 1.468507244134666e-06, 2.6680697156566443e-05, 0.9803855502767583, 0.019586300518840867, 0.21566754064704918, 0.23917519243362376, 0.28271068442863334, 0.05443213417562502, -0.18778393338181215, -0.06077667521696768, -0.18700213404544894, 0.09485254098049413, 0.18306934999074076, 0.01872237621663535, 0.16592715539742547, 9.643673843131285e-05, -0.0007880386447395709, -0.001038041758717775, 0.013769894263696857, -0.0011138242945747576, -3.713603180965128e-06, 0.00036316434498776445, 0.05711906686926003
58, 2, 1, 1.3167373273840594e-06, 2.6681992774066295e-05, 0.980388049334115, 0.019583951935783498, 0.21040446613754488, 0.0986868945466044, 0.2788421911678285, 0.08484693722689428, -0.06650288525963459, -0.06474267364970025, -0.22433035167674484, -0.093178496288979, 0.16657499935030842, 0.12474293217352521, 0.024684978152996168, 0.0008752186558292444, 0.00046850170367482394, -0.0006927275448685698, 0.013029354273366175, -0.0001221477334059779, -0.0005951726093247705, 8.864590222370207e-05, 0.05711906686926003
59, 2, 1, 1.2571815676003117e-06, 2.6683930068211837e-05, 0.980388097141146, 0.019583961747218125, 0.19425183878764257, 0.3847312413030962, 0.3463014909857665, 0.13145406682476468, -0.1685345883224064, 0.011431609283853405, -0.05040278088174438, 0.3049530108000689, 0.11262975794658578, 0.15934003832646476, -0.0013887638947114671, -0.0006241540409860716, 6.903910552399028e-05, -0.0006488418905408672, 0.016875399574278666, 0.0009766045040004304, -0.0002974411027328704, 0.0007298685951168511, 0.05711906686926003
60, 2, 1, 1.0892662555766748e-06, 2.6427793574345654e-05, 0.9803909035836521, 0.01958157935651798, 0.1044937909159038, 0.1945748275987559, 0.3351055398173607, 0.10967582221409507, -0.06868286850768512, -0.061542955781187694, -0.23915505127367406, 0.12207090487831392, 0.12158826006683036, 0.05148935989929215, 0.006201666854830629, -0.0021073564722061127, -0.00019838250365204635, 0.0006228846003456771, 0.01503352349101593, 0.00023807829594112547, -0.001327622816019679, -7.467708046754134e-05, 0.05711906686926003
61, 2, 1, 4.1433344444341135e-07, 2.6435771433505942e-05, 0.9803915734223075, 0.019581576472814582, 0.18432555604679096, 0.31319130493850095, 0.19191112914047415, 0.053724877839340504, -0.09569125598595339, -0.005023473051614147, -0.2903643429959642, 0.24129137910293647, 0.3216819430840706, 0.07903907994637602, 0.14420106981815306, 0.00010907185871378423, -0.0004672766593120666, 0.0008195918385981296, 0.013303662192268842, 0.00033618459269309345, 0.0002648205065028626, 6.538208318122468e-05, 0.05711906686926003
62, 2, 1, 3.478116748650495e-05, 2.6919864302312033e-05, 0.980396182842772, 0.019542116125439213, 0.15275338159486695, 0.18082409982574849, 0.1747302595818537, 0.0703309083776386, 0.0005261133283451791, -0.14321253503313697, -0.024517184235158085, -0.015674178120313974, 0.3315830150679894, 0.2348093494396252, 0.0027480744845742823, 0.0012592133213463965, 0.00092420422393595, 0.00034180767684650784, 0.01427258285348518, -0.0006527224847202805, 5.068610454597814e-05, -0.000395692464604292, 0.05711906686926003
63, 2, 1, 1.2347708622183202e-06, 2.759967627257489e-05, 0.9804243793553483, 0.019546786197516923, 0.005123993325172061, 0.2439786281612304, 0.32312705744939435, -0.12481210592063807, -0.0665530024439968, -0.1270467174711823, -0.08885898687076925, 0.2267232412509493, 0.19581773304959746, 0.02554132776746316, 0.20603029304061055, 0.0014874425750723167, -0.0010773117936746337, -0.000451289864891501, 0.014339124892285587, -0.0013488348150882711, 0.001048975089271096, 0.0011210738724539704, 0.05711906686926003
64, 2, 1, 8.485481886004733e-06, 2.7607022127633003e-05, 0.9804145880693018, 0.01954931942668454, -0.050437832638969435, 0.0607538110302462, 0.15937798948634416, -0.22202609859476707, -0.03855467163169407, -0.3049079217568484, -0.058019701022494, 0.2231578377631304, 0.0476098574383953, 0.09515346294701471, 0.22233385374224063, 0.0011582044865389312, -0.00027193117686909836, 0.00010466581031729062, 0.015467027793320803, 0.001135027432418633, -0.000805124577167442, -0.00032537922464650603, 0.05711906686926003
65, 2, 1, 1.92546556178182e-06, 2.769662917512845e-05, 0.9804154771834953, 0.019554900721767764, 0.15925346375814037, 0.33876378845298066, 0.1217570358278098, 0.007307125859797048, -0.18360103967142793, 0.04587274777287775, -0.02142123791680246, 0.11694252961041814, -0.005118834463431465, 0.019163275857111306, 0.07018772803977902, -0.00020245106371832755, -0.0010167551112106375, -0.001063419081427033, 0.01381366611483345, 0.0020358979033050185, -0.0009756590273599875, 0.0006030956318523967, 0.05711906686926003
66, 2, 1, 3.967284227538537e-06, 2.6252554157585165e-05, 0.9804048505402783, 0.019564929621336546, 0.02054765227409703, 0.23086557827497978, 0.21774262173784856, 0.01117929806495127, -0.2438245610654041, 0.03217389428283712, -0.05543553128864585, 0.08795514217559179, 0.011056393261845366, 0.13077455424356366, -0.07718182376293023, 0.0002308999927215851, -0.0008629988696995836, 0.0003900747085209732, 0.01593875185357429, -0.0008488699739970403, 0.00022092251446048576, 0.0004624537483822411, 0.05711906686926003
67, 2, 1, 1.9018435613145492e-06, 2.636485282413169e-05, 0.9804058800745856, 0.01956585322902893, 0.10973635074258117, 0.13495270821107702, 0.1276815160975478, 0.045463522395913857, -0.20204741225768705, -0.046483101116422995, -0.19712264871089347, 0.2423366847738472, 0.015842678307031777, 0.12152578534629528, 0.038278736922307245, 0.00042341826391594916, 0.0003392761820494109, -0.0006581240990546372, 0.013162682307778586, 0.000912953635856055, 0.0011867061955071084, 9.03931843551248e-05, 0.05711906686926003
68, 2, 1, 4.3267762323343073e-07, 2.643575182465154e-05, 0.9804071109684868, 0.019566020602065342, 0.13827677320842346, 0.1653890560138584, 0.20240561002206556, 0.04389578766897687, 0.06012527285578151, -0.18965086873602183, -0.11304109920869854, 0.17610364160438546, 0.2262858827799405, 0.14076456372185336, 0.07471202586241907, -0.0011348803439972155, 0.00026816667051589305, 0.0003491779417972758, 0.014811677447321665, 0.0003064200063786132, -0.0009230633602833507, -0.0009390071414682738, 0.05711906686926003
69, 2, 1, 1.3524050500078498e-07, 2.6460051475542762e-05, 0.9804073610224427, 0.019566043685576687, 0.1276831822569635, 0.2676552419044106, 0.19040779710212435, 0.32974679365216736, 0.013513056061253303, -0.03659718470150971, -0.2510851188381039, 0.06284059154027986, 0.27669908062879145, 0.15772416182894317, -0.07469212994695631, 0.0021033726949660466, 0.0007212465044400989, 0.0006823819165947085, 0.014885527086687764, 0.00044059465198687626, 7.560404906923722e-05, 0.0003131839008360841, 0.05711906686926003
70, 2, 1, 2.738283392362599e-06, 2.1591954022302293e-05, 0.9804062777197358, 0.019569392042849628, 0.21166804182693544, 0.2138083543150347, 0.21474058320035253, 0.12767087953096462, -0.33928467666803375, 0.022488751721083933, -0.08110103132107571, -0.014258761555695932, 0.014175386741906326, 0.118114438270536, 0.04410944208399275, 0.0007355375841590545, 0.00021132883943519978, 0.00023330828243332027, 0.013908436432304239, 0.0004912996730015996, -0.0005467157709368217, 0.0014634939651473023, 0.05711906686926003
71, 2, 1, 7.34729677870408e-06, 2.332981906431799e-05, 0.9803874987766693, 0.019581824107487752, 0.17237028265911022, -0.006572219680387592, 0.13879126648062684, 0.14605461562028949, -0.14896563801305024, 0.0028906881425288635, -0.16704569847338518, -0.02920702516606035, 0.124809844636997, 0.19680932654232333, -0.07272964134232295, 0.0002804491318987878, -0.0004034689005266892, 0.0003619190026791865, 0.013261957739851537, 0.0009353404468997173, 0.0016066137516745898, 0.0008713258750867042, 0.05711906686926003
72, 2, 1, 1.1051159169990435e-06, 2.3771108335770883e-05, 0.9803918589207975, 0.01958326485494986, 0.24723876776982007, 0.10042505503080204, 0.19251989997090002, 0.1511872669838395, 0.118640562599863, -0.03911705776503135, -0.3001356883941054, 0.11392961939789462, -0.006797163503696824, -0.09277108187751915, 0.052363938735671224, 0.00177034463183455, 0.001803958991970366, -0.0001809656288300386, 0.015066479700462338, -0.001002339148044892, 1.1816878542274045e-05, -9.035913583833074e-05, 0.05711906686926003
73, 2, 1, 2.0599795504682066e-05, 2.4465856135565223e-05, 0.98037703825857, 0.01957789608978968, 0.22237284963194415, 0.1985311373700816, 0.06761730938407681, 0.006036517052767409, -0.27698818998587094, -0.1866905650786796, -0.1130643669398452, -0.01974737567580055, 0.01830436313012581, 0.34919275161132085, 0.08457431597016386, -0.0003907072832138428, 0.00037797808824439433, -0.00017099698507761903, 0.014596465430525942, 0.0014579884826502892, -0.0008079622739123309, -0.0009557950420515275, 0.05711906686926003
74, 2, 1, 1.809829857530258e-06, 2.4969391589876828e-05, 0.9803795003854013, 0.01959372039315117, 0.0564318496757666, 0.32751090811563355, 0.12657203572214304, 0.0462319652850915, -0.11481308368465067, -0.0815688984031446, -0.06495290274165907, -0.05955942731906237, 0.14582563187280667, 0.03757923804707036, -0.015237589497625955, 0.0008410043741930532, -0.001880057954748575, 0.0004063473949821995, 0.014970773124146566, 0.002156912168377045, -0.0009411737298239837, -0.0011734610365396105, 0.05711906686926003
75, 2, 1, 3.756026602396412e-07, 2.507291109192287e-05, 0.9803798696828048, 0.019594681803443058, 0.25051963582731723, 0.19614079668810963, 0.22200870275605283, 0.17926788589280973, -0.23246429133783747, -0.23771181515012926, -0.011388388258377801, 0.12619587737243043, 0.12066637359643288, -0.04280964600424615, 0.023218325840630296, -0.0013737008015331747, 0.0006759295650928638, -0.00031599864504847146, 0.015841486070344725, -0.001276671555726528, 0.002745126173043189, -0.0007991240511865396, 0.05711906686926003
76, 2, 1, 1.3369355116112014e-06, 2.3944583913649278e-05, 0.980380198429496, 0.019594520051078805, 0.12801845496159914, 0.23972898730233716, 0.15322883850322216, 0.0836646363427701, -0.08597204356309367, -0.118217298149774, -0.09488837457066893, -0.06197665204649211, 0.12069584238886093, 0.2637156533083891, 0.046772039749905334, 0.0008717890701972503, 0.001392327067956807, 0.0016560210261290654, 0.014668334415970949, -0.0013226200583388553, 0.0008587281991263334, 0.0011411324848444987, 0.05711906686926003
77, 2, 1, 6.99575230814635e-07, 2.398204464498579e-05, 0.9803803171673307, 0.019595001212793596, 0.2799341059571091, 0.3147089027275494, 0.18820083618833294, 0.07088038257229765, 0.004544101421333058, -0.18860511493895812, -0.07061289132571799, 0.22744082110759475, -0.0036607425003846727, 0.20501761638010602, -0.11585002183432447, -0.0007757681091345207, 0.0001335815805380038, 0.0013277818616211547, 0.016215982896075794, -0.0007899835930974396, 0.00010408863664035694, -4.4198783064249524e-05, 0.05711906686926003
78, 2, 1, 0.009120676591629191, 0.0003715035096415569, 0.9665068135619124, 0.024001006336816937, 0.03877899659925628, 0.2795147722325422, 0.16056579671725768, 0.13972501062517173, -0.08125178624527322, -0.16917633487816158, 0.16105279155786284, 0.04221025927808439, -0.0861969503041762, -0.003638262681593929, -0.021338391848075237, 0.00037604851942660815, 0.0012203166536143585, 0.0009803599600693882, 0.015173592141155323, -0.0007669008488213379, -0.0008043365024177877, -0.0008571448051494004, 0.05711906686926003
79, 2, 1, 0.003190145095575306, 0.0006122466619784977, 0.967539952774048, 0.028657655468398126, 0.18461214203722925, -0.02607995281215427, 0.26948897487237733, 0.0590361217648388, -0.11811878567537101, 0.029652032225250525, -0.05290494411831394, -0.12018133171036079, -0.08515890249560029, 0.057414258459301946, 0.045028661686895365, 0.0018012136204032733, 0.001860185076368675, 0.0021546696724466627, 0.013269181109291484, -0.000381625419712044, -0.00012438980907833062, 0.0018602695660432174, 0.05711906686926003
80, 2, 1, 0.0023657831454459194, 0.0007212959159237712, 0.9671119520577329, 0.029800968880897352, 0.18247011927041656, 0.15505423857777748, 0.05146904120794269, -0.10754106739178224, -0.02073986931428451, -0.16775425066520783, -0.15760998690075784, 0.09502822775461223, 0.0927916012923962, -0.03846727716918665, -0.1413105355140911, -0.0016968082552339693, -0.0008986915163326393, 0.0007910237747876601, 0.013168515053814653, 0.00037870105190575373, 0.00014052126942547686, 0.0006608460660919772, 0.05711906686926003
81, 2, 1, 6.402642401413885e-05, 0.0007737253774275136, 0.9675435818677548, 0.03161866633080354, 0.14535433050502494, 0.033177080606633734, 0.1312643064142105, 0.09380412945461526, -0.0195695402930934, -0.08672057918456014, -0.1381677599785068, 0.1519039469255928, 0.059472757179459136, 0.09042695914205275, 0.0675221962717584, -0.00014931369078538385, 0.0003776363502637359, -0.003108111479022931, 0.01565094691712452, -0.00158386835071814, 0.0006456056748055972, 0.0006560916898371144, 0.05711906686926003
82, 2, 1, 0.00023061069154240642, 0.0007949580549461033, 0.9669870426271894, 0.03198738862632215, 0.05428437105364976, 0.1662904266272045, -0.003053141400780346, 0.04500538896101708, -0.270296498117032, -0.1135692369821654, -0.04822615231998999, 0.0904129054595012, 0.1851606942021863, 0.046412304053586394, -0.06606801408654511, 0.002020262365478298, -0.0021727385131220423, 0.00013557134328269314, 0.013428138602213419, 0.0025138375889225293, 0.0023165682470512885, 0.000627872884327571, 0.05711906686926003
83, 2, 1, 8.665961994067387e-06, 0.000808576970318943, 0.9671306927564952, 0.03205206431119182, 0.1981012083497467, 0.0036427577373771445, 0.26123875378867145, 0.23387237224663923, -0.007626234514061725, -0.0694947523304579, -0.2792887677466921, 0.048228244087831086, -0.07520516232086238, 0.0584033507101168, 0.06941182132868337, -0.001893760913528355, -0.00027268391806298644, -0.0009963449711819553, 0.015075211887331857, -0.00020082188993072667, 0.00013890235639923542, -0.0011667165510318403, 0.05711906686926003
84, 2, 1, 1.1047841310362748e-05, 0.0007954149072543147, 0.9671377286918891, 0.032055808559546206, 0.20331630725440095, -0.07426968016011556, 0.4024655666826386, 0.06557561736839353, -0.03903755540742918, -0.19654264410521982, -0.10184931959541163, 0.02047940421357497, 0.056695411804760135, -0.021458872622426815, 0.06755637434122265, -0.00028322424429025745, 0.0009801558890636009, 0.00044947895212823764, 0.016504063921720595, 0.0016293959423288925, 0.00038149700263351023, -0.0011926027151529495, 0.05711906686926003
85, 2, 1, 0.0019080321459895668, 0.0009440031711000959, 0.9579077606143042, 0.0392402040686062, 0.17316132695997638, 0.16281186716396728, 0.00632417402210308, -0.157644225162003, -0.002134273549984811, -0.09372520465033726, 0.00889691902667924, 0.008400371622378888, 0.07596801988148416, 0.13547973564286653, -0.07381605564414405, 0.0006674508295365096, -0.0009180787702125711, -0.00047020234524408416, 0.013250466279839107, -5.761064078509191e-05, 0.0013397168755384704, 0.00032332169750850213, 0.05711906686926003
86, 2, 1, 9.333472799475261e-05, 0.001040197569187378, 0.9580976274371888, 0.040768840265629, 0.14222220139497982, 0.1054836791224619, 0.12812300659880815, 0.0733731696304906, -0.10910336538853334, -0.13779987223397064, -0.11118421114710948, 0.11706216148584056, 0.13900534675984916, 0.008724773135889268, -0.054154081978214294, -0.0013461954578265563, 0.00023048993845981193, 0.00020390929508645595, 0.016573733797715616, -0.0007074008370229693, -0.0017742444087137648, -0.0008035543371525124, 0.05711906686926003
87, 2, 1, 0.00014465298778514613, 0.001090306559804239, 0.9571511963919913, 0.0416138440604194, -0.08852757389706675, 0.15368056366079746, 0.17203340536773917, 0.02457512323007352, -0.08948250045689712, -0.08920099590562927, -0.14763264806332219, 0.04514927280652454, -0.04615338220602076, 0.11634091807237472, -0.14870748485174895, -0.0030526824745239463, -0.00013971729435456387, 0.0006686580811479239, 0.015788809956179505, 0.0008112788398176156, 0.0016696364608065968, 0.0013800947575868807, 0.05711906686926003
88, 2, 1, 0.00014465090965718898, 0.0010903087113561325, 0.9571511957459814, 0.04161384463300532, -0.04678703575486666, 0.14689711960939317, -0.1087429390432039, 0.0392671381230779, -0.23948615529733006, -0.11180231497576368, -0.23974779785764433, 0.39308488923783785, 0.15028940329356488, 0.20615055143619915, -0.040984457767645366, 0.00044167268496040984, -0.0014565007137916515, 0.0014116394105031145, 0.014994457550605658, 0.0007683417886262256, 0.0013652408319468263, -0.000167450567699457, 0.05711906686926003
89, 2, 1, 5.88108111550207e-06, 0.001101355216226015, 0.9571654547101445, 0.04172730899251406, 0.12645738371064194, 0.04462377283732481, 0.07659675109972985, 0.20374069531107075, 0.031276088394835797, -0.1469334392230702, -0.14161137692655454, 0.09723890062851855, 0.03297208070959594, -0.12407251961511272, 0.003684113726578824, 7.461564328504287e-05, -0.0005937398172544143, 0.0002026378278233673, 0.013127311336921554, 0.0012666737335203782, 0.000692147961575511, 0.0004382652480926733, 0.05711906686926003
90, 2, 1, 1.9366278295355165e-06, 0.0010986471418053553, 0.9571657672849504, 0.041733648945414724, 0.05045739439202577, 0.18235480644736377, 0.1710478313550241, 0.0515354025666232, -0.09107178535786571, -0.08582017071677003, -0.16335603920282302, -0.002206767102049939, 0.05007657848613848, 0.1199300739873755, 0.16867375341220892, 0.00020129821868608084, 0.0005978380743975615, -0.0013222274449564016, 0.014520654407120966, 0.0013380416670971513, -0.0011651646414354746, -0.0009716454804530418, 0.05711906686926003
91, 2, 1, 1.8101199743230987e-05, 0.0010476010493766367, 0.9571708950897442, 0.04176340266113602, 0.13459568313245737, 0.20026058244239214, 0.1349575917782937, 0.087131526761225, 0.01607057066869173, -0.07649027968143829, -0.08411304922249976, -0.04097285502865017, 0.1670380912939798, 0.07702592416356, 0.0456098396004848, -0.0009794485985587004, -0.003075657575940712, -0.0005738808423024372, 0.01404244698223126, -0.00027118488597048, 0.001147478566720599, 0.0010193375874480454, 0.05711906686926003
92, 2, 1, 0.06073402840357683, 0.025872696613881672, 0.7431868089576684, 0.1702064660248732, 0.004975595349098772, 0.1059073783170569, -0.08569593910188242, -0.10186338767731448, -0.012445954121309954, -0.16972955831447387, -0.04976108863569149, -0.09973844196425703, -0.11169332104510991, -0.02276681361222077, -0.09117835080035483, 0.0003915426924325875, -0.0022074733269764344, -0.00017111642242069415, 0.013803413472820996, -0.0007897136539719637, 0.00017789481365070842, -0.0006040709734986163, 0.05711906686926003
93, 2, 1, 0.011722935902922763, 0.03124542945300732, 0.7503597379611018, 0.20667189668296812, 0.061975587117471455, 0.1847643256009746, 0.1197283405731695, 0.04309259087509817, -0.09570283675001183, -0.17252401689058927, -0.057584159893846854, 0.07437197410937439, 0.20761057647702058, -0.07547174758975703, -0.1481917464371081, 0.0001708764213574822, -0.0009274243600117282, -0.0008290903163433797, 0.014988197244481267, 0.00032575322315173876, -0.0019353654248958157, -0.00029007361691134055, 0.05711906686926003
94, 2, 1, 0.0004878455829798145, 0.03194780482642363, 0.7527960421657449, 0.21476830742485153, -0.031906518413748974, 0.16827502868957947, 0.05265011958696749, 0.10879714791105677, 0.06785032986705238, -0.21647756386599068, -0.12141760279471117, 0.044983858628336815, 0.24035107653815624, 0.06476712144160295, -0.07197854261621649, -0.0020081109615086084, -0.001703453730001983, 0.00021285576385492812, 0.015020768925321115, 1.888307686673251e-05, 0.0006332587756506881, 0.00046098986374688627, 0.05711906686926003
95, 2, 1, 0.009863670444926845, 0.007305891666429175, 0.7445636116364409, 0.2382668262522031, 0.029361762725535277, 0.06765334345357835, 0.057754404250645895, 0.27243136322316114, -0.19740943266820438, 0.060865432863406246, -0.06190264859858291, -0.1411949526189278, -0.0025472375550358666, 0.17298693630937678, 0.15422008561034908, 0.0008433527150040983, 5.578417058585679e-05, 0.0008152329301628972, 0.014596309925396955, 0.0006261324671789916, 0.000988972476577382, 0.00046447034774828875, 0.05711906686926003
96, 2, 1, 0.009489685814297419, 0.007337899284631428, 0.744507572704217, 0.23866484219685424, 0.0013562839913656255, -0.05107394195592239, -0.12690857194783262, -0.06017099499054497, -0.14402296290337468, 0.01997345337013805, 0.06799949329906825, 0.17888231191267445, 0.19193174348547046, 0.1319949849586267, 0.13489737151694964, -0.0003255920969959832, 0.0006200841908181725, -0.0005976189401778358, 0.015728850063160018, 0.0004701289997969719, -0.0020391883362470896, -0.00012445059972785013, 0.05711906686926003
97, 2, 1, 0.0006288855121812905, 0.008055804162628064, 0.7466972685555814, 0.24461804176960933, 0.0799901354607749, 0.14825116649661757, 0.05741613824056483, 0.06813355737801077, -0.07522855270799071, -0.2677627681621442, -0.18442082485085265, -0.129721616233896, 0.022649275316327534, 0.08767612730381148, 0.01040024172697212, 0.0020969294410511812, 0.0019832113027108563, 0.0017849823808891198, 0.01438384174320757, -0.0007177454457075531, -0.0011129962735737403, -0.0014043317721975713, 0.05711906686926003
98, 2, 1, 0.0007407149561114106, 0.008375800045288099, 0.7448713886571041, 0.24601209634149632, -0.00567434813109226, -0.10990327377256948, -0.04238595391249132, -0.01222558064862872, -0.09266185517480476, -0.13489638286808237, -0.19243223196620915, -0.072622153039357, -0.04664893922532019, -0.013791124004455304, -0.18837810937759358, 0.0003038075136167142, -0.0005221709667817446, -0.001455109241217992, 0.014931585987498792, 0.00036716747132977946, 0.0015920290867551825, 0.00015470455145206305, 0.05711906686926003
99, 2, 1, 0.0005202406560762885, 0.008526367724159014, 0.7439652295382908, 0.2469881620814739, 0.023139699573557826, -0.11297411584977794, -0.11119104933087165, 0.17476114132453824, -0.22295493471814504, -0.07746751349125727, -0.08811556825217766, 0.03135520487117269, -0.15746082676861795, 0.04155766091681677, -0.005603767471988572, -0.0003120352964022059, -0.0004140123969214699, 0.0008064270212741403, 0.016048383212025064, -0.0018320653364881701, -0.0014477018914569595, 0.0007139869583374571, 0.05916268314808988
