t, Event, Policy, P(still), P(random), P(reach), P(transport), o(t), s_a 
0, 2, 1, 0.024965891614556313, 0.44927698373794556, 0.5257571339607239, 3.203903253812257e-10, -0.5529687822983295, 0.6129070384806636, 0.6718610824345983, 0.7152657441687378, 0.12030471890976871, -0.17136031100317256, -0.22769649333437486, -0.4111954734635631, 0.28106771947555054, 0.3978363022033227, 0.04286144095556381, 0.10281608967018914, 0.19016622096278218, 0.10981697801685719, 0.08607697220000918, 0.17502464402867582, 0.1818766117409872, -0.08413130845163594, 0.8024825610129603
1, 2, 1, 0.02496533541621548, 0.44927036158425376, 0.5257643029995097, 2.0895493068583458e-14, -0.5429070990009545, 0.6478883461786518, 0.5390911608952125, 0.8563825965052031, 0.12753256907260382, -0.07622256887871172, -0.15323182104849592, -0.3651409196007748, 0.3712512567243878, 0.23848835297114857, 0.0952771880390377, 0.0002869573168562467, 0.001347265714737454, -0.0014094014955639612, 0.059947274358889635, -0.0013746278604149292, 0.0001539680871876451, -0.000221456149076092, 0.8024825610129603
2, 2, 1, 0.02491751804710206, 0.44926335408034856, 0.5258191278725275, 2.1877577491700885e-14, -0.4536486490813786, 0.6225047348676952, 0.7024433602254383, 0.8096768118061985, -0.0721521021822549, -0.21402586030468268, -0.1616666953345194, -0.35859490457238263, 0.3121762625348361, 0.3070436722465656, -0.02490388100755448, 0.00016871630349099808, 0.0006662397631770516, 0.0011906227127915369, 0.06058453726036019, 0.00011001893842195775, -9.236391930188063e-05, 0.0008005543004116855, 0.8024825610129603
3, 2, 1, 0.01688172786623401, 0.45039822468958784, 0.5327200474146812, 2.949703418991834e-11, -0.5437884750001046, 0.6026405202647409, 0.5682685107314239, 0.798631024423124, 0.1793662734203485, -0.19787889221548208, 0.04017879329826195, -0.21050387561495093, 0.2451328877591848, 0.4033374413587604, 0.22270411683117408, -0.0005318574092896676, -0.00035093843642295286, 0.00023563338930004748, 0.060849887202242825, 0.0013351878211733397, 0.0003816948973123616, 0.0003242273817034962, 0.8024825610129603
4, 2, 1, 0.005795511840347895, 0.4513951285047812, 0.5428093596172875, 3.758352244581555e-11, -0.5322863497451066, 0.4897053012336226, 0.5205336599886206, 0.8156925354321688, 0.1358662784708436, -0.10665599849253912, -0.17005261406650635, -0.38105579179990734, 0.34939129174742584, 0.30630366515260254, 0.13873004194373156, -8.359204274020666e-05, -9.001129339494148e-05, -0.0005877284075299571, 0.05897609470969898, -0.0015774439230668447, -0.0006536339263153429, -0.00046865596246721785, 0.8024825610129603
5, 2, 1, 0.005795650536465691, 0.4513784489046043, 0.5428259005213464, 3.758354816720788e-11, -0.6410959764780476, 0.5022756808091545, 0.9148901402510811, 0.8361728930999217, -0.04281997355349574, -0.1621886142253802, -0.05127986401227134, -0.21375203648524788, 0.40917853108944335, 0.17554571995591484, -0.029390347916247523, -0.0006766255331106675, -0.00143156710009472, -0.0006149059610223573, 0.06022622225080134, 0.00014952290754943358, 0.0005435178889731111, -0.00011005653937847279, 0.8024825610129603
6, 2, 1, 0.005241512354828031, 0.4513935081126453, 0.5433649794949393, 3.75874036800694e-11, -0.5280672854367402, 0.45170897071590843, 0.583432148651162, 0.744033274986683, 0.03420224569027382, -0.15280081871413018, -0.20349009304454357, -0.3852641229724213, 0.2882986338233724, 0.4339101490080557, 0.13790338442943184, -0.0021955163508749014, -0.001207135301663439, 1.750068836754182e-05, 0.06103005862246271, 0.00023835856863356936, -0.0010429348701528577, -0.00015760263061098182, 0.8024825610129603
7, 2, 1, 0.004975578104171793, 0.4511456149603929, 0.5438788060307318, 9.047033810592893e-10, -0.5880418699403787, 0.4784737558487942, 0.3990330019324156, 0.7598332417963364, 0.10609629082417685, -0.24816671836419185, -0.0683440268063071, -0.17367553199780192, 0.15778435232427318, 0.346780246257942, -0.03707464292784189, -0.0007677299004812813, 0.0008411860318168965, 0.0022007475204913634, 0.059823656847733574, -0.0009429390936585253, -0.0002786239636054424, -0.0011772912136196563, 0.8024825610129603
8, 2, 1, 0.004975573953850259, 0.45114561512050483, 0.5438788100209442, 9.047008052464437e-10, -0.7234288010853784, 0.5688173701755254, 0.7301693757164024, 0.9524391532383143, 0.14803653306972311, -0.3266478680746021, -0.3783333555286167, -0.1970854851007437, 0.3062769565140874, 0.31420633679074544, 0.04557564866836592, 3.111806838728882e-05, -0.0020658972564075733, -0.0002613342756128517, 0.060424935588733866, 0.0015835916206291545, 0.0005597941889891366, 0.0015255071130927237, 0.8024825610129603
9, 2, 1, 0.0037893723021377662, 0.4512037343546379, 0.5450068924367504, 9.06474005510144e-10, -0.4877756992346035, 0.4240624321181821, 0.5194883480413143, 0.7343415270886424, -0.011291310516547614, -0.2308309313901015, -0.13085770608405395, -0.13552400503128584, 0.3921254592434159, 0.3717829808201805, 0.09754370826131468, 0.0008547981403602206, -0.00018438044678032985, -0.000658972009396617, 0.06002441695819023, -0.0013899919229145574, 0.000912844296227445, -0.0012756946917599366, 0.8024825610129603
10, 2, 1, 0.0037410928764984998, 0.4511593497357208, 0.5450995564293986, 9.58382211419437e-10, -0.4374319071388223, 0.4042913073383067, 0.5494008137764694, 0.826597667776517, 0.07423267306822358, -0.17814600770244712, 0.13781154804935633, -0.25343219038831605, 0.23277465905065128, 0.24548205643890914, 0.13402809914691532, 0.0003753968467386617, -0.00040157199415175645, -0.0001293285347208918, 0.057885875957584966, -0.0006741800699263023, 0.00028439373003244956, 0.00047040368512331847, 0.8024825610129603
11, 2, 1, 0.0034274004815325787, 0.45094621961187886, 0.5456263789254058, 9.811828903374863e-10, -0.47627401434472316, 0.32025672079885414, 0.6183719623227342, 0.9157579357406778, 0.1774865108308495, -0.13014456258481832, -0.1916820474671131, -0.1964268148735106, 0.18643921768785118, 0.21352804808769363, 0.04374901884131714, -6.0753239642158615e-05, -9.041565275355296e-05, 0.0009814049004758874, 0.058481046202552824, -0.0010661672017552725, -0.0005515056221026374, 0.0010962341404753095, 0.8024825610129603
12, 2, 1, 0.0034254196553717, 0.4509462337802095, 0.545628345583236, 9.811828888313536e-10, -0.49085676993776683, 0.5340203080792155, 0.6571579227342629, 0.7631846562256909, 0.14082590104725606, -0.15157201294859404, -0.3149091352429988, -0.30539757302849085, 0.2888290292659209, 0.4956486187107112, -0.1611808351303566, -0.0009944929353779932, -0.0017194430190080761, 0.00019271015898769255, 0.060020351906101076, -0.000548399677837468, 0.0013336388844378982, -0.0009372601673743189, 0.8024825610129603
13, 2, 1, 0.002556872690562675, 0.4509943282816555, 0.5464487980465916, 9.8119024789787e-10, -0.6299284516151568, 0.5763589161002003, 0.6128827895610788, 0.9601753606171813, 0.0704746456651567, -0.22272683904611731, -0.16621305498593958, -0.35925611757435855, 0.28446925968808456, 0.42839741788575203, 0.20988210274910873, 0.00021643743212033866, -0.0014594086214616108, -0.00010818819801259006, 0.05888495644065546, -0.001301078147460754, 0.0015328360405595996, 0.0007288847643960927, 0.8024825610129603
14, 2, 1, 0.0025568296549233717, 0.4509918076072994, 0.5464513617565632, 9.812140984367989e-10, -0.389250850857101, 0.6488562974216714, 0.6201873343621529, 0.7188813208500785, -0.0921263793469977, -0.23389800955282647, 0.02564126533168525, -0.197317242757088, 0.3713019252806905, 0.2619897878619026, -0.07665466678610622, -0.0010536917387726685, -0.0011200180521275956, -0.0010265055035247829, 0.05832666848094721, 0.0018047375423617257, 3.5049605487224855e-05, -0.0025024112507226774, 0.8024825610129603
15, 2, 1, 0.002454073429688627, 0.4420390239511563, 0.5555069015248162, 1.0943387542003812e-09, -0.32840592591509565, 0.49531640924464365, 0.565997310793261, 0.6937341640157992, 0.013761235695236651, -0.16612539347001756, -0.1383368789526475, -0.3262329874102389, 0.14010717833041092, 0.29593889619454183, -0.0074950811451883256, 0.0001621103306111668, 0.0019024346263553176, 0.00023148406649600275, 0.060708377709657, -0.0006706529699929583, 0.0018348480399624962, -0.0013575770319431174, 0.8024825610129603
16, 2, 1, 0.00039441741435506994, 0.442119157863267, 0.5574864236278488, 1.0945291807455838e-09, -0.47113557682515017, 0.4453096875792908, 0.6446715613521914, 0.6395991375482435, 0.2423856972697333, -0.13012560739847637, -0.11916172106600627, -0.2755447631364948, 0.2983876170162296, 0.3767687338588742, 0.05169057011213705, -0.00023559013204398164, 0.0011829833037143, 0.0002479617342790613, 0.06108520136939118, 0.0009407640594198543, -0.0007001451774616759, 0.0012479533079172275, 0.8024825610129603
17, 2, 1, 0.00040053291709906666, 0.44180409352382355, 0.5577953688182342, 4.740843237866033e-09, -0.4708110246245566, 0.3099050915018172, 0.5055674653012918, 1.0746580198910458, 0.2049234079397107, 0.014870338236618342, -0.062206386889651556, -0.3324477389952667, 0.07851631368152542, 0.11301874973574359, 0.0023844970767982364, 0.00040875051239803875, -0.0010799060616923134, 0.0013320750234125077, 0.05957862826959459, -0.0003867010618452481, 0.0013376934058838272, -0.000509348475694992, 0.8024825610129603
18, 2, 1, 0.0005042955321246766, 0.44126842425365576, 0.5582272754407082, 4.773511490005703e-09, -0.5728647283270983, 0.7436867584044873, 0.7539290838946089, 0.7064454510086466, -0.05457801158728794, -0.09678446785795851, 0.03757980917027446, -0.26507663679251126, 0.25651378918714884, 0.02510838381890137, 0.006163909619865879, -9.544023196561674e-05, -0.00026893883072477085, 0.0005188629847996791, 0.05831702536486475, 9.117574073659896e-05, -0.00020181133454972916, 0.002052416481172319, 0.8024825610129603
19, 2, 1, 0.0005598675082307489, 0.4401769830390787, 0.5592631446192453, 4.833445282161556e-09, -0.47121841578759166, 0.295925883436741, 0.4653329420375628, 0.8892028143127261, 0.02508230853271164, -0.023539468900005644, -0.04926126452931055, -0.26200340020513846, 0.4433606744926461, 0.2257214591761291, 0.12976772162688263, 0.0010937388015872984, 0.0024884649957782135, -0.0005221898019248906, 0.05993956636618397, -0.0004724374619016953, -0.00014170147696220684, -0.0004282160699054624, 0.8024825610129603
20, 2, 1, 0.0005614551822950021, 0.44008571849683753, 0.5593528214793586, 4.841508754346741e-09, -0.5798185758300622, 0.5514966469416568, 0.5615078141843252, 0.7169929837739072, 0.0804754450637601, -0.11256848677143712, -0.0221703547399291, -0.3692708311800332, 0.251213398208065, 0.21184302909300418, -0.1253714485777559, -0.0008947443328812102, -0.00033287581042068244, 0.000140689553162243, 0.05826898104456738, 0.0005518667828724535, 0.0010542893762218674, -0.00034961106462769707, 0.8024825610129603
21, 2, 1, 0.0004139213570304591, 0.44009166158703233, 0.5594944029251735, 1.4130763772622072e-08, -0.47233189676319726, 0.5022291286173528, 0.39720723837811167, 0.9127908722146458, 0.2569197830191651, -0.13300319450969914, 0.12403230123433948, -0.1579084712245023, 0.10246305936272748, 0.2666812321683957, 0.12949146163636144, 0.00011649808060584899, 0.0004895532133466858, -0.0005933560385112706, 0.06064441861424993, 0.00029194367393322647, -0.0017240818997288723, -0.001575668902601896, 0.8024825610129603
22, 2, 1, 0.00041391300536748696, 0.440091661475082, 0.5594944113895416, 1.4130009096294538e-08, -0.46900455825209486, 0.5088032442709285, 0.4712620101566741, 0.9230354393273211, 0.1296104100677818, -0.26723645823126874, -0.2383479018771048, -0.1867123823374905, 0.2458423025166999, 0.14962072342995877, -0.13982935087673892, 0.0010052565453962544, 0.0005065915254925938, -0.0010748204295880524, 0.05998690468340602, -0.001194831528229039, -0.00099602844403218, 0.0006973980715592075, 0.8024825610129603
23, 2, 1, 0.00036473069336597614, 0.4392243047750085, 0.5604109503192308, 1.4212394712328002e-08, -0.36804419823564805, 0.4443357552649726, 0.6572411289618101, 0.7123762690913413, 0.1544638988953463, -0.059704594409848585, -0.081264334658483, -0.24162590245587312, 0.11780334009563849, 0.18658248153951146, 0.02200011702623183, 0.0003971705504896181, 0.001249910142210699, -8.104513812994056e-05, 0.05948827546517771, -0.0004080308993719488, -0.000635275932741867, 0.0010015455538210868, 0.8024825610129603
24, 2, 1, 0.0003644748537235616, 0.43922348600140537, 0.5604120249360831, 1.4208787981409386e-08, -0.34957863977503445, 0.39586713956198516, 0.40841704535932954, 0.9252764059875664, 0.04742397935207702, -0.34617427753664654, -0.10794556579106604, -0.34839135234440255, 0.18947123273913824, 0.2276992435632877, 0.004123803782212163, -0.0001996783683628656, -0.0008285505113316936, 0.0004487238734855589, 0.05908158940642222, -0.0003747252332966174, -0.00018475866912705575, 0.0008722363825181842, 0.8024825610129603
25, 2, 1, 0.0003744291050612022, 0.43897940610514574, 0.5606461410031006, 2.3786692415555748e-08, -0.6322746716678804, 0.40171924151523475, 0.4723078191019021, 0.8459689783922377, 0.06680146220891932, 0.04401088968697773, -0.18532273123125848, -0.13368779494096245, 0.15893261132955155, 0.08975719858895674, 0.053046459849662365, 0.0011634264417607516, 0.003125853255818728, -0.0001771448978094487, 0.05936815630138822, -4.224098900239414e-05, 0.0010926086671111386, -5.5453082812752945e-05, 0.8024825610129603
26, 2, 1, 0.0003743782077816574, 0.43875034197069157, 0.5608752555702211, 2.425130566750966e-08, -0.5947281002954086, 0.1918559573224429, 0.37422411712791837, 0.7685722563134203, -0.06787400729135347, -0.14943633016149985, -0.2404410977905242, -0.1632268388710399, 0.2750206462599177, 0.23011036673171917, -0.05720876038495103, 0.0005568804987963823, 0.001312569462044996, -4.92760883772157e-06, 0.05953117684787186, -0.000790308278802333, 0.002175476626396384, 0.0005318759961626915, 0.8024825610129603
27, 2, 1, 0.0001889729450728082, 0.4387583758552509, 0.5610526269390513, 2.4260625007188214e-08, -0.3711983496352699, 0.4921000326248485, 0.3571189210845259, 0.8252196919488547, 0.1375067611014444, 0.04232718043506607, -0.16263641266322257, -0.1489005354892486, 0.36066067166426913, 0.37055841690022745, 0.015964617247380825, 0.0013821456777067126, 0.0008416130658087113, 6.846930900644956e-05, 0.06087260435829315, 0.0012243616274985026, -0.00018432338675010914, -0.00015456797393880863, 0.8024825610129603
28, 2, 1, 0.00010818635657768841, 0.43584684636943355, 0.5640449428028793, 2.447110957135634e-08, -0.44050003574930835, 0.38824291208068135, 0.5938522238875021, 1.016751992740817, 0.12111276876761916, -0.0006078012193725168, -0.04778460536995296, -0.19160425685991533, 0.12639629953514656, 0.29017129457721835, 0.1417272268121182, -0.0010008727204036095, -0.0012967368424315214, -0.00044464046074307146, 0.059615580632868495, 0.00030481789557271194, 0.0008176441525263591, -0.00012087586655150865, 0.8024825610129603
29, 2, 1, 0.00010896618732418488, 0.43340607809969417, 0.566484930870855, 2.484212668120615e-08, -0.5222081481498049, 0.3353853365210299, 0.5178005907637079, 1.0209533441659113, 0.03013689871068226, -0.17496655277411924, -0.21689270681361802, -0.036501068609618124, 0.13335427849849066, 0.2538257710302189, 0.013836811464250132, 0.0007262572336157805, -0.0009912962235474271, -0.0011936433328891423, 0.060412804431075676, -0.0005071979875438959, 0.00012909951729823764, -0.0006374836206047309, 0.8024825610129603
30, 2, 1, 0.00010904544427196702, 0.4332765811342849, 0.5666141464339982, 2.2698744476835104e-07, -0.7136084658651807, 0.38578472945360087, 0.26785215636438453, 0.8243519741293864, 0.0654349348066705, -0.2783902942374071, -0.09769347921913382, -0.03602466859904572, 0.1592566143422391, 0.1780985328983702, -0.019144762318435822, 0.0026527185771600486, 0.0006234731027393322, 0.00024197302532222913, 0.061356091812457866, 0.0012501126371116673, -0.00045326320235940487, 3.2859070141445898e-06, 0.8024825610129603
31, 2, 1, 9.499543445004364e-05, 0.433272995889142, 0.5666317816474816, 2.2702892633281207e-07, -0.3596542085445181, 0.5160641926620453, 0.4254632992726183, 0.93555839203554, 0.14127744059649222, -0.06788685951361151, -0.06336636854976867, -0.23083062926842804, 0.1619286604192872, 0.2947805492306452, -0.14502032088585087, 0.0005165256295866217, 0.0011018366899585182, -0.0004433294934474549, 0.06062116013264647, -0.0007718538155055015, -0.001098144545827947, 0.0005944565749903108, 0.8024825610129603
32, 2, 1, 6.918050981042708e-05, 0.4316573562552842, 0.5682732368566339, 2.2637827153788836e-07, -0.4828451147089165, 0.3160096397130189, 0.4674468640044491, 0.8100765301179438, 0.014019564748431834, -0.09509856928416827, -0.2174620482257854, -0.248391283797936, 0.07530057837037166, 0.33494344712267565, 0.05313832868239271, -0.0006469090273297502, -0.0008047262537390651, -0.0005124204870946912, 0.06062223787211672, 0.00018737102033349973, 0.0007517271306691738, -6.107785264256973e-05, 0.8024825610129603
33, 2, 1, 7.400632257429148e-05, 0.43103531674048373, 0.5688904492387832, 2.2769815892429198e-07, -0.2654829933592853, 0.3469023378669576, 0.5298477890236445, 0.8092894010648377, 0.1303913242442501, -0.07279396719202776, -0.12476430177372404, -0.18123842679782448, 0.2807950363106012, 0.13134461789667232, -0.023650112305326876, -0.00012468519533992848, -0.0008797594702901425, 0.0008679899248776098, 0.05850154879840509, 0.0007734554952414801, -0.0008219799497040877, 0.0018707286853491645, 0.8024825610129603
34, 2, 1, 6.608219047867036e-05, 0.4310356308051907, 0.5688980593110791, 2.2769325174748695e-07, -0.5249380759361182, 0.32486536625752765, 0.35849140071390473, 0.9704695534709155, 0.31416813983387826, -0.000463762262209233, -0.07255671641243071, -0.2035130678357981, 0.35192452345309866, 0.24565645277506828, -0.09078090584079003, 0.0008590988479374971, -0.00019318530940922083, -0.000866514308925971, 0.058434182720192164, 0.0007039301978727386, -0.0028260468160911166, 0.0029063102228845746, 0.8024825610129603
35, 2, 1, 6.400886310385877e-05, 0.4310298652503049, 0.5689058981915396, 2.2769505161188538e-07, -0.3120382526356437, 0.29702449561274485, 0.5089085586802456, 0.6238444805699672, 0.12161818023556337, 0.06654447333203321, -0.036905286015829444, -0.36242124936030395, 0.3977192163065547, 0.1099651479399902, 0.030945584418798716, -0.0006000942479004293, 0.002329942742757511, -0.00046811399600882656, 0.06141106170087213, 0.00048344537083089886, -0.00016806649721291307, -7.438267210567677e-05, 0.8024825610129603
36, 2, 1, 6.477861108838186e-05, 0.4308142570843719, 0.5691207305866542, 2.3371788560728722e-07, -0.15174004790264295, 0.4297460026313244, 0.35948828404667077, 0.8170922189739487, 0.06045558737274651, -0.1153386636353196, -0.23624719821079782, -0.2581792170254756, 0.2547891331075546, 0.08039692623060705, 0.1296565429443162, 0.0008289635770933595, 0.000541546884474002, 0.00025760630461567184, 0.05775271722676917, 0.0006859718139092724, -1.9665688897864022e-05, 0.0016860793619294494, 0.8024825610129603
37, 2, 1, 6.470537136086483e-05, 0.4307846618343219, 0.5691503989694546, 2.3382486259041504e-07, -0.37919770228567784, 0.2983814822368006, 0.4923974016114695, 0.8852133811998012, 0.15672648388194826, -0.30132800624543005, 0.08962222025983908, -0.242227640279928, 0.13381996285742348, 0.2239921155157055, 0.11869551159892988, 0.0009282273167581691, 0.0004993153356201922, -0.0012119231538634525, 0.060844760220725956, -0.00013012842625181043, 0.0014416972983804482, -0.0011415842835484486, 0.8024825610129603
38, 2, 1, 2.9804850338059092e-05, 0.43079373103469243, 0.5691762302597814, 2.3385518808377216e-07, -0.4934639670490647, 0.37103919117589623, 0.4452391463169926, 0.616455034827108, 0.2852895874244238, -0.13991201253003366, -0.0021813651968807025, -0.2367274379563403, 0.14841209988732593, 0.23905842565652863, 0.11169870403351616, 0.00015644044445855474, -0.001331926175954999, 0.00044158677085954807, 0.05890812921313611, 0.00018858500337870927, -0.0009570854831893371, -0.0010882169971625848, 0.8024825610129603
39, 2, 1, 1.913601407281094e-06, 0.43072412820121664, 0.5692737242632032, 2.3393417295243873e-07, -0.25685964219280377, 0.2949762224554514, 0.41357195497629223, 0.7447866003142545, 0.1936237837986458, -0.012201887036198567, -0.13911573354069426, -0.25565221128936083, 0.23736191885529187, 0.2585959145755964, 0.048236605582740184, 0.0010660569129495256, -0.0004929776881139199, 0.0006084708384124794, 0.06053683065793364, 7.718092699691223e-05, -0.0006062410816926692, 0.0006571386158227713, 0.8024825610129603
40, 2, 1, 4.1353993949133396e-05, 0.42706899570649076, 0.5728893476118159, 3.0268774420303453e-07, -0.4277072723023532, 0.14988195698931112, 0.4504159664229226, 0.8791011586927315, -0.02699392165649426, -0.1586607649929665, -0.1272797579399113, -0.10765326080572266, 0.15735733434213478, 0.1937161749821392, -0.0297164094572299, 0.0014358983592717876, -0.0003000063153525441, 0.00026617381589566107, 0.06135148482995425, 0.0016224001064294527, -0.001995583112422701, -0.0009478793680174858, 0.8024825610129603
41, 2, 1, 5.942883981278774e-05, 0.42489045866754344, 0.5750497083365759, 4.041560679450973e-07, -0.25414853124390474, 0.39090409203853466, 0.3665620577709764, 0.6181394632386807, 0.08385609575335103, -0.07138343047589633, -0.12260920519423688, -0.19345053354471647, 0.06953140228996486, 0.21171950241438348, 0.08748864129170345, -0.0007449731299699439, 0.000594658230889175, 0.0006599456297489473, 0.060153926187506666, 0.0013834450008374892, -0.0007900484266533643, 0.0010109961289956504, 0.8024825610129603
42, 2, 1, 5.942921751265876e-05, 0.424890044786391, 0.5750501218412465, 4.0415484997274533e-07, -0.3179536282798433, 0.20732239983993012, 0.32432263373682624, 0.6428955747670351, -0.07166856627804497, -0.10334265500032183, -0.38405932852216274, -0.21222127869253024, 0.32035173837348035, 0.10265409459499582, 0.011072967812777168, -0.0020468874026758283, -0.002312206640701938, 0.0006446837471373375, 0.060394609153669766, 0.0008189713367657446, 0.0021600030069427855, 0.00036925706780820334, 0.8024825610129603
43, 2, 1, 4.567146949469875e-05, 0.42487913627282897, 0.5750747844518336, 4.078058428596706e-07, -0.35583525938383936, 0.25039921395854414, 0.33834976283627893, 0.6777822710790871, 0.11510814191109586, -0.0026707220022846867, -0.03389845250246507, -0.21698512648203358, 0.17529615040410396, 0.18357617157687342, 0.2843757674559221, -0.002483068286293772, -0.00037419855029069036, 0.0016798225534202366, 0.060253413426393475, 0.00037395852947945954, 0.000247445907335211, 0.0010905418409891915, 0.8024825610129603
44, 2, 1, 3.9982771399275854e-05, 0.42486539901628223, 0.5750941946817456, 4.235305727576092e-07, -0.16392187448942686, 0.22722168995707692, 0.24373051159283038, 0.829395396344349, 0.23587839529200724, 0.05754187693767425, -0.049881085205284524, -0.2747627217208177, 0.27802434479284627, 0.09284170796803157, 0.21059787855323556, -0.0007511088728128901, -0.0007525268408323646, 0.00018866924522783094, 0.06105678232070433, 0.001532025533047252, -1.0813064939436865e-06, 0.000836726126729756, 0.8024825610129603
45, 2, 1, 4.1516349089320175e-05, 0.42385969212635827, 0.5760983721492636, 4.1937528875120816e-07, -0.42677575461372685, 0.4876467933259187, 0.4478314247888694, 0.7649423870448233, 0.0357408351534517, -0.10900840131138287, -0.1731046273700249, -0.08782905300969898, 0.11437807748594364, 0.3101394127787492, 0.17251839673487485, -0.0011250986327260126, 0.0013327484784821804, 0.00033993374276850355, 0.05963157023988071, -0.0007334007313695358, 0.001362375483000109, 0.0006540458740904663, 0.8024825610129603
46, 2, 1, 3.74697622923379e-05, 0.42380835210256856, 0.5761537585348814, 4.196002575449097e-07, -0.39859568459953565, 0.2777732170486781, 0.32202306658447605, 0.6693325891039004, 0.14817733807550443, -0.15462040489133, -0.2052729442302912, -0.155427027342881, 0.31950912051754454, 0.22706830100535372, 0.0012365359159569017, -0.0017458389848923315, -0.00010985807583334391, 0.000236747401691215, 0.061188633446329646, 0.0011651732945685452, 0.0009270293569212508, -0.0011967547165526154, 0.8024825610129603
47, 2, 1, 3.877368811680741e-05, 0.42370651867458003, 0.5762542868008034, 4.208364997849896e-07, -0.5206964448590602, 0.1419379703431012, 0.5124605838376171, 0.7517265551784904, 0.059817081649868806, -0.13992085766963264, -0.11523853620802196, -0.2572794768603255, 0.17759276899144, 0.08697528498372457, 0.139879845784951, -0.00024157557062462988, -0.00043062344007660514, 0.0009134024638131893, 0.060061712423001734, 0.0006279876778880373, 0.0010044670905323461, 0.0003896077149179181, 0.8024825610129603
48, 2, 1, 3.861308564846143e-05, 0.4236884773834457, 0.5762724886941456, 4.208367601641846e-07, -0.2976957261996379, 0.3736648446149365, 0.4019556617192997, 0.8430512273187263, -0.07403508557150396, -0.21444748046410173, -0.19298738878373273, -0.30614819645547886, 0.13405569482052904, 0.3588173045824089, 0.10162927233406778, 8.420500375974474e-06, 0.0011157064729375571, 0.0014024718008780412, 0.06091717770714037, 0.0002325986619428233, -0.0006932677339405271, -0.001245658038807869, 0.8024825610129603
49, 2, 1, 3.8423117998413166e-05, 0.4236807096027906, 0.5762804471476075, 4.201316036546558e-07, -0.18443716747673614, 0.07506097341187634, 0.3414179392211394, 0.7472997924096122, 0.07806558223375196, -0.3652483566989622, -0.17426725291534365, -0.0082228971995691, 0.2637967430362029, 0.29336427157328926, 0.01669408883712698, -0.0011610416526711069, -0.0005583197963590704, 0.0019023016811219359, 0.06104846030348452, -0.0010794835042823008, -0.0006398125392799531, -0.00021283685077865894, 0.8024825610129603
50, 2, 1, 3.842184812406426e-05, 0.42368070894944293, 0.5762804490612501, 4.201411829958022e-07, -0.2737397768616213, 0.3590426956082927, 0.298335586875757, 0.8466107264334152, 0.11706560289411452, -0.17205548046053273, -0.15839307525349977, -0.20828611837800232, 0.19392595700551923, -0.010486898953102553, 0.05224958046155227, 0.0010859373679919279, -0.000800269854863898, 0.0005539123147586166, 0.05932309987647283, -0.00019023886330599382, 0.0004644180255449225, -0.000997926065263858, 0.8024825610129603
51, 2, 1, 3.8930653374532614e-05, 0.42361358506515007, 0.5763469729261531, 5.113553224652699e-07, -0.28855787976298003, 0.29481404128290556, 0.36448900407628104, 0.7178225522470738, 0.1717861420066868, -0.1366854000927541, -0.03171134087104678, -0.2443376198818905, 0.20290580631825686, 0.04078936023629169, 0.10406891095667485, 0.0006608149978058594, -0.0009876812355442634, 0.0022737430765910095, 0.060470907799008454, 4.805704408339496e-05, 0.00030944839220584027, 0.0008287691661275128, 0.8024825610129603
52, 2, 1, 5.59243987996523e-05, 0.4235396611365765, 0.5764025956011838, 1.8188634400304866e-06, -0.2489571755533475, 0.31166711722561563, 0.19559565224390135, 0.8333501647047126, 0.042086323651897004, -0.010617462933127242, -0.1319504583860124, -0.18652657724537824, 0.19915386911286848, 0.012974135221464733, -0.0814392222954845, -8.593774911184455e-05, -0.0006708436836493986, -0.0007071640155713979, 0.06007608646092764, -0.0009966829498845148, -0.0006252148203024198, -0.0009721790088555026, 0.8024825610129603
53, 2, 1, 3.955703764076988e-05, 0.41927191439246775, 0.5806866532211709, 1.8753487206302221e-06, -0.33349933292125417, 0.29634402804726684, 0.4012987075327423, 0.8333540929233717, 0.17993726163466275, -0.1336976489602417, -0.09274717258358137, -0.03680617983484839, 0.09026079307263339, 0.2953281308806567, -0.058092049767503304, -8.237540697378682e-05, -0.0012081912430982442, 0.000519593628759841, 0.05897738955198828, 0.0003088331261643422, -0.0001726121616986875, -0.001116142743677224, 0.8024825610129603
54, 2, 1, 3.955017697555725e-05, 0.41926084898065724, 0.5806977228145906, 1.878027776718952e-06, -0.08178550505768764, 0.31635276944703034, 0.2566868417899546, 0.7260449413628209, 0.03721471421708494, -0.08818371117293819, -0.20445924317062522, -0.19265467343412665, 0.25561390669268214, 0.10840290100458363, 0.17888852370396005, -0.002268746613266245, 0.0021754970616188777, -0.0002722566001038557, 0.059071447158385505, 0.00039663866187908446, -0.0006282685738649744, -0.0006305997979490608, 0.8024825610129603
55, 2, 1, 4.034216591913413e-05, 0.4191081059439127, 0.5808496666389137, 1.8852512545049646e-06, -0.2644400239071751, 0.20437007373336963, 0.24801488727182344, 0.7131373070639004, 0.04882878936474035, -0.12749455426347095, -0.25646788442967833, -0.40086746764186837, 0.07806035382356485, 0.11344572053220978, 0.012888495835872154, -0.0003866241262624795, -0.00048767627154842186, 0.000739780689203961, 0.05773826743391425, 0.0004357427616663421, 0.0001670318107371349, -6.626722801363839e-05, 0.8024825610129603
56, 2, 1, 4.0669313460480865e-05, 0.4187801335696927, 0.5811764963299294, 2.700786917458868e-06, -0.292327859180979, 0.2272452235508219, 0.4318605883518757, 0.8341719748447849, 0.24401995148686684, -0.1453335898522802, -0.15657629121840536, -0.08126057585916738, 0.10090392713144451, -0.024471858756215138, 0.03719510560493013, -0.00029136546500266536, -3.6503835997819195e-05, 0.00020257218086248903, 0.05883280942712912, -0.000353834345343216, -0.0011342396026934908, 0.001422455176815847, 0.8024825610129603
57, 2, 1, 3.8377461234571765e-05, 0.4177589979449472, 0.5821993407413191, 3.283852499247405e-06, -0.29768397522424905, 0.37072252539237055, 0.26734376279339234, 0.872006328033839, 0.13413272648568775, -0.12939285569344808, -0.2030689262264119, 0.08771716291705293, -0.029348915737316638, 0.1729355357205525, 0.10471710752281785, 0.0007867939383672439, 0.0009401344659588801, 0.001821640569166606, 0.058560961561977584, 0.0005009944541430557, 0.00036611866280882624, 0.0003361910954875493, 0.8024825610129603
58, 2, 1, 0.006219019422184962, 0.30851963690978224, 0.6851714802129582, 8.986345507473399e-05, -0.29910136733121784, 0.062334533769774644, 0.3435601370695126, 0.7248286978523247, 0.05499925867603365, -0.047517247880842925, -0.1064686513425458, 0.02927478165217188, 0.10182057132404769, 0.15494934629057439, -0.06653814902486674, -0.0012318813954412626, -0.0010845475678610728, -0.000766703966991315, 0.059652860010354206, 0.0005161627220550894, -0.0012963810189407308, -0.0006775981797209802, 0.8024825610129603
59, 2, 1, 0.006218983616485753, 0.30851865468198597, 0.6851724986365338, 8.986306499441388e-05, -0.24266231907070607, 0.40586552979785767, 0.491093934109539, 0.9270435102136517, 0.01383210444533899, -0.31283088255226477, -0.22827068065414133, -0.2452568546234411, 0.18026478917868527, 0.1781472671996228, 0.11279000417822078, -0.00025943001000911317, -0.0011031703592969835, -0.00027422957488860235, 0.060263666429062404, 0.0007009310149836066, -0.0004431902338220196, -0.0005641470140506913, 0.8024825610129603
60, 2, 1, 0.011066653678720072, 0.14239308903139652, 0.8222377387154071, 0.0243025185744763, -0.3796951318153411, 0.16219560743074307, 0.22263217140697983, 0.6691455281221377, 0.28889303522919973, 0.06064040792308441, -0.002224756528457594, -0.15836781552263052, 0.09951434955092202, -0.0025617274593916716, 0.10633129243800324, -0.0005286944542855157, 0.00092825643368319, 0.0008929118521729916, 0.06138920744606245, 0.00030194938909088276, 8.371744251980698e-05, -0.00058502537801402, 0.8024825610129603
61, 2, 1, 0.013548371897121334, 0.13399912379135687, 0.8271654805460881, 0.02528702376543369, -0.18646847626649432, 0.34234048457600724, 0.2630288351138854, 0.8056437143598556, 0.10502898740106485, 0.02159753243120497, -0.06573765939963906, -0.05520167231447243, 0.06738918014723085, -0.045966563566737915, -0.016157555679826602, -0.0018591797425786857, -0.0006561780092791345, 0.00157126768728011, 0.059493757095206955, 0.0003235956041996342, -0.0008086057202811878, -0.001031871040259012, 0.8024825610129603
62, 2, 1, 0.012451823839463047, 0.1332887424761666, 0.8289710997407684, 0.025288333943601964, -0.2352200085951326, 0.1304343606115713, 0.24207985338274557, 0.6605538881454545, 0.030212108081056278, -0.08025438266925573, -0.059886850913369524, -0.13205224017659697, 0.26043751613726673, 0.13192931067485014, 0.14256560039472385, -0.0010978948822826478, -0.0012939857400346391, -0.0012448020415747516, 0.06072762770150142, -0.0009400438068218663, 0.0002900998964730998, -0.0013337918800263554, 0.8024825610129603
63, 2, 1, 0.01245179806211623, 0.1332888867996596, 0.8289716155063712, 0.025287699631852942, -0.20561144406253576, 0.26571775095315303, 0.30982023889560034, 0.9024588702167445, 0.32617623310700855, -0.3589103759841617, -0.13314797062413553, -0.08106988444025412, 0.17784151737994822, 0.13356476216735103, -0.14904256916839295, 0.0023392364851940804, -0.0015795199399299218, -0.00013856736545530467, 0.06064845491253298, 1.157617127461118e-05, -0.0006369694176343373, -0.0006080483764360294, 0.8024825610129603
64, 2, 1, 0.006150013070592393, 0.13394668999413337, 0.8346818762985054, 0.025221420636768858, -0.25132268632513016, 0.12011548860860972, 0.23004329739214358, 0.7200051711711553, 0.004872416522765599, -0.12989148810630732, -0.08272881590286789, -0.02557950881410683, 0.03605071500612252, 0.25284050660422147, 0.1064056901376941, 0.00015498137531755706, 0.00021287840271722556, -0.002240758178813497, 0.058465083676310245, 0.0002727999428835147, 0.0005407996153851775, -0.0008938141843102888, 0.8024825610129603
65, 2, 1, 0.006146903072783433, 0.1338783536821216, 0.8347527911322422, 0.025221952112852667, -0.27821693739197356, 0.07718594000870552, 0.2690844874422659, 0.7863658755303462, 0.19878976703366352, -0.1875685537337241, -0.14976968598900103, -0.2603916368995289, 0.088484613936708, 0.01942882391708962, 0.009249393932853744, 0.00033575002985264396, -0.0014554212221029798, 0.0006303047913162178, 0.0605448724037716, -0.0004675358083393224, 0.0010744228835698716, -0.0016529628132823013, 0.8024825610129603
66, 2, 1, 0.0061469030702620145, 0.13387835408306256, 0.8347527908775452, 0.025221951969130227, -0.1505355180840294, 0.13382542819711674, 0.12043980970385275, 0.8328600780965516, 0.0892564769828585, -0.34989640301914887, -0.35836014984574216, -0.2046657028747349, 0.1363476367389777, 0.05831876262115852, -0.19489564083468056, -0.0004432769977915755, 0.0023365076793990486, -0.0012736359105294747, 0.05868554428067493, 0.0007808884244003376, -0.0016303114058559317, 8.382024342925892e-05, 0.8024825610129603
67, 2, 1, 0.006130341691853211, 0.13388264388432544, 0.8347649615315252, 0.025222052892296152, -0.3544756597001787, 0.18999396509650826, 0.1469747178478332, 0.7354875812968947, 0.11272708326551695, -0.2670306394666734, -0.08179240613652156, -0.056502475828945145, 0.15797993179251962, 0.17122780051217434, -0.032618670888808696, 0.0006625237336387631, 0.0009367327958853934, 0.0004919465984566733, 0.0614633473105205, 8.81528076312457e-06, -0.0008717123531480802, 0.0009779199760511091, 0.8024825610129603
68, 2, 1, 0.006123967906519324, 0.1338835961171621, 0.8347703890339919, 0.025222046942326517, -0.1993776719960209, 0.14957994938831126, 0.22816311444113357, 0.6666833272194934, 0.05198957130156547, -0.2793049167118288, -0.1895174874366971, -0.2648722602979499, 0.06579772189100819, 0.19775554941212287, -0.011261081996760229, 0.0009262372081509067, 0.002834411727671128, -0.00020485465231809302, 0.06063446014267145, 0.00030373150132759067, 0.000977888413951729, 0.0005021153024558462, 0.8024825610129603
69, 2, 1, 0.005875253577936951, 0.1339430707481724, 0.8349494760309365, 0.025232199642954103, -0.22321808525066608, 0.3283012458803052, 0.048272976310211636, 0.7434440355545747, 0.11955214027207725, -0.08132956412817903, -0.06193895226058427, -0.09814693370977287, 0.08649638378053852, 0.14781208542186391, -0.05916281199421954, -0.00182830301642626, 0.00020190215988859786, -0.0016457592035928, 0.06050116428628462, 0.0004883816623913538, -0.00012487705652823125, 4.549591090327004e-05, 0.8024825610129603
70, 2, 1, 0.006077747640677946, 0.12203941419063048, 0.846651260974358, 0.025231577194333353, -0.14727677993811017, 0.10609360295600481, 0.3194902033269022, 0.7082540984883237, -0.05956452111981385, -0.15753123698383725, -0.0944245952582099, -0.2332234936647176, 0.13108262335804838, 0.21455334818549304, 0.13335771317540432, -0.00036446583763504766, -0.0016134727919190177, 0.0014052978329157318, 0.0604636423661572, -0.00039548067720568983, -0.0007117787657698888, -0.0024308478876971695, 0.8024825610129603
71, 2, 1, 0.006072933685346799, 0.12203447476558678, 0.8466611376649152, 0.025231453884151156, -0.10392622933688896, 0.32006099783264824, 0.21253767520610323, 0.7524815757429861, 0.08495211167471868, -0.10973212140320499, 0.10717926509161665, -0.14083816176734767, 0.16677804723708506, 0.22668038947541821, -0.13399514202573454, -0.0004992417801104898, -0.0012988678112957701, -9.58664666346232e-05, 0.059275967100138605, -0.0016362023136807363, 0.0008024375877517675, -0.0009538897436919258, 0.8024825610129603
72, 2, 1, 0.006215339673108929, 0.12018954266115443, 0.8482102829943136, 0.02538483467142322, -0.2574330395531704, 0.047308317257317614, 0.13911822245984434, 0.8628360469614493, 0.13194466345170944, -0.12326223674094314, -0.0024266268663709623, -0.1867701562175157, -0.060368464923611156, 0.10163949765959868, -0.04327879415968826, 0.0013276461510479851, 0.00018107334049274334, -0.00030936544917120086, 0.05998428113575175, -0.0006245549661500465, -0.0008241491074353448, -0.000929195562134386, 0.8024825610129603
73, 2, 1, 0.006256776561484968, 0.11936634427672493, 0.8489208401362325, 0.025456039025557518, -0.23958967802205708, 0.22431705087022463, 0.15645162203207136, 0.8681475935454932, 0.024861425242611358, -0.13593102229523757, -0.05288845340671672, -0.11095132325292704, 0.0013010897622728556, 0.07163037305577857, 0.026246798318036973, 0.0010991443555277494, 9.751905216726226e-05, -0.002165676219973232, 0.06106026475890721, -0.0007304771568748095, 0.0019661736336020145, -0.0006976817784541253, 0.8024825610129603
74, 2, 1, 0.006221305430103865, 0.11896702331900598, 0.8493560753509333, 0.025455595899957002, -0.2592581330526221, -0.054784994156311904, 0.17272467789354262, 0.6695475396837767, 0.13338029090155007, -0.08542769643092202, -0.2966422553655438, -0.13967925679209697, -0.053909173763035646, 0.2542454209789257, -0.1348869663050543, -0.00021688948750199356, -0.0008552931585578148, 9.478203310480368e-05, 0.05877133987299943, 0.0006028571649864554, -3.863802313388609e-05, 3.5723656524536047e-05, 0.8024825610129603
75, 2, 1, 0.05121647420529698, 0.15266468506895134, 0.7506737956297906, 0.045445045095961145, -0.07440847961748592, 0.159481272620073, 0.016236941946935833, 0.6519161925371002, 0.04406156399334239, -0.011678421774213365, 0.04093442999724599, -0.08186510727726119, 0.14598375999780308, 0.0510410006339877, 0.05461874999048318, -7.945899999856564e-05, 0.001790256451688664, 0.0007702914985779948, 0.059708579240034754, 0.00040360083751738866, -0.00018103081593439825, 0.000418580573927448, 0.8024825610129603
76, 2, 1, 0.05121571743678734, 0.1525841988265603, 0.7507566734819653, 0.04544341025468696, -0.2924678435862816, 0.03537548862606492, 0.132119314901373, 0.7673744835536995, 0.07864993132345968, -0.19883114514307137, -0.286787370121449, -0.25371761744352783, 0.04652816524698769, 0.1429442526535795, 0.09112399735702743, 0.00018971737557630118, -0.0002413028167732876, -0.0006677234424055387, 0.06006000562237551, -0.0007132540209297989, -0.00028211357335099837, 0.00015793137679584012, 0.8024825610129603
77, 2, 1, 0.04920772656159041, 0.1535503158501765, 0.751712467766623, 0.045529489821610064, -0.07209113079569546, 0.347445777177791, 0.09663238490454142, 0.7884477833801103, 0.089514302588137, -0.09178170902713242, 0.01732008160089904, -0.018798343842735876, 0.09026048487193199, 0.13442793103180867, 0.14126783016631778, -0.00029423498423580553, -0.0008121130977306039, 0.0005342431069555553, 0.06042351831115687, 0.000962657851173568, 0.0009575936158256685, 0.0007675480802822333, 0.8024825610129603
78, 2, 1, 0.048095131914596724, 0.15381629214992548, 0.7525624717429924, 0.04552610419248543, -0.09117610609782088, 0.28370829597637304, 0.21094762150105434, 0.9270376748932068, 0.20251547517428872, -0.2515712664678486, -0.053150978829147266, -0.15943964090893362, 0.14960812901393777, 0.2126841969286783, -0.005992971909078176, -0.0006888303792736721, 0.0005505420242378509, -0.00014465151131141065, 0.06031880410430916, 0.0007059945020859027, -0.0020616653499531705, -0.0009050584364774473, 0.8024825610129603
79, 2, 1, 0.048537985738158686, 0.14905629504766368, 0.7568203351712437, 0.045585384042933996, -0.008724178062132793, 0.13611600278520702, 0.35724131371321344, 1.0037259035265822, -0.021016303258459934, -0.1516300903075494, -0.149856003355933, -0.1866884524707752, -0.0857463197226612, -0.08993260946830972, 0.01853269283939098, -0.0012218912320692652, -0.0014349355691059757, -0.001117722037538149, 0.06023109119168035, 0.001285813000192448, -0.001206943503562035, 0.0010387977146964372, 0.8024825610129603
80, 2, 1, 0.048494978657871377, 0.14794510911744735, 0.7579503870236697, 0.04560952520101162, -0.3793312205033076, 0.028563478503213814, 0.05639080670416454, 0.7607218094947237, 0.19651176987276103, -0.0779261040266612, -0.17421144386004095, -0.14143214650150754, 0.11543522719576105, 0.09700120523524523, 0.009518613174354266, 4.558221450659556e-05, 0.00048731533904463486, -0.0002872323424064884, 0.059551491151497646, 0.0019561901931994374, 0.00019927616868112389, 0.0004337070353206492, 0.8024825610129603
81, 2, 1, 0.04853336964006494, 0.1472141332325738, 0.7584599287531621, 0.04579256837419917, -0.16568141546643395, 0.03444621008469486, 0.23664798103444679, 0.9290529114445242, 0.004242821791484297, -0.21412270948593765, -0.14426784155855527, -0.132613473352011, 0.031568695999516776, -0.06782351054389754, 0.015552318541239415, 0.00022929405986154452, 0.0013088016301885277, 0.0007153349886859357, 0.060789983643849424, 0.0012311040240287753, -0.0002420396003916032, 0.0005573325780127047, 0.8024825610129603
82, 2, 1, 0.04282695545386443, 0.1490974276393344, 0.7620696404434308, 0.04600597646337016, -0.08647716293098615, 0.10599912353239707, 0.017475578537363166, 1.00264567022733, 0.11136288870828656, -0.16144946180182734, -0.09504023235392098, -0.02202056947397931, 0.06745696246239659, 0.16530346202308974, -0.017620499328355348, -0.0005413613756123095, 0.00010499512531125538, 0.00040124440510452467, 0.06040375846757314, 0.0001858245743846772, -0.0014168828798829763, -0.0017509649286378624, 0.8024825610129603
83, 2, 1, 0.0419068553848849, 0.14923739835494906, 0.7628489127478283, 0.04600683351233777, -0.10293742395256307, 0.06077327812435398, 0.0414184902560509, 0.8195205196018674, 0.2872110127355479, -0.0592143262315812, -0.2417442889020099, -0.12294748222839505, 0.07691534157135319, 0.23972463198845467, -0.12711220981769883, 0.00020039932994823034, 0.0007173676682233763, 0.0002524748358421304, 0.06112840397928491, -0.0002898326052909929, 3.4235801288123487e-06, 0.00048246114879585053, 0.8024825610129603
84, 2, 1, 0.031048989660740167, 0.15152428845898436, 0.7712691415837992, 0.0461575802964761, -0.024671102965795833, 0.12291292094415421, 0.05183721836137569, 0.7040561900395026, 0.11415886954599871, -0.1468283749659392, -0.07274658060597447, -0.03180592672420336, 0.03980479240945806, 0.21106543690507143, -0.055628457134647015, -0.0001934738440697548, 4.44050733821662e-06, -0.0006283481143200602, 0.06041314382649617, -0.0008227058027382931, -0.000650712117453374, -0.0007618495268993789, 0.8024825610129603
85, 2, 1, 0.031062930882929513, 0.15114496253202758, 0.7714811623314488, 0.04631094425359419, -0.24204466497171967, 0.13383754609438817, 0.10508586701438352, 0.7602450017225458, 0.08193356984074489, -0.11788236325107357, -0.14375633728267653, 0.03305584183266511, 0.018918630729157608, -0.033955395302052174, -0.05111591513054196, -0.0012913826213948878, 0.001529860001043324, 0.0006238932728832608, 0.05888024503183666, -4.9895594848402987e-05, 0.0011247589213133086, 0.001159988274984053, 0.8024825610129603
86, 2, 1, 0.03106121673971683, 0.15114579981376788, 0.7714820418947258, 0.046310941551789525, -0.23336360573253656, 0.13645427786336767, -0.0881914001936183, 0.8051171466194418, 0.10398428252250314, -0.14147798455245703, -0.3576272121318398, -0.03493280846041763, 0.11427183505357755, 0.07159025359490723, 0.10402486905004182, 0.0014105521461689184, -0.000199794831161165, 0.0017891547372573505, 0.05956072102946891, 0.0005535682501200084, -0.0009384878468875711, 0.0010946294105407945, 0.8024825610129603
87, 2, 1, 0.025003813162616725, 0.15349069264438894, 0.7751802122844635, 0.04632528190853064, -0.15374381587523023, 0.14191153986440616, 0.09647121060445155, 0.797350339469963, 0.11988919169617532, -0.047614486939526114, -0.20440804317703823, -0.010916373756718084, 0.18638135925234683, 0.14830529537558695, 0.18170658531487843, 0.0002083616878420846, -0.0008586903167281373, -0.0008684042598607596, 0.05697073484177097, -0.0010822386394433179, 0.0017891785698393053, -0.0008054843638218157, 0.8024825610129603
88, 2, 1, 0.024645007691133, 0.15361225204622786, 0.7754141503301852, 0.04632858993245398, -0.26343116998505917, 0.01467868402601431, 0.061293545635315395, 0.8682231064297277, 0.22284449380791393, 0.03337605579263951, -0.1443743228557103, -0.30417060282088243, 0.09420115788212732, 0.09182851769667744, -0.0462445778145387, 0.0006492694658969133, 0.0009771233688031025, 0.0008303628794345642, 0.06061430995943471, 0.0009260542128501442, 0.0006686502721421369, 0.0009916278058925909, 0.8024825610129603
89, 2, 1, 0.0245942293217061, 0.15187608974540864, 0.7771984556860932, 0.04633122524679196, -0.04803499567461843, -0.03344263659827312, 0.1926875313149716, 0.8642472365380609, 0.08367700257439599, -0.24048783395390644, -0.2088118080055339, 0.011425155773219491, 0.09472154890288831, 0.14932728803895196, 0.147836066306083, -0.0012909505235451993, -0.002102790600651037, -0.001020270089502676, 0.059490768754337765, 0.0026139113576007893, -0.0012721077765169373, 0.0007511013303611996, 0.8024825610129603
90, 2, 1, 0.0245942274995408, 0.15187739829697716, 0.7771971358882136, 0.04633123831526838, -0.16690137423791573, 0.06947899853507071, 0.07599674319170967, 0.8491424754099779, -0.07953995503155424, -0.10211343140263504, -0.21499040043898612, -0.1556423225732746, 0.0915863345507252, 0.21342740851388506, -0.16538837411703766, -0.001249166498404474, 0.0008398519496234716, 0.0019914581806090197, 0.05949144903795641, -0.0020837419049705955, 0.000682008275748047, 0.0007133729863088676, 0.8024825610129603
91, 2, 1, 0.02819353263990426, 0.06394750842307487, 0.794924111666192, 0.11293484727082886, 0.11119468206045882, -0.1511882667612575, 0.024933884945632943, 0.8841733925954479, 0.0701044308227077, -0.12288861867528753, -0.11041349654796277, -0.04157467343412259, 0.03961524767429558, -0.0870903497344909, 0.09997273150704157, 0.0009002532779891137, 0.001265122674896362, -0.0006416471458913115, 0.06006708757154655, -0.00010711512195440626, 0.00045217661327695167, -0.0022715326710560234, 0.8024825610129603
92, 2, 1, 0.028310486841719457, 0.06445933306705431, 0.7937972929533355, 0.11343288713789085, -0.08285970093043829, -0.0591409544268211, 0.06511548601711577, 0.9844088969517568, 0.06339243155847622, -0.12685625254689717, 0.00480828943105367, 0.07205632108082856, 0.09162920459396366, 0.05489038215793148, -0.035896771321665945, -0.001056292734409958, 2.486129620236089e-05, 0.0011263325710061983, 0.05920869819982949, 0.001750336135017411, 0.0006127337660444012, -0.00036031223798574906, 0.8024825610129603
93, 2, 1, 0.028310270200394855, 0.06445941198486158, 0.793797431003762, 0.11343288681098172, 0.07031652975315641, 0.012403915276015243, 0.15485122015661074, 0.6956615857275948, 0.28502692741966784, -0.23763744040365423, -0.2409724754487493, -0.12053995973713987, 0.31123795870103743, 0.15073146252847866, -0.17061211247645164, 0.0008679475018830443, -0.00014091902279511, -0.0027501644517604427, 0.05823731730542534, -0.0008926268055092533, 0.0006829765286342972, -0.0013880244726393724, 0.8024825610129603
94, 2, 1, 0.028229141452983015, 0.06453131568924902, 0.793801074176089, 0.11343846868167902, -0.10941473721461867, 0.16163956452213726, 0.03729960441730791, 0.7620452711046515, 0.1518311304950721, -0.20837404649742647, -0.08203566517561418, -0.15507414975800565, 0.009139998197853588, 0.09159007733956517, 0.1459801706403361, 0.0004506519804945365, -0.0010590568174901603, -0.00015213512715131494, 0.06025945432834395, 0.0010868435906897082, 0.0007406543439143697, 0.0004270576600888339, 0.8024825610129603
95, 2, 1, 0.028220809275839125, 0.06452061446355853, 0.7938180650444884, 0.11344051121611406, 0.012329769951262132, 0.09399367641286602, 0.02178208225530997, 0.6265562448255553, 0.059287755720191224, -0.09219302026491091, -0.2720033876590751, 0.030227566419262976, 0.0727659720746032, 0.007505602817025922, -0.0002754133759367807, 0.0015601728466435297, -0.001064220966451332, 0.0003911688566024257, 0.06171389379895895, -0.0010632312082782297, -8.161442162143715e-07, 0.0014736256391160362, 0.8024825610129603
96, 2, 1, 0.028212117089567394, 0.067097067409294, 0.7911818246974345, 0.11350899080370422, 0.028302057349262555, 0.031163059122321656, 0.009070647820472733, 0.865808278707458, 0.09905390369315081, -0.23250823185898328, -0.1408900183177934, -0.2573611971516625, -0.009437754689251, 0.08632714820357718, 0.1142635116197395, 0.00025891515360780966, 0.00041651864162018943, -0.001586042322428257, 0.06177371250002358, 1.2631697106117868e-06, -0.0004832536914493303, -0.000774056511011845, 0.8024825610129603
97, 2, 1, 0.02821420007258854, 0.0671012228160661, 0.7911667375464334, 0.11351783956491204, -0.00332768122356214, 0.1467863416864428, -0.05288035793582511, 0.7498865873776424, -0.037720392617996604, -0.08668919753449425, -0.15272902770098426, -0.04556661176418901, 0.10925587988885584, -0.05439998745811873, -0.0530318449027324, 5.8650994791105e-05, -0.0005361452568498075, 0.00042322814178570275, 0.05976166310544655, -0.0005347505828549026, -2.868365194616536e-05, -0.0022653274401049357, 0.8024825610129603
98, 2, 1, 0.028237758201306883, 0.06210016245010471, 0.7919652805191877, 0.11769679882940082, 0.03779591913082619, 0.10360348133968315, 0.018451035707423992, 0.7762724965555837, 0.1570910154542195, -0.09776380217811939, -0.11541009085252203, 0.07099583504870621, 0.0440497060589905, -0.10863591863551039, 0.08319599000044768, -0.0003762025425589637, -0.0018888040791638686, 0.0012014501481445437, 0.06046094499695239, 0.002136334094686947, -0.0006792483732918941, -0.0017425126484423663, 0.8024825610129603
99, 2, 1, 0.02820851664718191, 0.06200939421734793, 0.7919730217028964, 0.11780906743257381, -0.08706428634015388, 0.02896304803644411, -0.05330486206042291, 0.6841108672490939, 0.12083440598215016, -0.09246160256332335, -0.1332802362916992, -0.0311784458098901, 0.061809869620167456, -0.07237978160536701, 0.04154781443225971, 0.0003521317625574624, -0.0007327709960963521, -0.0008197458081387497, 0.058805649327257556, -0.0006986609400336344, -0.0006827950790765344, 0.0001202195133160005, 0.7909278447275996
