t, Event, Policy, P(still), P(random), P(reach), P(transport), o(t), s_a 
0, 2, 0, 0.9503872394561768, 0.01834472082555294, 0.03126801550388336, 1.4114084900818114e-10, -0.5598257625705912, 0.43016843481856276, 0.7235868189144913, 0.42325672245205503, 0.1647710146166954, -0.13438719782974196, -0.02231824649789902, -0.4684469584642713, 0.2901547881135413, 0.34358170291996937, -0.10180092113764985, -0.18627295408394282, -0.13655729065984548, 0.055163792370869255, -0.031212670503847583, -0.04718421082480573, 0.1597518626094073, -0.009894788844271868, 0.5
1, 2, 0, 0.9501159683628546, 0.018375207997143237, 0.03150882363980407, 1.9808157402634132e-13, -0.568636984161831, 0.5685432701439919, 0.6377790963045236, 0.5007594496325052, 0.11075214908840643, -0.10943621001255618, -0.1251045729450533, -0.3241253566729422, 0.26791293057385474, 0.3121191427775276, 0.12979208328890973, -0.10666324516189851, 0.06525052909585558, -0.07756383238603001, 0.012486349224455268, 0.02853691296222639, 0.06392824466901431, 0.21695863331285897, 0.5
2, 2, 1, 0.28496050431302195, 0.025838618985696452, 0.6892008762668866, 4.343949671267972e-10, -0.5649305028445282, 0.5626885149631964, 0.6308265762642045, 0.49965526382040304, 0.11239112604683639, -0.1095067418439889, -0.1262200061800719, -0.2517778917408608, 0.14292614498140094, 0.38900605680662326, 0.0851666980341369, 0.05390660529299572, 0.07551426898054225, -0.09931532145710142, -0.04376066290028123, 0.08421540949399328, -0.10628550767844873, -0.0506920433580587, 0.5
3, 2, 1, 0.28478041209599136, 0.025958935917450937, 0.6892585491471791, 2.1028393787374027e-06, -0.4675306633318382, 0.48304673329934433, 0.5814661901528131, 0.6772396732798818, 0.07780776631633038, -0.11877684950411913, -0.17544482119487217, -0.42417823388470827, 0.25453211872891335, 0.21329308680910283, 0.10118150899785867, 5.804097937862729e-06, 0.000356099255602715, 0.00024544965792720795, 0.059608352798325916, 0.00019329518462656443, -0.001138380904757174, -0.0011557644456785885, 0.5
4, 2, 1, 0.2851161523354993, 0.02562256708562326, 0.6892609894354763, 2.9114340117767903e-07, -0.6403163359361184, 0.5101233398039918, 0.5996696740547878, 0.5022764021686539, 0.1637483956505494, -0.20623106899722993, -0.12656640811793549, -0.17808409352374296, 0.1557384141292157, 0.2539259416095848, 0.039269728290394657, 0.000513614938432924, -0.0004242586783558819, -0.0002688783463420983, 0.060269558621180296, 0.0012120031543466738, -0.002198639502616934, -0.0007068362399289762, 0.5
5, 2, 1, 0.2851219905809868, 0.025616754895406116, 0.6892612325802793, 2.194332777427345e-08, -0.5703602315490873, 0.6665181902116548, 0.5718447631481389, 0.4616114996684474, 0.06962349441336393, 0.017010575686373385, -0.15640067708484123, -0.38802694285211903, 0.37377969513351045, 0.30270942118787636, 0.15832769214474415, -0.0007016854875511624, 0.0009159267005028861, -0.0014546750468822634, 0.06074790233743406, 0.0016165187560503718, -0.0011973894741368857, 0.00016178985901113557, 0.5
6, 2, 1, 0.28513154547411035, 0.02560715936325872, 0.6892612951615524, 1.0786291546349025e-12, -0.5797003509655585, 0.49020530580837535, 0.8776420656234334, 0.5499148072527326, 0.10638281936387202, -0.15990760620970956, -0.18722833097042332, -0.3247095461206003, 0.2882261453747191, 0.27420985512445206, -0.0698965989396031, 0.00020711965913492334, -0.00017415041227469028, 0.0006130418475235039, 0.05888413432584035, -0.0005114654933823933, -0.0004112798477535172, 0.0006151322996656478, 0.5
7, 2, 1, 0.28556898330851654, 0.025138130896796673, 0.6892738360544869, 1.9049740199881037e-05, -0.7186888067007782, 0.4301339508806068, 0.48584663855623794, 0.5045144940580418, 0.2109571162416577, -0.22407101763634882, -0.019060664216059075, -0.2848328777176305, 0.2269561151240851, 0.12562658022331097, -0.06266077693692744, -0.0007709482627433835, 0.0010168036294273364, -0.000621154531251143, 0.058057397168131866, 0.0008310585016860408, -0.0005882865568628675, -0.0016016941180526222, 0.5
8, 2, 1, 0.2855873154685016, 0.02513816000377949, 0.6892739327180448, 5.918096741111155e-07, -0.488166012745597, 0.6254285228928933, 0.525527344456387, 0.4844581293085513, 0.03384250393514483, -0.12763142256990406, -0.2946334198147399, -0.18999469386739107, 0.3887705426929905, 0.3943499139165504, -0.02303447360071072, 1.11514903027941e-06, -0.0022089382321866034, -0.001072355012586468, 0.05994029525869352, -0.0007441800318091479, 0.0018110723058451417, -1.8687506316880893e-06, 0.5
9, 2, 1, 0.2855996516219905, 0.02512637458334511, 0.6892739657575432, 8.037121150700628e-09, -0.752233303908118, 0.5246012469200542, 0.5916320217654166, 0.3706268768930441, 0.21393837159739193, -0.001524272775588531, -0.21622665081542697, -0.37752677057041645, 0.31076867673964, 0.3543557525894817, 0.15965852642457629, 0.00039290951225255536, -0.0017806072950986036, -0.0007904302690670608, 0.058039722506275426, -0.0020306599381369754, -0.00018767132034095538, -0.0003246047354205906, 0.5
10, 2, 1, 0.3093337977678676, 0.001222426125840582, 0.6894231564833302, 2.0619622961688088e-05, -0.6781996821159992, 0.314525937873683, 0.5333836882952723, 0.4007716713926218, 0.048612320424804775, -0.08659623796709716, 0.01744983636870574, -0.202512984601042, 0.3405769914904373, 0.1384992982842561, -0.0488162576875768, 0.00034639701468295865, 5.444029552755752e-05, -0.0015603493330456975, 0.06005369557169484, 0.0007275158219599653, 0.0016515675675256279, 0.0002019138441510388, 0.5
11, 2, 1, 0.3104623129997648, 0.0001026204138025912, 0.6894265808125601, 8.48577387238223e-06, -0.5827765634961241, 0.40095057387236166, 0.45747218266039164, 0.48249271298833074, 0.2532501600091847, 0.03755667252647756, -0.09743793274475851, 0.04818154977919446, 0.057192842770377395, 0.3298808257119571, 0.011411057361059069, 0.0002608250622711878, 0.0023477077058660185, -1.1236833269807342e-05, 0.06011719500140239, -0.00022650941952181148, 0.0009884968555885043, -0.0009225729625555329, 0.5
12, 2, 1, 0.31047286957145204, 0.00010050528300117667, 0.6894265942267326, 3.0918814263781876e-08, -0.3183588738736124, 0.4320633245097355, 0.6541916526391124, 0.5628746844800789, 0.14543680082042315, -0.07029208797820816, -0.19412539574291773, -0.2667828861047363, 0.24281060022555684, 0.4523096028430519, 0.08089270971338572, -0.0008669418733350625, 0.0005666255645006255, -0.00034159743653701266, 0.059726419205569904, 0.00046206881147784824, -0.0013290380560979068, 0.00035209340070194015, 0.5
13, 2, 1, 0.31047579369284667, 9.738643806253277e-05, 0.6894267974098215, 2.2459269269668105e-08, -0.7099381665061744, 0.41983423258617386, 0.510687376372119, 0.34165969569047155, 0.1503523182250111, -0.15967540959081009, -0.10145536160761126, -0.17837306781316414, 0.17183945250732896, 0.323153964973232, -0.07764468351174678, 0.000643123605025053, 0.0009028155345357254, -0.0016427709622070252, 0.06097315624453278, -0.0021584263181544322, 0.0002360763622149792, 0.00028910642641251014, 0.5
14, 2, 1, 0.31047581502711946, 9.738596419550201e-05, 0.6894267987207577, 2.879272447820801e-10, -0.3890218179726439, 0.3451528205367337, 0.533148552633845, 0.524692795688898, 0.2452940441711756, -0.212024062372444, -0.1989729862764554, -0.43432477021294186, 0.16522021971417375, 0.3075023036113955, -0.05869301603808648, 0.0009772731486271306, -0.0019225206110602769, 0.0006007056501069475, 0.05926474398084025, -0.002230315531823843, 0.00034726145332456026, -0.0001981103284937011, 0.5
15, 2, 1, 0.3103329119330386, 0.00018214984947567269, 0.6894747305366946, 1.0207680791132363e-05, -0.48794980085478634, 0.37682377666938, 0.4888069864398239, 0.4875679018792208, 0.0727793313787641, -0.002049466134522748, -0.013934678863902783, -0.17198047587357718, 0.21647203749346336, 0.3861188502983419, 0.05621629465153586, 0.0005670714931776447, 0.0011512034478144662, -0.00022225163259659641, 0.05969450241462376, -0.0008089522180100234, -0.001121924322178613, -0.0007462491684919046, 0.5
16, 2, 1, 0.3105050587830818, 1.3089998470454746e-05, 0.689478543234658, 3.307983789800492e-06, -0.6952229996215036, 0.5240580411925577, 0.4664627194450491, 0.5108104173408896, 0.009050110939406131, -0.01677082605546326, -0.03060885716994437, -0.1368083584016429, 0.2741578829018497, 0.22004198936958863, -0.0372287233675403, -0.0006935138139174344, 0.0005280312382995716, 0.00041057015808295533, 0.05934440886022002, 0.0010472895934026363, 0.0009416159284858366, -0.00030637219032952727, 0.5
17, 2, 1, 0.3105037003483484, 1.282200183372078e-05, 0.6894825708371112, 9.068127067045032e-07, -0.5689724038478633, 0.5190460623797797, 0.5577542794912812, 0.5015551302010439, -0.03427631839764293, -0.07496314008777667, -0.18059063430674602, -0.25332434808147614, 0.2348292761031181, 0.3164483786797075, 0.08500791468507621, -0.0007438752015465971, -0.001815572843987804, -0.001534309167220279, 0.05978216270963728, 0.0007469419203170425, -0.0005886605872062459, 0.0006470205044559904, 0.5
18, 2, 1, 0.31050612410968803, 1.1045514847601814e-05, 0.6894825914036152, 2.3897184917119183e-07, -0.5358554726777591, 0.418770266541258, 0.4264442140414138, 0.2942129614944957, 0.27915439629532984, -0.13606671369649623, -0.058512919427985643, -0.30742309254818306, 0.21733336153056326, 0.40900601962225497, 0.20114123481725824, 0.0008685318019840983, -0.0002824474923128011, -0.0020264728462302045, 0.05986024529256789, -0.0012970761476496062, 0.002486074792581202, -0.0005951979402595499, 0.5
19, 2, 1, 0.31037935889595863, 0.00010099837529034758, 0.6895159050792083, 3.7376495425943384e-06, -0.4404150007993345, 0.5033283178310092, 0.6422255946338982, 0.602590325340033, 0.17078694672203668, -0.04063732786109427, -0.14445507787295506, -0.18349691388132205, 0.16985792841852426, 0.2031566365180697, 0.13413145864802475, -0.0005381782561223775, -0.0021113006556040476, -0.00031928142247006905, 0.05888471633876604, -0.0012412167601795387, -0.0013551402625549252, 0.00019242362327628534, 0.5
20, 2, 1, 0.3103871341807616, 9.350312008797474e-05, 0.6895159648374323, 3.3978617182399195e-06, -0.3092078486400428, 0.5904273921353502, 0.370894945783521, 0.4747831766767258, -0.0387827416479787, -0.1298746910988678, -0.21069645099586828, -0.152667609969989, 0.2832741094116279, 0.3730798953335395, 0.2527431605541285, 0.0014130609152454793, 9.457477668471232e-05, 0.000690615607337439, 0.061037270393982566, -0.0019152702674717383, -0.0014545413896775651, 0.00047765811062438595, 0.5
21, 2, 1, 0.31038974398864616, 9.362548132820333e-05, 0.6895164705934688, 1.5993655698441003e-07, -0.4968941840294809, 0.38938855614933715, 0.4921743448491389, 0.4725799808665558, 0.06410760815198686, -0.13094182101380153, -0.2513834098699924, -0.1693387971015632, 0.300829453525292, 0.14486020367443272, -0.07548102363475917, -0.0005830416437384448, 0.00139012007643451, -0.0018368419052031235, 0.0597769955418096, -0.0014228880816040703, -0.0008173060596107955, -0.00254096490138315, 0.5
22, 2, 1, 0.31039975093816685, 8.282814272973221e-05, 0.6895174189704121, 1.9486913675431118e-09, -0.30475125509383105, 0.444611593065568, 0.7842832640405394, 0.5543718760234918, 0.12888649782513567, -0.0889085928138568, -0.08220283926803436, -0.16554127138639566, 0.25862724282361527, 0.25084804060660837, 0.034819040408327805, 0.001370814166994463, -0.0008962067820474692, 0.000743229260997742, 0.05766759710197748, -0.0013269534732938974, -0.0005423814268579796, -0.00034847216001684483, 0.5
23, 2, 1, 0.3104036017556576, 7.88440132354553e-05, 0.6895175351213196, 1.910978743272636e-08, -0.3541869671351279, 0.6312142280808211, 0.5033087824884273, 0.30112489036111667, -0.06395737531371508, -0.08327516811096511, -0.10036121313830411, -0.2420647818293121, 0.42037884287233773, 0.2863825159021346, 0.19315683799515798, 1.6315802344022597e-05, -0.0007497492329533909, -0.0008301161994271565, 0.05966804589792961, -0.0016265254216370427, 0.0010142316087708094, -0.0014193093759878538, 0.5
24, 2, 1, 0.3104037856787802, 7.867794930906501e-05, 0.6895175354161663, 9.557444436296327e-10, -0.48014964648072933, 0.47132194452311127, 0.4634536892317554, 0.336631789840265, 0.34830566974720706, -0.1636636805620884, -0.21933381457939052, -0.07633351550736851, 0.2393667559782103, 0.38729797645900976, 0.23182280265577618, -0.0009658922241024745, 0.00014087764987332667, -0.0003276752652055534, 0.057856583281836425, 0.000688229872924649, 0.001332809521297169, 0.001042487715756874, 0.5
25, 2, 1, 0.3103258901974175, 0.00011051728527179981, 0.6895592466251045, 4.3458922063030126e-06, -0.5506770529464224, 0.5051819636663556, 0.5532340904179962, 0.7417597893452262, 0.08329768201366552, 0.017456920434041102, -0.1507762476702446, -0.26287379920814924, 0.14770341435386367, 0.24202269520397826, -0.05190514096662842, -0.00022289971401192194, 0.0004914007099425411, -0.002048540876082372, 0.05968715626621821, -0.0015397040059858334, 0.0004956985999155616, -0.0020760576418112015, 0.5
26, 2, 1, 0.3102491723631998, 0.00011290615000336697, 0.6895759128040707, 6.200868272601562e-05, -0.3482523546075327, 0.40803094061841794, 0.45501286108385547, 0.3793051210975813, -0.005276738415385252, -0.08903411547247471, -0.055624459805889245, -0.2122068630182234, 0.2920246099813061, 0.29562047624442267, 0.21153331132785597, 0.0002918266918395305, -0.00042613166253286153, 0.0020855460221495055, 0.059934487928571, 0.0006598427402899051, -0.0008135176535026868, -0.00038350819770555794, 0.5
27, 2, 1, 0.3102774529593213, 0.00011259874039933716, 0.6895780802797306, 3.1868020548831775e-05, -0.38806655763453646, 0.5734551381854223, 0.5694940936875719, 0.604885998636935, 0.08555206675296535, 0.05678978498441929, -0.249571972861777, -0.15709543250954056, 0.09801269386841996, 0.20251519120543887, -0.03159184873530687, 0.0005257134081218435, -0.0013066157854680713, -0.00106043231289897, 0.05975936310500811, -0.0001390227235997069, 0.0012305041848389613, -0.0019055981097708449, 0.5
28, 2, 1, 0.31029531329481363, 0.00012135399385964001, 0.6895799829112776, 3.3498000491363975e-06, -0.4679542481710503, 0.4917300215649312, 0.5486174798441598, 0.5482394380540494, 0.03800554438702589, -0.22976629636221588, -0.2306638119402641, -0.20987903410550302, 0.21596864192345128, 0.08806562238667189, 0.12561810384542677, -9.996211477980601e-05, -0.0011345557918191304, -0.0004181734179649816, 0.05965682110492697, -0.002213035561415138, -0.0007867301633437766, 0.00011506181250981616, 0.5
29, 2, 1, 0.31030039997435355, 0.00011783618528103439, 0.6895804941100956, 1.2697302698554591e-06, -0.44346205893295465, 0.34420224982594466, 0.47164688650188014, 0.6013159613239734, 0.11609754130894538, -0.08678373747592827, -0.11851961706030137, -0.24821019507693257, 0.09847492458084302, 0.33391603462869, -0.15711920855307127, -0.0008258501646298743, 0.0009773613573923474, 0.0001556029443866421, 0.05997142324414682, -0.0004320361824183167, -0.0017540640856681105, 0.00020312799629131008, 0.5
30, 2, 1, 0.3055111933608592, 9.872354083064334e-05, 0.6895849304847648, 0.004805152613545331, -0.3252893654027176, 0.5215103499486053, 0.26147386254751226, 0.35002739004784617, 0.1167768777799008, -0.13545351537044067, 0.002039410447719914, -0.2627666005756601, 0.18413182329769615, 0.023931058760013623, 0.09807757994245009, 0.0006632798544276355, -0.0014936980722244635, 0.0004754607412535487, 0.06188893959739923, -0.0010949511134708662, -0.0005531558671643387, 0.0006811247457845055, 0.5
31, 2, 1, 0.3088634718223383, 0.00016694916257048304, 0.6896227099728984, 0.0013468690421928684, -0.38842900784669465, 0.5992393614758585, 0.5910656104330065, 0.3558753137369588, 0.27278085688500175, -0.14992525319122296, -0.0026699450086044908, -0.20860501386888738, 0.1473279333655025, 0.20118939015037346, -0.04853235665009016, -0.0006881531958187726, -0.000179121480016909, -0.0010185546903187556, 0.05824023667874316, 0.0015275353649487524, -0.000662970607764756, -0.0009778081474875414, 0.5
32, 2, 1, 0.31016666336877174, 0.00019676760299490773, 0.6896314163623087, 5.152665924621361e-06, -0.5625510499728866, 0.46723695450864583, 0.4744247240747135, 0.506208023190455, 0.09062196615489435, -0.10647675891627854, -0.2200089792377163, -0.12323364029284978, 0.4059414836190321, -0.005197160164579673, 0.013579420436605427, 0.0010909738458373534, -0.0004934077590992177, 8.120468997180993e-05, 0.05849192488745819, -0.0007463051990185016, 0.002123095027644296, 0.0010160141722232133, 0.5
33, 2, 1, 0.310202367873607, 0.00014287800516535698, 0.6896350661830742, 1.9687938153422077e-05, -0.5315212968906083, 0.6325222979825129, 0.3708592456023937, 0.45800916795746216, 0.11477442844448756, 0.10339582484478047, -0.14712537309699797, -0.19435708614340003, 0.1906618617502813, 0.30282829072356054, -0.0028159280521222628, 0.0006673940291526496, -0.00023851091181743502, -0.0001606364640065998, 0.06120341178217129, -0.0004975907546727581, -0.00186740559299443, -0.0017969295444184373, 0.5
34, 2, 1, 0.31021417719594724, 0.00012710112593159012, 0.6896379868267327, 2.0734851388412507e-05, -0.49504616904713944, 0.29922607829845793, 0.32778291176750246, 0.2708547289810411, 0.07459711009222533, -0.06706092761056756, -0.16331214713959918, -0.31726787154213765, 0.355364693652193, 0.16607427446275197, 0.06568458164415339, -0.0007738152768720009, -0.0008577715722115412, 0.0023981680260218943, 0.059467711394478165, -0.0006118383092125334, -0.0011632051221871949, 2.1330703118883077e-05, 0.5
35, 2, 1, 0.3102561266926171, 9.717580042824371e-05, 0.6896381777817074, 8.519725247327321e-06, -0.18389843348768514, 0.4212699170589441, 0.38275301614464297, 0.294475426914874, 0.22728555902590314, -0.13061108345610495, -0.119530206409826, -0.16260736800515935, 0.25106904168824595, 0.3298226930464433, 0.0001993757489365283, -0.0011179714869456688, -0.0003731384012497144, -0.001310326853934919, 0.06057128377594915, -0.0008387009131615731, -0.0009725880131001407, -0.00026061054993714534, 0.5
36, 2, 1, 0.3102492133979322, 0.00010194258018454569, 0.6896418878749435, 6.956146939844652e-06, -0.268562197346982, 0.4136991796505617, 0.4781851270108891, 0.5432053587609326, 0.03125691367741081, 0.042307574259549764, -0.14724059679087476, -0.4193621461754458, 0.23237890650946783, 0.2890873076946899, 0.022305289993629886, 0.00048358312402162944, -0.00032374979875246583, -0.0003945783378833579, 0.06090970459156193, 0.0004923945238036871, -0.0010133887853928274, 0.00017667277403337326, 0.5
37, 2, 1, 0.310328080202864, 2.1748052590019375e-05, 0.689644653770022, 5.517974524008751e-06, -0.35278687729583197, 0.5129653274290102, 0.4866777398811095, 0.5293061396534925, -0.014666945119835573, -0.06091304210799291, 4.993515258000514e-05, -0.23051742476319861, 0.17078497957590472, 0.2368098839403847, -0.09572700876481761, 0.0005528005318927649, 0.0017881692259007803, -0.0008062742103056427, 0.06051604709555144, 0.00025894237690363673, 0.0014579160719523636, -0.0015416449862276692, 0.5
38, 2, 1, 0.310337281219087, 1.383877923845623e-05, 0.6896475852297205, 1.2947719540316316e-06, -0.4218084030827406, 0.258919488575283, 0.4738936903360863, 0.598261886025542, 0.004419238977489881, -0.20934822965111785, -0.02614348323579523, -0.1177840279970955, 0.1604758470142463, 0.34565792060580725, -0.03582024410777037, -0.0004439491897969827, 0.001022620856679922, 0.0018642883705361744, 0.06261269554726051, 0.0012416931898135502, -2.257744260329186e-05, 0.0010922626268636412, 0.5
39, 2, 1, 0.3103354472962529, 1.5241309063070101e-05, 0.6896483647816214, 9.466130627208968e-07, -0.2522258791710959, 0.3624188102254459, 0.5799423102601718, 0.6014702027105997, 0.057123375861501915, -0.06299632911362672, -0.1284710760749551, -0.2889704638123721, 0.36699719228808914, 0.16731891196122248, 0.08430513326970752, -0.0015280682095405141, 0.00015108869829589985, -0.0007591130024720445, 0.060985034096182146, -0.0003645894981555497, 0.00035765077226171865, -0.0008930607085449441, 0.5
40, 2, 1, 0.25187513465338035, 0.01529098077924041, 0.691822331166418, 0.04101155340096128, -0.2800986973356029, 0.4176240118095726, 0.5098887104822659, 0.48276295885200493, -0.05149082715762503, 0.07824239616112136, -0.09058389781117855, -0.1213401308637189, 0.07791085732249084, 0.10124567958781334, 0.17774864196137202, -0.00016521481282458675, 0.00010687835667886293, 0.00031351471267939904, 0.06025933391973036, 0.0003435696551260789, -0.00021120349147175083, -0.0010865686887916654, 0.5
41, 2, 1, 0.25841491165266506, 0.015207647871383737, 0.6935078035949055, 0.032869636881045765, -0.47384752215444037, 0.26003075660339164, 0.33197587115606175, 0.49824829833791046, 0.044183316199103186, -0.23328887881997015, 0.012528471617887883, -0.20677207764469027, 0.06667098349917397, 0.30734045039591884, -0.2405541781041102, 0.0018970512736617869, -0.0004943951589465471, 0.0010084663461018685, 0.0617444118170967, 0.0005940469967234093, -0.0006975641153326034, -0.001687107532610342, 0.5
42, 2, 1, 0.2702310544134925, 0.01562590510059423, 0.6937746625320922, 0.02036837795382098, -0.40743175979111257, 0.3180861346256064, 0.3283354041059839, 0.4826184626079816, 0.19066345235195142, -0.16566253947635423, -0.10839192293308356, -0.1420590077711213, 0.22701583054282995, 0.20114455333281817, -0.09292707962660811, 0.0007546911209116574, 0.0008910461283806818, -0.0021320457179695215, 0.05935375486851008, 0.0011149663000290307, 0.0010949896815471742, -0.0017224296184953536, 0.5
43, 2, 1, 0.26313853645765517, 0.014078099465912297, 0.6938260272050935, 0.028957336871339015, -0.22336696817779395, 0.26032931558225303, 0.3476827045839151, 0.598640036169835, 0.11465885937082046, -0.07018168024174694, -0.14933185996146717, -0.3139432400940996, 0.14661561215146846, 0.09720849475023009, 0.14986945934605425, 0.0011395393326579348, 0.0017394651483528735, 0.00013800936580444156, 0.05952496076148922, -0.0010993787794288078, 0.000750495924013097, 0.0018609062977732928, 0.5
44, 2, 1, 0.2660459027147812, 0.014054931703701156, 0.6938370722269088, 0.026062093354608906, -0.4034986552075977, 0.23960600574933116, 0.4948203411607609, 0.37023495412829643, 0.210053581355109, -0.2012519275539936, -0.12628811660224512, -0.29488241639402085, 0.13331328842239834, 0.12961292707569236, 0.08765202598384347, 0.00022329240757809735, -0.0006754229247585405, -0.00036982866116717206, 0.060649102891445136, 0.0012022528222750042, -0.0011554531389042287, 0.0022458237037472407, 0.5
45, 2, 1, 0.265753492056219, 0.014029480949042022, 0.6938469120352765, 0.026370114959462402, -0.3611717804314047, 0.3292011138065976, 0.3212732808699007, 0.5299689138870937, 0.19776863649604995, -0.057132699012948665, -0.14836948384397766, -0.347276355065005, -0.036050905142656166, 0.23514780226838025, 0.11504855046962673, 0.0009651185909279703, -0.0010126482857701878, -0.00020827731169872535, 0.060910479538357286, -0.0008783033519759464, -0.001734702866363455, -0.0009318388315799423, 0.5
46, 2, 1, 0.2765326299270245, 0.011410473772545128, 0.6941296857893908, 0.017927210511039546, -0.30627321457978257, 0.4718357257226379, 0.29023727363385804, 0.5829089898972911, -0.12776653040041372, -0.12219169360641706, -0.14610353621274166, -0.10499777606304617, 0.19698340604124293, 0.1052723737564327, -0.04132662050227148, -0.001973325755809496, -0.000388199309379697, -0.0004314518224585205, 0.05981700393226269, 0.00041733263692964577, 0.000999341296028807, 0.000888107423517384, 0.5
47, 2, 1, 0.2889458123314871, 0.0007452200795369609, 0.6941891269124048, 0.016119840676571167, -0.2232781946685538, 0.26451458301884223, 0.3351838077489777, 0.4715622964482245, 0.12535128551113753, -0.12828599374135424, -0.1452540942341241, -0.2083876385687513, 0.045053336585877735, 0.17950578622734814, 0.020215011230843037, 0.0011198455656941514, 0.0008321787366897766, -0.0009194648448422668, 0.05957391666015758, 0.0011324293207078764, -0.0006412794632144293, 0.0011766116765800296, 0.5
48, 2, 1, 0.28765164519462927, 0.000756554364349703, 0.6941878429466174, 0.0174039574944037, -0.301680663303018, 0.09982657911497768, 0.1582242317412296, 0.6018446604899664, 0.1050660699854276, -0.04718942088265604, -0.2528231442805828, -0.03349994408214903, 0.13616501537046652, 0.1593015605614459, 0.30002517866080314, 7.600929325600082e-05, -4.9128667725977816e-05, -0.0009661171234548497, 0.05948048064270284, -0.0009900006940208356, -0.0005705193622043359, -0.0010250639788559543, 0.5
49, 2, 1, 0.294138749967565, 0.0004129903561702277, 0.6941895116509549, 0.011258748025309854, -0.28108915848993615, 0.45382923535329545, 0.5240494311363798, 0.5930181539721765, 0.14971528010095544, -0.03071991910312962, -0.11057242352331816, -0.13522692264489397, 0.15217906440893555, 0.23376145275668997, 0.16429009081515714, -0.00019006599580169434, -0.001199083914213038, -0.0014295603183525944, 0.06038002073829692, -0.0003876979790592687, -0.0008796191748262647, 0.0005207034681995037, 0.5
50, 2, 1, 0.3017643734278778, 0.001944323329583961, 0.6956787483210808, 0.0006125549214575513, -0.28860402388905404, 0.2885369249862363, 0.40286897839673513, 0.3836424330045721, 0.25590047194264737, -0.26281896438638663, -0.17514223743674573, -0.017501498526278313, 0.19439130373942154, 0.2426765155133835, -0.14974303004523767, -0.00034668324655586565, 0.0006272566342457148, 0.00026862498223620185, 0.061299096744736215, 0.00044170875718262505, -0.0015060684644826207, -0.0004592530877434514, 0.5
51, 2, 1, 0.29542617718515285, 0.0020582265523983066, 0.6956900396754, 0.006825556587048923, -0.25859620062213723, 0.23056772544221932, 0.32753371916040475, 0.4253687594653357, 0.24633667313093408, -0.22299061184168895, -0.0414086525668569, -0.09111635201299237, 0.03614247020797121, 0.05581391982006365, 0.10405514842482536, 0.0007435266035494479, -0.00044378946322986103, -0.0016130499439154186, 0.06100475901452851, 0.001331308837438632, 0.00045754212319948476, 0.00020466300667322713, 0.5
52, 2, 1, 0.18600304465941256, 0.0027421098798793213, 0.6956965702018852, 0.11555827525882292, -0.13766597022132107, 0.309596210196584, 0.159670834422187, 0.6511802211013744, 0.06588282953480207, -0.13600731587907153, 0.0016840273643880632, -0.24791091565600382, 0.1518728067050322, -0.012257773495373247, 0.1547946780318603, 0.0008686770226707842, -0.0003747120452903189, 0.0008270577979899437, 0.05932317469276469, 0.0006034343433506163, -0.0016784460024268325, -6.441786780202459e-05, 0.5
53, 2, 1, 0.1961740755203268, 0.0014942351092191095, 0.6959303965735312, 0.1064012927969228, -0.3435324687363609, 0.14629179578712012, 0.3680694601984952, 0.5188615486112994, 0.10165610770796038, -0.17520842923338226, -0.03868058342491036, 0.039472764460449825, 0.12784055759734309, 0.11692483038792842, -0.09514993581985824, -0.0004168038552383362, -0.00035679563998873966, 0.0015749009957467396, 0.05947879619973608, -0.0008541084724550193, 0.00030261806434430874, -0.00021820709558055274, 0.5
54, 2, 1, 0.1968240929089405, 0.0015132819350861118, 0.6959452975996868, 0.10571732755628664, -0.20571040077104014, 0.29584936659604477, 0.35658128101567654, 0.4331664202757689, 0.17156959236625782, -0.1873303396676528, -0.05760015435102032, -0.277113883544662, 0.18308061621159108, 0.19973700193821087, -0.08857930934567901, 0.00022983823393686698, 0.00045897597637362917, 0.0004301722502895843, 0.06041409996093603, -0.0012855606453719623, 0.0009033393175854493, -0.0007893192314172759, 0.5
55, 2, 1, 0.20255912838914922, 0.0016039514264290593, 0.6959877334607053, 0.09984918672371652, -0.3250954726755769, 0.34478603502998617, 0.4247825223675874, 0.47999308830811616, 0.001626452621935881, -0.10891516583193786, -0.26571077456384995, -0.1695575080344255, 0.39493863411951874, 0.11742903572202663, -0.002182889070628827, -0.0024725777243588282, -0.001136204721543465, -0.0001536019553800637, 0.061362757837607876, 0.0002869911985050576, 0.0013848979914253617, -0.0017815176777536453, 0.5
56, 2, 1, 0.2069619129274549, 0.002222700057332481, 0.6961876916929309, 0.09462769532228164, -0.10325386849591736, 0.3288349011790026, 0.2057113012690936, 0.5203368369389473, 0.25256875724919914, 0.019499476979509954, -0.25991056218991504, -0.060440021159549585, 0.20475563269860006, 0.06093639768210792, -0.11607157387870959, -0.0006970919027927949, -0.00029703828387367317, -0.0007073578889449183, 0.05958577804725289, -0.0012399163664016625, -0.0013157615784965214, -0.0009000868849558554, 0.5
57, 2, 1, 0.26184048852608094, 0.004725756373916461, 0.6979194875224548, 0.03551426757754781, -0.31412974077022277, 0.35949053555179, 0.42155425029989513, 0.4669030423594947, 0.15286202475369493, -0.2667134557116313, -0.08869619229045214, 0.002670858964756295, 0.13300432176420302, 0.303365577927616, -0.06863287556555776, -0.000525371353695901, 0.00019696730356820986, 0.0008037282484696645, 0.05958127353485513, -0.0015370017495482209, -0.000897072005384825, 0.0009553203967088764, 0.5
58, 2, 1, 0.29327004331018763, 0.005285252070423332, 0.6985620258969127, 0.0028826787224762204, -0.31208159167043814, 0.28871738997265634, 0.3902076668385931, 0.5750692733763081, 0.1026401474396424, -0.0553402188846376, -0.2391774021322056, -0.04009145036376145, 0.15922435107631433, 0.16609218071089635, -0.1289956836030925, 0.00037415881773186657, -0.0007096725442549325, -0.0021549788489576573, 0.05929525142201458, 0.0012713969304249423, -0.0010133081760640556, 0.0005553228164442449, 0.5
59, 2, 1, 0.29384204188525864, 0.005263334716663984, 0.6985644230782898, 0.0023302003197877117, -0.173984994298916, 0.18991993401928758, 0.44343918527088305, 0.41678676113977337, 0.10083455697111968, -0.03869455928814628, -0.2654113132040824, -0.15239613048687334, 0.23329504345859, 0.2633629650028052, 0.06404893713500168, 8.741367893154697e-05, -0.000136771898987708, -2.201543900909845e-05, 0.058550345369753384, 0.0016829152611026834, -0.0003671782733431699, 0.0014747778248585348, 0.5
60, 2, 1, 0.295605715313852, 0.00010864333612369547, 0.6985830318407561, 0.005702609509268159, -0.34177001849347066, 0.15366432408891023, 0.21863864992202725, 0.6315118413622464, 0.07520657566592796, 0.001034633379205796, -0.06226153682485754, -0.23283814732650937, 0.26048325558602425, 0.09907035488704631, 0.01172698256513725, -0.0006058873344359632, -0.0010600403236660481, 0.0003538038314832639, 0.05949946685568629, -0.0026131267800925, 0.0005178588847600103, -0.0014964636709480094, 0.5
61, 2, 1, 0.2955224199328941, 0.00011625580870935968, 0.6985839956388867, 0.005777328619509808, -0.37788296859407755, 0.19379240072388992, 0.35369453149385455, 0.5299082026116236, 0.13661265854544002, 0.015162581442573875, -0.23823452292252592, -0.2200591675297227, 0.15517748326982767, -0.10281107022700726, 0.02041508899331825, -0.0011786164780692094, -2.848812691953474e-05, -0.0008750461931568244, 0.058512172455952007, -0.0004245377668370515, 0.0005765278591077191, 0.002222104961298102, 0.5
62, 2, 1, 0.2955760357542607, 8.924796460231586e-06, 0.6985847612622267, 0.005830278187052434, -0.35079167309092874, 0.15103237384057105, 0.13879642945454507, 0.3157799883187133, 0.15607964096563356, -0.0609413095879243, -0.01460300493533, -0.08070415307703094, 0.15228038145215494, 0.18109445724443352, -0.07024409728918524, -0.000417187786644757, 0.0002498264058689797, -0.00046639591017366396, 0.06037207660194498, -0.0008941204388649736, 0.0009599441120538675, -0.00039827209669840305, 0.5
63, 2, 1, 0.29560298207491853, 9.010523983296243e-06, 0.6985856356591623, 0.005802371741935879, -0.2277255031668441, 0.29359344774572155, 0.23048521255965518, 0.47619262699780807, 0.021202528938526276, -0.09295106069565955, -0.2205288841155583, -0.03778799777717754, 0.11699859553136172, 0.22898177704768746, -0.14241429925739074, 0.002424024673596005, 0.0005716111246627225, 0.001860714904026425, 0.059540602673992374, -0.002211034006609336, 0.001341367277201354, -0.0005217529472596146, 0.5
64, 2, 1, 0.2956127349288942, 1.3176674893162796e-05, 0.6985873181778022, 0.005786770218410416, -0.35751068972488487, 0.3485530667238721, 0.22181508998727498, 0.47889141682540626, -0.05730930735646715, -0.2720537072673344, -0.17306741488643235, -0.17650573229671673, 0.06946995834155359, 0.19428486277409587, -0.0832516702133945, -0.000781650988739672, 1.3197026388015696e-06, -0.00015114715171617686, 0.06158300840990576, 0.0010209140568496007, 0.002493027527728166, 0.000726388273489965, 0.5
65, 2, 1, 0.29986978561333827, 0.00021558156957566577, 0.6986422489690948, 0.0012723838479913453, -0.1448849272210678, 0.1898094441526923, 0.28658934750639714, 0.6110509311319061, 0.24083862853536725, -0.0860276277803431, -0.21715545392747554, 0.08768889746515118, 0.232772086983017, 0.09151838639801377, -0.029899514558685836, -2.491179617898506e-06, 0.0012294994928520142, 0.00041299402015375727, 0.06004887539220751, -0.0003041586529024914, -0.0003261118980058038, -0.0014590197294080541, 0.5
66, 2, 1, 0.2977950921410806, 5.656443168015126e-05, 0.6986435403672039, 0.0035048030600354674, -0.10270220382613333, 0.5501745828077255, 0.2418162482211977, 0.4944861006771354, 0.12204126918762397, -0.03741815438327202, 0.01032272402763994, -0.17840147315079524, 0.10613141466328928, 0.08033160424502402, 0.10682196815912218, 0.00026052027531644855, -0.0008379450256314695, 0.001480978712219183, 0.06076572858331873, 0.0005472321860282106, -0.0006564954331799045, -0.00047333373241281425, 0.5
67, 2, 1, 0.3000498938661376, 0.00010900778037897156, 0.6986582961506651, 0.0011828022028184102, -0.3113273194632435, 0.2278413410993141, 0.3358850789453659, 0.5494555820374274, 0.11943921174203487, -0.04768894644724986, -0.1823398752099321, -0.23806766467325832, 0.18664736673776772, 0.10549950932906296, 0.012042629749241165, 0.0014069776213704896, -0.0014907066014904079, 0.001444130596805623, 0.05938677977842484, 0.0005049060431611065, 0.001264753387621709, 0.0002178971029110046, 0.5
68, 2, 1, 0.2978933997784337, 2.8209991650623816e-05, 0.6986464203607881, 0.00343196986912768, -0.3541516076744273, 0.12924979169619205, 0.0744101357843836, 0.45597460948942825, 0.08935268655267081, -0.055081569542918304, -0.14064440904017386, -0.10527438155640623, 0.11580905247069702, -0.0007751607287709517, -0.0703616111126513, 0.0020863145427962005, -0.0012083790575369263, -0.0006439070874452496, 0.060869254261326576, 0.0005654595261568823, 0.0005106060450390358, -0.0006739410361300089, 0.5
69, 2, 1, 0.29790033851726205, 2.945742618929899e-05, 0.6986304384597303, 0.0034397655968184206, 0.11550403350830267, 0.2845591576061337, 0.07584001323324727, 0.4347267964653124, 0.17387718647814657, 0.03341650500748443, -0.40689527209078824, -0.19769926335008264, 0.07891366935677015, 0.13027589229393483, 0.04389131544103423, 0.0009207336470499507, -0.0008518503200102849, 0.0006703436815560614, 0.06043912008091894, 0.0011728201415379745, -0.0011603297190136785, 0.0005168345035764458, 0.5
70, 2, 1, 0.30029939482695145, 0.004206385901974724, 0.4276185490212309, 0.2678756702498428, -0.2119356909992264, 0.2348362862726568, 0.1931072363509812, 0.6641842783720275, 0.35807907656056975, -0.31609043682801846, -0.0034246905155034257, -0.04830028234598828, 0.010317251891770619, 0.11676156408679698, 0.16401646375463985, -0.0011908639280778723, 0.0007350803034750539, -0.00014221507475754855, 0.06152644219676132, 0.0004962271001802979, -0.00016209209117008759, 0.0005187825108632033, 0.5
71, 2, 1, 0.30793275861055375, 0.005414948567193331, 0.4277191618003293, 0.2589331310219237, -0.2845023887127065, 0.3832859942033061, 0.14027728697206704, 0.5823221581904838, 0.13026854509582472, -0.13214424297420874, -0.16961896532074056, 0.031870074212579945, 0.09025134514882029, -0.027478412245893803, -0.0044807436932167944, -0.00042578607327759525, -0.000912531074887935, 0.0008286331119145765, 0.0597922097149496, -0.0002683956038034948, 0.00040200843429306763, -0.00033202838600069197, 0.5
72, 2, 1, 0.3356871838758646, 0.009340203146408033, 0.4279545331348021, 0.22701807984292535, -0.2623021821891197, -0.025193740899681027, 0.19155752875344934, 0.5460380440639867, 0.1281274851473735, -0.13594883739478167, -0.2180108190740781, -0.04128882292014213, 0.2044972363230711, -0.08308265215547157, 0.015074514990745302, 0.0009296264126244525, 0.0011842559056377162, 0.0007665799314535022, 0.05989134131023758, -0.0007568556625242862, 0.001058064467202962, -0.000705203889954569, 0.5
73, 2, 1, 0.3393205880116314, 0.0015128169205190021, 0.42791984755981666, 0.2312467475080329, -0.2549539081299143, 0.19506185296859585, 0.10388048211824763, 0.5437908960597592, 0.09906473565703602, -0.09949104522311625, 0.005434896430610037, -0.03971051035746175, 0.1614878860021292, 0.20613349462927316, 0.1271595868750182, 0.0006093397224573399, 0.0003353506604989613, 0.0004611610671097514, 0.059703455576653505, 0.00028961209793513333, 0.00042122917653827745, -0.0003955664381992079, 0.5
74, 2, 1, 0.3200019236196696, 0.0015342649956764723, 0.427934553772113, 0.250529257612541, -0.35386346185291145, 0.10409235443124842, 0.18786164229286767, 0.559280413315871, -0.056416834303080775, -0.20485145124229076, 0.05183050737222372, -0.017382578445416817, 0.11828705967535011, -0.18796074050052575, 0.07293637280974609, 0.0012794712970371157, -0.0001625598220338231, 0.0001765952779393517, 0.06074970579659612, 0.0016487099077391713, -0.0013796945419455823, 0.0008977071392804653, 0.5
75, 2, 1, 0.3199019600997455, 0.0015407945132850044, 0.42789765421673615, 0.2506595911702335, -0.18242855732010554, 0.13616878673652177, 0.2033931437456366, 0.29859687874626595, 0.04441655504291888, -0.16559918192022635, -0.2961080476137442, 0.016584831452136274, 0.0559074396526497, -0.008304977186994845, 0.09356000888896356, -0.0008967203848706275, 0.0005968113910847842, -6.904446608478456e-05, 0.05979252295916495, 0.00028902347839616926, -0.00124267685107736, -0.00107138688525892, 0.5
76, 2, 1, 0.32048328829827116, 0.0014805718426741216, 0.42790047451032726, 0.25013566534872744, -0.19167599414225367, 0.21151279506050144, 0.28863960912452363, 0.4728211256904915, 0.288779312316617, -0.08880000940334755, -0.02101691139524999, -0.24043695465150713, 0.0007392621417277257, 0.026924140024858233, -0.07477339805461725, -0.0009620691245935878, -0.0014185041167482189, -0.0008930145798106521, 0.060150092907345784, -0.00047835681776295006, -0.00117319790098512, -0.0014780371884925499, 0.5
77, 2, 1, 0.3167779945875123, 0.0014393997875915064, 0.42771204844903243, 0.25407055717586385, -0.14254525485905728, 0.3030960473801623, 0.08822318899339188, 0.3896457618641777, -0.1047944993080728, -0.18608709653206926, -0.05784352711808679, -0.18627610715356782, 0.10102500523058526, 0.09763467774662202, 0.04014093390135104, 3.1315632019642345e-05, -0.0016056559210834407, -0.001185649353711077, 0.059704818185507616, -5.670381623334074e-05, 0.0003004763593872881, 0.0005887448630418135, 0.5
78, 2, 1, 0.3125577364235161, 0.0006792819019826394, 0.425303282263678, 0.26145969941082337, -0.25787284927906706, 0.10889765334448524, -0.1387726778054447, 0.6023731297517154, 0.018578779358299168, -0.04593114249695587, 0.013300652368996047, 0.05501233494090139, 0.043610900172387015, 0.0705427575601741, 0.023134371890083508, -3.42301033681558e-05, -0.0010718411167972744, -0.00029853823082034677, 0.06146728008863821, 0.00038839048318868965, -0.0011045600741945143, -0.00047501751784806987, 0.5
79, 2, 1, 0.3130897504648992, 9.089443062838006e-05, 0.4185038521454845, 0.2683155029589879, -0.19044065168256757, 0.18137922866759348, 0.17855480192930884, 0.4796584675203004, 0.142122503708148, -0.22770300314487502, -0.11707362692912175, -0.15749723913514396, 0.008035158570770862, 0.0769590775892822, 0.00654824835098352, 0.0013750325534905902, 0.0008928202913219268, -0.0005710938383059834, 0.06168645604598096, 0.00018392453796274358, -0.0009292026338693158, 0.0016595887542120464, 0.5
80, 2, 1, 0.32035478638749026, 0.0023523053371249736, 0.4185147058146229, 0.25877820246076183, -0.11711351541313234, 0.2085034580603653, 0.24946510218063364, 0.5082977969864612, 0.26795594634729675, 0.025086158770901968, 0.05981713263508091, 0.02487104853403932, 0.07432247231787481, -0.1000469159617395, 0.017190851855264994, -0.0013091224912888937, 0.00020992646060619076, 0.0008330299700313081, 0.05956221403742275, 0.00038552563213921457, -0.0020043864851006224, -0.00036748064592135785, 0.5
81, 2, 1, 0.3177761548728818, 0.0025141546647257543, 0.4184412826407576, 0.26126840782163485, -0.17687332290741462, 0.08536085169833314, 0.21806490680017135, 0.4701288918263966, 0.2575680439411709, 0.013583743054112918, -0.049158877804179345, -0.0267751641242355, 0.16558043075497997, -0.037946506221908614, 0.030106395951798315, -0.0009368880213064667, 0.0014349279274509358, -0.0002753888063889786, 0.060048338793238044, 0.0014059697778688748, -0.0009138938817699375, -0.001024391157861391, 0.5
82, 2, 1, 0.26405818883497956, 0.0027021664190791522, 0.41794558521046443, 0.3152940595354769, -0.27788782733671064, 0.18348931090600318, 0.11809838856940202, 0.536545642771461, 0.16679835314545272, -0.028655058612408624, -0.17206944928038842, -0.0992751082236121, 0.01686280640287837, -0.014386189375868563, 0.1286617206718978, -0.0005094850249272258, 0.00029591260326242977, -0.0007181695114982039, 0.05920737844768018, -0.0015993889461137513, 0.0005802883977862576, 8.022042990391012e-05, 0.5
83, 2, 1, 0.2607637297613235, 0.00042937007922642505, 0.4122263358062035, 0.3265805643532466, 0.026818547703837448, 0.15341383335593745, 0.14948056934329518, 0.4674760502026549, 0.11271745097576877, -0.06064758955845604, 0.09167667162940338, -0.20087502733561494, -0.0038319527614088635, 0.18794704229844844, 0.2057470233464052, -0.0001255331645998865, 0.0013310594166573559, -0.00035472452970333155, 0.06014688145170355, -0.0004089278467900432, -8.592708292408485e-05, -0.00023874097323617203, 0.5
84, 2, 1, 0.25957061792357866, 0.00042211759589950054, 0.4118513262430239, 0.32815593823749795, 0.05018306000606658, 0.31195632679189134, 0.08588412774503655, 0.39337188481880353, 0.13187012310163418, -0.12112882306290902, -0.05650243534730629, 0.09603608815874158, 0.09852727949518152, -0.10196332834315061, 0.14017322854600026, 0.00040332312951793324, -0.0004883233209261645, 0.0002751412628517825, 0.060809004180165896, -0.000526490706957587, 0.00017756448202549386, 0.0012698810932800428, 0.5
85, 2, 1, 0.2608797663638137, 0.0005320378976656369, 0.4115368580978054, 0.3270513376407152, -0.17895668345260557, 0.08588511450213779, -0.005196931602987842, 0.7296917799927348, -0.10878964656139974, -0.1571593671287102, -0.022522215219793897, 0.11223198820283412, 0.06258194739948172, 0.23549481613236023, -0.06418542448415474, 0.0002122854084520963, -0.001148990748765852, 0.0010444460093899403, 0.059786905360304135, -0.0003487416430362229, -0.0006286839867265346, -0.0006858397906223813, 0.5
86, 2, 1, 0.2609025144881659, 0.0005284600488036984, 0.41146011160713764, 0.32710891385589286, -0.26403526498409313, 0.2001647626413634, 0.0029378445181277744, 0.5979532210261311, 0.13449626344823334, -0.11706573821085127, -0.2913974551772921, -0.10492265893926996, -0.023955177054904207, 0.10421235044976847, -0.09632123341026065, 0.0015649800657454801, -0.0006016119328421771, -0.002430953034107059, 0.06013664848578448, 0.000888891140034106, 0.0001049678910948489, -0.0003656225659035458, 0.5
87, 2, 1, 0.2644356846099838, 0.0009772938389944385, 0.41004211132479457, 0.3245449102262272, -0.06791857369973223, -0.00455417799614789, 0.25988881031028904, 0.381159405752533, -0.010659362237820425, -0.09131536449798358, -0.17020651529924663, -0.10056940243123388, -0.03368744338946254, -0.03917610989686954, -0.09133611995324585, -0.0005593829036333887, 0.00027555118196247305, -0.0009679574678530262, 0.060984144083919355, -0.00023427979866135913, -0.000755654350280567, 0.00026036664384537355, 0.5
88, 2, 1, 0.26489197514018725, 0.0007522585393583072, 0.4100245133984809, 0.3243312529219737, -0.12204470504671347, 0.10863153294521055, 0.23525858088716234, 0.44228336630633064, 0.17047062266154497, -0.03743466548802867, -0.07181207047099676, -0.06410325287432128, 0.09774024486018122, 0.1053447999713952, -0.1829551104536134, -0.000754928548961469, -0.0006452575696494626, 0.0010698122994825276, 0.05998848506730596, 0.000915497812263645, 0.0002796605414801036, 0.0005072330426752933, 0.5
89, 2, 1, 0.2650427084582594, 0.0007512395982760967, 0.4098994775652069, 0.32430657437825755, -0.07820017469354228, 0.1629477670458969, 0.27822681169013835, 0.4715811261276855, 0.3422478625592393, -0.06199221445182377, -0.10491177448794091, -0.14304622943021558, 0.011972302863920526, 0.08640883109364225, 0.13280585290413857, 0.001963668749839219, -0.00012089190473224449, 0.0005475566782244988, 0.061685766205216055, -7.096806361350635e-05, 0.0012424550673523162, -0.001674713878611647, 0.5
90, 2, 1, 0.2601135236185737, 0.0008816273301061695, 0.40883260088726087, 0.3301722481640594, -0.22908112595158547, 0.015105045722297716, 0.007907812943936065, 0.41493248677048034, 0.1320032211167659, -0.04725786032058578, -0.132488271673138, -0.17614328224927261, 0.10150893631517692, 0.21279565287796465, 0.05389176604600419, 0.000303271069521753, -0.0008309858961828689, -0.0010341550276243502, 0.060451979619728126, -0.001097232874453623, 0.0002862705073532129, -0.003760757600111897, 0.5
91, 2, 1, 0.2603825647746767, 0.000866914565992161, 0.4088237540967373, 0.3299267665625938, -0.06308513658532948, 0.11545821493004563, 0.1518836465556888, 0.4392412862703618, 0.23664677089881136, -0.07491898665786206, -0.05350498639539508, 0.0514554344274172, 0.1245060169400257, 0.2384329470702642, -0.1664268566966817, 0.0002539017607175422, -0.0003735545300252637, 0.000736749928519049, 0.05982968744952159, 3.953424848205862e-05, 7.529121394522027e-05, 0.0014455643906809304, 0.5
92, 2, 1, 0.26201129451325234, 0.0029366058554641463, 0.3098451221119954, 0.4252069775192881, -0.13380915205803184, 0.09472151461485365, 0.005904918361470201, 0.37320229363754087, 0.08071086007932622, -0.2040879209047377, -0.17283337669578477, -0.16381362980801403, -0.10883272048810148, -0.09761694762211376, 0.013875089972448646, -0.0013434460636524421, 0.00010316765803020569, -0.00043914467256820657, 0.061676627468393794, -2.2900497257610218e-05, -0.00040324070487877847, -0.0014322605571282765, 0.5
93, 2, 1, 0.26178188411688746, 0.002944808808136836, 0.3097601395858762, 0.4255131674890995, -0.08275409424646782, 0.03090802285230203, 0.0702017052090205, 0.4355135828239914, 0.004211180370260204, -0.1980397942621778, -0.18195958230365328, -0.1045812339267059, 0.059821637645659974, -0.2863037698149974, 0.016711093608774027, -0.00020341020671015152, 6.733189667151426e-05, -0.00028939724875174695, 0.061869706125000756, -0.00023622260219649036, 0.0008845835128398892, -0.0007389349968718774, 0.5
94, 2, 1, 0.2617948807096933, 0.0029492098443675667, 0.309677788001661, 0.42557812144427815, -0.18360595826884846, 0.10449075837640012, 0.09453476726046675, 0.4404828938977189, 0.13426555307221638, -0.1156970796466437, -0.29472136967700086, -0.13396767573908427, 0.12228417124092701, 0.10816614206583222, -0.15671526126316274, -0.00019301275990775914, 0.0011792722603029362, 0.0008751540779773873, 0.06076508688765462, 0.0005979412065158228, 0.0005409891572030598, -0.0011173704509793855, 0.5
95, 2, 1, 0.32360193567119, 0.009164777510911281, 0.14453323031761367, 0.5227000565002851, -0.12009914240091488, -0.21535867676270493, 0.07106903473650564, 0.48463598689900234, 0.22433149891499338, -0.054915273993803325, -0.06292804860725318, 0.11769315668362224, -0.05780800095427931, 0.027947088605661162, -0.03328603757663045, 0.0007669900235088023, -0.0006703337930043289, -0.0011911058366541607, 0.06009013964116279, -0.0007115903973714478, 0.0007263244555757863, -0.0012280206121104695, 0.5
96, 2, 1, 0.08571595612166782, 0.015345907957989265, 0.1247939780181679, 0.7741441579021751, -0.042833504476004536, -0.010570220938274023, -0.09651501358714246, 0.4784570422534021, 0.011450193777462925, 0.13871482929912593, -0.05541774792159258, 0.006856893836261685, -0.12724831743516046, -0.03324272618335365, 0.2885933631964651, -5.1142156128062396e-05, 0.0009761332018468361, -0.0013258137346443557, 0.060359909275119694, 0.0001399613654895152, -0.0010236047634169618, 0.0006794193576343634, 0.5
97, 2, 1, 0.11020472099788493, 0.00372851375654516, 0.024448572090130623, 0.8616181931554393, -0.008576847694152762, 0.08118126082601114, 0.03534717877127063, 0.33146852302068114, 0.1056750312492905, -0.20398341313442475, -0.09728193441492082, 0.01987639108221369, 0.23647377530903588, 0.09862150147795798, 0.04202739491515223, -5.942711001997265e-05, -0.0002557849391132353, 0.0009206618229228409, 0.06063042165261846, -5.074886201408078e-06, -0.0011877359755428035, 0.0019741925803179517, 0.5
98, 2, 1, 0.10913630377107995, 0.003297399303535289, 0.024272035164172548, 0.8632942617612123, 0.12318536369771434, 0.12476440378395234, -0.08592053089128904, 0.4799944936199501, -0.08866859367206867, -0.14040152337819106, -0.19174073019323207, -0.029611362834621853, 0.06571532833705379, 0.07442430551640836, 0.07194719272159847, -0.0007597973171753133, -0.001125383298992827, -0.002002945105579939, 0.061286196662935624, -0.00023738239697791166, -0.0013899207070049917, -0.0006063531117928753, 0.5
99, 2, 1, 0.10972752312692463, 0.0025897667088699227, 0.022786286031648922, 0.8648964241325564, -0.07560864842831194, 0.02919692640050764, -0.09592008220164228, 0.527305591191779, 0.04989280201071329, -0.02188094579926596, -0.057253688743115504, 0.053399337415756795, 0.0830984839494753, 0.0741367404904669, -0.1281210906573294, -0.0012651792804534196, -0.0003616559512119501, 0.00030253458871346277, 0.06152409738960122, -0.0002406377978442221, -0.0002357352363473664, -0.0009233198389462027, 0.5
