t, Event, Policy, P(still), P(random), P(reach), P(transport), o(t), s_a 
0, 2, 1, 0.9802401065826416, 0.019662514328956604, 9.738731750985608e-05, 2.196787335373429e-10, -0.47816325766188283, -0.530708096028981, 0.519359325872869, 0.7332501355343677, 0.11549678380501194, 0.09112563976846813, -0.1510727673067162, -0.2558679596414839, -0.22215178053499715, 0.2240715662566734, -0.1484262454933639, 0.16157988901024684, 0.07231847802370475, -0.12228210312082152, -0.039060867798480406, 0.018856176245402482, -0.0859923209783562, -0.1293164715488167, 0.8
1, 2, 1, 0.9775502722918236, 0.022259505458781824, 0.00019022202971125473, 2.19683387837878e-10, -0.30286782339167967, -0.6493156373663479, 0.6695703925711163, 0.883961774345727, -0.02627950307494078, 0.2187495279445107, -0.10609392810057443, -0.13294385048208443, -0.22413487682965477, 0.36251592800523524, 0.13606711002640962, 0.0005024210548247053, -4.004283701093336e-05, 3.3222113653756805e-06, 0.019084463388361863, -0.0008940069373076511, 0.0008977254740227368, -0.0010369338903126308, 0.8
2, 2, 1, 0.9675685888764709, 0.03203179472026751, 0.0003996161835779379, 2.1968353518960806e-10, -0.49572232185487086, -0.5388992425247994, 0.6817355546215264, 0.950442555355673, 0.1825446295808773, 0.2462830488644531, -0.20900387554676397, -0.29424780957393465, -0.3630859317990273, 0.37643700496283594, 0.06956853810818871, -0.0011879068886398408, 0.00013082176324585024, 0.0004159400474741822, 0.021537385538050242, -3.8895371474162594e-05, 0.0018899522873336298, 0.0006775359337772764, 0.8
3, 2, 1, 0.893122703612882, 0.10256984461899782, 0.004307451548437025, 2.1968320342526454e-10, -0.42025935665685565, -0.5824279912118283, 0.5891508950897276, 0.8679176878908432, -0.0006646592871317525, 0.15302871443072674, -0.11881225692054569, -0.36818442539130486, -0.5815315582434285, 0.3647182265993021, 0.04859983004674586, -0.0010986106734699494, 0.0018880542294273464, -0.001059349795749751, 0.019426835140188357, -0.0003934387803105909, 0.0002455259103064264, 7.521245230874269e-05, 0.8
4, 2, 1, 0.8931124068915284, 0.1025780423779218, 0.004309550510911875, 2.196377950481626e-10, -0.4618112226085331, -0.5323241073573858, 0.7576704236105343, 0.7218613197122306, 0.16306263805003823, 0.10347865766768236, -0.1994469823655849, -0.09669456148692471, -0.19672148222007824, 0.17831676631509047, 0.02957365559738127, 0.00037548294081535255, 0.0011751944705722843, -0.0007914195840547503, 0.02057804356035052, -0.00012172872052438988, 0.000449157874612017, 0.0011006566453147983, 0.8
5, 2, 1, 0.8898148329696145, 0.10567726618576519, 0.004507900623777318, 2.2084299943414103e-10, -0.46459833376258874, -0.6368122824243155, 0.4068886746825669, 0.7053593352270198, 0.13597832487375291, 0.11907313837056097, -0.2840187550618205, -0.19906621292251286, -0.4984623255011238, 0.3031576866633132, 0.14516714899112554, -0.00033027847487241525, -0.001385943952384349, -3.347642517889688e-05, 0.020146720026724442, -0.0013259865157679274, 0.001510467915942869, 0.0001995312084500731, 0.8
6, 2, 1, 0.8889359553072785, 0.10655191372644301, 0.0045121307451679, 2.2111060203053129e-10, -0.5128731194085107, -0.6221473393347307, 0.5320122181811239, 0.8633676823526658, 0.27236422651687137, 0.07434463773005501, -0.06450143028398804, -0.45594171986530885, -0.19619420318798558, 0.20469429251601262, -0.04596581996478112, 0.000555412776569796, 0.0007569247914504712, 0.0001561133222666799, 0.021324057226648183, -0.0015641149003270342, 4.525962097367898e-05, 0.0008444696808501446, 0.8
7, 2, 1, 0.8889341554470682, 0.10655370608333788, 0.0045121382485107915, 2.210831198676692e-10, -0.5477047073250124, -0.4456452141140483, 0.8290794439222262, 0.827304204735737, 0.14563638256724004, -0.096700137186764, -0.18334056937781773, -0.2708293434127636, -0.1481569502510664, 0.29093804161686465, -0.17859709958987532, -0.00013779144513283327, -0.0007891493427592383, -0.00020767978764242852, 0.019315221489855587, 0.00032087685038983716, -0.0001895919468598502, 0.0009940699651939376, 0.8
8, 2, 1, 0.8888565895629467, 0.10662980647327362, 0.0045136037427974075, 2.2098234031509802e-10, -0.46074114654974785, -0.6473172670566669, 0.6748372945090286, 0.7507057197723139, 0.1378676804916332, 0.036114653809855624, -0.2595167289264528, -0.34545740669436115, -0.1804636459919527, 0.2558467268871248, 0.08365776186497084, -0.0005962995821691187, -0.0017229613535678211, -0.0004546508044707055, 0.01877791123188064, -0.0005116922307035424, 0.0008715612721768871, -9.412434123690295e-05, 0.8
9, 2, 1, 0.8887166305170597, 0.10676825539141094, 0.004515113870547096, 2.2098223635578612e-10, -0.40714680429698474, -0.47300928910246015, 0.61199573848515, 0.7876488440760152, 0.05617859683484239, 0.21536349837947916, -0.18449879718688572, -0.3722401998233174, -0.14884515785407437, 0.5723080328697266, 0.13324654686756043, 0.0006128241255882295, 0.0009781552275472147, 0.00016645064337828344, 0.01836020138439169, -0.00042093523803356095, -0.0003023473881587899, -0.00044077233570094504, 0.8
10, 2, 1, 0.8886503494738176, 0.106833307264448, 0.004516343040789079, 2.2094516459546729e-10, -0.5797812888423406, -0.5918512754424373, 0.6353362472094288, 0.7270723407668069, 0.19761706111718136, 0.05906531939152374, -0.37935285846638217, -0.2830051539056539, -0.22290649579962296, 0.22956296716122804, 0.07667073422010055, 0.0005137758960633381, 0.0011334961907294523, 0.0015893437712564775, 0.01974663132688526, 0.0002367458664428234, -0.0006891315243617274, -0.0012230207122037986, 0.8
11, 2, 1, 0.8876789385918983, 0.10779692752381685, 0.00452413366259938, 2.216854258357269e-10, -0.3578299462744071, -0.5512354096293318, 0.601840747276873, 0.6455195166114367, 0.30157495605128054, 0.16716602872211522, -0.08994418066346714, -0.1627567461265758, -0.15406340364391216, 0.27957752251955403, 0.021759372154712374, 1.4108042240947732e-05, 0.00047980358411102355, -0.001281181077675012, 0.019849278800162566, 0.002871964472667239, -7.684331808336059e-05, -0.0009457665134850489, 0.8
12, 2, 1, 0.8866545562062057, 0.1087902034326882, 0.0045552400566914964, 3.044145776153483e-10, -0.6008192469230872, -0.5802312669848306, 0.5420375962716681, 0.7763547624016263, 0.19425705347833272, 0.1281647247716224, -0.2584844593898025, -0.0637205243617944, -0.2056126885715303, 0.1743241431092855, 0.10700163148825319, 0.0016070818385143814, -0.0015403587169878085, 0.00042797922794995697, 0.018454004195257008, -0.0007844009548928721, -0.0014787751979615433, 0.0022999516421213476, 0.8
13, 2, 1, 0.886028736653094, 0.1092677725191405, 0.004703490523304269, 3.044611752399562e-10, -0.3898471084417877, -0.33335879669319035, 0.6092093368464512, 0.779976326317047, -0.061666903800926896, 0.04745580310222497, -0.20320484132517608, -0.297593340310725, -0.3514412032377968, 0.23679199922656546, 0.23554927232459355, -0.0006787241439019577, -0.0001643019961490263, 0.0009537672430591996, 0.02049464948095634, -0.0007227806237675578, -0.0007075572016786178, 0.0002615807187664193, 0.8
14, 2, 1, 0.9349419398346794, 0.05923737544905984, 0.005820684397816472, 3.1844423590201144e-10, -0.44369476848985956, -0.7006535163731372, 0.5078131569534866, 0.7719688904243253, -0.11749143970997951, 0.0473644109015818, -0.08678338380462478, -0.2445147402186886, -0.4144335826082665, 0.19774871492581556, 0.07412796536302438, 0.0004123432217324809, -0.001189072625386248, -0.0005927582022157529, 0.01969765620521389, 0.0017538593407904022, 0.000987049182455438, 0.002458627936692469, 0.8
15, 2, 1, 0.9655186782462291, 0.02819364933232391, 0.006287672037582161, 3.838648225962951e-10, -0.649360190055459, -0.48364523455941305, 0.5001982638567453, 0.7568906901668316, 0.016178650706755525, 0.04512934335260933, -0.13561625941239946, -0.12858689792157207, -0.3067772207112253, 0.294911163491826, 0.014969817018662897, 0.0003261682356164205, 0.0017128306678502493, -4.9365606432174455e-05, 0.018993987481247858, -0.0002421648074056509, -0.0003031282349895424, 0.00020061961084221627, 0.8
16, 2, 1, 0.9655359948314062, 0.028175253173242328, 0.006288751610874475, 3.8447705106787543e-10, -0.5125400171772758, -0.5879977529649102, 0.5769633159958383, 0.6913867289720899, 0.18415175184426696, 0.18640263720235167, -0.167277570933619, -0.27183672834273864, -0.12435280541515692, 0.16318052915679976, 0.11156971559448059, -0.0003141394538964912, -0.0012180234392622556, 9.860046540756631e-05, 0.018696387611146743, 0.001017701001102721, -0.0008990381954390961, -0.0004438888833539196, 0.8
17, 2, 1, 0.9168656883535748, 0.07570482142289096, 0.007429489654901941, 5.686322158601665e-10, -0.5519342422064681, -0.5944561576807955, 0.4028504391330217, 0.8723604135210039, 0.04721259869838199, 0.025754007076704822, -0.022718478151916723, -0.31406184376168583, -0.35737780991571927, 0.2674822027728956, 0.17795180854364392, -0.0018048738239050393, -0.0007085535847380376, 0.00016168752648950717, 0.021849613365619337, 0.001425496559183051, 0.00042591927694890085, -5.399733908879128e-05, 0.8
18, 2, 1, 0.9168377651949756, 0.0757323880102323, 0.007429846226371803, 5.684203588842775e-10, -0.46177142888752565, -0.430480089829049, 0.6868163148746088, 0.8340135124037582, 0.14204988976215793, 0.15517052539636014, -0.22774775676041265, -0.26904706201522577, -0.26912822029629824, 0.09865209270130681, -0.18695791466847764, 0.0002942018283640582, -0.0015444624645752484, 1.9057711493678868e-05, 0.01966447578071928, 0.0005083213512300886, -5.996668360457851e-05, 0.0012163421935596978, 0.8
19, 2, 1, 0.9167284481325368, 0.07584111591462639, 0.007430435383766498, 5.690702453284965e-10, -0.4987474145923326, -0.5695728328911597, 0.5497186667930671, 0.7458823508306395, 0.19532516722523718, -0.0011137383458759364, -0.09808556948313069, -0.23459819270564242, -0.21140762719366704, 0.18474381090453304, -0.16150797796293567, -0.0008733331024721183, 0.0008517069764988087, -0.0007863640448920337, 0.01968629494120996, -0.0001459094597319961, 0.0011199159656595323, 0.0012570421575351359, 0.8
20, 2, 1, 0.916635249808551, 0.07593302907545715, 0.007431720548294661, 5.676972030281619e-10, -0.47152201762392626, -0.5673029829722331, 0.578184460783836, 0.7868583295127458, 0.06180605907910588, 0.1803710508217641, -0.3019344922403082, -0.13021353194676413, -0.1730344294118103, 0.3785999721538816, -0.051499620962498396, 0.00024236536203963962, 0.0003764746054698778, -0.0004910832573600839, 0.021823188396484637, -0.00014981970513926844, 0.0002247336317634223, 0.00011208823998033618, 0.8
21, 2, 1, 0.8465768967953183, 0.14504659150475865, 0.00837651102439499, 6.755280623455292e-10, -0.4241350406364199, -0.622874796799677, 0.3375911501496505, 0.6385040803841588, 0.0701762061035344, 0.07176704595766988, -0.025098128375788186, -0.3628303201588583, -0.37401166755376347, 0.3189423468912066, 0.05206694881805742, 0.0007210558783568913, 0.0010100496648198839, 0.0012499651994351214, 0.019104639457305943, -0.0004920030624068098, -0.000217700281161339, 0.0007743086624350668, 0.8
22, 2, 1, 0.8588066489544189, 0.13280725065391882, 0.008386092678612254, 7.713049998456157e-09, -0.44460956707536703, -0.4071908359796478, 0.3801429966091702, 0.6726196333831218, 0.1752702953023023, 0.10764609770064489, -0.22629682163501022, -0.18579994022189644, 0.07303885750741648, 0.2296374049647436, 0.1971748408931962, 0.0011891852708553956, 0.0010659388456828068, 0.0007397715871152054, 0.018903182427494624, -0.00011460786116697453, -0.0006419890413320037, 0.0013972319930812779, 0.8
23, 2, 1, 0.8565445889130707, 0.1350469697377614, 0.008408433601691601, 7.747476174140529e-09, -0.58785265629882, -0.3735006712452337, 0.345463249890289, 0.6437388282452243, 0.28113546514698357, 0.23974510859943604, -0.044487007475273156, -0.24903831482977762, -0.2896944221156796, 0.3596421455539731, 0.17954927978156107, -0.0010891472101780607, -5.590191645660226e-05, 7.119180600620976e-05, 0.01911336623886492, -0.0001520118182356931, -0.0017511841132040215, 0.00014583077077305606, 0.8
24, 2, 1, 0.8350444561560286, 0.1556179035213545, 0.009337632574581306, 7.748035657441823e-09, -0.3465449453203696, -0.5058615101160877, 0.5698555761602085, 0.6112618588992954, 0.09958422085045714, 0.10415412863337277, -0.16456274842910415, -0.39600396019953527, -0.38956531011642676, 0.178726569029589, 0.10970600670469861, 0.0015642491389358912, -0.0007204099573315359, -0.0007682918706092268, 0.02064955191682501, 0.0006591495707157359, -0.0007170403692942364, 0.0010288519200512952, 0.8
25, 2, 1, 0.8349826420494466, 0.1556784998961389, 0.009338850266927507, 7.787487067057503e-09, -0.3395578221450403, -0.5123191654003523, 0.4613601220996588, 0.9197304659103167, 0.178750339363124, 0.30721539461422587, -0.050249714054057024, -0.23430303996279528, -0.24329754994077857, 0.045418645069290144, -0.05142466575598521, 8.421376483380637e-05, 0.0013852602486583924, 0.000766511659027999, 0.020246019214254042, 0.002271352011571351, 0.00027748298621259267, 0.001910316315704591, 0.8
26, 2, 1, 0.801035536203892, 0.1893580280939022, 0.009606427510029887, 8.192175805831019e-09, -0.558673398194218, -0.3048941197031808, 0.42424207257871804, 0.7742895587945153, -0.11729599225478063, 0.1166589941339317, 0.0027101709659736795, -0.3721999352205353, -0.12488984065628812, 0.2650276456727199, 0.0006708761744146696, 0.0007130219013275309, -0.00033542628560688417, 0.0004764801747010455, 0.020514647953708307, 0.00019102315612803668, 0.0018437573665590116, 0.0002437179454623347, 0.8
27, 2, 1, 0.8025149351759518, 0.18787574168832025, 0.009609314942672273, 8.193055723308652e-09, -0.39081793249210406, -0.39136664004326766, 0.37857325742682013, 0.7735356118377689, 0.004241017176478646, 0.0026568188662242863, -0.10801482232496576, -0.3052137392351476, -0.39435721699169524, 0.2175026678886419, 0.28563495020515584, -0.0006425289988937598, 5.6014067306170155e-05, 0.001941078397175331, 0.019168538232269692, 0.0012995265155286637, -0.0028245131183532806, 0.0008462589479731632, 0.8
28, 2, 1, 0.8221194380953416, 0.16826240560358108, 0.009618148106100769, 8.194976628785558e-09, -0.294388565210436, -0.35311244235341843, 0.4535015825504944, 0.8648862648495145, 0.14179281139998673, 0.23982577900783147, -0.0372326264284516, -0.34338626850846443, -0.07412510605638659, 0.3714578851090307, 0.03078080491924797, -0.0014199813192163385, -0.002058620429594972, -6.035212212544877e-05, 0.021588188403719424, -0.0014156199040211664, -0.00017444359117889605, 0.0008056945291519161, 0.8
29, 2, 1, 0.8085138502798201, 0.18156108807113477, 0.009925053206756124, 8.442289089779252e-09, -0.4236058693763362, -0.33216351636622876, 0.3964011900966267, 0.6454911697523118, 0.1416695048031412, 0.08736293784326424, -0.2526456938555723, -0.22036930512957786, -0.28358233625223905, 0.3216984167756366, 0.11898729869502325, -0.0003341479083840936, -0.0014350203540475321, -0.00016212111476011758, 0.021090336374355194, 0.0012615182251643595, 1.0520263264109815e-05, 0.0015017711044855464, 0.8
30, 2, 1, 0.7758669304001563, 0.21376489885504762, 0.010368162300432093, 8.444363904148572e-09, -0.3171353995599635, -0.3237855377242704, 0.5233438119455757, 0.9701699228189818, 0.07496711357812322, 0.07764627682331175, -0.18170373311737748, -0.33835780072810445, -0.1931197468845574, 0.3797319730904711, 0.07119848777528921, 0.0004303034356361803, -0.0007720273541194893, -0.0008106039017786148, 0.020728675605705713, 0.0010469610518234272, -6.693704301858934e-05, -0.0017067389391410889, 0.8
31, 2, 1, 0.7779239589504655, 0.21170676467363783, 0.010369265895651954, 1.0480244750657835e-08, -0.3323471135714035, -0.22663560743863878, 0.3620943113430569, 0.8245299420834904, -0.03241632165699593, 0.331702185662766, -0.24029911673442741, -0.26075469764448217, -0.0453949530612648, 0.04427160476579513, 0.07079166808228024, 0.0005962664437408453, -0.0009462522973658161, -0.0003871044672045834, 0.01963916412750944, 0.00041483056946122935, -0.0018154994352600176, -0.0007707492406048787, 0.8
32, 2, 1, 0.7759683037811674, 0.21364312677214908, 0.01038855896522443, 1.0481458988189474e-08, -0.405311810309463, -0.33627375128835574, 0.6060878281750508, 0.7218073984368347, 0.2473332968250757, 0.12223646417734406, -0.3349607036889895, -0.23082602143263653, -0.17108159357745906, 0.19403887065072772, -0.07606953193867809, -0.0009547632351679013, -0.0006111755353887735, 0.0007608126877110304, 0.017930906602576117, 0.0009583378935039304, 0.0001433759326800648, 0.0005353518159476929, 0.8
33, 2, 1, 0.8470119096320685, 0.14259290116834009, 0.01039508011068236, 1.0908890911645724e-07, -0.3881429307270435, -0.5382562382723469, 0.22611339102113978, 1.0737713435098004, -0.004983362623320819, 0.1943955237199957, -0.10660770595620687, -0.1888336969108636, 0.007139076504009534, 0.23235860537028427, 0.11980918475423989, 0.0001439264058466316, 0.001378118425999632, -0.0010084104348227177, 0.021187808593436837, 0.00031530055431233775, 0.0021488501627901146, -9.417305070720416e-06, 0.8
34, 2, 1, 0.8480473138909222, 0.14152755080724017, 0.010423248581320965, 1.886720516730002e-06, -0.5569850275235271, -0.4260706349339708, 0.23024328254752907, 0.8306692725776623, 0.1438623435745175, -0.07745962456494312, -0.11882891946206715, -0.13331344986828875, -0.09610662326732908, 0.18310173929436846, 0.027788286046507633, -0.0006464614483605171, -1.8973973068898413e-05, -0.00032891785557839293, 0.020534884699952332, 0.0003605204941217483, 0.0001816191930006462, -0.0012779006947208147, 0.8
35, 2, 1, 0.9580402773004476, 0.031516148771312945, 0.010441690394029817, 1.8835342096036007e-06, -0.4670848206247939, -0.6656049061006719, 0.34971303930200454, 0.7567233675255903, -0.0540974812609996, 0.26188618903023536, -0.17836726731231542, -0.0668535877652123, -0.1899841529326598, 0.2478640638198392, 0.2117106280100795, -5.627631824029817e-05, 0.000315007439454794, -0.00040500098084190523, 0.019947600461313067, 0.00010074260482445782, 0.0012974911019072127, -0.00035334994833717824, 0.8
36, 2, 1, 0.9282095996987353, 0.060583710408488874, 0.011204806180258157, 1.8837125176981388e-06, -0.38485836016285846, -0.4957080765917382, 0.5022397132993363, 0.823276450732126, 0.05344430296605819, -0.06908380283719562, 0.0007783964248581965, -0.2351204933113294, -0.24918137632609305, 0.25273437192226667, 0.0913712576992759, -0.0012090534549953594, -0.0009751885321971606, 4.301937902144499e-05, 0.018869067458148415, 0.0009082652441426434, -0.0006499905135147223, 0.00230298168184162, 0.8
37, 2, 1, 0.8878696365682673, 0.10026066101413607, 0.011867820867385486, 1.8815502110322606e-06, -0.5841474841221326, -0.32388261057348916, 0.5154430877692072, 0.7848639323394127, 0.2038320402036263, 0.20842278931795138, -0.0817506645310357, -0.20364480614338337, -0.35266978776130836, 0.19099431935945804, 0.0317854299183972, 0.000688087913120618, 0.0006778487116580513, 0.0011717408974368216, 0.020724642711725756, -0.0004375135906832612, 0.000998851062182928, -0.001860187191158221, 0.8
38, 2, 1, 0.9174423448176372, 0.07036277363101812, 0.012193001621747149, 1.8799295975694362e-06, -0.356072625189444, -0.2818770303389248, 0.4826808336393464, 0.7954689358912606, -0.04509378190460123, 0.15168298489691862, -0.17086668285765236, -0.017669784952532686, -0.3171063386225638, 0.23393618758594129, -0.05774712531659486, -0.00032685723918481074, 0.0016448660668953858, 0.00026449836919410807, 0.01891275002076579, 0.0008061720333800126, -0.0006369689223256738, 0.00013989564243080746, 0.8
39, 2, 1, 0.9174362982944793, 0.07036086786316952, 0.012200940192433037, 1.893649918237123e-06, -0.41777187262389254, -0.25391952229421405, 0.3304538341672897, 0.8304165862066071, 0.16115557616599738, 0.22423793432097455, -0.22368634019634576, -0.12351363320222872, -0.12987525975459951, 0.18584119254192277, 0.1569012429847087, 0.0013309936373431114, 0.0009450600615920519, 0.0015404995885769702, 0.019073280687794725, 0.0015732873945340305, 0.0006908483723857883, -3.872264309641555e-05, 0.8
40, 2, 1, 0.4931911730173883, 0.4910182772814715, 0.015788614251377904, 1.9354497622967788e-06, -0.2853907741778632, -0.27669310562561755, 0.43392068681299933, 0.7143457130425082, 0.07976287686902594, 0.09739007959364361, -0.011924412346376733, -0.1960700812101829, -0.22206019338589922, 0.2139252214796629, -0.060926473234449705, -0.0008749036242019675, -0.001263291364562175, -0.0003021033649254287, 0.01904513218531516, -1.1921522009424967e-05, 0.00105632096790194, -0.000681476942579377, 0.8
41, 2, 1, 0.4337193440066662, 0.5499859770297824, 0.016292742281816767, 1.936681734783471e-06, -0.5210800742869084, -0.3535644216809246, 0.3837782214114709, 1.0325103956594768, 0.20342458797637447, 0.148331695907977, -0.026284088812493788, -0.1043470530053842, -0.3172070000525239, 0.3292868293436103, 0.015335885255168885, -0.001376831404632879, -0.0011540314839353096, 0.002062425732850463, 0.019736049428034953, 0.0019256970611065093, 0.0016670013654107232, 0.000718351490549022, 0.8
42, 2, 1, 0.4337774216358534, 0.5499278576106363, 0.01629278407401083, 1.936679499534481e-06, -0.350675485414612, -0.3044529529597574, 0.31210252316758774, 0.6891385755979902, 0.061626584102356705, 0.15723872413942183, -0.240266625162444, -0.20271541217522548, -0.02575984191304608, 0.5060618169385822, 0.014779711392360598, -0.0008338065859199624, -0.0002663333841818253, 0.002398994935677621, 0.021841515449079696, -0.0009362412437508985, 0.0002962961259118869, 0.0008858143629280957, 0.8
43, 2, 1, 0.4209324675617818, 0.5626426700456629, 0.016422922420061225, 1.939972493947908e-06, -0.28188768774858247, -0.3404370142931753, 0.5056484203885047, 0.7194861561606984, 0.25022213281380096, 0.018884564085798538, -0.07380699924012016, -0.1311278590185783, -0.24320391729570545, 0.08262739725066645, -0.057024686640925595, -0.0005674243269684694, -0.0012799029602614373, -0.0004350979573403878, 0.020030414963841746, -0.0008147837782708234, 0.0005608218284601106, 0.00044273965430831764, 0.8
44, 2, 1, 0.4205750574722725, 0.5629851822539277, 0.01643781834422826, 1.941929571592165e-06, -0.4588682232119945, -0.31551561975454645, 0.2863424355842967, 0.799731068707559, 0.08726192253766638, 0.24519331007505735, -0.22205075367898547, -0.3359807880860009, -0.3077502104322011, 0.0728975780936518, 0.1540715733976073, 0.0021159868350939127, 0.001147902154959618, 0.00014835903229972063, 0.01999302924501865, 0.0015118558809773482, 0.0007503186721813536, -0.0020473674610426945, 0.8
45, 2, 1, 0.45861463005186803, 0.5247665532084481, 0.0166155237653578, 3.292974326120355e-06, -0.24370361481564978, -0.16260462855287025, 0.25420996376186444, 0.8300642577796928, 0.14738600909973823, 0.12387528257088487, -0.1876390786884161, -0.19873242496263016, -0.19107658231962177, 0.12380363982920595, 0.11569443431235663, -0.00029741564075052576, 0.00033587167447570793, 0.0008973086265697042, 0.02065679931396936, -0.0003661174314688833, 0.0012962188563117448, -0.0005999730821791214, 0.8
46, 2, 1, 0.4270561424476818, 0.5560905661839203, 0.01684877091832424, 4.5204500734956555e-06, -0.18465078111155814, -0.28831488298944336, 0.330816401219837, 0.7985464904493089, 0.1765734372493099, 0.09817439151165633, -0.07995800427422325, -0.1540668479763908, -0.06444613204358811, 0.17977707799857376, -0.04665957699455826, -0.0004717456575989815, -0.0009165325605666292, -0.0014184352077233886, 0.02037653858170693, 0.0008272260879032313, -0.0005231200489544319, 0.000826318783217573, 0.8
47, 2, 1, 0.3433159231120172, 0.639128823140872, 0.017550595878867665, 4.65786824310509e-06, -0.30885340312747867, -0.3102845776012174, 0.31059837611403773, 0.7692658057037659, 0.1803596045846696, 0.07641083387830942, -0.06809082462325385, -0.19428222697417638, -0.20747231683909922, 0.26847844225150436, 0.022196289980705747, -0.00023661460267231587, 0.00023686324720681237, 0.0008195062289346972, 0.019842987622506435, 0.0006872630108183292, 0.00010522604117364121, 0.00044979443984901094, 0.8
48, 2, 1, 0.35111283379238506, 0.631286488593165, 0.017595977643740938, 4.699970708920216e-06, -0.26975022245185887, -0.26562989856902675, 0.38870570365019574, 0.809020049965282, 0.03490919597331273, -0.1271182010066451, -0.029513955197459574, -0.15024326180881026, -0.05098027521324211, 0.19126829447287444, -0.042844060116473105, -6.740637457717464e-05, 0.0003410094741401124, 0.00037604877665172473, 0.02214875464430139, -0.0012272980911261116, 0.0008586567824036525, -4.381642504415473e-05, 0.8
49, 2, 1, 0.3553565290531498, 0.6269621444786969, 0.017676626481961076, 4.6999861921564e-06, -0.22774623276123468, -0.42207591023036234, 0.4996389919865224, 0.9076096295562301, 0.13626082208212603, 0.02377977915223971, -0.11939750243347251, -0.2644341836569933, -0.1498444655855677, 0.3180961264039338, 0.07334038091316233, 0.001574196524582807, 0.0009234376899002686, 0.0008031110824518205, 0.020070775884566232, -0.00039138014480750137, -0.0007138072070912232, -0.001277712689128014, 0.8
50, 2, 1, 0.6356459452140694, 0.34660371841181953, 0.01774398619388406, 6.350180227082085e-06, -0.2734577299658558, -0.22636921677763108, 0.2706006652462024, 0.666379810646345, 0.00015198295082090584, 0.1284031660798691, -0.20056598255830593, -0.12850006329041108, -0.010263760333202953, 0.1667724895301192, 0.03712012881361186, -0.0022744206583722453, 0.0021834344299494863, -0.0009922513848727502, 0.0215776725523859, 0.0019833310523306173, -0.0014552188397438616, -0.0009123288044371495, 0.8
51, 2, 1, 0.6899561604362429, 0.2920732451493908, 0.017963866780006346, 6.727634360026229e-06, -0.03116256474809358, -0.3478206267322362, 0.26024510472545453, 0.7933159647257558, 0.023701865268598365, 0.19497293744866123, -0.12905078992165325, -0.26011464837474674, -0.12379754618219137, 0.19115342867205995, 0.07093751842878857, -0.0008993324747763119, -4.2710529831715105e-05, 0.0008900605813599597, 0.020385423941315144, 0.0007710873732864609, 0.00013322275891953955, 0.0010851369993661176, 0.8
52, 2, 1, 0.7173990851182079, 0.2645940818560054, 0.017999997931335443, 6.835094451226127e-06, -0.2768002472492396, -0.23318016162757765, 0.25303698437855554, 0.8254303816477236, 0.04917406412574511, 0.07635098078458816, -0.15433965218703746, -0.22270353187235187, 0.05327569809294219, 0.30193312349239426, -0.044790369608930646, 0.0008852517721132394, 0.0004584332883426862, -0.00014095389257228125, 0.020531694541967523, 0.0005405241818144356, 0.0007662166255403686, 0.00038461544680634446, 0.8
53, 2, 1, 0.7157282804248751, 0.26624766769003755, 0.018016906786357888, 7.145098729474103e-06, -0.41793675635893246, -0.26185155433485735, 0.3031139585217427, 0.7195792975216645, 0.18875940348486311, 0.16985936028533005, -0.20366955276853854, -0.1373820671496101, -0.005757542583013952, 0.18028080321600531, 0.014018773901832333, 0.00033763994080711807, 9.86290674898077e-05, 0.0007126610907352956, 0.020571487761330214, -0.0007061893861843702, 0.00101270248270242, 0.001160458970766636, 0.8
54, 2, 1, 0.655322446743068, 0.3260142838392337, 0.018627476698143443, 3.579271955471758e-05, -0.26801841439590446, -0.18734323782213935, 0.13594289024571066, 0.7523794439236817, 0.21902713413649627, 0.075198686325225, -0.022640717197121997, -0.024985269926127818, -0.2190584947752961, 0.21337437973016077, 0.09353116173122307, -0.0013298950662380847, 0.0016486794263282888, -0.0003512159802277198, 0.021331588884604978, 0.0009194607235264264, -0.0006672164964037925, 0.000495194214162986, 0.8
55, 2, 1, 0.6431828379235608, 0.3378341805376442, 0.01894718878777504, 3.579275101995107e-05, -0.35551291046595107, -0.2348080918420977, 0.4399477291145925, 0.7318367707857494, 0.05163639458623731, 0.08069105737293329, -0.2835821079376642, -0.252883499024807, -0.28901282811520235, 0.2690714399693535, 0.0634144957712186, -0.0007785874235417767, 0.0010343991378978525, -0.00023470769390147492, 0.020108133908695446, 0.0009491162769032623, 0.0009693773638131669, 0.0008104364901878071, 0.8
56, 2, 1, 0.6406965867497441, 0.34021787953171656, 0.01904952818391103, 3.6005534628501095e-05, -0.2414429198932735, -0.10075859638748445, 0.284736034385879, 0.687663672168218, 0.22260593878993706, 0.17389617968108678, -0.11883869929454398, -0.1972188231616782, -0.12173857645806892, 0.23914459698896953, 0.013345469098060734, 0.001274797700974905, -0.0012297428317621447, 0.00019378578494963305, 0.020951155061346385, 0.00047636808263598314, -0.0015917593049766508, -0.0005212518221913918, 0.8
57, 2, 1, 0.618387662741516, 0.36234441707251125, 0.019231849000414546, 3.607118555819441e-05, -0.2000906293043548, -0.1504716808754843, 0.272081266825252, 0.861159498185688, 0.18911002555205886, 0.04511977552458839, -0.22823431664326438, -0.2302605158231304, -0.20318451653348096, 0.265426169662436, -0.04486525809104243, 0.00036329190792999905, 0.0006765272832796954, 0.0011653596946773815, 0.019557977368825863, 0.0016174542916734924, -0.00017307461824932392, 0.00019924654732361488, 0.8
58, 2, 1, 0.6176080513253098, 0.3630865334665377, 0.019269085551264664, 3.632965688772947e-05, -0.3205520765305404, -0.39386717460052234, 0.32970556772498594, 0.8894765193173088, 0.10221329741850649, 0.10332764865107677, -0.24002086953972412, -0.034766571505679154, -0.1308823733516826, 0.10502924759020718, 0.18908974031598982, -0.0009223485031338893, 0.0005885026048251267, -0.0007332540247260239, 0.018710546509671442, 0.0005169943051109851, -0.0007015293055991358, -0.0009588590728837456, 0.8
59, 2, 1, 0.6174533599691797, 0.36323841302431764, 0.019271714417853567, 3.6512588649141054e-05, -0.3028339408245382, -0.25634427024082784, 0.28094631093721467, 0.8220878732740948, 0.2624097211205328, 0.2058648161837823, -0.21021328929109692, -0.1705812430997637, -0.06968534430337331, 0.06344670661995276, 0.10774054069560184, 0.00048197380312593844, -0.0008790621205775021, 0.0002551619095520926, 0.020708790061290484, 0.0012926430090969491, 0.0004332479618962137, 4.322085679557315e-05, 0.8
60, 2, 1, 0.8118231264774388, 0.16878708546780674, 0.01935324431045267, 3.654374430170297e-05, -0.18995071984527634, -0.07742990575595701, 0.3746701052571705, 0.6820630828539607, -0.06969000181008522, 0.12960417117126516, -0.19306206072150817, -0.11493126557036404, 0.07326536416495191, 0.2554357404208253, 0.0953263760627322, 0.000788976217655976, -0.00033497487339665083, -0.0006825880806786767, 0.021544537387026746, 0.0008657363685690607, -0.002375228678187605, -0.0007051269996272996, 0.8
61, 2, 1, 0.8119884599318195, 0.16858476291067845, 0.019387072016595303, 3.970514090668715e-05, -0.19601502382392735, -0.16015838895600837, 0.2463592908581253, 0.5800085550355906, 0.14285089991329344, 0.09989457410981172, -0.15877659092912436, -0.1376596684293474, 0.08266657217254547, 0.18147344389875011, 0.0011964979218247295, -0.00014917382845039813, -0.0007964663170722976, 0.0007559567122832579, 0.01780431903199648, -0.0006771624767649244, -0.00025270425428731063, 0.0004668554052833297, 0.8
62, 2, 1, 0.811023131909438, 0.1695416196899852, 0.019395531802003013, 3.9716598573771614e-05, -0.1735152632769738, -0.15258119661750152, 0.3766797998275007, 0.8184480830097804, 0.14856163885880952, 0.17843883358894272, -0.08399860600173217, -0.26814358792257265, -0.2188625003048954, -0.0488605006597421, -0.16639214190226526, 0.0004100494065253493, 0.0011361518721186652, -0.00070563719609277, 0.019598760256357563, -0.0019461084815684323, 1.2971367999424277e-06, 0.0002754401084718543, 0.8
63, 2, 1, 0.7994147693479771, 0.18099295845951402, 0.019547482772431398, 4.478942007754315e-05, -0.24308619314778274, -0.229367301702603, 0.2314543662118674, 1.0083947772703397, 0.09457345128277225, 0.12006561454047524, -0.22244774156814207, -0.19122067453271618, -0.21327517634091597, 0.04397477660717082, -0.10282492700146766, 0.0012903348437032255, 0.0009712655130323536, 0.0015680618598225495, 0.02012394114658442, -0.0007040649938090832, 0.0014545005402671189, -0.001159824638570197, 0.8
64, 2, 1, 0.7987925718527481, 0.18161566007753543, 0.01954247982892473, 4.9288240791652716e-05, -0.12978084556172034, -0.29578925374953147, 0.08583979001450408, 0.7409838357815504, 0.2444027171126483, 0.15234805352472927, -0.14298506174928544, -0.05857664008297918, -0.23785910462954485, 0.11730832729963137, 0.16999861616754938, -0.0007262296746911269, 0.0004883069415269884, -0.001096595314208357, 0.019979468296406594, -0.0010347101819924613, -0.00020077654805047707, 0.000840907997281532, 0.8
65, 2, 1, 0.4699817466941301, 0.5036571175659668, 0.026242671629741907, 0.00011846411016125746, -0.1630671847306912, -0.2534997776120327, 0.37777915712816496, 0.7975765139863028, 0.07714447884654003, 0.03355968318009171, -0.09584934337737973, 0.017944171473321634, -0.09474935433341214, 0.05408738117041678, 0.005817919361665626, 0.0010795778405132427, 0.0016152370956238715, 0.0007520745512558688, 0.020346831149716492, -0.0005282625260392487, 0.00010815522297665867, -0.0005065276220201574, 0.8
66, 2, 1, 0.4675287291718312, 0.506040282215837, 0.026310403748275406, 0.00012058486405646145, -0.1038664973246723, -0.030615414614013115, 0.2748637258688533, 0.8553574296672645, 0.18420192750979542, 0.15567439110713716, -0.2230832246113184, -0.0163070728945096, -0.20054857878281052, 0.06846118459432914, 0.06789574633713198, -0.0007459379669751114, -0.00016477140238589243, 0.0013863407401117978, 0.02041242592172431, -0.0005050620155683202, 0.0011356022761486039, -2.822093423039292e-05, 0.8
67, 2, 1, 0.4674176167277319, 0.5062462745735569, 0.026215278480740813, 0.00012083021797039284, -0.3050660659403851, -0.3014426660411421, 0.21296555954602475, 0.962134259758163, 0.33567561043549016, 0.08213584835727192, 0.11144313599106996, -0.21389742518026772, -0.023615910337608736, -0.024008311355155333, -0.07876576734249408, 0.0009770860854174629, 9.467795085717806e-05, 0.0002792949384368256, 0.021499545236639737, -0.001068761518333563, -0.0010908427276687482, -0.0010606381448484865, 0.8
68, 2, 1, 0.4806040561356281, 0.49499281947671003, 0.024281880569986855, 0.00012124381767513782, -0.2001821844982624, -0.2324349952567047, 0.30611604665992853, 0.6969605800748284, 0.08499594211440771, 0.20105162632758367, -0.1021015649515494, -0.008494153542241811, -0.0102157124990928, 0.06159104471906154, 0.20711102622761385, -0.0014412943041065053, -0.0007513092568082129, -0.0011458865422607066, 0.019050522720970207, 0.002203793682326399, -0.0013167658821616967, 0.0017463471755257815, 0.8
69, 2, 1, 0.4896020212265429, 0.48593326362624295, 0.02432809880671498, 0.00013661634049926054, -0.2302389131776576, -0.03541185436677467, 0.1412105929879531, 0.8229444156356587, 0.17463365290454952, 0.055297874580319165, -0.13493220733409492, 0.03238286288145091, 0.023442824625832758, 0.2648657391136207, -0.03658375970448117, -0.0012609835906943708, 0.0005976026922975858, -0.0005873668192068166, 0.019507908688793114, -0.0011484630179882291, 0.0013920230469576388, -0.000510762549870436, 0.8
70, 2, 1, 0.4858278460826228, 0.4894082879746382, 0.02434557191118565, 0.00041829403155318513, -0.31146678341866085, -0.16648762641717313, -0.06796871904516504, 0.7691434067554789, 0.09999768366041556, 0.09484539592048491, -0.16632623516692294, -0.08966780041579513, -0.12213556727448323, 0.12517242761097927, -0.046629380241488945, -0.0024151968599915993, -0.0008650002297294621, -0.0006720980786781457, 0.020455937291960345, 0.0008746700253243169, 0.0010737428000773875, 0.00012134071210149963, 0.8
71, 2, 1, 0.7681184153281514, 0.20548473477111445, 0.024806804807996775, 0.0015900450927373326, -0.2533598927439666, -0.0677134219404196, 0.20086229690686636, 0.8531650595824736, 0.008425904635975968, 0.12114548150255441, -0.13019340842071794, -0.07228414840886158, -0.10208318086926171, 0.024474867232354758, 0.021324259604169206, 0.0007913545614079917, 0.0004803697712887899, 0.0009547453276280293, 0.02110828958758821, 0.0011155123656837245, 0.00022159154395871164, -0.00025925755885376523, 0.8
72, 2, 1, 0.7648140081172244, 0.20892578154956437, 0.024661321543626408, 0.0015988887895845856, -0.1068917421350287, -0.11275171027306519, 0.2101928051576444, 0.9232235491119486, 0.15741163772756211, 0.19796973317464273, -0.2053207768506279, -0.15294119022919822, -0.18003292632485693, 0.008601213146882159, -0.002356154058037986, 0.0004761150329907744, -0.0011448107348574614, -0.001171937489777097, 0.01998206189736923, 0.0002624005934878764, 0.0031412879268395604, -0.00020596670750724246, 0.8
73, 2, 1, 0.7644371477069551, 0.20928825399964518, 0.024675296543566875, 0.0015993017498329377, -0.1899644557940521, -0.3644844353918982, 0.21212459565572095, 0.6847860886212183, 0.16187527274709562, 0.1990141403761406, -0.2619210918604963, -0.13836493446402692, -0.2790430768217943, -0.03170843890636209, 0.07677960765222216, -0.001404516406333226, -0.00025978445804878227, 0.0009564422756860518, 0.02145040127214907, -0.0011007722311025924, -0.000382380933646766, 0.0007925415346181845, 0.8
74, 2, 1, 0.7643116028445116, 0.20971366769604244, 0.02434936764740671, 0.0016253618120391517, -0.2056354198750736, -0.15684932404240837, 0.09955148948239152, 0.6190859291721316, 0.2453723203439618, 0.18811483140005714, -0.14690160620825277, -0.01389153282677239, -0.004985158246004806, 0.11997004209399617, -0.06907240743275349, 1.0237726799694467e-06, -0.0010524231455720894, -0.00029863664854906554, 0.01946705569892385, -0.0015338184923499878, -0.0014100411710549006, 0.0005253084560664504, 0.8
75, 2, 1, 0.7582483044528524, 0.21582616040337224, 0.024240077003528038, 0.0016854581402473861, -0.19430480585994317, -0.11104727644076198, 0.16492249122659855, 0.8181824268970601, 0.012243503644148035, 0.13894019579202457, -0.22011644578703787, -0.2168947247121647, -0.07223709006653566, -0.013683447956675154, -0.07718753988862989, 0.00017802928078767643, -0.0006156114986705628, 0.0008015031686516124, 0.02130678526711626, -0.0008265273449588433, 0.0007678055618344809, 0.00045795682679148145, 0.8
76, 2, 1, 0.7558737691717362, 0.218030482381299, 0.02439363871405732, 0.0017021097329073431, -0.38344822614208784, -0.10475578250983453, 0.2275637191625559, 0.7998951306940094, -0.029067605592292912, 0.15154215769407797, -0.206042546506162, -0.15830558804856798, -0.18858405563635022, -0.10508118098168633, 0.10739749888358097, -0.00018993569409483447, -0.0019555259475159343, 0.00022137281487015132, 0.01953852746696482, -0.0013567971917922814, -0.0019846165462750853, 0.001145890196258457, 0.8
77, 2, 1, 0.7479978799805767, 0.2256438487984155, 0.02441749526716476, 0.0019407759538431384, -0.4712557181852278, -0.23791922891900077, 0.08163631783133377, 0.7011707685867323, 0.23499803166006727, 0.12747250558315032, -0.01891907333559264, 0.0202760037547549, -0.07507244302817082, 0.1037159323612841, -0.12931296590223212, 0.0006091982426677724, 0.0006355202499476913, 8.711402515976364e-05, 0.01887210491383917, -0.000867497350639734, -0.000976925977388241, -0.0008811070180225788, 0.8
78, 2, 1, 0.7282085612462239, 0.2451453732565266, 0.024705275362901416, 0.0019407901343479912, -0.1472939056293322, -0.17049951001974484, 0.1509739615237195, 0.9042324380531113, -0.0007622728406946333, 0.15098470066360076, -0.028984283346305283, -0.22664280539480258, -0.2843623577077722, 0.37265842429540125, -0.05870000641338098, -0.001075421372656094, 0.000522594223927547, 0.0024618955433431226, 0.020166918473915912, 0.001516743113975405, 0.0015038165444562048, 0.0008205238928324645, 0.8
79, 2, 1, 0.7343731631462389, 0.24015991174288567, 0.023525627092806155, 0.0019412980180692784, -0.07604859056062568, -0.13865645592889356, 0.21117663230285996, 0.7204241541908193, 0.1516168047022521, 0.15873388350876963, -0.09457685949556079, -0.02404505260582255, -0.0007099360064582672, 0.14534285253690263, 0.28150817342276685, 0.00024020061922411313, -0.0014633899771412907, -0.0023010780380705916, 0.020337998876506964, 0.0009751538716967019, -0.0008471540232253838, -0.000960759458068923, 0.8
80, 2, 1, 0.7342162247510053, 0.2406297930925693, 0.023145668299205783, 0.002008313857219479, -0.11091794390364573, 0.0317575403355856, 0.10075985406589227, 0.9003752660797625, 0.3515350379513313, 0.08439706119602726, -0.15463029078506263, 0.004419779548519176, 0.02588175519274094, 0.05490598319358242, -0.0033308353657047485, -0.00033089311649331653, 0.001258248623635947, -0.0011736360424518563, 0.020840614389476732, -0.0006500655531107159, -0.0013746936254402794, -0.0002338019183051649, 0.8
81, 2, 1, 0.7341892594486628, 0.2407229514202752, 0.023056342516115883, 0.002031446614946111, -0.10833017587208942, -0.04317273685883973, 0.05706078363020149, 0.6123890068485077, 0.1863823058995059, 0.25475416512748755, -0.2316413604113734, 0.022081794482077876, 0.03401746934190185, 0.040513342770838255, -0.12616047521524054, 0.0006017705104361955, 0.0009547000052415027, -0.0021164738438537068, 0.019468280710896808, 0.00031887536800168244, 0.00017534610736777065, -0.0008477980825823553, 0.8
82, 2, 1, 0.7341961816767992, 0.24072326535224112, 0.023048203724704803, 0.0020323492462548426, -0.3494515661710541, -0.44838547987438443, -0.08402114397358437, 0.7794399007556658, 0.1440841601788914, -0.009153939650392994, -0.1480941479326471, -0.032101790876967184, -0.02275835836585624, 0.016236673983773285, 0.27327489580721587, -0.0016547955847203751, 0.0006391551908164728, -0.0016750719905250084, 0.020000718866128787, 0.0010191302164018628, -0.00017900396120938914, 0.0012818111410643062, 0.8
83, 2, 1, 0.9290511344011986, 0.04707010784502934, 0.020942782163008853, 0.002935975590763337, -0.09172580202105987, -0.20619583242087663, 0.11373169039675601, 0.8090721558660998, -0.01202727528134231, 0.15620251537470428, -0.24293254877857984, -0.06850311010020196, -0.05464605422877004, -0.10142407835832135, 0.043786701783505785, 0.0007047217961313028, 0.0005378171960549905, -0.00012533706131710016, 0.019961623249098483, 0.0007265223362908927, 1.5288188209583213e-05, -8.626136681005694e-05, 0.8
84, 2, 1, 0.9665050816255639, 0.013941279305325377, 0.014510565660799253, 0.005043073408311409, -0.04998057770549702, 0.05482177248387103, 0.021190585282404605, 0.7600013341656078, 0.021337179728565303, 0.17787416920086216, -0.08399467071299645, -0.02044298599035798, -0.013542858915452727, 0.0887254478272655, 0.07171861940385924, 0.00020012573976063377, 0.0006387001046599095, 0.000641156031461388, 0.02059841959242393, -0.0013795957720305263, -0.0010820343458181193, -0.001211462942009093, 0.8
85, 2, 1, 0.9683586583896675, 0.01622173616928538, 0.010367140650336802, 0.005052464790710349, -0.01122674096743359, 0.05309639486016182, 0.11505593195198431, 0.8747946253969856, 0.17602318114204468, 0.1670156949826708, -0.10378470600674297, -0.1851531510928402, -0.23454829471713032, 0.0132045932923452, 0.04276915721654392, -0.0004148561425198604, 9.463350355046599e-05, -0.0006307964919353235, 0.020636561630504997, -0.0008856001412884589, 0.000119013871060965, 0.000611282056974389, 0.8
86, 2, 1, 0.9345925866516466, 0.056071922479989794, 0.0037874152514739755, 0.005548075616889637, -0.07799889576554661, -0.13910450647849187, 0.13748268763391533, 0.8735399765446259, 0.09939914915412329, -0.10174831446434647, -0.1290300156915791, -0.048891190147669204, -0.09270430689672789, 0.12443711888310785, 0.13976092960057995, 0.00037307111963674836, 0.001175715329837418, 0.001714471901445772, 0.018485195107991903, 0.0008128045898968579, 0.0003830346923220645, -0.0005201824730199391, 0.8
87, 2, 1, 0.9277841542909767, 0.062334281608769686, 0.004279387036014558, 0.005602177064239059, -0.0964697989118399, -0.0037625712086801987, 0.1051092719480055, 0.757792478673073, 0.12136143233406771, 0.11769252849425955, -0.08051552476759158, 0.07441999499602289, -0.09350828503499131, 0.27149108054080645, 0.07066387035931335, 0.0007292610903109222, 0.0011102689356238533, -0.0001348265766682214, 0.021475790162770743, 0.0008167936554615045, 0.0001951681095798264, 7.090577284748006e-05, 0.8
88, 2, 1, 0.8471889951795436, 0.1425108474945719, 0.0034938372059363444, 0.0068063201199481576, -0.01511301870225613, -0.12713670179645695, 0.09678746963775686, 0.901819215566354, 0.10225001394600693, 0.08965225544395006, -0.04721638471920475, -0.1465378371730566, -0.06056948739205016, 0.08312623181169829, -0.020952376887630735, 0.000874549176714658, 0.000375179515943189, 0.00031189873178397084, 0.020047216168812575, -0.0008708045014573139, 0.001186494219559559, 0.0004409269566132276, 0.8
89, 2, 1, 0.8466283350375823, 0.14338204527580317, 0.003132501090150012, 0.006857118596464593, -0.06906555055841425, 0.06697165157710604, 0.13456743906222876, 0.8195823127044223, 0.16926783042541144, 0.11735682626210853, -0.19342321725199368, -0.04135847347553937, -0.052720320899492835, 0.06398876046461617, 0.13224183806000722, 0.0023391230349973213, 0.0016847665812263414, -0.0013169400743572003, 0.020960486539258492, 0.000956471039950654, -0.00044676488535856, -0.0002576139525319973, 0.8
90, 2, 1, 0.8734483300036577, 0.11629688180994537, 0.003386793764818631, 0.006867994421578315, 0.23683200725338302, -0.15522458801563294, 0.2416409289603411, 0.8489643480366628, -0.03915743668341236, 0.21535115628286938, -0.1934600887953534, 0.010429232347915268, 0.003432582289795838, 0.1615130474554117, -0.026358808784923783, -0.000927617518656923, -0.00013410012991253722, 0.001583406021210455, 0.020914153774358155, 0.001609922938570612, -0.0009792213750979524, -0.0004260946929230021, 0.8
91, 2, 1, 0.8766788884385043, 0.11595522297229535, 6.588472949286117e-05, 0.007300003859707393, -0.14114504588327909, -0.22089446984529246, 0.09846064583737066, 0.8261072955033221, 0.1372409206762934, 0.04849773971837531, -0.08344420533363506, -0.012459995159657514, -0.06778658664650951, -0.00855886352788222, 0.004746648415431611, 0.0020088819407973755, -0.002280431762887037, -0.0002055862405581021, 0.021510862468712682, 0.0002561899747397812, 0.0016480194276414406, -0.00010996409843185958, 0.8
92, 2, 1, 0.8762071367452765, 0.11637190716754928, 7.004324231885563e-05, 0.007350912844855479, 0.04936471027869853, -0.05555618639579592, 0.11518598868792647, 0.7985867701994587, 0.19601644324590314, 0.18045582075779443, -0.22142169996459954, -0.024142576829795905, 0.013039399696999349, 0.01654254506324173, -0.07964756817574226, 0.00025814119876483254, 0.00013118757987497226, -0.0009569452095531149, 0.021307751499200965, 0.00023861307846316962, -0.0027989720384050927, 0.00034530076331573955, 0.8
93, 2, 1, 0.8711559091931904, 0.12110925429648942, 0.00013708718295935034, 0.007597749327360828, 0.05750138176586674, -0.1365483253410406, 0.09916777572331227, 0.76263314411206, 0.2593200924892409, 0.23536611686155062, -0.11928918558518789, 0.2168960033127468, -0.05957019198171942, 0.07128239813030166, 0.02533699300022398, 0.0006221584034348976, -0.00030218437174439757, 0.0017682038522511298, 0.019718254308746352, 0.000773598532787318, 0.0006560970423798152, -0.0002854050398499439, 0.8
94, 2, 1, 0.8711427846497399, 0.12112166450303954, 0.00013728925674306143, 0.007598261590477447, -0.059283314533191314, 0.05008637263035517, -0.005921810320564302, 0.7751770901316271, 0.15035321206455715, 0.22994365239119655, -0.31102217955088296, -0.041518515351060256, -0.2300999872118239, 0.00466087948826388, 0.008132442906327392, -0.00034145005711285126, -0.0012135219984894935, -0.00045098657883747075, 0.0187297055793495, -0.0015578647747890874, -0.00018250947032348914, -0.00015489727620159708, 0.8
95, 2, 1, 0.7527423482256569, 0.2368893903115346, 0.00134713756025838, 0.00902112390255008, -0.25580507096480215, -0.14194278425187204, 0.194902169321325, 0.7047795647794326, 0.033963984893245, -0.04162130545315679, -0.20576837151400867, -0.0911235948573094, 0.04290685421579482, 0.0834284599049143, -0.041963643755495314, 0.0011980055871735802, 0.0016662315899653335, -0.0007287896090612806, 0.019598337482596116, -0.0006582042548175096, 0.0006482723802877279, -1.78874418012991e-05, 0.8
96, 2, 1, 0.9549189274799902, 0.030954229507318517, 0.0014218493805645005, 0.012704993632126729, -0.0002521041291314363, -0.10376645163910987, -0.19924908290234963, 0.6243754721115471, 0.12138116935790835, 0.21247826215189658, -0.12797810033070495, 0.19586944262356504, -0.027320676473490884, 0.12651470902661274, 0.014163370395914105, 0.0016424370297307513, 0.0006519099955780541, -0.000459107645790434, 0.01912224391609883, -0.0019173996837284555, 0.0015958031895714465, -0.001173155463155672, 0.8
97, 2, 1, 0.9274301653665238, 0.05497357215275495, 0.0015000398420321318, 0.016096222638688967, -0.1905173772982223, -0.005525333869376531, 0.09108182051759264, 0.7658616640817668, -0.050869758901440784, 0.06488664808082052, -0.17486129908028314, -0.028099337472861065, 0.015313096304542407, 0.08750455121063602, 0.05710923023480691, 0.002272497034822637, 0.0018353663906884843, 0.0005861607667258949, 0.020105272563431014, -0.0009476022982222677, -0.00012281088942432767, 0.0009222817353543791, 0.8
98, 2, 1, 0.9698895624146185, 0.009346221494656146, 0.0013593463405973233, 0.019404869750128007, 0.012073544313531965, -0.21849039649297755, 0.026439238152690548, 0.720153188513209, 0.021214528802133113, 0.06688193537793892, -0.022869279520565146, 0.012111183426964203, 0.15789280086382262, 0.022872518508549107, 0.03953983241431605, -0.00022623706510173125, -0.00034433145566292934, 0.00023961523714261082, 0.01993639652024531, 0.001523099400013865, -0.0007588391860327167, 0.0009577935240203753, 0.8
99, 2, 1, 0.9699788368402255, 0.009332740363162282, 0.0012759241514510393, 0.019412498645161286, -0.11239128502429716, 0.0175832890864607, 0.01887462805475414, 0.89267303108366, 0.17978051156390157, 0.12474713609738837, -0.0031646023333083305, 0.0006365902409547014, 0.06055492465045205, -0.13284706655013215, 0.2213993146021358, -0.0009752275302128035, -0.0016140245991754332, -0.0005647942834404757, 0.02050540471852215, 0.0008535060761413433, 0.0008944859309148627, 0.0002062650403741407, 0.8
