t, Event, Policy, P(still), P(random), P(reach), P(transport), o(t), s_a 
0, 2, 0, 0.663557767868042, 0.15883414447307587, 0.17757748067378998, 3.065343480557203e-05, 0.6440599866609811, -0.5277881118706912, 0.664182171705906, -0.047479743264715435, -0.09529873359860488, 0.0401853757531494, -0.14568334544629755, 0.07880724235393477, -0.2944615500470904, 0.35502583147815814, 0.06903392975742632, -0.07325688223320082, -0.007446312698413683, 0.09311291938079942, 0.0945160843777598, -0.03173052126606524, 0.1046897469541915, 0.08255250280315987, 0.01
1, 2, 0, 0.663457255670008, 0.15883632837511721, 0.17770641595467265, 2.0208116874118672e-13, 0.5672749318167691, -0.5687158090857085, 0.6378737075422334, 0.00809444845905003, -0.11138452752046987, 0.10978588337107772, -0.12458175242050984, 0.38460222836968205, -0.15380983617567195, 0.3318421351420095, 0.05010022720507691, 0.011111051693994532, 0.014566575798329035, -0.04431954784761789, -0.02496385125041021, 0.13692103496546426, -0.08714659297299371, -0.13976057607430675, 0.01
2, 2, 0, 0.6634205754133399, 0.15883636962719394, 0.17774305495946627, 4.2473230486438955e-17, 0.5639113351764778, -0.565092914164832, 0.6321868526730967, 0.010369645857256905, -0.11060791564805963, 0.10990613742327007, -0.12535142671879224, 0.12793757307700196, -0.06183389548677387, 0.38678168024800946, 0.05122994264935314, 0.09855054117727828, -0.092354111189999, -0.027353322817012284, 0.14992662843527021, -0.15024844891221753, -0.18814888051917483, -0.0028975586266266817, 0.01
3, 2, 0, 0.6633991293708643, 0.15883871427940288, 0.1777621563497328, 4.675376607774477e-20, 0.5586615195495879, -0.557897496182247, 0.6242182199455515, 0.008411575053773077, -0.11193318125858027, 0.11190152372615521, -0.12457799943364856, 0.39340496650930773, -0.22226181906021586, 0.2711715910720349, 0.08612501264668851, 0.049068246192975284, 0.05242132091653605, 0.12750186086187623, 0.24312233912120554, 0.12435944108095782, 0.10050114318583439, -0.18431197969055618, 0.01
4, 2, 0, 0.6633967641308617, 0.15883875698531233, 0.177764478883826, 1.6141871278366673e-18, 0.5519404479397758, -0.5513511245941805, 0.6190189960647807, 0.011219355328181307, -0.11146687432938354, 0.1103152846770485, -0.12360144258898287, 0.1738071025259977, -0.2266922716827026, 0.29993644085813187, 0.09347555643259528, 0.102251689474759, -0.016680754840497015, -0.1908579205237958, 0.10587230764459181, -0.126841100115812, 0.09964998290603858, -0.11950259895947406, 0.01
5, 2, 0, 0.6632797201627332, 0.158847728965904, 0.17787255087136283, 8.053732087492639e-18, 0.5451276322255184, -0.5467930483810934, 0.6134059547470305, 0.008135681306364223, -0.11092249306782924, 0.11065693432648191, -0.12321039066586992, 0.2598123684035644, -0.36152313923314905, 0.2717291790870027, -0.06301834968717031, -0.04778385226047543, 0.06407552027758913, 0.0553836031831627, 0.06424749434528727, -0.11331315741886587, -0.008807722826032777, 0.044438896143509606, 0.01
6, 2, 0, 0.6603445173480106, 0.1588568336271944, 0.1807986490247899, 5.181295205587179e-15, 0.5397991480306741, -0.5420578783353258, 0.6059180104646333, 0.008614808267325183, -0.10945200137236355, 0.10942722439044901, -0.12530109360604186, 0.2533988832821384, -0.10110847161435146, 0.17953076626664347, 0.030733668250171008, -0.04095721201388071, 0.14880028712629778, 0.09215029942269817, 0.035108073461677616, -0.11320084883013928, -0.18957218376201895, -0.06900340252952206, 0.01
7, 2, 0, 0.6603340088550133, 0.1588581666299349, 0.18080782451505192, 1.4455293190627244e-19, 0.5348943259535627, -0.5346611799317897, 0.6011706785378987, 0.010648784266482027, -0.11212507044622182, 0.1108662799830465, -0.1231610071629371, 0.2911741702500051, -0.3841015670548458, 0.28255572220625347, 0.10571338586000392, 0.11165457280844855, -0.08806253569727472, 0.06669407994857492, 0.16244635507895244, 0.06819688068440236, 0.07937002897002662, -0.01030757632364167, 0.01
8, 2, 0, 0.6592281208473777, 0.15885955985068484, 0.18191231930193696, 4.587744164333895e-16, 0.528877173321414, -0.5302665168261019, 0.5951239520532972, 0.0117633197186573, -0.11190574730868245, 0.10994065845891712, -0.12635900057315416, 0.2189291224862746, -0.23138925926195064, 0.2842219244735703, 0.2254497745650128, 0.09232175795903716, -0.08234256330606884, -0.10934456222661845, 0.07075119777297904, -0.09060191486018744, -0.1395896697780297, -0.0016082861356495229, 0.01
9, 2, 0, 0.6583939514558073, 0.15889881678379567, 0.18270723176039658, 4.790792381231977e-16, 0.5262391717004207, -0.5228412766233889, 0.5870224000024855, 0.01016149078371513, -0.10971550368767832, 0.11109729433360944, -0.1243383657376241, 0.21334048225354513, -0.24637929143740261, 0.33339278653825, 0.22049633806342522, -0.11682036910323479, -0.043611735122918945, 0.01968668630979962, 0.062454651011455795, 0.2031063410050339, 0.07981264931710251, -0.24020227857416562, 0.01
10, 2, 0, 0.6583541377874149, 0.15890009721831763, 0.1827457649942675, 9.428919372943577e-18, 0.5208717661893044, -0.5176055862236544, 0.582655726276485, 0.011375324112928058, -0.11200613577342844, 0.11138476711971587, -0.12299204921124962, 0.3773820781673699, -0.2961154170781065, 0.3812968924903134, 0.03286797087981129, 0.11037309966997995, 0.02109430291871201, 0.06555827911603082, -0.12115533882834814, 0.06900585158330672, -0.039540849378511225, -0.041627577514531576, 0.01
11, 2, 0, 0.6583298557599568, 0.1589003361136719, 0.18276980812637134, 9.878577963054435e-18, 0.5131284977105968, -0.5139151478476045, 0.5764820758959482, 0.010920275698272596, -0.1095583793272517, 0.11056198233572342, -0.1245020487763917, 0.3431250096206946, -0.17443257259934547, 0.30062030476026724, 0.10986112199024274, 0.15775473394450185, 0.019764630004324962, -0.11443375012136137, 0.14896815503053135, 0.02901357870138143, -0.15589980336050685, 0.06273546630070607, 0.01
12, 2, 0, 0.6562460872302982, 0.15898895927004036, 0.18476495349966082, 6.012713486027003e-16, 0.5096360570513093, -0.5075592903032347, 0.5675130394018959, 0.010865896955240224, -0.11098835498545026, 0.11004835839877433, -0.12271835546839234, 0.3176250983188833, -0.28573372996785396, 0.2872487548860755, 0.06975960289730694, 0.07583514120018527, -0.013386942521661071, -0.08685151921274961, 0.02768729142380112, 0.007365123191049547, 0.006950402807152779, -0.032928471037302225, 0.01
13, 2, 0, 0.6562215628691142, 0.1590070999230696, 0.18477133720780914, 7.188345328610209e-15, 0.5035386990174897, -0.5031078110539943, 0.5646775802049008, 0.009885368843049587, -0.11103821684483668, 0.11164401984303078, -0.12323382395969082, 0.15949281518723643, -0.2270912594309018, 0.19819335734348748, -0.07131571742086118, 0.05036684190781342, 0.007421247567172598, -0.014165753218151379, 0.11403047684586723, 0.05594516409640067, -0.02771780419116529, 0.2379281605815462, 0.01
14, 2, 0, 0.6210570457106184, 0.16824150217879552, 0.21070145207923366, 3.135238907939828e-11, 0.49727766237133897, -0.49565081281131745, 0.5568012164519341, 0.009067816154398941, -0.11255046503906119, 0.11108562099561217, -0.12432848861974874, 0.1759978379887796, -0.15759185014661314, 0.039123237229551536, 0.14058623669546558, -0.005593503735662173, 0.13643757693964084, 0.1227716829367006, 0.09343555046965882, -0.09425649871075373, 0.2092799214781833, -0.11893725182883522, 0.01
15, 2, 0, 0.621052371786296, 0.16824160978261254, 0.2107060184310769, 1.452541078104202e-14, 0.4901774257030854, -0.4893884792651549, 0.5501053548155633, 0.010544327738428243, -0.11158501907592486, 0.1105176608828599, -0.12359740772674759, 0.12810012942783616, -0.23594815352725332, 0.2327146873572475, 0.0636325605999077, 0.12725920821842365, 0.033463957908841144, -0.20474655302870634, -0.08026344502379075, -0.05258678177066991, -0.03255048304294479, -0.014418012606732067, 0.01
16, 2, 0, 0.6201638775581254, 0.16835269977186365, 0.21148342266994594, 6.506688725275432e-14, 0.4855562053944939, -0.4848031143376456, 0.5463765229231691, 0.009701536520524672, -0.11110703598225351, 0.11027053229505315, -0.12325478337737192, 0.24788045517051618, -0.07228189745332847, 0.2521368154785483, -0.051572619673805845, -0.08666713189915876, -0.02451021436514683, 0.04461382632511686, -0.04644983423777629, 0.0469031539234986, 0.05758646118662347, -0.22971492514105712, 0.01
17, 2, 0, 0.6201634305715995, 0.16835270290709864, 0.21148386652124973, 5.2084431196489955e-14, 0.4807597914798807, -0.4806338565238263, 0.5389490378045523, 0.008929729107657403, -0.1096705313136997, 0.11171019734496672, -0.12277325529743677, 0.19188707851881617, -0.47650139061394564, 0.1476681775922249, 0.10643254463084817, -0.027768690246833018, -0.19890752441321374, -0.06649697738356893, 0.2641867597234766, -0.055023673929637716, -0.07414933525682173, -0.13651010254345444, 0.01
18, 2, 0, 0.6201553510234654, 0.16835320777272675, 0.21149144120379498, 1.3018685141042894e-14, 0.47606636560691207, -0.47382710746895496, 0.5308119046009314, 0.010225130975521923, -0.11131266974247869, 0.11003119829843126, -0.12450506648737165, 0.12936318690446075, -0.20430534407322468, 0.34466167215402355, -0.12135230325000919, 0.045744831194036537, -0.014227491160053205, -0.05354562095090604, -0.029251499156197736, 0.07104901927269312, -0.1701355257310616, 0.04276440752429492, 0.01
19, 2, 0, 0.6200827835029282, 0.16836844336230275, 0.21154877313476725, 1.855223545407287e-15, 0.4687109964170297, -0.46924343752553976, 0.5246468904121293, 0.010041110626222347, -0.11020000373855095, 0.11107649351721408, -0.12421203851365122, 0.21829850483966506, -0.3928484138812343, 0.2832181192375075, 0.13409760720342523, 0.11792263895343125, 0.06298280568490924, 0.07667701460996015, 0.15653130323581615, -0.04891546323893397, 0.18615017464096886, 0.012998136243116992, 0.01
20, 2, 0, 0.6190777308836892, 0.1690855063380577, 0.21183676274277133, 3.548166523540995e-11, 0.46302564783011757, -0.46451582387520884, 0.5182782717588628, 0.009765189521840044, -0.11095462649368237, 0.11282248579882528, -0.1253989286377421, 0.14263421146371386, -0.08706786597592557, 0.21450176226547063, -0.06551161981115076, 0.0012682837829972211, -0.07033695880994903, -0.06242436986479958, 0.22528799880967298, -0.06002083551803157, 0.1856382241995463, 0.046064374165937595, 0.01
21, 2, 0, 0.5659679811019714, 0.17120973283459076, 0.26282228598752544, 7.591251351313214e-11, 0.4578989316296691, -0.4590525254340053, 0.5129914192638612, 0.010773452735719434, -0.11042048987256499, 0.10984625964150474, -0.121514278509083, 0.21350149160867543, 0.009044413991170553, 0.29379064716511316, 0.026830575595414057, -0.12908825335985147, -0.027151556921384195, -0.06813185565879741, 0.06025579321575414, 0.02735071480539448, -0.052565030462178405, -0.042593788852020885, 0.01
22, 2, 0, 0.5659679492364783, 0.17120974363638666, 0.2628223070512229, 7.591222235536901e-11, 0.45111105089120584, -0.45307074015686055, 0.5068447563423979, 0.00895574492676079, -0.11120986255861842, 0.11062958469938602, -0.12507693820600058, 0.3450952605437171, -0.1837092528485295, 0.3074006713993357, 0.03820113816281413, 0.01745592993365069, -0.012755823563216532, -0.03988709378238595, 0.19395859853203956, 0.26654512738585245, -0.08617935701009494, 0.09251949344452719, 0.01
23, 2, 0, 0.565734020814734, 0.1712109029435267, 0.26305507623717367, 4.5657611822124285e-12, 0.44649954931676306, -0.4459626623763504, 0.5024209935912064, 0.00944303859346257, -0.11082194677035415, 0.11120139391761927, -0.12408526098936697, 0.21870550787230222, -0.32736051581484815, 0.41532214226019715, 0.07827251672060984, -0.10301045738132589, 0.009605153329423449, -0.08114887739727819, 0.18542244204413744, -0.11942417852545661, -0.010677044211030506, -0.13702237614905782, 0.01
24, 2, 0, 0.5657051233733766, 0.17121181252761156, 0.2630830640944755, 4.536442938621144e-12, 0.4420130200207864, -0.4414243866923739, 0.49345726216412833, 0.009337496347394647, -0.11137051921437521, 0.11213602101077427, -0.12416195549753464, 0.20844117792099465, -0.35697664072181984, 0.23664070582439725, -0.0011509448393441258, -0.043334607525049515, -0.004128188170755112, 0.06826201701922556, 0.031818611408217054, -0.179516499240212, -0.062543202948824, 0.07098465482405394, 0.01
25, 2, 0, 0.5655065616928979, 0.17121651685543385, 0.26327692144789905, 3.769367023746794e-12, 0.4357933234634432, -0.43620578433256635, 0.487919786937179, 0.007987734219077067, -0.11211202280443922, 0.1107107308458121, -0.12400658249352987, 0.33592729140883504, -0.08799689746961752, 0.3310560569432456, 0.016245571186310044, 0.06280322815871829, 0.024534706992490125, 0.102556774543061, 0.00986554221469449, -0.20341185465837602, -0.007027333455482917, 0.041833903009651535, 0.01
26, 2, 0, 0.5652198216963787, 0.17121959632313977, 0.26356058197683313, 3.648478280499486e-12, 0.43014742262034866, -0.43025445330739504, 0.4819361419120264, 0.01053361390777052, -0.11241345938493863, 0.11149696263865216, -0.1241889387658667, 0.217291718341096, -0.35371774998273053, 0.2625195475087184, 0.0510403729552162, -0.025612912147986933, -0.13859572835653325, 0.07874178863562681, 0.17184030844194442, -0.13769179297355189, -0.02430893712546712, -0.10684935665640309, 0.01
27, 2, 0, 0.5509862122448212, 0.17155412300508616, 0.27745966474550027, 4.592374195982888e-12, 0.42599672905426084, -0.42383452320627013, 0.47557735424090064, 0.010341829061253803, -0.11217260852649424, 0.10994640163918698, -0.12440879944018075, 0.37131799975273594, -0.21346379341105207, 0.22346967566493955, 0.16423157905774183, -0.12461992037937035, -0.05849810819102367, -0.07944288990590809, -0.11407459020515749, -0.08303339094913738, 0.018350117468862528, -0.028031236106861257, 0.01
28, 2, 0, 0.5509813089263608, 0.17155655130622532, 0.27746213976270484, 4.709255807278297e-12, 0.42138114976645796, -0.42053012172661397, 0.46940557235376856, 0.010826323831129334, -0.11029945975144902, 0.11075754920249267, -0.12497078519557495, 0.20686261331735825, -0.10939004922481603, 0.3537957561697012, 0.1359997917121448, -0.05247627408514523, 0.01710179558168411, -0.061000066106791054, 0.039091841756040746, 0.25563585108195425, 0.1292919077419356, -0.04584202932261639, 0.01
29, 2, 0, 0.5483790277902231, 0.1722498554590709, 0.2793711165547256, 1.9598055468915488e-10, 0.4129070081508409, -0.4149807780220208, 0.46486609511316035, 0.010710276981890896, -0.11201321614193656, 0.11070988983361714, -0.12526618084241664, 0.12309593375998991, -0.2747544663989775, 0.03022704746466296, 0.17715825781057998, -0.18996444068546864, -0.2310233764517804, 0.04619138491634415, -0.040471121831159175, -0.01088753804401632, -0.042356040093618146, 0.18349580851004701, 0.01
30, 2, 0, 0.5482229136591179, 0.1723251881154693, 0.27945189794513325, 2.8027965993097925e-10, 0.40976708741105117, -0.407176173183153, 0.4559271758248117, 0.010545192643875054, -0.11051233991122814, 0.11022299514315634, -0.12522439473236194, 0.03305884756083786, -0.019725819003087963, 0.25668656359873965, 0.028213647565961515, -0.14069020556004982, -0.058137821436461214, 0.13271644330490237, 0.2374856892439187, 0.25870633265176923, 0.049877277308031445, -0.09493404279218935, 0.01
31, 2, 0, 0.5479465910415086, 0.17241996244645666, 0.279633446160437, 3.515979569195178e-10, 0.4021694752248856, -0.4031702999569952, 0.45167434819629254, 0.00907974616758262, -0.11141506159194867, 0.11108039360763863, -0.12398975368195012, 0.1883473378191945, -0.1738045877190167, 0.11270948861971727, 0.026196886497673544, 0.05187531034473236, -0.12224375249835066, -0.046718767037810645, 0.22150516962008462, -0.01777614260721136, -0.04617128063469675, 0.16445369974717733, 0.01
32, 2, 0, 0.5352732139231493, 0.1727786034574554, 0.2919481811139349, 1.5054603861418242e-09, 0.39453891711395106, -0.3990431579941307, 0.44416117491202334, 0.010533978431685718, -0.11162775988652, 0.11005559918776045, -0.12115887300291275, 0.14017483052465102, -0.14053252409344355, 0.22415496095866344, -0.014139829341372345, 0.059383351762034985, -0.08554130927021186, 0.01150433981897699, -0.04510687411029961, -0.046121680680445885, -0.03994601143188296, -0.16273589350839257, 0.01
33, 2, 0, 0.5121731470488651, 0.17334018927245642, 0.314486661648324, 2.0303545638870873e-09, 0.39154236958676003, -0.39206144257523423, 0.4376891459974842, 0.00950371360128561, -0.109605157121846, 0.11240206247264709, -0.12292731901242179, 0.1643179386247664, -0.2142871058703924, 0.3191302570761474, 0.02535200786200814, 0.05227060817735735, 0.04897782237175731, 0.049225311833494725, 0.18307812162619713, -0.0036168432929188344, -0.08841917366393323, -0.031575465637246294, 0.01
34, 2, 1, 0.4147115977688268, 0.17499298089893964, 0.410295419244463, 2.0877704097459866e-09, 0.38702821873834814, -0.3855209992232012, 0.43348837619185365, 0.009916721437583003, -0.11113949139740878, 0.10910641710466182, -0.1237902037015415, 0.30910528511047997, -0.28816919466247476, 0.18487166369179875, 0.254747780026768, -0.10155501906979658, 0.004764369168570469, 0.07574107369806542, 0.10654089972826124, -0.012795108466765381, -0.030697238019127188, -0.011387068915552103, 0.01
35, 2, 1, 0.44608884558284095, 0.14289109002463182, 0.41102006191973517, 2.4727920995963176e-09, 0.20790344437547362, -0.44234452777945005, 0.4650437794827247, 0.044940341072430265, -0.150151264657501, -0.045025172386021176, -0.1737748439556694, 0.16267589073455857, -0.10800999180111023, 0.31033448228169414, 0.17027667813971242, 0.0012565868714755275, 0.0026984472235353366, 0.001358293380388392, 0.07988980393575404, -0.0008493980762629132, 0.00016289744060447693, 0.0011472375153195017, 0.01
36, 2, 1, 0.45758638952849473, 0.1307941984857194, 0.4116194078871684, 4.098617339219582e-09, 0.4470138707937365, -0.2691782989081344, 0.39361938429238635, -0.13312701250993064, -0.11456258730693966, 0.09237637087873025, 0.06475410887042625, 0.16790185759672382, -0.047043100929400075, 0.31121732183446343, -0.08277699607580734, 0.0013630461323277249, -0.0006265555971640282, -0.0012539748962201796, 0.07914890028067623, 0.0019327156082829338, -0.0017448303187056328, -0.0019759289974818958, 0.01
37, 2, 1, 0.4581877226980444, 0.1301701374672205, 0.41164213572941016, 4.105324966542527e-09, 0.2967008869198541, -0.4227765855742371, 0.30632705330737087, -0.05293412223364465, -0.07012609493516028, 0.07074630631016326, 0.028304273274979485, 0.312420825303554, -0.257796419287908, 0.29213633947992984, 0.053068418375079265, -0.0009302409313502815, 0.0009057641161186543, 0.0003444125872758844, 0.08019911101967006, 0.0006458430254577176, 0.0014492534498591332, 0.00024389840853265274, 0.01
38, 2, 1, 0.5219097721365933, 0.06224415756782734, 0.415845950591204, 1.1970437540297135e-07, 0.21261424158137715, -0.45995010023146915, 0.2400959422821174, 0.17164964170293032, 0.0805065651570724, 0.12004457622531076, -0.134754656778549, 0.1750177144704968, 0.051378516484312506, 0.20532275257175053, -0.13235898649253502, -0.0003803622014910607, 0.0011759809269020576, 0.00026394687805520416, 0.0785561852319519, -0.0005404242084164912, -0.001234904334410946, -0.00032960718748220136, 0.01
39, 2, 1, 0.5218832984578242, 0.06224798296339836, 0.41586859878858157, 1.1979019575637288e-07, 0.22991386779702322, -0.4243688834670139, 0.40544425694806485, -0.08304913383670576, -0.179371514653885, 0.037007163971157775, -0.20064337927960696, 0.19594878266870872, -0.24234202487278309, 0.14022628547430835, 0.06472375809531157, -0.001377591193933345, -0.001296634670036888, -0.0001707359625592252, 0.07821406207386732, -0.0012267243998962793, 0.00012148802532941344, -9.526953193894363e-05, 0.01
40, 2, 1, 0.5578735534990569, 0.025366231569478228, 0.41675971932472955, 4.956067353169204e-07, 0.24829780726035927, -0.3752352761368939, 0.392062182306314, -0.06418765027945902, -0.11956649865052098, 0.03234214435680004, 0.07160359945967168, 0.08365496712844381, 0.09040590864507736, 0.0930961563303528, -0.020668575254748446, -0.0001224019281345228, -0.0003406778487746186, 0.00023988980176977158, 0.07969442163187332, 0.0003632925829418458, -0.0017519936451721317, 0.00030597088719396513, 0.01
41, 2, 1, 0.5569082718780656, 0.025690544002421243, 0.4174006879845598, 4.961349533068798e-07, 0.5885649299497999, -0.38283321037843115, 0.4007968884196619, 0.01670741762500901, -0.23468193161083448, 0.19824028101615643, -0.10530435946205778, 0.19450600921527042, 0.03350057681046139, 0.3173348992114725, 0.05174608320219735, -5.72018737744818e-05, 0.0010330207326820966, -0.0001651168513545744, 0.07953510897128245, 0.0009949859453722214, -0.0013484730640588463, -0.0006370594152661299, 0.01
42, 2, 1, 0.556908114137226, 0.025690588186337876, 0.41740080154148546, 4.961349507988617e-07, 0.2696389001804793, -0.46061499404778294, 0.49912316860459116, 0.09869245998432508, -0.13571114103011567, 0.1987070979221027, -0.15882648068063532, 0.11443390923196048, -0.2738523614037567, 0.34611018687034256, 0.22100360491053977, 0.0008131072678835155, 0.0006365852012148233, -0.0009363039497913451, 0.08187431426655647, 0.0003414355124533973, -0.0017738030498352275, -0.0009744880382392448, 0.01
43, 2, 1, 0.556913643416393, 0.025684679954730404, 0.4174011804942096, 4.961346667987907e-07, 0.15831072456314002, -0.4331345910472561, 0.3509781687539173, -0.0023451750663293, -0.1441041822754523, 0.1451038323672035, -0.047935864965125044, 0.2173969635671622, -0.2775624208730002, 0.21523515677525315, -0.04917772790451713, -6.3765009554745e-05, 0.00014644941482202584, -0.0006473980706434843, 0.08065452289388093, 0.0008438946759043178, -0.0006016109948345086, 0.0005396121918575199, 0.01
44, 2, 1, 0.5569370416617352, 0.02565733984342764, 0.4174051223585461, 4.961362910217439e-07, 0.4094756797378545, -0.20721067511648425, 0.3521729842810154, 0.006651244089694977, -0.2396237055692012, 0.054599452477119406, -0.16493951896828768, 0.29329378117923677, -0.211916887176452, 0.1699892703919867, -0.01748328368099663, -0.001216117692766984, -0.000349981311505499, 0.0002572197771374671, 0.08088643190385215, -0.00033865862254255877, 0.0007277775214685571, -0.00013959735584457577, 0.01
45, 2, 1, 0.556937193256604, 0.025657166617133395, 0.41740514398996953, 4.961362931382927e-07, 0.2900719648374567, -0.44631120979939, 0.40246562496961297, -0.030412802094182033, -0.11833623298696787, 0.13989704761059246, -0.11175799074420674, 0.19958792720219443, -0.1346966287829499, 0.31707887079627295, -0.31278764720287316, 0.0005763510939076192, 0.0013890585605277614, -0.0010378394106486063, 0.08052185104589188, -0.00038115162911644696, -0.0013002454813340857, 0.0008348940409627524, 0.01
46, 2, 1, 0.5575199010400865, 0.025026766002185525, 0.41745280325705963, 5.297006682613961e-07, 0.36772587534137025, -0.3784493230391859, 0.35196009126721134, -0.013571804973160143, -0.02172278574561658, 0.0027800359536094277, -0.08642586401096386, 0.16135595259631502, -0.14724891815574057, 0.0115473283053102, 0.08502728155027106, 3.850358650578624e-05, -0.0003122401036280735, 0.0010581160098425554, 0.07935060862858836, -0.0005662332403536458, 0.0004891922821671231, -0.0006374818040429207, 0.01
47, 2, 1, 0.5578938437634914, 0.02463401668950788, 0.4174716098383724, 5.297086284312522e-07, 0.19239879783798117, -0.28411277185926365, 0.2979985101106546, -0.06380563852442205, -0.023592566242873925, 0.11947492870301804, -0.12517686501569222, 0.16350002615674225, -0.3284866562611963, 0.31767012261961663, -0.05450269944145199, -0.0012366266928683731, 0.0014963126816469137, -0.00045235010379595373, 0.07877488642059459, -0.0015665461367245909, 0.0008352623560929889, -0.0010997036746678924, 0.01
48, 2, 1, 0.5583176307332676, 0.024101355348165335, 0.41758048317021734, 5.307483496039973e-07, 0.496202275298932, -0.3475764391906865, 0.31429646244850784, -0.028822514542598154, -0.20424423478479437, -0.07498894462281709, -0.15400884466629033, 0.14552790433144755, -0.09825368350778516, 0.3177188369707693, 0.13736405390770828, 0.0001407880479122253, -0.0010806893460381145, -0.0009562472051900672, 0.08071654102688404, 0.0017065559530928278, 0.0012544854087447614, -0.0015371977516834222, 0.01
49, 2, 1, 0.5677768825733888, 0.014350618741212188, 0.41787196777613644, 5.309092626301207e-07, 0.12085907159942151, -0.4062192371211101, 0.39285617508541415, -0.030765800443519765, -0.18145160850508163, -0.038189092303746966, -0.036574812323594816, 0.20199744385024312, -0.07319455268520683, 0.3579318063623026, 0.01666760513857313, 0.0014802885021099371, -0.0007486828870852185, -0.000602082118821142, 0.07960259554973358, -0.0018393375115794883, 0.0002506347640448956, -0.0015571078662078883, 0.01
50, 2, 1, 0.5677678573775659, 0.014352138753723312, 0.417879472923795, 5.309449158151742e-07, 0.2291316362726949, -0.27451850827547575, 0.23495322934161145, -0.016076481787868, 0.07355751330918774, 0.16577570015261206, -0.25656577777905204, 0.11712182718197775, -0.23658380619137045, 0.31245518481068973, 0.1684046109510368, 0.001895871119539518, 0.0008334223770222077, -0.0006730223152554297, 0.08034335318981721, 0.0011929243268229833, 0.00034955727464332806, 0.0006900851447974457, 0.01
51, 2, 1, 0.5676055206869091, 0.014408662184487943, 0.4179852812741005, 5.358545023844838e-07, 0.42393549550642673, -0.4858379939635663, 0.37371470370187926, 0.060350550460674245, -0.1622486619207876, 0.10209964928472928, -0.05548884767326938, 0.13509021904415158, -0.1707523285101124, 0.17225657935281719, 0.030469244756759016, -0.002092203272254106, -0.00020750512956531366, -0.0003088624423199263, 0.07974833178127369, -0.000780156331238792, 0.0002907375224357457, 0.001308020215533713, 0.01
52, 2, 1, 0.5815233596121534, 0.0002320406475665191, 0.418244036719002, 5.630212781151886e-07, 0.3763835207707712, -0.26831466189774655, 0.3539753628798999, 0.019164520056759733, -0.09492100005246981, -0.09845991374841408, -0.05740818225823093, 0.06368019694256835, -0.1666660754792509, 0.1973586361382575, -0.0798572731377579, 0.00035433597196958533, -0.0003936461463256404, 0.0005703731276092466, 0.08093003125668852, 0.0031817143432683478, -0.00018571662540443846, 0.00025715186068924086, 0.01
53, 2, 1, 0.5815245204054027, 0.00022844954879181297, 0.41824646677752586, 5.6326827967206e-07, 0.31650184835613293, -0.3185049987818429, 0.23432322926756038, 0.11983418164188771, -0.25689494335118884, -0.11480515967835436, -0.11247243583876307, 0.17681334418734362, -0.15219311147827777, 0.1780285208181329, 0.024222782128560764, -0.0010237136525965528, -0.0017096265398872349, 0.0024152944766679734, 0.07988199026706552, -0.00033858204933723615, -0.0009539408357604892, -0.0015786339579475649, 0.01
54, 2, 1, 0.5815241728767988, 0.00022853459793875183, 0.41824672925670026, 5.632685623387853e-07, 0.2797304253258649, -0.49590927223843007, 0.11253932274883871, 0.09759708598391356, -0.17126370228727103, 0.2008758629361503, -0.24285373839890972, 0.21809880648861563, -0.2062011021973668, 0.24474489545248684, -0.03842317866799437, -0.00027959772260248796, -6.965030862313005e-05, 0.0001538292745824588, 0.08047560672745638, 0.0021281240589084713, -0.0012103299467873065, -0.00036102365467916643, 0.01
55, 2, 1, 0.5793888592910921, 0.001213196818528225, 0.4193970138310046, 9.300593751813384e-07, 0.18914292954349707, -0.31701658080008394, 0.23805757288557833, -0.06808791932501011, 0.04978973851095174, 0.10851775170205562, 0.03374526018634596, 0.18090697364651248, -0.18670476289782736, 0.15572859705631423, 0.1384676190246091, -0.0021164840418814784, -0.00044309681707102415, -0.00013165798422783723, 0.0785363916726075, 0.0008427390862776869, -0.0012275622135457496, 0.0021852980869628037, 0.01
56, 2, 1, 0.57941291369734, 0.001189912401110293, 0.41939624452452584, 9.293770238433158e-07, 0.09186990049880897, -0.13379769665455463, 0.19027631187140978, 0.07162521726382555, -0.07929695455920256, 0.22120320995623205, 0.04577474561597124, 0.007298408383915445, 0.062147005866416236, 0.28426708017867214, -0.004427144859801649, 0.0005689465876214728, 0.0004232942797581505, -0.00023607931017713058, 0.0810112349610353, 0.001316653502811312, 0.0015280447416918335, 0.0014883199452309201, 0.01
57, 2, 1, 0.5793766245543881, 0.0012029943981137635, 0.4194194479301949, 9.331173031967001e-07, 0.3679554509397408, -0.49722974001634823, 0.20971171520822493, -0.11845449874084708, -0.3786214018208195, -0.008272241809484692, -0.08488428489342963, 0.2505616526874651, -0.02935921134824885, 0.1323592003999573, 0.12829231885154485, -0.0007887621081122337, -0.0014460300361781885, -0.0001731238346297427, 0.07953465731641443, -0.0011645407621613427, -0.0013935377073305028, -0.00022891381905414013, 0.01
58, 2, 1, 0.5808818512134356, 5.525468869485442e-05, 0.41906194220996995, 9.518878995719665e-07, 0.14733977247644064, -0.19891062116094216, 0.13175428577988693, -0.031454150447241605, -0.1470660706100711, -0.11237315716839565, -0.022201635656498686, 0.158417605257689, 0.026144164413530534, 0.146549365567002, -0.010883638601794626, -0.0014221433932496948, -0.0001322131545339951, 0.0005828352151557707, 0.08031130798297753, -0.0014003629045631623, -9.936770907724168e-05, -0.001264009328179255, 0.01
59, 2, 1, 0.5804938877191176, 0.00016033896004588694, 0.4193440208333793, 1.752487457294671e-06, 0.2456507827432221, -0.184593177602089, 0.10794037533599614, 0.16798568232960367, -0.08457636250321512, 0.23489924904638276, -0.20694355911243795, 0.04546704524712689, -0.004424687660241178, 0.11997297005089269, 0.10777840000523387, 0.0005134764775793168, -0.00025765050519439603, 0.0006267915539204295, 0.08077444900894967, -0.0004662217812293256, 0.00176396271641786, -0.002024121735984328, 0.01
60, 2, 1, 0.580330615117465, 0.00020995308241597162, 0.4194576792512703, 1.7525488487091137e-06, 0.2667447882865733, -0.1840022478171617, 0.6016109981506712, 0.00958720153508284, -0.09583500022210174, 0.204722826752091, -0.17669325706895672, 0.14377030963851806, -0.18616027057813794, 0.08809958470707471, 0.008550275882193148, -0.0005674564242872458, 0.00046304587563408177, -0.00034554929683768405, 0.07974372149863362, 0.0012935834837791086, -0.0010412872414006086, -0.0009327068769716285, 0.01
61, 2, 1, 0.5803301743073762, 0.0002100847295372385, 0.419457988332626, 1.7526304605476133e-06, 0.20078056711363357, -0.20480271260693303, 0.25243113988233945, -0.09792363356406869, -0.156887511491623, 0.27124336337328403, -0.22023586064239464, 0.1518053042017186, -0.13237492407139664, 0.09942610931940517, 0.12361055051329609, -0.0003142871157033608, -0.00183176761952489, 0.00025846648129549895, 0.08030413736043442, -0.000642643571537819, -0.0004569247131102338, 0.0007480537013079823, 0.01
62, 2, 1, 0.5803297399340496, 0.00021019558288231074, 0.41945831185181115, 1.7526312571786337e-06, 0.31395942741045807, -0.4026049001677269, 0.17147843988566142, -0.006762067382964132, -0.1925360702562334, 0.07359311848741182, -0.19060207184153458, 0.2630773783883074, -0.3243939746788066, 0.17798586856116808, 0.021727348677373297, -0.0020857577807113356, 0.0006822209755285504, 0.0009552091547951524, 0.08036645288959145, 0.0009442190686634466, -0.0013780037786652673, -9.946194613106012e-05, 0.01
63, 2, 1, 0.5803361305932611, 0.00020358448006039222, 0.4194585324258892, 1.752500789291041e-06, 0.3469650088704127, -0.062344578251507986, 0.290619106177236, -0.027309026642780843, -0.017489251377824377, 0.01719627917343044, -0.24988756817035904, 0.14898171441055877, -0.06259628823528353, 0.06742901664630582, -0.14455773953628048, -0.000772001130236474, 0.0008562565399488989, -0.0007229669307139072, 0.07935574149266929, 0.0002685012677130907, 0.0016825030236801094, -0.0013699775720237219, 0.01
64, 2, 1, 0.5803656613469557, 0.0002031823672670116, 0.4194294026988319, 1.7535869454397333e-06, 0.08165707098792603, -0.27976117430238656, 0.18437567175557232, -0.11457915201345745, -0.032911288819527415, 0.07392169162483084, -0.13317955912357374, 0.19217423731918357, -0.14488045540079875, 0.10648570600967429, -0.04354695188629407, 0.0008249829891588707, 0.0006765562695970768, 0.000707930765861748, 0.07996684760041337, -0.00172484175705013, 0.00042142279335691474, -0.0007067822027834403, 0.01
65, 2, 1, 0.580366078838946, 0.00020327718796137297, 0.419428889895853, 1.7540772396456013e-06, 0.05834765787246188, -0.23330619907133396, 0.16464970168723386, 0.06236970583801058, -0.19684719129230074, 0.20368737337795423, -0.033021650782158095, 0.0660429089489121, -0.22464891348716481, 0.06725012730407492, -0.025819469329170164, -0.0013837117230313133, -0.0004213617986009172, 0.0004965997291627708, 0.07788585577937392, 0.00048415792375367173, 0.0013232746932775664, 0.002547850588246266, 0.01
66, 2, 1, 0.5803660828140059, 0.00020327859732025206, 0.4194288845119542, 1.7540767196758196e-06, 0.16087467062341668, -0.09623681262632625, 0.20091166889688122, -0.08163795801961178, -0.18015488355933842, 0.1626582841153569, 0.08162846539730322, 0.1267512692476346, -0.2509024155283316, 0.20563908003604342, -0.15001975468282125, 0.00018441998228406828, -0.00027459289732919374, 0.0010262723448610177, 0.0804946455336765, -0.0009843824165064606, 1.3263235694399336e-05, 0.0007741369011037421, 0.01
67, 2, 1, 0.58035453915538, 0.00020644348776876966, 0.4194372483587213, 1.7689981299395158e-06, 0.2759561571823478, -0.20648991228581162, 0.2743475998749317, 0.15892722271381526, -0.15966506794090107, 0.271348015063121, -0.19021485890746112, 0.011277817468606687, -0.11604231838400818, 0.11100472293965247, 0.1540301929712276, -0.001519238149936761, -0.0009245129879359735, 0.001259019465601563, 0.08189054903931806, -2.3614306643740593e-05, -0.0010889858385116208, 0.0011526118835953618, 0.01
68, 2, 1, 0.5794252337633499, 0.0005079072055811474, 0.4200647619160934, 2.0971149755682075e-06, 0.15666303680012938, -0.14400204957900695, 0.2005720190402495, -0.023705898458907033, -0.02732871067891738, 0.049918113600408834, -0.13687575066575167, 0.14863793704251674, -0.13110641011971447, 0.13769141121829415, 0.09333622926059904, 0.0005903559989811956, -0.002359746283618067, 0.0019924278538111335, 0.0805843245077176, -0.00017847230283629737, -0.001485389884754202, 0.0005244392477846369, 0.01
69, 2, 1, 0.5760653798300402, 0.0018222653387219114, 0.42210989062300713, 2.464208230830292e-06, 0.18553922261787725, -0.24343980479476945, 0.2733815495081583, 0.026856089390268824, 0.06749019577245075, 0.15249919724078148, -0.05256555933133662, 0.11176172883911326, -0.11450446144425366, 0.2157965524553039, 0.03823499724517256, 0.0018935627329098286, -0.0002912078411552836, -0.0005213424828736923, 0.07969914960316855, 0.0005210968868636451, -6.335997591842275e-05, -0.0006259423999441356, 0.01
70, 2, 1, 0.5756981406962488, 0.0018266416083140527, 0.42247228469314907, 2.933002288138316e-06, 0.24809247975974408, -0.13668367908797924, 0.18900746621190972, 0.05027234019442989, -0.13214873703201496, 0.03425629153501534, -0.19934007651615815, 0.07058207566275923, 0.07315007588867238, 0.138347268759802, 0.1082570816298076, -0.0006452914994971564, -0.00025339876750747907, -0.0004847387617218906, 0.07951049771012954, 0.0001663503293968638, -0.00011371707909882723, -0.0002564284387978193, 0.01
71, 2, 1, 0.5756354878379327, 0.0018458303570427757, 0.4225157483094732, 2.933495551375939e-06, 0.1613959671735026, -0.18296545094640457, 0.17872791412977065, 0.03885041396509936, -0.10746288901501291, 0.18288791244288113, -0.2283112130987664, 0.23195452525158453, 0.03020777434254065, 0.18592594254359124, -0.11396495761758454, -4.544914231426403e-05, 0.0003938779325919397, 0.0013986414679663258, 0.0812031597955344, 0.0010865195822736253, -0.0009384853202287493, 0.0012510269731275858, 0.01
72, 2, 1, 0.5743537836042562, 0.0023861920284826634, 0.42325315465276575, 6.869714495443088e-06, 0.27461217336350213, -0.1584391945670012, 0.22843156166480783, -0.08523023094169335, -0.049981929368431356, 0.1856564431068465, 0.01444185003588303, 0.08040704876736686, -0.04106087437650137, 0.09622914641902225, 0.06543031590849921, -0.001013262171291645, -0.00011740172696339712, -0.0004496723361206535, 0.08052172025288089, -0.0024648046684434843, -0.00020254837525744167, 0.0003363933203410877, 0.01
73, 2, 1, 0.5743537712111718, 0.0023862055614248838, 0.42325315121474927, 6.872012654163209e-06, 0.3418458859396788, -0.28680322673982944, 0.25865699981808704, 0.1331679196134174, -0.18086783018531333, 0.20585760827604976, 0.041079332876771034, -0.002001149300254734, -0.041917014572319056, -0.15192060346891495, -0.03828284313875531, -0.0016275595504566434, -0.00042041500243964727, -0.001230257308857631, 0.07887227232069928, 0.001066505193776096, -0.0011743842579422237, 3.95239540485905e-07, 0.01
74, 2, 1, 0.5743601048176769, 0.002381333272731337, 0.423251680768494, 6.881141097879526e-06, 0.2104380882622753, -0.14968579492889722, 0.30700012914311847, 0.06866262678801019, 0.11644770160279153, 0.15751085197008266, -0.10346433591716311, -0.01745387222388306, -0.1509152433328817, -0.06550001383560769, -0.07611127297815637, -0.0004047292989623444, 0.0008176784050357387, -0.0015803273305867883, 0.08039491258090167, 0.0012463218768102192, -0.0015087723692717846, -0.0005708484216210424, 0.01
75, 2, 1, 0.5933559000456713, 0.0027987285067538315, 0.40383461511165236, 1.0756335922645732e-05, 0.10629953512018267, -0.10720062220338304, 0.18819218146356795, -0.0299368012501403, -0.18106347958109534, 0.03520534245948224, -0.039146594527718626, 0.06914210699531265, -0.026399511947367983, 0.04591521507271874, -0.1743238075981061, -0.0011866035848990685, 0.001733673446120054, 3.539105207775743e-05, 0.0818226954412435, 0.0009612239348610491, -0.0016232047194040544, 0.00021520456050801807, 0.01
76, 2, 1, 0.5929714022286285, 0.002914334569196711, 0.4040968920730063, 1.737112916838419e-05, 0.2579105347904177, -0.33417533663889776, 0.17614730553537478, -0.12745863084254894, -0.17673004081847976, -0.017493488617836794, -0.10910691138613401, 0.10073431732362834, 0.02281096165957609, -0.014762426676624441, 0.1707773480719337, -0.00032613536370089153, 0.0004788787854869434, 0.0002119300344313436, 0.07976902377446145, -0.0009299803405934566, -0.00078435769334318, -0.0010256768353766918, 0.01
77, 2, 1, 0.5858657339342185, 0.004291949101191524, 0.40982372547179424, 1.8591492795780096e-05, 0.208813179980252, -0.1580524617275919, 0.1352680124849872, -0.045308298881603905, -0.017764741453503718, 0.02310232507424863, -0.2481808174702258, 0.2273067870014222, 0.11944395149266418, 0.04566897153317327, 0.05927529878025227, 0.0011423410483191643, -0.0010367426588749548, -0.002516561173336624, 0.08044293334868764, 0.0023623344293064747, -0.00020647822474643968, -0.0007143256270352925, 0.01
78, 2, 1, 0.5858369286391877, 0.004299254891603381, 0.4098450581174448, 1.8758351764204962e-05, 0.4585614190090645, -0.09882744911291332, 0.2571054762287873, 0.1257167230310432, -0.21250718757819737, 0.06567721076969187, -0.09196526109378247, 0.08843755863532787, -0.07724592549088202, 0.025879348767039588, 0.08445765477864692, -0.0006771027024226215, 0.0027099176193951173, 0.0005346687748575718, 0.07905191595917187, 0.0004147893506256135, -0.0008813510610220706, 0.00023854622074278935, 0.01
79, 2, 1, 0.5858609299083655, 0.004304599359256179, 0.4098155518504029, 1.8918881975446883e-05, 0.21892946805547514, -0.13717719070629203, 0.16370473168477137, 0.011820940585410259, -0.016046527911057186, 0.33990035073807023, -0.07619594653583159, 0.08702253168532563, -0.1618117673218585, -0.050191568593482505, 0.003492656722226744, -0.000879250235323677, 0.00023699162222806056, 0.00042143279622700936, 0.07924724251933618, -0.0015736380990168837, -0.002429484749514689, -0.00011047902494382272, 0.01
80, 2, 1, 0.5860214602618312, 0.004277409876783321, 0.4096821118898663, 1.901797151931099e-05, 0.17662405946649082, -0.14679810142349342, 0.22241339018854286, -0.012920849166217094, -0.031470882514492114, -0.02264602884645537, -0.0001339841005750797, 0.1216666768637232, -0.08250522049452258, -0.0683130060803222, -0.05210273329307004, -0.0010587092792153693, -0.0023852733267342966, 0.0005324262423669793, 0.07894085027219572, 0.0014501072182393194, 0.000715202863921342, 0.0005122877387390097, 0.01
81, 2, 1, 0.5860069462371831, 0.004281796145614747, 0.40969222668980343, 1.9030927398765366e-05, 0.044845915043348894, -0.1515748685603401, 0.1876783598868093, 0.04971534139167951, -0.011151266951780736, 0.19835572696834838, -0.16896564227292954, 0.1430823203122648, -0.15459847341792676, 0.09386422820764544, 0.21381805403548865, 0.002492259059390098, -0.0005519828971052039, -7.299027285110131e-05, 0.07864728620699799, -0.0003211185548884892, -0.000714018501591194, 0.0012535617699008347, 0.01
82, 2, 1, 0.5902047247571779, 0.002421388487478736, 0.40735262576909204, 2.12609862514249e-05, 0.1038238054674783, -0.173398223601445, -0.03851029906113614, -0.14804750293827737, -0.10476268609008477, -0.010159185544509942, 0.07110267758816813, 0.03444922399440624, 0.06587999462470974, 0.03519410288248531, -0.014095311105187558, 9.407637807079601e-05, -0.0005438130843314061, 0.0006591940179232575, 0.08126204390413437, -0.0019254951162134778, -9.268227731964821e-05, 0.0006296943057393981, 0.01
83, 2, 1, 0.5919740199056478, 0.0006938181199458513, 0.4073108873015905, 2.1274672815943973e-05, 0.1483663261759008, -0.15013051445132933, 0.16039411025383557, 0.10974801868575154, -0.06767133552551294, -0.1256734434676893, -0.1504387007418268, 0.20294020658498715, -0.10576037826101237, 0.073008044407713, -0.1399865551526571, 9.091115617961984e-05, -0.0024807752711826954, 0.00180640123632442, 0.0803647751725629, -0.00046426779049945006, 0.00039731527020783926, 0.00040443426564626736, 0.01
84, 2, 1, 0.5919638907311036, 0.0006952199014983952, 0.4073195465317537, 2.1342835644477118e-05, 0.09942145326467157, 0.05173546748180184, 0.15923320073966823, 0.009363857298056296, -0.08878281025137462, -0.057395446621869836, -0.10190456034049453, 0.04530544725202448, -0.03436616619920292, 0.17071532723888425, 0.23307977696096663, -0.0008232356823308194, -0.00011157820231829473, 0.001077996335046765, 0.08126681119716546, -0.00010479984489721863, 0.0009559643333029515, -0.0004857078687540902, 0.01
85, 2, 1, 0.591721091588209, 0.0007434895127329538, 0.4075140701140046, 2.134878505347449e-05, 0.2346032081214635, -0.2037950366504068, 0.09513637811109069, 0.1883663215123516, -0.07094064465490482, 0.11144687522234509, -0.30998906421290584, 0.06216354195282945, 0.07350691779118254, 0.25717783111226133, -0.045325690909988524, 0.00014891513105654879, -0.0002731391416721674, -0.00036497869198400207, 0.0801061106647995, 0.0013341202528440181, -0.0002947371691148433, -0.0017610702608011571, 0.01
86, 2, 1, 0.5917394838289148, 0.0007609837165260254, 0.4074779048422937, 2.1627612265588677e-05, 0.17010352218638866, -0.10469782532487537, 0.16857254956009893, -0.12594865905338837, -0.10516667884453315, 0.2464650820652547, 0.11159056589806977, 0.06162883768039438, -0.026282844665043114, 0.063667500135893, 0.04380627408163588, 0.0003371408258547906, -0.0008819386371162903, -0.0008674766493769794, 0.07844120148301968, -0.0005212047297050764, -0.001117418844109434, 0.00022024841918082583, 0.01
87, 2, 1, 0.5930764211903576, 0.0008065925047012574, 0.40609478201715626, 2.2204287784953633e-05, 0.033579908753689734, 0.006599613264776127, 0.08022776767969327, -0.12699695902977645, -0.2517309719568033, 0.15620730008466543, -0.09920912349376576, -0.05402171438222665, -0.04862457796679685, 0.1812674618898715, 0.019235427142529876, 0.0006060838770087535, -0.0010416851008082733, 0.0006967270521998583, 0.07893473640085001, 0.0013217565973894206, 0.000977877048848413, 0.0004848363949982704, 0.01
88, 2, 1, 0.5935310830956219, 0.000812119483298164, 0.40563223374967017, 2.456367140979975e-05, 0.08589923502370994, -0.1421159342936561, -0.03670380818940343, 0.09384751230772723, -0.05659996120161093, 0.14823532840293258, -0.19405373137998985, -0.10609782917775794, 0.0181890117794345, -0.072997130664664, 0.06656535379035047, 0.00015342466907603683, -0.001362099625600575, 0.0015344645111666365, 0.0791736503683753, -0.0005068705648233548, -0.0008928562954298661, -0.0009380995597258022, 0.01
89, 2, 1, 0.5933646663894809, 0.0008673825582374437, 0.405743225609246, 2.472544303560983e-05, 0.03417371954498395, -0.04394898625775711, 0.10040066931130945, -0.09446462979109174, -0.11207047240639079, 0.13835408583480627, -0.27057944757113794, 0.08836411380432423, -0.09485473394547109, 0.10437573752377424, 0.07817792013074429, 0.0016411028801412615, 0.00013101981942966338, -2.232314125687332e-05, 0.08041637174539466, 0.0011470009509040814, 0.0002574055588384026, 0.001566543875727027, 0.01
90, 2, 1, 0.590960847120412, 0.0018003814990902413, 0.4071797430621151, 5.9028318382767434e-05, -0.04685987427856932, -0.12751334593248478, 0.13036779782046082, -0.07105421887022224, -0.011500007127345313, 0.1649078758543936, -0.08464325901381727, 0.086387119872061, -0.008546210705995944, 0.03386967248279375, 0.1590624382225485, -0.0022352156164114185, -0.0015590856973418264, 0.00221017104598806, 0.08063806127170718, 0.00020364910177434703, 0.000986532727759001, -0.00026284710646823074, 0.01
91, 2, 1, 0.5941498725374414, 0.0018425676644638989, 0.4039435125022723, 6.404729582249746e-05, 0.05546471523822577, -0.07714656723891203, -0.04722408368682464, -0.1421547238661642, -0.2549495942490719, 0.08452949644965306, -0.07937774683523899, -0.057381825254440764, 0.07694852972881176, 0.04781627626857148, 0.07366698326694644, -0.00047831969309209625, 0.00016713550268018448, -0.00028821580841456205, 0.08005062152393459, 0.0006961958031031371, -0.00012132218875452513, 0.0005182251189404611, 0.01
92, 2, 1, 0.5976011688039045, 0.0019830138449306403, 0.4003372437102357, 7.857364092932422e-05, 0.02536406486698195, 0.0007019183966490927, 0.08885623463373479, -0.03537538528680836, -0.08144897766155398, 0.19114393675539448, -0.008697339227216183, -0.048034794942018844, 0.04154574102944105, 0.05192593066351779, -0.0038346786754532617, 0.0012187951957787217, 0.0007026811779092629, -0.0016697592743688473, 0.07911991552304812, 0.0009668483639627843, 0.0007959475539379169, -0.0010974285607720348, 0.01
93, 2, 1, 0.5979444827762167, 0.0020283561980621325, 0.3999476505750883, 7.95104506327468e-05, -0.11235802666612157, 0.14713072628895268, 0.24796660835734768, 0.19522140468628554, -0.08028168985531403, 0.2437270325599799, -0.17505135864972526, 0.04104486476830145, 0.018171206963825976, -0.03150119058088165, -0.0518716841705103, -0.00044342923962480813, -0.0013792768427798728, 0.000320198031331215, 0.08131619567110346, 0.00047313013011899863, 0.00060914995417271, -0.0007092967108896764, 0.01
94, 2, 1, 0.5991380736484272, 0.002074025024485476, 0.3987083649718967, 7.953635519064913e-05, 0.2467684233721271, -0.10619096739975724, 0.1165224398956601, -0.05972491506184972, -0.04807621227511646, 0.11562569897116207, -0.17718653635241416, 0.18230478948503107, -0.13894361881032696, 0.10813438936328193, -0.07196015774788954, 0.00041068146686583373, 0.000898806275348542, -0.000509404126775276, 0.07956084778045461, -0.00021070973720910537, -0.0010733478437656356, 0.0017902062045452275, 0.01
95, 2, 1, 0.6054621631383053, 0.002028569480432135, 0.3924218610649814, 8.740631628119921e-05, 0.18584182054844928, -0.05623436243745815, 0.031230022013529236, -0.20941705534231475, -0.08322810412908872, -0.006114696686861399, -0.01874883040824755, 0.013481737996460564, -0.030167587027172687, -0.022038308346583314, -0.08853356753361163, 8.173150780220485e-05, 0.0001465951161278578, -0.0008274785698531405, 0.08095275493620038, 0.0017551650330641599, 0.00022248389278182215, -0.001324064884102112, 0.01
96, 2, 1, 0.6059722440234209, 0.002036544295110581, 0.3919036064907997, 8.76051906689149e-05, -0.0076030900310452565, -0.09670665509013966, -0.13526299901407074, -0.08349730845586437, -0.2014825147470746, 0.11368520690369374, -0.149308784783147, 0.08774792757843759, 0.013633393593106464, -0.015225703821351142, 0.09824749301812742, -0.0001526044941602051, -0.0005645131034176112, 0.0004140359691325173, 0.07831517566916174, -0.0004607967889589566, -0.000634693997602287, -0.0018878012543417835, 0.01
97, 2, 1, 0.605972301154713, 0.00203654671805998, 0.39190354714628195, 8.760498094517165e-05, 0.1495062882743389, -0.073688675869683, -0.06394215441293896, -0.0978110785500988, -0.14425574534210991, 0.09279121497341723, 0.15134276333118152, 0.06000267752702991, -0.27681372191724535, 0.031425709071551663, 0.002008819416643388, 0.0016170437045478967, 0.0006153592524587575, -0.00043572762888239235, 0.08159555996179686, 0.0007561536623121418, 0.0008878242960419817, -0.00032613895919712213, 0.01
98, 2, 1, 0.6062042785660361, 0.001980895132133629, 0.391726630645459, 8.819565637132829e-05, 0.25700278602884746, -0.1386580398246469, -0.06902991369352074, -0.03302922398642717, -0.07787860174732752, 0.11575847837287348, -0.08830712595357412, 0.04942479087943634, 0.1727444553402812, 0.0022684717303142975, -0.05323203653873386, 0.0009614518190188062, 0.0001443426136389056, 4.350545201297247e-05, 0.0785194384736097, -4.1528911702450506e-05, 0.0004440687446044862, -0.0013084241345059171, 0.01
99, 2, 1, 0.606972747168833, 0.0019448727161091115, 0.39099415791413394, 8.822220092396842e-05, 0.07095967037075812, -0.23908081838208745, 0.06063690174974039, 0.1715433584570901, -0.20718494820216096, 0.027810200602604907, 0.022398719808260425, -0.09030671870745621, 0.21193941519808016, 0.22921120499651285, 0.0014231921485881858, 6.707729480668566e-05, -0.001202664352732177, -3.746219962113649e-05, 0.08009068144024083, 0.0005107398948075166, -0.00035459581859450764, -0.0008265638476736738, 0.01
