t, Event, Policy, P(still), P(random), P(reach), P(transport), o(t), s_a 
0, 2, 1, 0.1741548478603363, 0.040586382150650024, 0.7852587103843689, 2.5031607009395884e-08, -0.45549950079412904, 0.7257804090830583, 0.6726004190819226, 0.4866141502319036, 0.24006446011994265, -0.34081423324770893, -0.09333719246232307, -0.1841846491282345, 0.2981784833472439, 0.4025826964027909, -0.19987334604898327, -0.11652792919678204, -0.019996026801095027, -0.066362157829402, 0.20211006602607987, -0.1558502075995084, 0.14532923992626878, -0.028731861740872687, 0.4399804283293801
1, 2, 1, 0.13171910250658053, 0.040891627995858354, 0.8273875153054118, 1.754192149301381e-06, -0.37080358177870804, 0.5211787238320001, 0.6262514048618649, 0.4071422382062261, -0.03433491406388276, -0.16794997026652517, -0.020318508417220583, -0.3001507453898713, 0.1957308921536597, 0.18033973888977128, 0.11045719432898866, 0.000384910696124002, 0.001903342141547511, -5.001010051920783e-05, 0.059280104116946654, 0.0009213998257234497, -0.0013920753118406195, 0.0008320667454378303, 0.4399804283293801
2, 2, 1, 0.1317186660830114, 0.04089123728690526, 0.8273883424367079, 1.7541933755125581e-06, -0.7395515635310909, 0.6599961276980475, 0.5819845383606002, 0.47328997440993714, 0.1433131993814511, -0.07818237986307679, -0.15118072234774366, -0.2956898207214387, 0.19093828445242478, 0.3275697009481532, -0.1694253733352611, -0.0005251817830595996, 0.001002589558262569, -0.0009817790165612475, 0.05908598137213572, 0.0004758377196295097, 0.0015282469282152794, -0.0031445071673135336, 0.4399804283293801
3, 2, 1, 0.13173196320223796, 0.04087409599162102, 0.8273921866125086, 1.754193632274025e-06, -0.5598264060511406, 0.5033982874736959, 0.6581295462706499, 0.3130855418770812, 0.013699811145406781, -0.13276553226837054, -0.13461754556360023, -0.2670981331290346, 0.2692934848957788, 0.48981579494078886, -0.11620217091180347, -0.00024365702751104036, -0.0008089850243273493, 0.0015419950554361917, 0.06051797238575268, 0.00045992767635130976, 0.0010847176703066193, 0.0005963814794868645, 0.4399804283293801
4, 2, 1, 0.13616087728549225, 0.03586802007877826, 0.8279693290787093, 1.7735570201530273e-06, -0.3970836032513822, 0.5273174193642333, 0.6068668704046584, 0.5949865622947216, 0.049969317742513786, -0.10141887305616992, -0.22627718120799437, -0.17152443892082603, 0.12708788580813485, 0.29140236990412716, 0.09587507492973757, -0.0008785558363650669, -0.0003499673984400302, 0.001659408020789211, 0.06061979617806359, -0.000643038166570602, 0.0010433432841592542, 0.001189481929471444, 0.4399804283293801
5, 2, 1, 0.1361580886994805, 0.0358680363168221, 0.8279721014190724, 1.773564624990027e-06, -0.48855789171766617, 0.5991328451236229, 0.5479462262922297, 0.38873922828585555, 0.3590700580255741, -0.06682663397810026, -0.14832979938167212, -0.34293610932392976, 0.339338021019873, 0.43606028640114347, 0.11916014197055265, 0.0008839931066671393, -0.0005791962991397265, 0.0007795168824294065, 0.0609288011925595, 0.0011678639416956732, -0.0018909587677991054, 9.974854294199629e-05, 0.4399804283293801
6, 2, 1, 0.13614522510298335, 0.03586807463877256, 0.8279849266759229, 1.773582321129893e-06, -0.5427619037404753, 0.7376378233606083, 0.6175201709785763, 0.41362543958724673, 0.14043479599369693, -0.21102536487207618, -0.037770507291694067, -0.18343912823124503, 0.3632179546903297, 0.4630046686685339, -0.051856241338752704, 0.00041789810878685034, -0.00045739549253027013, 0.0007818367886091892, 0.060266774907417574, 0.00081133704673031, -0.0006070528056466236, -0.0008956602229330783, 0.4399804283293801
7, 2, 1, 0.13781112449341942, 0.031451811097408626, 0.8307352595296128, 1.804879559238699e-06, -0.597620209913708, 0.46778164281105034, 0.5902880339983942, 0.5610438331697509, -0.009422005587114701, 0.19740523616660322, -0.08154580256609752, -0.33279798533716126, 0.0022985918172758967, 0.3030121170380835, 0.04294043558076567, 0.0011002217162297322, 0.0002644793475782039, 0.0013343286456401243, 0.060693018153690236, 0.0002283541111635447, 0.00018028857716918318, 4.2267155990485306e-05, 0.4399804283293801
8, 2, 1, 0.1507994627053173, 0.017447146322704336, 0.8317515740289126, 1.816943065835333e-06, -0.4809033597030009, 0.3778709490623876, 0.5784237967080398, 0.4934891151434785, 0.12171992029673213, -0.08111459897360158, -0.1852307412469456, -0.23866429131386, 0.27735531640595207, 0.4037796837687068, 0.14740623001950046, -0.0003328667808421799, 0.0003374861186194556, -0.0003425144457049086, 0.05795798337792239, 0.0009500377571469154, -2.4050880468372744e-06, -0.0006517438521578251, 0.4399804283293801
9, 2, 1, 0.15076265390472343, 0.017447332992246944, 0.8317881961272416, 1.8169757881081915e-06, -0.38635949898157884, 0.31322469837300143, 0.49312388843536475, 0.4298277059533972, 0.22208263500651998, 0.1667543462027378, -0.18543748058502865, -0.38794980273391383, 0.23073800990889418, 0.5701675443982323, 0.08799534628089312, 0.0006352148930956774, -2.3784652849940216e-06, 0.0012301853277403292, 0.058818634207260315, -0.0005195230517752708, 0.00014014916717509018, -0.0008278220431449004, 0.4399804283293801
10, 2, 1, 0.1509668168329709, 0.01703057844056437, 0.832000787490789, 1.8172356756099112e-06, -0.5499691239934118, 0.6285646696351668, 0.7512036769499877, 0.47286738351493857, 0.16443694250142066, -0.13229945109256028, -0.07188605997801843, -0.1868210430558592, 0.1759109505104929, 0.24320698790283615, 0.08118191744918407, -0.0005089768846175481, 0.0003244124120056526, 0.0015184521134669958, 0.06054118148045069, -0.002229037364294354, -0.0014128154601424294, -0.0015270371618394884, 0.4399804283293801
11, 2, 1, 0.15935224154677768, 0.004848205586339077, 0.8357972664495934, 2.2864172897852874e-06, -0.4197706069129839, 0.48308011218064406, 0.6105639037685247, 0.4355107686396521, 0.19279111454482983, -0.10648743694152896, -0.17377752253351983, -0.03107662350168492, 0.06347402131844626, 0.21013745527899802, 0.01661404125568646, -6.493799363962974e-05, 0.0006058046479520573, -0.0006755536817530856, 0.05981138356059542, 0.002290776854651181, 0.00023043572769642818, 0.0009427271979424934, 0.4399804283293801
12, 2, 1, 0.15931412246557355, 0.004848432272638343, 0.8358351587721394, 2.2864896487386277e-06, -0.42753933112730175, 0.7832848190328849, 0.609452402294436, 0.36574087397236515, 0.11112752378777899, 0.002826931661247145, 0.11093458693429063, -0.3644952652664791, 0.2841297549996281, 0.3453635761229272, -0.012429439529642533, -0.0008570626636342753, -0.0010139586222597655, -0.0014140165020336062, 0.06000682368059814, 4.895623917699967e-05, -5.641464667247649e-05, 0.0010547539218504326, 0.4399804283293801
13, 2, 1, 0.16341172367285595, 7.001570118184032e-05, 0.8365159684759788, 2.2921499832876056e-06, -0.4225084305103001, 0.4748512290682842, 0.6636160765234683, 0.2614667947843583, 0.10917418099451119, -0.04762247938850075, -0.05979090352390325, -0.3047950406372198, 0.15287206867399233, 0.2249152832224214, 0.11551071484418489, -0.0008004866923331808, 0.0011113535820655078, -0.0011236454038519108, 0.06158449148066628, -0.0008250995978696633, -0.0014398254017418716, 0.0005126030689695889, 0.4399804283293801
14, 2, 1, 0.16094648891103447, 8.790875414959046e-05, 0.8389616261093769, 3.976225439128316e-06, -0.8297016102803256, 0.4092163080130485, 0.5583324636843918, 0.46497554240382, 0.003147088391579467, -0.32564679490138815, -0.00449589415637861, -0.16070456545685213, 0.17472371715089857, 0.13540853606992237, 0.02951531592431651, -0.0007055870131671341, -3.380289511385679e-05, 0.0010297573841887826, 0.060569001067277216, 0.0021674190486688683, 0.0002527762668393703, 0.0008014305784836029, 0.4399804283293801
15, 2, 1, 0.16092555679864337, 8.213137483830797e-06, 0.8390621747926799, 4.055271192941207e-06, -0.32382218687369385, 0.24893439267215678, 0.4559536489846761, 0.4152515145836184, 0.07595976321489249, -0.16033238041318248, -0.09033866327428872, -0.2885192302766887, 0.10933804089101565, 0.19584312612886007, 0.010449141053311097, 0.0010906662826894794, 0.000893097745246369, 0.0006523399083136795, 0.06015987530900503, -3.991404259607839e-05, 0.0009146097843421982, -0.000895340215149318, 0.4399804283293801
16, 2, 1, 0.16092546779116007, 8.213297701473454e-06, 0.839062263639503, 4.0552716354393955e-06, -0.37472371042558245, 0.43497488544926455, 0.4671813800374321, 0.5056249637681904, 0.1638220792090447, -0.1723379579529102, -0.1882492453878682, -0.33875523053742873, 0.16611386534834596, 0.400502821858577, -0.20222444541612164, -0.0010385793820988072, 0.00067749533193908, 0.0008711755157604731, 0.06061481431001595, 0.0006925474379627608, -0.0010708142452605168, 0.0005364038059939429, 0.4399804283293801
17, 2, 1, 0.16090399620879356, 8.267624723943494e-06, 0.8390836777392703, 4.058427212167911e-06, -0.5296165542468543, 0.6465551257536601, 0.4350895693316136, 0.42699128095543104, -0.14163022768762606, -0.10067811221461806, -0.304767504737772, -0.2323825043904697, 0.22395522823223762, 0.007043101555266107, -0.08274386516463757, 0.0028109355486177707, -0.001147517503508297, 0.0013919116205174974, 0.060822773465572834, 0.0008225126207529777, -0.0030905015620704556, 0.00042004834945079985, 0.4399804283293801
18, 2, 1, 0.1609016491243862, 8.27524685207699e-06, 0.839086017199208, 4.058429553789614e-06, -0.597715911393113, 0.4630573248227666, 0.52378580304704, 0.4289980326373505, 0.21872559691914634, -0.053345877766551475, -0.0426658900545588, -0.3462934580468039, 0.42693645773483524, 0.3264553122043007, -0.01915619042443984, 0.00026108235098900586, 0.00022798290138035076, 0.0016148862383202581, 0.05956387926039182, 0.0010587875511367225, 0.0019405891257270893, -0.0005075172898389288, 0.4399804283293801
19, 2, 1, 0.16089760739927472, 8.283305060048848e-06, 0.8390900508658438, 4.058429821534437e-06, -0.40505693814321286, 0.48247047461523823, 0.7240104706889848, 0.34983900028566667, 0.27826595562955714, -0.004542158903130566, -0.14435551319731416, -0.2569966850413959, 0.38251774729183524, 0.19966497960491578, -0.0408713020453018, 0.0014318813615309153, -0.00017481717187363717, 0.0011473532961641859, 0.060571812157011226, 0.0005404075160630912, -0.0011562763961735227, 5.2997284123105855e-05, 0.4399804283293801
20, 2, 1, 0.15944653301463174, 1.3743139411484229e-05, 0.840535663292039, 4.060553917852725e-06, -0.521566853133085, 0.37952129576699917, 0.6802219575708375, 0.4783621730822274, 0.2989035865691787, -0.19222186010610712, -0.09536813025855817, -0.24742514741249105, 0.29685686528688626, 0.14836768203240766, -0.025782020395020522, 0.0007335658418769755, -0.0014488869388447805, 0.0014242877005892457, 0.05988590117091804, -0.0002354105673742198, 0.0007097627924540822, 2.0204802402160678e-05, 0.4399804283293801
21, 2, 1, 0.15855642318913102, 1.668496057149459e-05, 0.8413602564654813, 6.663538481618016e-05, -0.438961667955429, 0.462886863272949, 0.28748048216330224, 0.2684061059622446, 0.02062318197583436, -0.04817653485316431, -0.15582538642407262, -0.08682771043563213, 0.03358433471579721, 0.1693952185235724, -0.01440412807141141, 0.0011074515420209084, 0.001310539564523094, 0.0006784425014971673, 0.059947717789989655, -0.00013303993891608285, -0.0006987103902601092, 0.000827804033808729, 0.4399804283293801
22, 2, 1, 0.15855623731630175, 1.6670140336449873e-05, 0.841360456494099, 6.663604926284927e-05, -0.4179685628668734, 0.4620127387749721, 0.3476620874765389, 0.4317677962372223, 0.006054136828070944, -0.17786780344456982, -0.15640849658385417, -0.13562813701869122, 0.2581331708867835, 0.2676458851083835, -0.10673562098943923, -0.0004466324477221463, -0.0007287663470095118, -0.0007326992376206589, 0.0597510114350218, -0.0013180308529288198, 0.001021278733688404, 0.0013522361893848788, 0.4399804283293801
23, 2, 1, 0.15854587949053608, 1.6695634136352653e-05, 0.8413707888260004, 6.663604932724441e-05, -0.624266877311757, 0.3035469228396607, 0.7282506083403458, 0.3971262505470178, -0.05562891876369791, -0.24007445034294705, -0.23792285190043483, -0.3776698008148946, 0.31926711419447296, 0.25646291519956316, 0.0036526413915607043, -0.000556312976185819, 0.00029409882857758335, -0.0010316724066788384, 0.05761220614051665, -0.00039531185253241844, -0.0006587764838823062, 0.0005223721073724239, 0.4399804283293801
24, 2, 1, 0.15686050076104946, 2.278594473373644e-05, 0.8430496707351162, 6.704255910067023e-05, -0.5137986052832322, 0.22697048267198072, 0.4459581845627086, 0.3772661517513447, 0.11992854887426643, -0.16602491511616652, -0.25115808020400043, -0.2494418253837613, 0.11940831926414808, 0.20215388931688522, -0.028254521560009634, 0.00012920550127646602, 0.0002869541003601096, 0.0002063157092539928, 0.05949223280845678, -0.0010294754918231462, -0.0009235633126527211, 0.0011362174088380187, 0.4399804283293801
25, 2, 1, 0.1567826256697341, 2.3065717045349905e-05, 0.8431272615481065, 6.704706511402357e-05, -0.3274946022547906, 0.49758793642349736, 0.44212182938151334, 0.5122700746953716, -0.03133966845467566, -0.12510679783401868, -0.3134009253318898, -0.35597597247588036, 0.14740453230473563, 0.13255591131332176, 0.03445638209101398, -0.0004190999809513811, -0.0004430721417820853, -0.0006796303676661076, 0.059306305037694074, -0.00030584291280064, 0.0005541446419695024, 0.0015069707562167752, 0.4399804283293801
26, 2, 1, 0.1552720260634067, 3.281606460914534e-05, 0.8446277766764964, 6.738119548784238e-05, -0.5152886538168003, 0.25810627186676616, 0.5545022581488387, 0.5234025937897895, -0.006741160567792526, -0.17585527346104443, -0.09182111777507604, -0.25986982482947474, 0.1837304418134474, 0.15630247205899755, 0.07708666046608971, 0.0018751694207318832, 0.0006729878499997133, -0.0007380166675861294, 0.060408765734143645, 0.0012115965913360844, -0.000368954351896273, -0.0002049115337235596, 0.4399804283293801
27, 2, 1, 0.1543653596847433, 3.6409471326796267e-05, 0.8455307244010034, 6.750644292662775e-05, -0.5957569316585845, 0.3683029410039305, 0.4487923001268266, 0.3054550746248725, 0.04732406854436587, -0.16456835327754032, -0.22121028212723823, -0.2846193244053108, 0.17271461802306065, 0.31867368748013075, 0.03652361740926675, 0.0011831540943049038, -0.0018419096649729659, 0.001709226816457404, 0.05858895452408571, 0.0011404824835446845, -0.0003113267512727181, -0.0006567872679076312, 0.4399804283293801
28, 2, 1, 0.1542420408368187, 3.713737187888619e-05, 0.8456531308512666, 6.769094003593233e-05, -0.32862386224873735, 0.3985594952270466, 0.45068819530905585, 0.4659609040798817, -0.013109542597365298, 0.18131121003006623, -0.08873687470991828, -0.24804134836001396, 0.14109485991002463, 0.27816518963349274, 0.05161437408234171, -0.0024610558872552096, -0.00011919761316100223, -0.00012400176460063844, 0.060069510104046965, -0.0006801508345040023, -0.0003059045501597192, -0.0007129946835184217, 0.4399804283293801
29, 2, 1, 0.15424268532905885, 3.2291002920033376e-05, 0.8456573327003905, 6.769096763075811e-05, -0.5301768637807096, 0.4282894128293327, 0.5303907642699419, 0.3593488474022539, 0.16999622613301954, -0.18773274687858107, -0.18529110910735508, -0.23150605404670105, 0.3266853029259851, 0.4122291120852276, 0.03719077320430858, 0.00032014525181769905, 0.0007694013865120256, 0.001591451618429328, 0.059989934647032186, -0.0002464446606021848, 0.0005249430730888663, 0.0009456844812791503, 0.4399804283293801
30, 2, 1, 0.15390049464090802, 3.854671234742458e-05, 0.8459922204318799, 6.87382148645116e-05, -0.35884036059046714, 0.38890703312796665, 0.4671723657311101, 0.45155061035826727, 0.13696631106369583, 0.025220430401168836, -0.11534443432591804, -0.26393111267869523, 0.10358192010596987, 0.3616808188954613, 0.3029287359261902, -5.608298327733755e-05, 0.0009166900098280013, -0.0009850759274500369, 0.06049040342926487, -0.0009100381936392162, -0.00027352828538919994, -0.0016978703726367012, 0.4399804283293801
31, 2, 1, 0.15383956980220517, 3.870382356327379e-05, 0.8460528389237164, 6.888745051511102e-05, -0.4045651528028288, 0.4662699578610615, 0.40091939875246885, 0.2960562419830445, 0.17714894260324973, -0.07645042419866352, -0.1558296087082664, -0.22188048420080247, 0.19419810507654275, 0.17288076294329063, -0.022296530621643988, -0.0003321074372725215, -0.0013510242573718167, -0.000799407737699163, 0.06166588228678903, -0.000825180292978465, 0.00035590267379649284, 0.0013934837487096156, 0.4399804283293801
32, 2, 1, 0.15288415732949942, 4.503833784346521e-05, 0.8470011401208829, 6.966421177404587e-05, -0.5679306568129316, 0.19413454428871804, 0.35013186227982107, 0.3641702500490217, 0.23223598156967876, -0.028248033049608257, -0.15528337287203317, -0.36870431022674516, 0.2167445053928374, 0.22565444289184403, 0.08964847145368908, -0.00038068317194415785, -0.0007337560271196848, 0.00045572623195585485, 0.0613796327743661, -0.0013228426033146756, 0.0012976364074681773, 0.0015128218990884687, 0.4399804283293801
33, 2, 1, 0.15279494223803966, 4.457391237076274e-05, 0.8470895018853767, 7.098196421283436e-05, -0.48659554408028394, 0.47771646208459906, 0.4189657806219076, 0.44395700905835717, -0.07152647260477499, -0.045177729234124296, 0.003903466990696436, -0.09354555200365033, 0.2253006140527134, 0.18413919373254642, -0.009195328639922052, -0.0006991463716838121, 0.00045142880822099786, 0.0003901717181743841, 0.061105152037180255, 0.0001698827063709361, -0.0001214444376976467, 0.00037099504749565514, 0.4399804283293801
34, 2, 1, 0.15279397621750646, 4.4117016586531923e-05, 0.8470908974328462, 7.100933306087215e-05, -0.5145454903718127, 0.5852111822620704, 0.2928487360685848, 0.3683291469155002, 0.07416780358644523, -0.10413561011478314, -0.2989432115542989, -0.13176389986195786, 0.16304074344192482, 0.2742447500537487, 0.17347976191472508, 0.0002662168197378334, -0.0004777218509831551, 0.0009219450523023787, 0.05922336241783107, -0.00038981842564473045, 0.0014306333720771971, 0.0007881820388063865, 0.4399804283293801
35, 2, 1, 0.15278616441667806, 4.4166342633890285e-05, 0.8470986582745046, 7.101096618353327e-05, -0.3951048594926714, 0.5260102870999882, 0.5848683984039992, 0.5062194435266848, 0.058497795356638696, 0.06630984061533254, -0.21549455063366052, -0.1141207606307173, 0.29188815921287325, 0.06763322943853183, 0.1749493878742672, 0.00024511896870011004, -0.0008757737857998153, -0.0016907856284073535, 0.0592529241816937, -0.000310907877780071, -0.0002175567212684811, 0.0003798886608427455, 0.4399804283293801
36, 2, 1, 0.15278326767090736, 4.4157855261135944e-05, 0.8471015625497531, 7.101192407827648e-05, -0.30605936777897236, 0.4450952964121734, 0.5381183691011364, 0.4591887896198357, 0.3309323827864893, -0.1413966258128489, -0.20064399637256042, -0.1373248632437241, 0.25496616988647836, 0.28777282936431303, 0.1529943302922716, -0.0004204800259785272, -0.0007435493181062621, 0.0006701941401468025, 0.06005747399762292, 0.0009061261818596013, 0.0010777110380079749, 8.970978758152475e-05, 0.4399804283293801
37, 2, 1, 0.14460096521139382, 0.00011078259765516712, 0.855129582800024, 0.00015866939092696399, -0.38474711251658444, 0.39526303229585924, 0.4015834681511941, 0.4818470981762892, -0.008291415187935414, -0.11774060334949794, -0.07606936950555336, -0.19050500605341866, 0.09888450002504963, 0.30471721975233995, 0.08274852929444731, 0.0012654228766736534, -0.0001025131830798331, 0.0006428670770863656, 0.05955121840723223, -0.0001724662739431813, -2.279682086344853e-05, 0.0007178480938153851, 0.4399804283293801
38, 2, 1, 0.14461132103059343, 8.794496214139383e-05, 0.855142053039297, 0.00015868096796821092, -0.37209849365630976, 0.20705087511023307, 0.5093661008596373, 0.4347739581613146, 0.13873250895077732, -0.091086382046762, 0.03187092550045036, -0.1725044478191025, 0.07747992346357709, 0.0795306553839176, -0.13565272485347615, -0.001327261342686964, -0.0005103594803503768, -1.4844938066577753e-05, 0.05947393452290565, 6.751871665869959e-05, 0.001057022082569786, -0.0008755409325051008, 0.4399804283293801
39, 2, 1, 0.14442542630586677, 8.881207209391859e-05, 0.8553268282194569, 0.00015893340258246144, -0.4050718906671296, 0.2914495217097953, 0.3448475837961299, 0.3738358803804102, 0.09145252316582575, -0.19086031293628775, -0.230393228589899, -0.15227501779198999, 0.32646441949488014, 0.3058438620952468, 0.009413708155928482, 0.0002857869593837404, -0.000480001076756423, 0.00033657793056037085, 0.06084089408630455, 6.386080642964206e-05, 0.0007554039809261581, 0.00013656579683797517, 0.4399804283293801
40, 2, 1, 0.1440189001447157, 9.081913549430786e-05, 0.8557312628305328, 0.00015901788925728983, -0.3196594755188502, 0.42331743931824173, 0.5284649677640247, 0.3259447014411373, 0.14304666184601147, -0.16171299378655402, -0.13539236699014187, -0.2748235413554493, 0.15098988475896835, 0.19474508907413607, 0.04102705520715916, -1.6268948728554314e-06, -0.0006475887191227413, -0.0006663944521205065, 0.060457751426135534, 0.0007497060183278182, 0.0014998676287078167, 6.782791833780208e-05, 0.4399804283293801
41, 2, 1, 0.14401872017362516, 9.081950871266982e-05, 0.8557314424221755, 0.00015901789548661185, -0.3698903481332251, 0.3261763009891009, 0.4729702408916331, 0.4129881214682589, 0.1503346956554452, -0.21796052193739582, -0.09214759816799736, -0.30451945927536295, 0.11827205154843765, 0.29910181175840134, -0.24684750938612304, 0.0003752753210206383, 0.0002515968073311507, 0.001125224244973868, 0.05969622539316055, -0.00047076607130134684, -0.002589897262301687, -0.0002693291347653448, 0.4399804283293801
42, 2, 1, 0.1400838064507989, 0.00012084289144247032, 0.859276761684164, 0.000518588973594563, -0.2470671316176428, 0.2706240037865482, 0.34011297701268584, 0.2701529880204691, 0.10845540166018452, -0.039847542913042766, -0.04031509157735112, -0.17427288796642673, 0.040037065539537744, 0.17827300064961138, 0.09289095052698118, 0.00030158624155805325, -0.002716238543780093, 0.00022284863092823893, 0.060853363536844576, -0.0013578701846584064, 0.002009158529218265, -0.0004327203810087531, 0.4399804283293801
43, 2, 1, 0.1393817906463128, 0.0001249031360678518, 0.859942312377771, 0.0005509938398484355, -0.1393013781894647, 0.38427832263015343, 0.20693150802549173, 0.3145677738568861, 0.07795818842009575, -0.1516649637453676, -0.1421700518938599, -0.306780581142723, 0.19279663314492457, 0.12736398630598159, 0.08942298492558504, 0.00045317970760982263, 0.0009468310876628203, -0.0012726809796884822, 0.060502487216782294, -0.0013639890192455365, 0.0007689670698475341, -0.0031375469456855695, 0.4399804283293801
44, 2, 1, 0.13938159908256945, 0.00012447230356468715, 0.8599429200765243, 0.0005510085373416703, -0.13108791673184741, 0.10467592582137812, 0.32784313976907187, 0.3976955089624737, 0.08268863280673192, -0.27357656466272096, 0.023339228850825778, -0.13659521197779811, 0.28226432517035904, 0.29429545212421193, -0.037027261931717854, 0.0008717874049304231, -0.001947308046432945, -0.000678050763905018, 0.06014982662887051, -0.0013283252800321689, -0.0003687590194456971, 0.000871077713715241, 0.4399804283293801
45, 2, 1, 0.1170128064180142, 0.0003271894577360514, 0.8809063086786072, 0.0017536954456426137, -0.25088610166913494, 0.23251259367443095, 0.3615639058688678, 0.5992805743347696, -0.036372366991520175, -0.039390041122096375, -0.04579963604642249, -0.07587931376066252, 0.19158942501726278, 0.2638034589487747, 0.06614527538809394, 0.00029536336740224045, 0.002229566001479448, -0.0008756615375616623, 0.057551544077300246, -0.0004578624693208265, -0.0007416173726257088, -0.0012702382968194205, 0.4399804283293801
46, 2, 1, 0.1166292980136822, 0.00028613114414035445, 0.8813267890422897, 0.001757781799887715, -0.4265449212205998, 0.24608752124493072, 0.3544003802477218, 0.5576555714967981, 0.09492003849814033, -0.1069795026172996, -0.07254911945489793, -0.1301515325505694, 0.21938121447711006, 0.3478271515161773, 0.018019861400407514, -0.002020674850737503, 0.00013310272754098353, -0.0010376047023547233, 0.05993621270616445, -0.0001885153157142029, 0.002512248957843905, 9.144420604491312e-05, 0.4399804283293801
47, 2, 1, 0.11662650386496987, 0.0002861384495225878, 0.8813295732895167, 0.001757784395990899, -0.47757515139116763, 0.2270016293991146, 0.32309945113403976, 0.288192168064474, 0.16717619330039366, -0.04415140324762771, -0.3165709086928522, -0.13997454336595253, 0.19930786496324768, 0.2896533321998636, -0.04577566431700067, -0.0005055268877889059, -0.001203761870753934, -0.0006131859236478401, 0.0592043171719203, -0.00032704879280809736, -0.0019517967244967794, -7.154334801110503e-05, 0.4399804283293801
48, 2, 1, 0.1179878854824853, 9.671719785184571e-05, 0.8801408096116637, 0.0017745877079991946, -0.1361298522502548, 0.19913844289069255, 0.3413203468794075, 0.5149248503360584, 0.07673520029939253, -0.018141418887511085, -0.1215051457166663, -0.04841191235248106, 0.05243023472367514, 0.04123659543303082, -0.049204897025849445, -0.00014788141415820902, 0.0013415267545664768, 0.00035999099179381686, 0.06067169614891989, 0.0019250402137817267, 0.0014628916948063457, -0.00040152743400409123, 0.4399804283293801
49, 2, 1, 0.1178712176396326, 9.76709890048166e-05, 0.8802379395869337, 0.001793171784428818, -0.47795345051840255, 0.35551211412210143, 0.22846807838393932, 0.4920422131041324, -0.05345932544976464, -0.278548125769028, -0.26567007519643554, -0.08568295497436056, 0.09303831299992296, 0.10374705983462888, 0.12911878716828548, 0.0008072008900875248, -4.2566515108601415e-05, 0.00033423160463214236, 0.05991465505574647, 0.0008158165433061476, 0.0005880629057603437, -0.0010792136120254823, 0.4399804283293801
50, 2, 1, 0.11787695300831912, 9.76318664880066e-05, 0.8802321845517184, 0.0017932305734745446, -0.13363125394778205, 0.3389471840113181, 0.36624179975057486, 0.3879012664190506, 0.14267438712395283, -0.124624682707378, -0.16428950771438217, 0.006425883556200529, 0.22373095773955393, 0.0014478752661727823, 0.06962333974527417, -0.00019865460441572126, 0.0004754074938575096, -0.0004818739787071548, 0.06026589574084088, -0.001695135886129374, 0.001391949282924262, -0.00036029211430011913, 0.4399804283293801
51, 2, 1, 0.1178424648837314, 9.781960110566806e-05, 0.880265698448759, 0.0017940170664040196, -0.3201294165294494, 0.4166030005726232, 0.3284713850485315, 0.5013237106720716, 0.2193906861616864, -0.18297161508951693, -0.1697196038941756, -0.08521542539234318, 0.19927111755475194, -0.0366253439444576, -0.07240573712126112, 0.0006148290729269458, -0.000655745882723178, 0.0010145653159151543, 0.06117049340134184, 0.0007963434447942362, -0.0012038007924682916, 0.0029495931018734232, 0.4399804283293801
52, 2, 1, 0.11509274463447876, 0.0001199005061102514, 0.8828292429259904, 0.0019581119334205286, -0.38924526301569495, 0.3980071359674756, 0.3561597392357495, 0.5365789320356156, 0.037329912800602064, -0.0633824169429549, -0.13578277184370255, -0.07293548491495103, 0.23621374650525703, 0.027256279039489996, 0.08634316690970194, 0.003136280755173275, -7.561182678975728e-07, 0.0005410288536991321, 0.05936570766404896, -0.0010855665811120036, -0.002167632748849028, 0.0013453165163109639, 0.4399804283293801
53, 2, 1, 0.11450848153221696, 5.823863114945029e-05, 0.8833333497561552, 0.0020999300804783747, -0.2807201466963429, 0.2810865791164186, 0.3389071696938902, 0.5006938737241462, 0.06696084247462272, -0.14422350525849684, 0.009228324136877353, -0.24593304884160688, 0.1139043680998422, 0.07285192507726994, 0.24695455911477207, -0.00045778968238477006, 0.0015085424781867962, -0.0014028449112281729, 0.05936327321522178, 0.0008923718128870781, 0.0015674954943063098, 0.0006430967717471202, 0.4399804283293801
54, 2, 1, 0.11387960560715593, 6.085720821384898e-05, 0.8839592151856905, 0.002100321998939728, -0.4246872456566977, 0.2767977269354432, 0.4471686767809226, 0.5713572198255317, -0.12149248852998093, 0.14510824207755618, -0.15443131113386366, -0.28022159555217085, 0.18236478861677552, 0.07282198795560561, -0.019727819440755516, 0.0008574695849792152, -0.0011087146739360992, -0.0014348784821384684, 0.05975626674284797, 0.0003546226578450273, -0.0006703065378845051, -0.0005441684472798477, 0.4399804283293801
55, 2, 1, 0.11393825040874103, 4.686396943194057e-06, 0.8839775904902684, 0.0020794727040475028, -0.11420457415792337, 0.25978920949182394, 0.4420866625514927, 0.5515100879559353, 0.059391191336113, -0.22355330531629974, -0.11507909802775393, -0.2360706652568732, 0.25476191292868594, 0.12144897628982614, -0.08244274520421846, -0.0017172528393798766, -0.0005505810641676204, 0.0001357618811466935, 0.060094589038545365, -0.0005182750232396977, 0.0015721426107918335, 0.0006436169112598392, 0.4399804283293801
56, 2, 1, 0.1138626163069217, 5.052166452728074e-06, 0.884051578803945, 0.002080752722680572, -0.15466873257124653, 0.2509807923535497, 0.30866139852176494, 0.3034035542185107, 0.11991954840953845, -0.0895988985792359, -0.3125614908805149, 0.04471977756231453, 0.12844584831161937, 0.08027826881443287, -0.010533337315046151, 0.0001419817867429004, -0.0006137085936054477, 0.0007161645743062029, 0.0592315722717466, 0.000629443114060089, 0.001416783446248642, 0.0005091286294660639, 0.4399804283293801
57, 2, 1, 0.10910290835180204, 3.69115337604391e-05, 0.8886182285127346, 0.002241951601702908, -0.09604810215437218, 0.18633584986726054, 0.3920527571275209, 0.25268427127710735, -0.04156567152481314, 0.043105816073960045, -0.14168925877715274, -0.07259304663153689, 0.1353225897415943, 0.0895672378921806, 0.029476516354387267, 0.00027360039577611, 0.00029615666566004575, -0.0009428585873631816, 0.06109801098446135, 0.0012768659406016917, -0.0003005220245699383, 0.0005572359979508002, 0.4399804283293801
58, 2, 1, 0.10910273019716021, 3.5797143157422734e-05, 0.888619507026444, 0.0022419656332384624, -0.30133132252343026, 0.13951014670908168, 0.2882878400817247, 0.5591711863263049, -0.11931670028163235, -0.27289515541561754, -0.05643859150716356, -0.1682404817921943, -0.04661277056423674, 0.2824747094870853, -0.16316952811403523, -0.0017672905621145564, 0.0003317615139827911, -0.002137719208374837, 0.05790645322189242, -0.0009414841515535523, 0.00021037334721193463, -4.43396977171189e-05, 0.4399804283293801
59, 2, 1, 0.10909345845606301, 3.590595804127708e-05, 0.8886283336701261, 0.002242301915769726, -0.2845792580220138, 0.3626317471964808, 0.3421606951028503, 0.5087578572633793, 0.2130207325102158, -0.17672745772918022, -0.1955800779027584, -0.1693598053195068, 0.17891681795934092, 0.2234738587387448, 0.17524215710158642, -0.0008511023665973624, 0.00036385410325400635, 0.0008076497274627853, 0.059652672329978715, 0.0004265024779665055, -8.893110793242398e-05, -0.0001004015581557137, 0.4399804283293801
60, 2, 1, 0.10864299172742055, 3.757368256247211e-05, 0.8888666715306774, 0.0024527630593395707, -0.1796635099099439, 0.39244568638701705, 0.24745205805072987, 0.41427521171225556, 0.0711350577053597, -0.07677919410990945, -0.15687215734843588, -0.01876592447482155, 0.15029260906584102, 0.06947302810703512, 0.15007791919386454, -0.002272267587705156, -0.0007124457199519104, -0.0012565413039632926, 0.05914990366401476, 0.0009544674418417293, 7.763570604170294e-06, 0.0010306444248954277, 0.4399804283293801
61, 2, 1, 0.10843542447460974, 3.878947160504749e-05, 0.8890527335179892, 0.002473052535796097, -0.3043651684136014, 0.17182490191002622, 0.19915333194826973, 0.5269801497596508, 0.09404937411818351, -0.1194747068912327, 0.0034287855118011025, -0.20980849454134343, 0.25139161300023866, 0.12683765860057084, -0.018339100335024533, 0.00046265085989701725, 0.0015591364780756913, -0.0004002335482690008, 0.058886003116709565, -0.00023617583547119113, 0.0007572800341459358, -0.0010455768488069487, 0.4399804283293801
62, 2, 1, 0.10845935948771107, 1.2539854355948341e-05, 0.8890549308568336, 0.0024731698010993083, -0.16169190021361285, 0.2144277281167341, 0.3721650746703741, 0.4324141885891993, -0.061766583741628446, -0.09646106850358431, -0.17941812219859704, -0.07847752446575419, -0.00611026242047139, 0.2486657966553382, 0.042803660646651163, -0.0003791816560949324, -0.0012301691686287155, 0.0005122382631673773, 0.062130276177501456, -0.0007262826842043387, 0.0008222681262378018, -0.0013330123340951673, 0.4399804283293801
63, 2, 1, 0.10824913873893928, 1.1475710157846233e-05, 0.8891389501345005, 0.002600435416402455, -0.34818070874276624, 0.16747731156414264, 0.1781922869118004, 0.4604751500433129, 0.08897519656049065, -0.27100911743845646, -0.09631405475396447, 0.027442225887207884, 0.18847375770992733, 0.22288995945488682, 0.14117901124383422, 0.0012830163764775452, -0.0012695585320125118, 0.0021680210461283325, 0.059664115179068444, -0.00024583194373599263, -0.0012664338006890769, -0.0003461805562612713, 0.4399804283293801
64, 2, 1, 0.10824596504928356, 1.1499179691090171e-05, 0.8891420454417188, 0.002600490329306594, -0.13736031139305865, 0.296038294079764, 0.42937670451739207, 0.47810103672073173, -0.09086195642593071, -0.27013570150542476, -0.10975056594579875, -0.05054246996332122, 0.175292988351233, 0.21887925844590672, 0.0024756024291866354, -0.0014521544351342858, -0.00041931264176729103, -0.0013895387860261372, 0.061191800743158595, 1.8281012849361403e-05, -0.00017101739854517075, 0.0004718025068444035, 0.4399804283293801
65, 2, 1, 0.10818184446182873, 5.657282920682601e-06, 0.8891642288001368, 0.002648269455113854, -0.1548803934951084, 0.05769498459404623, 0.31687281880351115, 0.6425487095815063, 0.05740322532551959, -0.019315200938270095, -0.15022707079869452, -0.1051533630312425, -0.0716865322449172, -0.0019142357724408975, 0.06025358833144305, -0.00043217148582555266, -0.0005327429725082011, -0.001296232376346257, 0.05710345689709506, 0.0004729469979279393, -0.0002628691219574202, 0.0005550938994599087, 0.4399804283293801
66, 2, 1, 0.10921194943391142, 6.440131683383425e-06, 0.8881267097432308, 0.0026549006911743907, -0.205965813085795, 0.16893624837027538, 0.22912463859878596, 0.3639004463648629, 0.06908543588706662, -0.28836389685931685, -0.17378273022465418, -0.11897291930338465, 0.23724400297875414, 0.12516703834252574, -0.038491537652424766, -0.0006327340014710699, -0.0007397954766562508, -0.00011201709656967402, 0.06042650562980782, -0.0013753263921788084, -0.0015905550491749493, 0.0004360087755266947, 0.4399804283293801
67, 2, 1, 0.10918072630162128, 6.866938290113485e-06, 0.8881546439427508, 0.002657762817337923, -0.08241079612319666, 0.23004460131915178, 0.2535088257398682, 0.2515056453234762, 0.18394162182301796, -0.1335385109995437, -0.016672824424221532, -0.18229851435997482, 0.007644785781989172, -0.196539038212485, -0.036767571449297584, -0.0006238620747267416, 0.0012622854763608335, -0.0003252818132500675, 0.05799527940994599, -0.001330226739123124, -0.0009657563670574601, 0.00045153883352448514, 0.4399804283293801
68, 2, 1, 0.10794218022043764, 2.0092444167158813e-05, 0.8891796074891571, 0.0028581198462379683, -0.17291728723083505, 0.3467253839805865, 0.29809985935392325, 0.3500581077135907, 0.05450995190948406, -0.14490581036844838, 0.006665723274196345, -0.16003754320684868, 0.13226058837256, -0.02410687701159415, 0.0076513136026208125, -0.00022244254961781363, -0.0005612641580099943, -0.0001215330592171792, 0.05916586059988542, 0.00025881629225105884, -0.0007449669588924878, 0.0018519331139893555, 0.4399804283293801
69, 2, 1, 0.1079483320727885, 4.729250659558803e-06, 0.889178549972188, 0.0028683887043639516, -0.27534642936728726, 0.14440869996087966, 0.2211391806914428, 0.3125522876607286, 0.09883814355824334, -0.15489006488643903, -0.14526526891653826, -0.0726351119487712, -0.03302981333475039, 0.02189821432674932, 0.08863814292965654, 0.0001971118734792261, 0.000695854365722158, 0.0007922671652471336, 0.05849974254653397, 0.0008764950408827832, -0.0006164883193815993, -0.0014800625863535173, 0.4399804283293801
70, 2, 1, 0.10786792972497429, 5.394020314657169e-06, 0.8892533542744452, 0.0028733219802657083, -0.1849370881330033, 0.2380969759738946, 0.2720931415323006, 0.5692617406670331, 0.12588571749684807, -0.07351305967102892, -0.07856274473727418, -0.17753066136826734, 0.21400620232473072, 0.192409929499294, 0.0036046975174637537, -0.0005753960279011213, -0.0009315407572532422, 0.0005387122965399739, 0.05991990720750382, -0.00017788468110041652, -0.0007698986769414439, 0.0009395459122030877, 0.4399804283293801
71, 2, 1, 0.10798255738895565, 5.435728847459122e-06, 0.8891220526688077, 0.0028899542133890774, -0.21287202148484213, 0.131494930900354, 0.15663656852007773, 0.49013010552925457, 0.1537539546528483, -0.17914241556236593, -0.07891970721373429, -0.08000375455040856, 0.10706553212678091, 0.09179839163097617, -0.09502102397231779, 0.0009015113838862174, 0.0009171674622145819, 0.002206197186220109, 0.059075230970501526, -0.0003346830265935388, 0.0021221922120552134, 0.00016481008541624243, 0.4399804283293801
72, 2, 1, 0.10800793266405638, 5.646767371578471e-06, 0.8890940044740812, 0.0028924160944908154, -0.10767137960476283, 0.20652750078008458, 0.3323003434159655, 0.38410057202245124, 0.11029550524600817, -0.011562179318056243, -0.09534511143449595, -0.06894515939523752, 0.003114746593860107, 0.1377142268174323, -0.047687684800104484, -0.00045626840012688704, -0.0003585082162640759, -0.0007820343621980595, 0.05950143404850109, 0.0024646890202552362, 0.00027565193680366336, 0.00017815243849382732, 0.4399804283293801
73, 2, 1, 0.10361606028987881, 3.8989388289581744e-05, 0.8916336085094155, 0.004711341812416034, -0.19001112576163154, 0.19412464368548096, 0.19926295230583463, 0.3656421639700452, 0.06562227037125908, 0.04199823289062199, -0.051809645038248475, -0.023613946359965964, 0.20375200798562085, 0.16965864068347272, 0.03328179134523035, -0.0013987767701437188, 0.0011502326406517265, -0.0006252667871277688, 0.060085792983434194, 0.001265304931826122, 0.001295857597496492, -0.0006763218402326827, 0.4399804283293801
74, 2, 1, 0.10385717769912292, 2.2472700329080393e-05, 0.891406948803169, 0.004713400797379007, -0.14363949974002826, 0.2834279476602946, 0.24726164366801467, 0.45253677379835267, -0.030598684979368705, -0.2637990031839263, -0.1639555549576818, -0.06465269456073801, 0.12647500807668308, 0.04183514715837463, -0.09564386311275574, -0.0010868727653584856, -0.00016152361084415437, 0.001469426053292585, 0.06152773924953612, 0.0008144267664389289, 0.0010047563606860473, 0.00013216496138942281, 0.4399804283293801
75, 2, 1, 0.10418599710062691, 2.0492832925980608e-05, 0.8910722376584609, 0.0047212724079862415, 0.03395755458021958, 0.1257451511092073, 0.31749792790495, 0.4163111904797633, 0.1206801582210579, -0.38026767646488724, -0.09017181893794074, -0.015566234590973537, -0.12603404656621028, 0.01840555326716481, 0.03982680070612464, -0.0009688306971388227, 0.0005706583934066582, 0.0002181589541254114, 0.05843043605565187, -0.0005636439570582979, -0.000492668117849444, 0.001041419365185284, 0.4399804283293801
76, 2, 1, 0.0995126990243772, 9.063766647266993e-05, 0.8930651444106302, 0.007331518898519942, -0.09340343548548191, 0.26260749683482726, 0.25059109289736803, 0.3347883322116764, 0.0008658592979775781, -0.1143809059474253, -0.04277813622238883, -0.0954845119959464, 0.027733295906198923, -0.07989395808364594, 0.019137798257635147, -0.0008530494489297269, -8.555610937953614e-05, -0.0006767108922305825, 0.060805519209251466, 0.0003425905628223457, -0.0009309983702914303, 0.0010342514729813949, 0.4399804283293801
77, 2, 1, 0.10044845701779798, 8.481069721170171e-05, 0.8920877170484038, 0.007379015236586455, -0.05632444619889728, 0.28010647805511657, 0.2393633775771483, 0.5202023124626528, -0.024509581530750314, 0.010715881890290269, -0.13440968028163766, 0.1356381058312838, 0.09941490912747519, 0.05596959125197065, 0.028041762368943245, 0.0004734393016388032, -0.00167517595684212, -0.002123543752209797, 0.06103952205265552, 0.0008134787151711335, -0.0005530175981868068, 0.0001965163404711768, 0.4399804283293801
78, 2, 1, 0.10047591546401104, 4.7105845224399894e-05, 0.8920974295197983, 0.007379549170966313, -0.16749956781075032, 0.1794213440560899, 0.3924132640728983, 0.5624319699449989, 0.20292981134409435, -0.10486691400480994, -0.1007523742775867, 0.0401293631655522, -0.06252157114488313, 0.030568764549830995, -0.0024438837706908774, 0.0027399708470434996, 0.001108169031127864, 0.0018623126066163384, 0.05837858478479472, 0.0006339764575525505, -0.0011103875917315843, 0.000635095501609826, 0.4399804283293801
79, 2, 1, 0.08956353841937775, 0.00013027047492555186, 0.8925531146945087, 0.01775307641118786, -0.025056512945375344, 0.14954601545092377, 0.19339007560123203, 0.41103551971015256, 0.08109241176075328, 0.19077480160597987, -0.08966276919994598, -0.05498169085072411, 0.05068519730868928, -0.06234098998541053, 0.2419419396316401, 0.0006459726941829419, -0.000586803017057366, 0.0003832131707369853, 0.06048070782914857, 0.0001481475309176407, -0.0008260892498086561, -0.0004287619606615694, 0.4399804283293801
80, 2, 1, 0.5168360860892339, 0.0007221582879978505, 0.44149080182332795, 0.04095095379944039, -0.06379914448299988, 0.05182089209200499, 0.03073411247406226, 0.5074827698247377, 0.10143800150065477, -0.11348006340555875, -0.16499009227143965, -0.037857173192327113, 0.08003580922980144, -0.049893647441556575, -0.09399083472110593, -0.00020480785422819148, -0.001271744249159236, 0.0009490515486088201, 0.060570276044863626, -0.0007550687357416724, -0.0008836181260316043, -0.0002480818415090485, 0.4399804283293801
81, 2, 1, 0.5202695012286139, 0.0007306060626306978, 0.4379563545257012, 0.041043538183054305, -0.07227646864354079, 0.1618891930276666, 0.17095250592163974, 0.4031680897253624, 0.0019493561151164185, 0.047415702232622634, -0.2429090654892582, -0.09493683027567551, 0.049588809269526524, 0.16224765100471253, -0.09381514855531799, 0.00040933799636192717, 0.00010683904356920231, -0.0013116646609675976, 0.0602730991557616, 0.0005208161459708912, 0.0015107840517503887, 0.0005358594586691252, 0.4399804283293801
82, 2, 1, 0.5386178381174951, 0.00028222091300897037, 0.4196946781053584, 0.04140526286413738, -0.03300682704989024, 0.26657698100310423, 0.2312315023004743, 0.3735492767245322, 0.0035409462708544392, -0.19582147980973424, -0.14258627283910674, 0.043002582356422216, 0.12151672120246788, 0.020046589266370034, 0.023785861282856924, -0.000442885158284682, 3.565518154034079e-05, -0.0002727165489613692, 0.05885179589274829, -0.0012992147877545544, 0.0006587411017842854, 0.0005652827804514425, 0.4399804283293801
83, 2, 1, 0.5385607164541568, 0.00028287254215321396, 0.41966691349460705, 0.04148949750908307, -0.14780776129163567, 0.3029991179372245, 0.12895853704296828, 0.4622570502667519, 0.19016911457489966, -0.02477084955587393, -0.16135647443315881, 0.08267658746041306, 0.08793579675012184, 0.1225008265306381, 0.03907102853239265, -0.0013035733087860412, -8.329786608842328e-05, 0.0002544070658831776, 0.05743242031576286, -0.0003972411582999427, 0.0006995548855697629, -0.00015803653046377763, 0.4399804283293801
84, 2, 1, 0.5422564330496162, 0.0002822047716163642, 0.41588798978102715, 0.04157337239774035, -0.090461790261302, 0.16692110869718463, 0.14203807352371456, 0.5270904748227723, 0.1124101903497157, -0.10965763176949288, -0.20558508356008126, -0.09219942124501863, -0.0913635261282681, -0.04010161911094624, -0.04604749687573751, -0.0008292154249807018, -0.0019650618778601714, -0.00020425284917206698, 0.06030577319219079, 5.184203154906026e-05, -0.0007222448223764501, -0.0010303390957645804, 0.4399804283293801
85, 2, 1, 0.5821310814539091, 0.0003072749057893795, 0.37443103414520645, 0.04313060949509501, -0.0919070819692839, 0.02813995440224206, 0.07492788456064278, 0.41286434773997466, -0.039982039866450436, -0.1767902661564827, 0.030209751188300382, -0.10457026116402952, -0.09384519947381564, -0.05372056254413447, -0.08324853288763864, 0.00039966409000318805, 0.0011859212698247044, -0.001291231860035195, 0.05992220695472374, -0.0007073512194573483, 0.0009711843412284224, -0.00039127449240788866, 0.4399804283293801
86, 2, 1, 0.5830903513995505, 0.00030813320477602045, 0.37341289547918755, 0.04318861991648607, -0.18018478890770967, 0.21546007920710855, -0.07408561912901848, 0.3927078512076105, 0.1547311231036165, -0.1721245329967564, -0.09039611870974826, -0.1899337877742276, -0.08226867121570758, 0.05547970552840002, 0.17745046546910476, 0.0016365400583154602, -0.000766831797663821, 0.0005260445974811664, 0.06026789895995364, 0.00031985595731316843, 0.0008566378799117128, -0.0005062728388288167, 0.4399804283293801
87, 2, 1, 0.5854482442368908, 0.00031312578161173224, 0.3710158816577821, 0.04322274832371546, -0.008078831936906861, 0.05745590598667105, 0.20002482641599353, 0.31587008009548156, 0.20585845484220103, -0.09749320817836818, -0.11439643620099749, -0.3002589897320237, -0.06259061996356126, 0.08637170471847899, 0.14920008720637162, 0.002098254031865092, -0.0006567293778683267, -0.0014363070608468629, 0.05961167192958727, 0.00014353961460393218, -0.0017610401250665864, 0.0005871257071365999, 0.4399804283293801
88, 2, 1, 0.5910036886182543, 0.00033183019766116345, 0.3652701751426744, 0.04339430604141022, -0.10826757443998736, 0.03794114100303396, -0.1268452893459114, 0.44039235416553063, 0.1818770828202592, -0.2399075310103548, -0.2193518858995907, -0.11346107689174938, 0.1068022458744254, 0.16396030744282997, 0.018943334592121597, -0.0012580114585046876, 0.00043981265227642237, 0.0013282272644265251, 0.059495843514475344, 0.0008082552820573942, 0.0003024707449471835, -0.0005819198587287217, 0.4399804283293801
89, 2, 1, 0.5919007411634762, 0.00033360754085876287, 0.36436470824227574, 0.04340094305338913, -0.025006949947451472, 0.1590856825184918, 0.31333959297821246, 0.29506179510281316, 0.11581161785120864, -0.19357882439017562, -0.05454587322425156, -0.19295497875735565, -0.04910451344405769, 0.018704389134010162, -0.147206497974063, -0.0011925191842999407, 0.0020826865576406735, 0.00043633877572193556, 0.05890170185693215, 0.0008889270624006668, 9.062372819078031e-05, -0.0006480116422489579, 0.4399804283293801
90, 2, 1, 0.6220036860442079, 0.0003045347537512151, 0.33360627067721504, 0.044085508524825845, 0.04040668982950668, 0.30841965862360154, 0.15429781021829275, 0.41154428848744445, -0.12336423401601118, -0.10802346981642634, -0.12458327539348271, 0.1048396675008421, -0.05798527608528068, -0.09361765258690719, -0.05737437741001831, 0.00041812393542740666, -0.0003245105987563128, 0.0011091957103746967, 0.06003351744529798, 0.00023302129809277074, -0.00036863278421780124, -0.0006344957096591949, 0.4399804283293801
91, 2, 1, 0.8298906909135415, 0.00042740532622166953, 0.11780413743081701, 0.051877766329419865, -0.059256825116069986, 0.14312464923111518, -0.11205546391686103, 0.32736316614974503, 0.02452587380558611, -0.012162340762072888, -0.2112619135085064, 0.02406331718567851, 0.03587980357273079, 0.07770864218611144, 0.15025408624400768, 0.001467745826011019, -0.00047328684541702096, 0.00042162225744724535, 0.06142281057895106, 0.00021310994617082358, 0.00018381216843399252, -0.00032716020124996543, 0.4399804283293801
92, 2, 1, 0.8647040862435561, 0.0002306468696918279, 0.08083417045879025, 0.05423109642796181, -0.13442399040014866, -0.08232884821811, -0.016961944585803322, 0.256481215701312, -0.11195349832808255, -0.0403048753553087, 0.023935510245007487, 0.10086981052759239, -0.09631076779086292, -0.08805955428152847, 0.06728807993850215, -0.0017923524756737895, 0.00045186273043443725, 0.0003614542118202831, 0.05922514163750853, -0.002368614329720368, 2.9092655203397673e-05, 0.0018206070272286253, 0.4399804283293801
93, 2, 0, 0.870185402449321, 8.988699367464914e-05, 0.07548116378293651, 0.05424354677406797, -0.18311143534398386, 0.05579631208460788, 0.1213398400842908, 0.3892313014045498, -0.0008578308781447052, -0.20370630822756838, -0.17402618760246055, -0.23629221056333516, -0.15424392277409632, 0.014304476451848711, -0.0005563064573397946, 0.0002408062602408566, -0.00018645521194304528, -0.00011916783332354551, 0.05906398422119739, -0.0019661509467088162, -0.00041872334402062484, 0.0005722939736956792, 0.4399804283293801
94, 2, 1, 0.8605039007400765, 0.0015486002037770094, 0.07979059345632128, 0.05815690559982528, -0.052184405806594836, 0.053377684587984295, 0.059623246347624025, 0.4408226263901652, 0.10968038661615445, -0.11228025349656423, -0.12585158984947337, 0.040521375105310536, -0.024844411660847304, -0.07052584516845369, 0.04315541952782077, -0.04864103891553271, -0.007513432360617342, -0.01999034050157018, 0.008294973320877575, -0.08856093622748169, -0.031796400307721163, 0.0009721712256566085, 0.4399804283293801
95, 2, 0, 0.8874705661730047, 0.0013630934152066014, 0.05242675495193242, 0.05873958545985624, -0.08581544786986026, -0.07242266217736933, 0.15040807702360168, 0.5258468218553777, 0.05302637628975663, -0.17871769052043723, -0.16059905543560027, 0.04169633476179986, -0.05515347657698749, 0.1438763135255222, 0.030393043182342077, -0.0022166027709872747, 0.0002859508808783799, -0.000554213858283087, 0.0585226219270894, 0.0006031977258327631, 0.002956676235657106, 0.0011715545002604654, 0.4399804283293801
96, 2, 1, 0.037788360631791494, 0.008568923943687249, 0.3530519710095192, 0.600590744415002, -0.04281676615283013, 0.04265578085989254, 0.04723492124548532, 0.4390162101259216, 0.11226896657679386, -0.10907021451479566, -0.1250252733833908, -0.05834832213254064, 0.06967769190348529, -0.00023118824945884687, -0.24459606881415258, -0.10844599031914334, -0.10961680937036669, 0.011741908489512037, 0.057020291044510764, -0.1447934832814393, -0.025671315327099337, 0.08460737438622527, 0.4399804283293801
97, 2, 1, 0.05777881156589892, 0.007779735623655869, 0.3329860932128892, 0.601455359597556, -0.11897757948747376, 0.10149989259664931, 0.04074848809321876, 0.31453508711573164, 0.04920475743782395, 0.012343312561132237, -0.20582726588469305, -0.11096995742845532, -0.05916163070947765, 0.03578702297094839, -0.05806781333499923, 0.0006841831397697482, 0.0007335375318195312, 0.0011317857316858891, 0.06050191804560436, 0.00027350516922009215, 0.00141304523434582, -0.0002296524150088918, 0.4399804283293801
98, 2, 1, 0.12579603819919474, 0.005054500571658316, 0.2595400218005838, 0.6096094394285632, -0.06503903082732114, -0.15036338170762908, 0.032714019559182204, 0.5078197117018458, 0.030071899974185336, -0.04363688597759881, 0.03011457288001882, -0.051961487243963, -0.027105418344549537, -0.0581466218376628, 0.0041140870213859735, -0.00027798094756784075, 0.0006199906308141084, 0.0003862802841623717, 0.059839203225699356, 2.1121660447662037e-05, -0.00015353364308062805, 0.001500578292060842, 0.4399804283293801
99, 2, 1, 0.13476562106620404, 0.0048948175477066865, 0.25033613240274516, 0.6100034289833441, -0.2679541728253508, 0.04151359547494203, -0.06182447222387196, 0.45357787554593915, 0.0034665216037692128, -0.0411303324891286, -0.15717361983874178, -0.12475671886396208, -0.046833824858141145, -0.05121615666146725, 0.0770076828397426, 0.00029365137685051604, 0.0007099447330568212, -0.00012803947450616774, 0.06203703263447754, -0.000467729411546934, -0.001018349238908554, -0.00018672722075696856, 0.4350110612800293
