t, Event, Policy, P(still), P(random), P(reach), P(transport), o(t), s_a 
0, 2, 0, 0.9986080527305603, 0.0006165556260384619, 0.0007729753851890564, 2.39512019106769e-06, -0.7618344625427037, 0.6056543819694042, 0.6159966214421093, 0.7166865954970165, 0.2604939170808933, -0.029032541121864798, 0.02540842516660331, -0.189311773920607, 0.2609713266495844, 0.30991991290351073, -0.07727719587611168, -0.1334345817169772, -0.2903677850366405, -0.05282665203606969, 0.11103157174313061, 0.18027997295532283, -0.12332344109854787, -0.04979453381000838, 0.7058205849302821
1, 2, 1, 0.6044015714355438, 0.011348223508370083, 0.38425020436476764, 6.913185136032282e-10, -0.5699685378205421, 0.5685021353751408, 0.637800960376751, 0.7063291215175715, 0.10981402796536066, -0.11077628210462753, -0.12306528694805616, -0.1856211201458391, 0.1001613156965064, 0.2805455514098077, -0.1376339144674799, -0.06372294210322783, 0.021462044309873682, -0.03332031496319105, 0.13830932575897154, 0.012436632674818947, -0.02905917418398383, 0.1686830980164763, 0.7058205849302821
2, 2, 1, 0.6044018425083854, 0.011347135458632163, 0.3842510213401991, 6.927834365447142e-10, -0.5244721734155576, 0.4622079240331095, 0.7136414519788938, 0.7746890766227608, 0.10895623592478883, -0.037524471061624695, -0.24963442191795143, -0.382399796119005, 0.21914026359493405, 0.3623252933891109, 0.19059542355373876, -0.0012697676954673447, 0.0003100841507231613, -0.0010017561392481236, 0.04866608074650082, -0.000536627739543893, 7.02552021979993e-05, -0.0007583995932511753, 0.7058205849302821
3, 2, 1, 0.604402011174199, 0.011346965846551805, 0.3842510222860771, 6.931721588276988e-10, -0.5751798309209815, 0.7043101757755611, 0.6101431620311469, 0.6222212966331467, 0.03330761394677008, -0.1670901590331071, -0.1137915671520435, -0.3231587070217404, 0.28375888371640645, 0.3658234778911013, 0.01210052245447014, 0.00015161287120102636, -0.0005970467577067027, -0.00015655899954562073, 0.05039296354023874, 0.00018859007105266888, 0.001143361684503962, -0.0008842918486908419, 0.7058205849302821
4, 2, 1, 0.6044048850531129, 0.011344058376293811, 0.384251055771864, 7.987294293519036e-10, -0.6535615262873444, 0.5117532701979595, 0.5934289427532251, 0.7729974022723278, -0.03630389776839993, -0.22011937960019418, -0.0772589767636651, -0.26473861001220506, 0.21185577690013843, 0.2986718272130221, 0.028482039050550634, -0.0012264402743179183, -8.8471598183507e-06, 0.0003384933786503456, 0.048074645585381236, 0.000508717395361503, -0.000572271112707836, -0.00036828397057551217, 0.7058205849302821
5, 2, 1, 0.6043933207219951, 0.011344092302564586, 0.38426256793107716, 1.904436313015429e-08, -0.3809869509697073, 0.7450318313282637, 0.6129840837487848, 0.6276358188058889, 0.40932723088412215, -0.17104025053013347, -0.04210558505089368, -0.05603082327302471, 0.38914230405660105, 0.23233456943883857, -0.012558676713552925, -0.0006381377717642785, -0.0009960955440208353, -0.0006184714818588953, 0.05222795986368436, 0.00041151370014231773, -0.0008435713757018317, -0.0019688473566105737, 0.7058205849302821
6, 2, 1, 0.6043806915767822, 0.01134318056954534, 0.38427610558054776, 2.2273124681779245e-08, -0.5842337207090041, 0.46275094545817763, 0.6927346701279887, 0.6674243729606819, 0.20709364023622415, -0.17815832599882753, -0.018760860233993527, -0.21045471929546472, 0.15648816546684283, 0.3303978501920656, 0.16678054780530804, -0.0008913654725638102, -0.0008779611015138524, 0.0012139977095998245, 0.05029925293577053, -0.0001154385145712578, 0.0012052813720318896, -0.0010860798526547782, 0.7058205849302821
7, 2, 1, 0.6043807113861238, 0.01134315660116077, 0.38427610965509645, 2.2357618789065273e-08, -0.6328168826319134, 0.4385144364876048, 0.40169411370060387, 0.722096347110652, 0.2524959674992465, -0.18091916109055545, -0.0029440963775893003, -0.21643486339504894, 0.309818623464009, 0.3542029902540952, 0.3327308101114428, -0.00013117971556707468, -0.0008832306851900411, -0.000999847778762779, 0.050312321009419, -0.0006088802067261351, -0.0006548056900022401, -4.711259204399617e-05, 0.7058205849302821
8, 2, 1, 0.6043797287836511, 0.011341628849335345, 0.3842784786231622, 1.6374385138446609e-07, -0.5651199955086101, 0.43845142254196806, 0.45060173283516586, 0.5627223226223952, 0.028731150832009045, -0.0993419439672888, -0.10877461750181247, -0.11580397008763124, 0.24308244438424423, 0.2870324236119303, -0.016803082384745587, -0.0015671385144800025, 0.0007076908954545223, -0.0007944838969000487, 0.05157653698356267, -0.000907598474082051, 0.0009224556420981631, -0.0006752299949331943, 0.7058205849302821
9, 2, 1, 0.6043792856864124, 0.011339498037235163, 0.3842810510825574, 1.6519379522374112e-07, -0.5239042155834734, 0.6194332060314585, 0.6586542370615643, 0.6067407166320005, 0.08680376287718675, -0.06791610381038783, -0.11775980831957496, -0.2149028219780497, 0.25949017938981456, 0.2712354004693018, -0.00587063240200435, 0.0008301279977568117, 0.0006102152239252479, -0.0008274210669829328, 0.051684224742714634, -0.00014261040182045329, 0.0005751095486959837, -0.0017048600670643028, 0.7058205849302821
10, 2, 1, 0.6044946708392622, 0.010939258328841527, 0.3845454205071568, 2.0650324739372776e-05, -0.6728886222059899, 0.44837517310286035, 0.4638953497019388, 0.5770805425163832, 0.13796812082412777, -0.024342123644396852, -0.09687434467948342, -0.17328066682631865, 0.14278074028083892, 0.32181554698659526, -0.02067760622712257, -0.0018058195436068708, -0.0004953308953577517, -0.0006258927770679195, 0.049018564488450565, -0.0005786019170619447, 0.00041642454151624654, -0.0005183369600757924, 0.7058205849302821
11, 2, 1, 0.6044946802129535, 0.010937815315791162, 0.3845468476240459, 2.0656847209447453e-05, -0.5795272012483916, 0.5431463942209438, 0.5164892587549428, 0.6059217978168083, 0.07554437458063205, -0.09835076353855135, -0.12573304652730888, -0.3532998557833811, 0.10007217486255422, 0.4395673006350328, -0.07695491305718005, -0.00145131765888201, -0.0005277596732523903, -0.0004587850305641605, 0.050846804299340985, -0.0008263363069120873, 0.0010275928334790494, 0.000497315629941819, 0.7058205849302821
12, 2, 1, 0.6045018345081474, 0.010927835251496428, 0.3845496074627007, 2.0722777655368532e-05, -0.48345058148840786, 0.56987317308462, 0.36628785240226935, 0.5632227224485149, 0.13200419038318145, -0.061220395822937236, -0.18499998376358384, -0.2189587540142269, 0.30208081207160353, 0.3584184949144683, 0.03511936451555535, -0.00023994323677978797, -1.3999948654557027e-05, -0.00030952024723902095, 0.05022576298765171, 0.0009540936909664264, 0.00076908543472486, 0.0005711768614583836, 0.7058205849302821
13, 2, 1, 0.6041959017964578, 0.010916150085030087, 0.3848645491987232, 2.3398919788778774e-05, -0.4178407832304817, 0.4963500767942607, 0.4825742738090023, 0.7482971755545775, 0.1651436322128536, 0.19925818170923515, -0.11480172805355235, -0.0176566930123208, 0.3045150071376391, 0.30291720477216194, 0.029455029673044232, 0.00012396176290531083, -0.0020806747159467748, -0.0004913112469819972, 0.04807866152954217, 0.00027091043107479, -0.00011759189847569888, 0.0011574676428484085, 0.7058205849302821
14, 2, 1, 0.604194679241148, 0.010915763181074211, 0.3848660947789541, 2.346279882357988e-05, -0.3478195668811298, 0.3945441365421665, 0.3926152178531978, 0.6688188698346426, 0.14460731043555616, -0.17480600877981858, -0.21124841828053653, -0.3283588227800761, 0.22192519096661528, 0.3117036836886266, -0.07983044737412312, 6.007193059665122e-05, 0.00036437009618845015, 0.0014162122012192748, 0.050987029055592825, -0.00021189448908807656, -0.001169672291826074, 0.0009449967075054611, 0.7058205849302821
15, 2, 1, 0.6041878442093823, 0.010915774689156816, 0.3848728409753832, 2.3540126077685033e-05, -0.543033518875778, 0.38515467056984487, 0.5261370648504287, 0.8028222374879677, 0.3435984188097717, -0.15807817412478586, -0.20041806975282178, -0.10535916746681766, 0.2623864696401387, 0.09693871742626836, 0.03784369882499106, -3.15130573975624e-05, -0.001365674342114084, -0.0015336103904536008, 0.04984453851546615, -0.0006592605321169571, 0.0007573961686398032, -0.0003435975563655082, 0.7058205849302821
16, 2, 1, 0.6041899879666467, 0.010912645621859039, 0.38487382201867515, 2.3544392819103953e-05, -0.4080287013521581, 0.5309865469214282, 0.5191080834024626, 0.6604815379279845, 0.04052893771734918, 0.03568732064561504, -0.08448759637223618, -0.1923845384754906, 0.37065400513427943, 0.19384655749340213, 0.11810968233079996, 0.0025881999576154407, 0.0010116149973129751, 0.00024225211703837778, 0.05038028685584758, -0.0001383683489335786, -0.0006168972051676018, 0.00012064189576029587, 0.7058205849302821
17, 2, 1, 0.6041960596374654, 0.010906036670316316, 0.384874346914691, 2.3556777527264493e-05, -0.5865258805753688, 0.40913653829876945, 0.4843385077019546, 0.782534798908652, 0.1459104495435966, -0.21739050667369497, -0.17391235534273383, -0.11027362172900715, 0.07572742546927129, 0.3039557721554388, 0.004254747979696616, -0.002194635336840581, 0.00048306157132774023, 7.943493705616237e-05, 0.050065428383734165, 0.0016959249130356333, 0.00042239449343579465, 0.0020177721066903546, 0.7058205849302821
18, 2, 1, 0.6041960470096321, 0.010906036435848983, 0.38487435977688966, 2.3556777629173334e-05, -0.5540279451613621, 0.4364924687957975, 0.5829991449677362, 0.8077970362309452, 0.11359690182910735, -0.035512019204309755, -0.30205369045836833, -0.2992759789830336, 0.35891283596341167, 0.41944267348901515, 0.19725547297051207, 0.0009231426651674724, -0.0002744250598272495, 0.00013152873345600777, 0.04868665240908019, 0.000563846634798738, -0.0016896578709204573, 0.0010290105416940723, 0.7058205849302821
19, 2, 1, 0.604295913190075, 0.010805851055460341, 0.3848746749316996, 2.3560822764997854e-05, -0.592648475562846, 0.31203414838015997, 0.545261347959303, 0.741092369885334, 0.04267120690373584, -0.028212288495477945, 0.01830472655327866, -0.22677178385698804, 0.2530397243142508, 0.23504109159563083, 0.1429174606703016, -0.002188941776922429, -0.0023871225372443508, -0.0009724242569592133, 0.04862919646268125, -0.00030527618786821957, -0.0019208314433894953, 0.0006837190476536874, 0.7058205849302821
20, 2, 1, 0.6042993568223, 0.010802284319516343, 0.38487479781531847, 2.3561042865209964e-05, -0.679224368825991, 0.5300080756684714, 0.6400575320741384, 0.7711833717507339, 0.05063391280893413, -0.049609798399897174, -0.11017591135843112, -0.07969328545316759, 0.2799586458013004, 0.14856204808700155, -0.02812109322292421, -0.0003476529040958143, -0.001416078824992005, 0.0001628121956072849, 0.04998154661547892, 0.0018115391306460567, -0.0002369013989366109, 0.0013936995279635893, 0.7058205849302821
21, 2, 1, 0.6041218067936435, 0.010777684741545245, 0.3850765498563243, 2.3958608486818495e-05, -0.4404084287024717, 0.5159953232811021, 0.5603330986042047, 0.7080234340464843, 0.17346908073961037, -0.09674968340184588, -0.07161998655676895, -0.244189972419941, 0.36203960236447325, 0.37137870025878306, -0.0377260594754737, 0.0008365235421129794, -0.00039947747209776764, 0.0003168800971826037, 0.04951223682505546, -0.0005464800293400118, 0.0005183487912263763, -0.00019521888044689994, 0.7058205849302821
22, 2, 1, 0.6042066032462765, 0.010686286368026121, 0.38507869064809663, 2.8419737600655477e-05, -0.3901953503122834, 0.3836986073165103, 0.2154662733458707, 0.7155477614167187, 0.10504463186418825, -0.07913261030060262, -0.1064922369883899, -0.3210170976851, 0.21222397310878818, 0.2276001212244388, -0.10351762458375453, 0.0012206428196533572, -0.0006259039786521343, 0.00044184965860125466, 0.051036678759737886, 0.0012615696316431312, 0.00012054220194954106, 0.00097747801252944, 0.7058205849302821
23, 2, 1, 0.6042105658091361, 0.01066766122081354, 0.38509264448438935, 2.912848566108384e-05, -0.5025062569509335, 0.2526641723244702, 0.43171997743034096, 0.7110052742236601, 0.09824300944938723, -0.09895525674322563, -0.05676164628462048, -0.32248140031187444, 0.4030190085828121, 0.14582373963386006, -0.05725292030469849, 0.0008745620010191613, 0.0004566162221395849, -0.0003373775299042271, 0.05090672778525794, -0.00036737122294179856, 0.0012633892027388183, -0.0007539507632818984, 0.7058205849302821
24, 2, 1, 0.6042168611132036, 0.010661246699931659, 0.38509276365717116, 2.912852969377048e-05, -0.5004009987303906, 0.535727488003211, 0.6240835410636908, 0.5170962706047957, -0.1078081463449252, -0.022773663389380906, -0.12863795806180772, -0.371981996182098, 0.2118914978291971, 0.29524725129098794, 0.021941187021625834, -0.0010504432690361912, -0.00015565731515177562, -0.0005490887881458157, 0.049877092186102645, 0.0003814112222132927, -0.0002738947910618578, -0.0002627742057020072, 0.7058205849302821
25, 2, 1, 0.604460277410284, 0.010415127538253528, 0.3850953992779104, 2.919577355198247e-05, -0.47061216005897133, 0.40231036045978874, 0.5224533805010271, 0.7874129747046064, 0.20468850173942837, -0.1289886234405226, -0.08831855556989623, -0.22019096997455354, 0.04499310622830781, 0.0946199839892324, 0.16543812345799244, 0.0016405487155041448, 0.00028760326522541606, 0.0014434022478882627, 0.051891418927090725, 0.0013516850907931651, 0.0013893736578913802, -0.0008950543247806935, 0.7058205849302821
26, 2, 1, 0.6044499107188712, 0.010414361149208084, 0.3851064626740845, 2.9265457836245866e-05, -0.42321428399196287, 0.44109413847306495, 0.45808806263736324, 0.7363709071860722, 0.23279444224410958, -0.10474448890481698, -0.18187838581300236, -0.2708066396169174, 0.22993297209925054, 0.3317108273391566, 0.1443505190553084, 0.0018959074866190782, -0.0007583659411771356, -0.002326064074247276, 0.05029260117510807, 0.001354045001986176, -0.0006207657646896866, -0.0009357854555858813, 0.7058205849302821
27, 2, 1, 0.6041420285183876, 0.010409136848732837, 0.38534697970468224, 0.00010185492819738159, -0.3073640456796256, 0.29061978277556094, 0.3183564570069787, 0.7414395025029046, 0.22484650997860117, -0.0019773707382605863, -0.18652012644524538, -0.20406460708010105, 0.2155752548288652, 0.2654773802191526, -0.046055265788188325, -0.0010258941142612982, 0.0015605622406658784, 1.4190834667243166e-05, 0.0517523439497822, 0.0005987725821424267, -0.0006417363988381503, -0.00033202799054912627, 0.7058205849302821
28, 2, 1, 0.6041521950192081, 0.010398883928085662, 0.38534706533090624, 0.00010185572180001836, -0.487437952363391, 0.32408860104805026, 0.4737265948380046, 0.6598013337519757, -0.03311674591610847, -0.044052116488059886, -0.031076388878323848, -0.33303574092549926, 0.22352896794587865, 0.32598401717732806, 0.18235978948144502, -0.0008168490949355255, -0.0008317985570690195, 0.0002331853407711802, 0.04966621229184774, 0.0006237781011898444, -0.0004665253834041325, 0.00036415463939233237, 0.7058205849302821
29, 2, 1, 0.6041623443965853, 0.010388694813267771, 0.3853471048078272, 0.00010185598231973053, -0.2291910713965179, 0.43290440002073727, 0.5762103132700891, 0.6863117231037998, -0.017666093672100414, -0.05022103428906884, 0.08958957027646344, -0.20877112150100752, 0.3807542660841587, 0.14194966339338694, 0.031214826984564487, 0.00013454744185105596, 0.0021959080773138067, 0.000883882354416483, 0.049371263336237474, 0.0011125852612185, -0.0006908291607790982, -0.0014383874727731077, 0.7058205849302821
30, 2, 1, 0.6121636904715817, 0.002341647793973906, 0.38538949965655217, 0.00010516207789231495, -0.4494394992104043, 0.40098156989649797, 0.3796129624691117, 0.7469801524009537, 0.23722160112192028, 0.03692290922554444, -0.0386126276680645, -0.3450622038061706, -0.00679707842428714, 0.3147832109885947, 0.13141212852426518, -0.0006964193556973723, 0.0011579647176046775, 0.0006369261426670635, 0.05132481875533522, 0.0012911042350893607, -5.586580126634654e-05, 0.0007145778537999382, 0.7058205849302821
31, 2, 1, 0.612164649093183, 0.0023401092811588444, 0.38538995672457216, 0.00010528490108610827, -0.41267659518416294, 0.32525630271390366, 0.30309864070343095, 0.6443349923761308, 0.06538960174622602, -0.06646805592347983, -0.25789995427475526, -0.0933519692162565, 0.15915033856546024, 0.1422519350426264, -0.046410260058214435, -0.0005393030523564003, 0.0007814380628278685, 0.0013395051850203753, 0.05040660551113143, -0.00018145948389763182, -0.00015307356759035754, 0.0007541879968574057, 0.7058205849302821
32, 2, 1, 0.6121646547799724, 0.002340067013884938, 0.38538999276315855, 0.0001052854429841633, -0.22956349193798534, 0.44596453944192727, 0.4342713094178361, 0.6140916380894825, 0.15847673389967917, -0.17343438545111964, -0.2612204169788125, -0.11901422613305435, 0.054754116404497476, 0.1525265459077632, 0.12921466958480077, 0.0004911425350813491, -0.0016326129006715346, 1.4479784415041144e-05, 0.049847062573131665, 0.0015765425889812854, 0.00048645006986740855, -0.00024514647432296617, 0.7058205849302821
33, 2, 1, 0.6121639771033844, 0.0023400733034071313, 0.3853906626792499, 0.00010528691395859076, -0.40651120557993553, 0.300635642924661, 0.5889357284861264, 0.6193861788384651, 0.03482220926970209, -0.1975794349104485, -0.2675949305321268, -0.3214212969147324, 0.16007158417512118, 0.21181186159111048, -0.16795378876621025, 0.0007336537035567592, -0.0004075890151568421, 0.0011854866939781004, 0.050685940018392314, -0.0006975508389154831, 0.0002507611193097314, 0.0004051785633610107, 0.7058205849302821
34, 2, 1, 0.6121641586814309, 0.002339288026272076, 0.38539110121604236, 0.00010545207625474257, -0.31646253544760566, 0.512368614140854, 0.3355843378222434, 0.6410585452020023, 0.20037127565925786, -0.04119728522777052, -0.14683061627698293, -0.24790750955020163, 0.22356315609409866, 0.16971405024571445, 0.0024009919917242746, 0.0015391776352934703, -0.0004287800264027265, -5.674028919544366e-06, 0.04894051756987066, 0.0003013177243240294, 0.0007776169082341319, -0.002046911463035741, 0.7058205849302821
35, 2, 1, 0.6121641617649517, 0.0023392761915333247, 0.385391109948406, 0.0001054520951091172, -0.4943834408486557, 0.32906309519193694, 0.5380892866194826, 0.5683178666278029, 0.036024587633629326, -0.32750814531813904, -0.06554786505053734, -0.12860014790344426, 0.49553346510353063, 0.16716150318251166, -0.024300279814410485, 2.264094092642572e-06, -0.0011072967774627932, -8.247347509020922e-05, 0.05034465724424654, -0.0011982831600417434, 0.0007040833090672437, -0.002093058850574557, 0.7058205849302821
36, 2, 1, 0.6121641607487145, 0.0023392761909435205, 0.3853911109405242, 0.00010545211981790798, -0.32015210147156453, 0.4501660420708671, 0.491152743608093, 0.655297922961189, 0.1825199611387796, -0.30183960439345786, -0.21884373616245795, -0.2531113391381303, 0.16578805894967177, 0.11142267361742678, 0.004625202197792788, 1.0182902919546617e-05, -0.0004727104551905262, 0.0006630110229523701, 0.05289208133687293, -0.002044815051681864, -0.0013475122478908206, -0.0005936010629078346, 0.7058205849302821
37, 2, 1, 0.6102791243802836, 0.0023462224156867934, 0.38656253965898085, 0.0008121135450488118, -0.5484466613004775, 0.3923376921192855, 0.36410270597892647, 0.8899359776359044, 0.06226520407488191, -0.03116766572158286, -0.07978516860990198, -0.0227905278614265, 0.19522378838492407, 0.23074000941693962, -0.08414029444801263, 0.0010899194871019117, -0.0007309237638377547, 0.00047889185636011325, 0.05103126310572448, -0.0003922021707038621, 0.0009048994093573505, 0.00016758735903343947, 0.7058205849302821
38, 2, 1, 0.6080577969604642, 0.0023390993145856126, 0.3866586831162949, 0.00294442060865515, -0.3821965637814533, 0.37598203046842704, 0.09010292765409526, 0.8448077255908759, 0.1109690892504285, -0.11722927816081645, -0.037056080465442384, -0.10793228307883873, 0.0835687090643896, 0.15563651983994278, -0.10970426090187727, -0.0005315945986476402, 4.0280187292998724e-05, -8.053414026901689e-05, 0.04888371842083883, -0.0009738966307753354, 0.00196049557583664, 0.002806413949550309, 0.7058205849302821
39, 2, 1, 0.608061050298234, 0.002333743318038379, 0.3866607594200668, 0.0029444469636609504, -0.28976271131390263, 0.3663017293588183, 0.4527170051689871, 0.8137523149970992, 0.08792969939224193, -0.07878180258914266, -0.2557653086754306, -0.3756122323872001, 0.14428367202886677, 0.11504373843900964, -0.02132900147448632, 0.0010854912200524884, 0.00047983344219817606, -0.0012710750816021877, 0.04835171422759702, 0.000533782331802482, 0.0012682373958309877, -0.0009360851640763448, 0.7058205849302821
40, 2, 1, 0.6080007157435624, 0.002332257440937728, 0.3867151156062207, 0.0029519112092792903, -0.3251150707069672, 0.3762356601490721, 0.37377614159765965, 0.7343241129702472, 0.29121933321748045, -0.10861074996512596, -0.11142085213240556, -0.10387186320254749, 0.19769588324429682, 0.2868255997044158, 0.09464498377769863, 0.0001053245141248285, 0.0017287997471525846, 0.0006297837060503595, 0.05052034483153452, -0.0009536943091189416, -0.0009146860938992661, 0.0011135316800590799, 0.7058205849302821
41, 2, 1, 0.6079234137448652, 0.002332842221723782, 0.3867492357117716, 0.0029945083216394723, -0.39671051706004956, 0.21107852636069863, 0.3510552946066921, 0.7189216573564675, 0.17821682950236659, -0.2730471709529887, -0.08403352743308438, -0.0700147751892777, 0.024273440255777, 0.2749720490735947, -0.12207935991376487, -0.00032397525770753207, 0.0005456663505744176, 0.00034731193070858176, 0.04832394193817531, -0.0003676168573668123, -0.0005960111430461415, 0.0010063825595757173, 0.7058205849302821
42, 2, 1, 0.6078401247506551, 0.0023330518707045792, 0.386814863087215, 0.003011960291425442, -0.4939683848029591, 0.3597737678744744, 0.4058490566554879, 0.5950669781332939, 0.09454835238877565, -0.10001841408646739, -0.055471784122424275, -0.14737111637197287, 0.17376117366499227, 0.24311739850517372, 0.04483665852925341, 0.0009549902078567856, 0.002526939709050132, 0.0005045429811939209, 0.05010493430719748, -0.0015322167765201415, 0.0005132474390900846, 0.0008791157807656701, 0.7058205849302821
43, 2, 1, 0.6080860565873981, 0.002085681768049148, 0.3868161901776641, 0.0030120714668886695, -0.23710855641792844, 0.43472999263605966, 0.46919149370399316, 0.5493218633087138, 0.08403261361191586, -0.07728021164401552, -0.02407044775506697, -0.14696440243783376, 0.04607217049169867, 0.1873526095069142, 0.14220350405738075, -0.0014449647909463813, -0.0007826142130681, -0.002148833015403681, 0.05068366503083636, 0.0015922298345300689, -0.0005235555386857085, -0.0009631698290297452, 0.7058205849302821
44, 2, 1, 0.6080858020721999, 0.0020856263779209156, 0.38681641472532396, 0.003012156824555337, -0.20582756495384524, 0.23097463183805123, 0.16004059528348993, 0.7583570939618925, 0.22189763324788947, -0.22689030278606856, -0.32800021501405136, -0.09695456194080321, 0.17834657419169786, 0.18413574704167884, -0.023076540804997613, 0.00011740505638835868, -0.00042883607236068427, -0.0015796519589689143, 0.05121724931756851, -0.0004989505622529351, 0.00022334977971496633, 0.00027765509149213854, 0.7058205849302821
45, 2, 1, 0.607923144957209, 0.0020858003341966856, 0.38686865096355183, 0.0031224037450425183, -0.25100730259375764, 0.4081069687231391, 0.30587672750101724, 0.6816255127009548, 0.1362042212658313, -0.0657517797743441, -0.02921243365508073, -0.20851941494696574, 0.14918762623296983, 0.07067635389002225, 0.053348414071172655, -0.0005521547748322192, 0.0005414477823137431, -5.9358449671769645e-05, 0.04973580266273995, 0.00014433786241969712, 0.001039796162773455, 0.0009578717486752505, 0.7058205849302821
46, 2, 1, 0.6079247752591844, 0.002080679913602304, 0.3868717060997606, 0.0031228387274527905, -0.46087368550483243, 0.3089571910541644, 0.3377203317561134, 0.686998148250538, 0.06806969664013332, -0.16167084829122746, -0.21778998066325866, -0.2529538331749652, 0.14456795686895088, 0.20986383130582, 0.03231734040997484, 0.000466472297974704, 0.0003613324554586084, 2.8602441485876182e-05, 0.05096141946358056, -0.001516235699613274, -1.0119324502309219e-05, -8.560235404197133e-05, 0.7058205849302821
47, 2, 1, 0.607883872131256, 0.0020808462397015823, 0.3869000605312176, 0.003135221097824798, -0.30028553899741006, 0.3815079638453266, 0.35393384812103507, 0.6353907531257216, 0.27316787374593904, -0.15432561453952032, -0.1716814899830803, -0.2197962814549233, 0.2735044555627879, 0.13725305998704587, -0.0902028822184916, 0.0003134196093875791, -0.0005318763086544977, 0.002467702360507718, 0.04895466676465257, 0.0002376367804094208, 0.0006225547188629428, 0.00022196131330889148, 0.7058205849302821
48, 2, 1, 0.6078561999652685, 0.0020600032379040675, 0.3869248574802219, 0.003158939316605538, -0.3017480216133449, 0.052151904915442505, 0.3716642319546123, 0.7602623926766443, 0.20299991055944652, -0.19543788328598496, -0.0471028700288587, -0.10255353922838725, 0.1447932600392459, 0.07726036324843558, 0.0603251422719985, 0.0002578628301702349, -0.0005722323542558096, -0.000702898201934328, 0.04966574029233443, -0.000405145517210165, 0.0008035119184161309, -0.00038651228718358896, 0.7058205849302821
49, 2, 1, 0.607833718097483, 0.0020601873588926875, 0.38694622247060123, 0.003159872073023054, -0.48944115541991107, 0.0012707824918733567, 0.48832003688567893, 0.8384072231589388, 0.1910846658720656, -0.17629082758758147, -0.04322638011075034, -0.2940179129021119, 0.1786740424271021, 0.3284143696037458, 0.002416248660422518, -0.000617305674644799, 0.0003524180313806991, 0.00018310335864350015, 0.04984696759027822, 0.0006235825607026746, -0.0005458056773931217, 0.0013221981526013438, 0.7058205849302821
50, 2, 1, 0.6078337703556075, 0.0020601348085550982, 0.38694622274130774, 0.003159872094529679, -0.3942248189189728, 0.4458873441434116, 0.440084349813562, 0.7149053397500983, -0.004324223067051269, -0.13102710514778448, -0.012924758020933869, -0.3414709193158514, 0.061993307414534446, 0.17064182784940865, 0.1353875794176489, -0.0017419952594514038, -0.000580243186604001, -0.001455825527813212, 0.05009211463129443, 0.00020590624535570947, 0.001029777201532316, -0.00039365817937559003, 0.7058205849302821
51, 2, 1, 0.6078937457766115, 0.001986611236364277, 0.3869528368219464, 0.0031668061650778055, -0.4689998227767186, 0.31642216183072913, 0.26185192699826104, 0.7072923269957776, 0.11943870980064368, -0.061728771443409866, -0.09159878996359383, -0.11265344120425866, 0.18191207565821924, 0.0932884028950942, 0.15078282026864204, 0.0018340938685779743, -2.7800869508913013e-05, -0.00028006138631219964, 0.05105571184269138, -0.00012256231658212341, 0.0002371221836230979, -0.0007334054393315869, 0.7058205849302821
52, 2, 1, 0.6079524081552173, 0.0019387040724180684, 0.3869372438055207, 0.0031716439668438732, -0.09919742163392191, 0.21278980182370483, 0.3668120977250273, 0.6460892039528942, 0.0662129323015533, 0.03650341521178195, -0.1678329481611194, -0.23308310531704088, 0.08818824636684403, 0.030626085054273267, -0.026367202738309357, 0.00011703056026918285, 0.0007511770312743118, 0.00011373597581060128, 0.05160966912439543, 0.00032194822745267704, -0.0025541074265088325, 0.00010993678094211997, 0.7058205849302821
53, 2, 1, 0.6079365887435989, 0.0019378477123705243, 0.38695162647312115, 0.0031739370709095226, -0.3405901573900701, 0.32802804093960836, 0.29713741185148795, 0.8435457279914804, 0.19493309809868647, 0.0190495857930995, -0.2885961311536117, -0.15271050904183575, 0.0807088683596042, 0.20826721126813644, -0.031344472464080286, 0.0005969764933830493, 0.001114578975259306, 0.00011104996993857047, 0.04966655143004802, 0.0011648534199976746, -1.7642064304360066e-06, -0.0001310704096548832, 0.7058205849302821
54, 2, 1, 0.6079365871635899, 0.0019378220063866304, 0.38695165023657824, 0.003173940593445366, -0.2609640460094254, 0.4394604112932206, 0.13410527696890123, 0.6920210790710482, 0.23296481749744408, -0.2076959550546132, -0.2442332600857265, -0.19133777090033613, 0.3951060337461625, 0.059213345503502615, 0.05191925850354502, 0.0014382892135781967, -0.0013258964592142962, -0.0004931498150187136, 0.050584831923241605, 0.0006336200906470531, 0.0012457707343521574, 0.0011627093014610727, 0.7058205849302821
55, 2, 1, 0.6077599129581441, 0.0019380904794886228, 0.3870327682192846, 0.003269228343082592, -0.23471510862193834, 0.3395640162470316, 0.23215917566778801, 0.8337622153609454, 0.07012730279900625, -0.116038273196584, -0.19284351109361944, -0.12935739775378494, 0.24719065987934793, 0.11301737586276092, -0.07654171433503838, 0.0003520081687904078, -0.0017817786385395935, 0.0006162496525602923, 0.049237906074017096, -0.00018932509445489956, -0.0007966776729927867, -0.00020244900999814223, 0.7058205849302821
56, 2, 1, 0.5813446920009402, 0.0019743782986536653, 0.38863849515841326, 0.02804243454199298, -0.3180669383107016, 0.2651649286128266, 0.09554952588347368, 0.6097655261040222, 0.15710447209708406, -0.14708065967252262, -0.07012230882917407, -0.06917578591230578, 0.1631403731293278, 0.22193979268913067, -0.16510071441417687, 0.0016671539156673041, -0.0014508169244420604, 0.0008140378561559903, 0.04977992892083833, 0.0013309325162747633, 0.0018802539515435607, 0.0009688768658462144, 0.7058205849302821
57, 2, 1, 0.5813446867982639, 0.001974375511629594, 0.388638485479466, 0.028042452210640473, -0.2505128369529372, 0.06416590574239478, 0.31365440913204984, 0.6682514802118695, 0.2411470021485682, -0.3772880454587297, -0.19980277545577468, -0.256239631342704, 0.04666584441668129, 0.29194825469252345, -0.015993251986783728, -0.0002592577461071403, -0.0022694535694542657, -0.001222037054621752, 0.0496290264308558, -0.0006816213562642123, -6.864754605908504e-05, -0.0010080988388557308, 0.7058205849302821
58, 2, 1, 0.5813449580490508, 0.0019743767365182074, 0.3886379285576067, 0.028042736656824267, -0.1409110426791994, 0.2716098317712937, 0.2910216548995545, 0.7337164010840428, 0.18604867072410586, -0.060421182585222846, -0.15695516611427598, -0.254472982953581, 0.16334782551491842, -0.07007337572022201, -0.0198383036445747, -7.92894567831967e-05, 0.0005216194552265552, 0.0003034967631306446, 0.05275782919605879, -0.0001449280035931621, 0.0009808985975163296, 0.0004288988444522342, 0.7058205849302821
59, 2, 1, 0.580489216927245, 0.0019696195432685457, 0.3889745125177654, 0.028566651011721112, -0.20392477768204448, 0.17614142286101098, 0.2916046076713076, 0.6639405312362859, 0.24610366511365286, -0.070728566349259, -0.11717957885714858, -0.18473745172213754, 0.2257982928492285, -0.002274811310944691, 0.001975046469500444, -0.0009928698031327773, 0.0006499513054685389, -0.0022015563733614628, 0.049201879174274946, 0.0012804588078925215, 0.0008347430489688213, -0.00031796634575292427, 0.7058205849302821
60, 2, 1, 0.5803886132898659, 0.0019636781506791826, 0.38898961340265337, 0.02865809515680149, -0.40908749048626314, 0.08650595484970705, 0.14244328125771835, 0.6819983875922457, 0.21902666192275638, -0.1741159260586625, 0.017173880040679525, -0.028822185417529022, 0.07827363248902408, 0.1432047500500238, 0.11204974316327052, -0.001719972509932214, -0.00038881832844800754, -8.726911781051138e-05, 0.05119557692473629, 0.0005374692000191611, -0.001421460739809248, -0.0010641702337872544, 0.7058205849302821
61, 2, 1, 0.5803887138575663, 0.0019635582265125433, 0.3889896271450117, 0.028658100770909543, -0.20232204551516583, 0.3431832070582496, 0.22604188244114312, 0.6016023426536676, 0.02930031375376333, -0.026865091795551597, -0.23132891016060161, -0.2246051661836749, 0.2553751766867891, 0.13865969433345132, 0.1352378753149192, -0.00036464004342522805, -0.00024902365067029446, -8.723929746864144e-05, 0.049830850588068465, -0.0010759767081035684, 0.00012824191479595098, -0.00014163887198400703, 0.7058205849302821
62, 2, 1, 0.5803715085934427, 0.00196288738199566, 0.38900313801844055, 0.02866246600612114, -0.24643541505897212, 0.3152787558164748, 0.3521419804109794, 0.6572931760922832, 0.13250718129774053, -0.12443366390758852, -0.20313742605047563, -0.10276072384894477, 0.09674199595740245, 0.11765663798069496, -0.021140730161972373, 0.001649444009834068, 0.0003408819387661467, 0.00042197918458811607, 0.05009991835265445, 0.0011331312351616116, 0.0006090306845939377, 6.680428344137942e-05, 0.7058205849302821
63, 2, 1, 0.5802218302425346, 0.0019582874804340844, 0.3891009138087038, 0.028718968468327596, -0.18561809430280923, 0.19907881659338122, 0.3573420453327099, 0.7295929832681289, -0.0503157609897976, -0.009643126149804115, -0.12253231604700825, 0.034178058706211226, 0.013912926330121433, 0.10823471167589041, -0.13363261984751482, -0.00046877059974247663, 0.0008765584100360092, 0.0018043917999214314, 0.04967724794886492, -0.0018712865615539667, -0.001992802690337216, 0.0012002754513586642, 0.7058205849302821
64, 2, 1, 0.580140428376539, 0.0019517860595911257, 0.389153597834422, 0.028754187729447888, -0.16690429611982843, 0.22587756166992637, 0.11775340520717414, 0.5806018290805625, 0.2693479795382655, -0.09076866056952987, -0.2633418428365492, 0.023142152295228712, 0.11460889891748456, 0.11254235286881123, 0.0035797305513961724, -0.0007903886030950153, -0.0012482087318183796, -0.0011693246582845712, 0.05018557137685081, -6.84068411433436e-05, -0.002595650087711554, -0.001880062268646562, 0.7058205849302821
65, 2, 1, 0.5759816448108529, 0.0019609188938063318, 0.3902351642740704, 0.03182227202127044, -0.011915808186842014, 0.2321916230070189, 0.23069711319759084, 0.5484737831354616, 0.17819520343712153, -0.07347809977291035, -0.19156401618613833, -0.07053092056672179, 0.1066408582670613, 0.06474918090066699, -0.13325674144244454, 0.000202407988962682, -0.00011859146620115222, -0.002077123579732804, 0.05076926975055479, -0.0003745615480718998, 0.0009531461840591069, -0.002280931710635666, 0.7058205849302821
66, 2, 1, 0.5745213416430277, 0.001956868018390644, 0.39080482385275517, 0.03271696648582645, -0.36789659875745623, 0.03784144228585682, 0.14397494950174625, 0.6819879691552303, 0.22089779036203386, -0.05527061302619977, -0.20356177748821028, -0.07456666436597062, 0.12780656206544044, 0.048904989196969215, 0.0461412048357876, -0.0019122411670465622, 9.776241127599527e-05, 0.0003929811164280152, 0.04927932702849986, 0.0003184331574951473, -0.0005620589098180151, 0.0009082638590964594, 0.7058205849302821
67, 2, 1, 0.5753841896137909, 0.001954943861093492, 0.38990325584588154, 0.03275761067923394, -0.18375823162172383, 0.17373669300179412, 0.17973995579041874, 0.8694776400673231, 0.14547445968056577, -0.16466998540921413, -0.0898981065257877, -0.12000071408203032, -0.1146243394606197, 0.03490420347685992, -0.029483184095716236, -0.001120354808427699, 1.04085806339816e-05, 4.517252046062593e-05, 0.05162297197615203, -5.6005328519411575e-05, -0.00031926791464004543, 0.0004908724952820288, 0.7058205849302821
68, 2, 1, 0.5753655764182635, 0.001954780201876289, 0.38990910715662946, 0.03277053622323072, -0.09669912179313041, 0.19389841741364422, 0.20624691284138782, 0.6501976042504355, 0.23513782684412932, -0.17134195646200268, -0.14817362601771572, -0.2187447453651251, 0.17820590233110806, 0.1593966434061645, 0.13515515871274636, 0.0009106574851021314, 0.0008945482333421889, 0.0009229707004477312, 0.049848002502382076, -0.0003089520678312785, -0.0007590962907192804, -0.0001667823028856206, 0.7058205849302821
69, 2, 1, 0.5753655277769554, 0.0019547806754221997, 0.3899091024804904, 0.032770589067132094, -0.08070313903165875, 0.3134798538622026, 0.002343746045538131, 0.5879265136829988, 0.12390909535701378, -0.2689831868023635, -0.22271488317386892, -0.12557611709934915, -0.07025722852549858, 0.15530926388334804, -0.180038042697929, 5.631480504733132e-05, -0.0015214683062689254, -0.0004935242499114472, 0.05097936034138114, -0.0006284897384376252, 1.1035823391251388e-05, 0.000413744684716736, 0.7058205849302821
70, 2, 1, 0.5673795690986292, 0.001968319042861019, 0.39269151172483674, 0.03796060013367306, -0.21880166380346874, 0.32154724067905194, 0.10540572888257738, 0.6766490181477118, 0.24345129302707907, -0.07289795293732149, -0.1579115233843719, -0.12575842250952932, 0.3274529045070464, 0.1039264468953551, -0.05776556375439086, -6.284228050019408e-05, -0.0021101809210917932, -0.00048242156623350867, 0.050252223348682866, -0.0002323520316965954, 0.001560629396824205, -0.00027514721796922047, 0.7058205849302821
71, 2, 1, 0.5673836593157745, 0.0019592927232514, 0.39269628698339937, 0.03796076097757463, -0.12220264589720284, 0.26335139487304926, 0.3696984261457044, 0.7521570357922737, 0.0835930324318662, -0.019996469041221775, -0.15900498973748073, -0.3745882324506321, 0.0798760301980879, 0.3179139809671157, 0.03482996242642208, -0.0005854776610463611, -0.0005597970714909999, 0.001556495326937732, 0.052008123763368, -0.0009459981905050804, -2.557718266275573e-06, -0.0005959075188459388, 0.7058205849302821
72, 2, 1, 0.5673907102979027, 0.001958128596508979, 0.39269004437332783, 0.03796111673226051, -0.12796185016174452, 0.21665107110461249, 0.1390947650273371, 0.6956474208060243, 0.14951307595821814, -0.12942562616208042, -0.2822519713071406, -0.10445483827554332, 0.029259023696062612, 0.12120333833642769, -0.029816269770624466, 0.0003488044539435735, 0.0011851252511468932, -6.149484485758792e-05, 0.049308423835545914, -0.001034338576346723, -0.0011774998391729519, -0.0003478503263225106, 0.7058205849302821
73, 2, 1, 0.5677335329000691, 0.0019580156909846085, 0.39232443252374033, 0.037984018885205806, -0.18022356719913085, 0.2209941289761245, 0.16193530858836436, 0.6864336318279909, 0.0520247290665129, -0.21341660490241116, 0.14923074937252193, -0.302274038396478, 0.15923143885063706, 0.031036382024899924, -0.028696417855493938, -0.0027884969544309207, -8.663630872541528e-05, 0.0003809812663014952, 0.049723163417559134, 0.0016304258353815066, -0.0008372165674750571, 0.0011142444352370297, 0.7058205849302821
74, 2, 1, 0.5677359149273056, 0.001957993596754514, 0.3923220223352177, 0.03798406914072226, -0.1774756293541277, 0.1487153448375422, 0.35819824803821976, 0.686754571213477, 0.04050207638906128, -0.31476726444068726, -0.234110315507489, -0.04811397899105894, -0.008843781920939675, 0.09594071895618615, -0.0940533632179457, 0.0002968658480844111, -0.0015708405711685788, -0.00020340208843380036, 0.04982375926660489, -0.00020884198859336383, 0.0010336286518538523, -0.0009722001934723749, 0.7058205849302821
75, 2, 1, 0.56806068630649, 0.0019563822099936934, 0.3918765676599958, 0.03810636382352048, -0.08509608221140488, -0.0463560881433374, 0.31311416161102656, 0.7525695236685768, 0.09788265285031153, -0.12649151008284826, -0.04514570294376811, -0.07186335428265545, 0.15434250923143797, 0.034347144126942564, 0.08476237984205623, -0.0012711167459314066, 0.0003881202307605831, 0.0009549349839962487, 0.050203567473172825, -0.000949304063818141, -0.0008152164031087891, -0.0012934898456874544, 0.7058205849302821
76, 2, 1, 0.5680845249275898, 0.0019563072233940663, 0.3918524195104628, 0.03810674833855349, -0.03543658334308046, 0.27680383787125856, 0.3145755676138379, 0.728912003845829, -0.04917689559022866, -0.1327693434496207, -0.038059311729158274, -0.3279690376140385, 0.24327502807036713, -0.105110309230524, 0.06947752899138314, 0.0006914866916852517, 0.0005385187768843639, -0.0008097662995468722, 0.050766998988960386, -0.000646677741508997, -0.0016774979564668298, -5.756643360528152e-05, 0.7058205849302821
77, 2, 1, 0.5680841608277618, 0.0019132164582950785, 0.3918833917722073, 0.03811923094173584, 0.01111170698996633, 0.27388507153661523, 0.23211942530350643, 0.7587042641415418, 0.32126135852547977, -0.008081682848665128, -0.09379024139891731, 0.05141697974563072, 0.15689090958066165, 0.09303775939464376, 0.2026641466595736, 0.0019557388622255894, -0.00024986481205545855, -0.0012026759861523896, 0.05157188137841989, -0.00027974513261614926, 0.0007461415470493274, -0.000354966549063067, 0.7058205849302821
78, 2, 1, 0.5675712691902334, 0.0019127981469182387, 0.39193841758152087, 0.038577515081327354, -0.30014226605088284, 0.2971053467524441, 0.14393942939563723, 0.5855776793174441, 0.05039275073577278, -0.1096186499873755, -0.10917099645078088, -0.07713283988755834, 0.04948196711444691, 0.14589227365333676, 0.04719724152081933, 0.00030280010086835993, 0.0009412053084045914, -0.0004838725495394324, 0.05118898083768797, 0.0010409027735988413, -6.821180521971534e-05, 0.00015705041635851014, 0.7058205849302821
79, 2, 1, 0.5675974547671762, 0.0018993754256921489, 0.39192417001512847, 0.038578999792003243, -0.176174466477176, 0.2708521952984517, -0.007401180305903221, 0.5531275458726347, 0.11583785178042667, -0.1421134083587078, -0.20610756419439502, -0.12577855750453626, -0.09338079092580046, 0.07073455778427876, 0.09036785023408482, -0.0016992042164992098, 0.0004025260874572677, 0.0006127661326490299, 0.05142411477866097, -0.0014348283301560778, -0.0005580986997804936, 0.0007184676957008613, 0.7058205849302821
80, 2, 1, 0.563221277493244, 0.0019067629575364856, 0.39282822060428085, 0.042043738944938694, 0.008235944064705425, 0.24273559515673945, -0.033240194469020976, 0.5706217148669237, 0.20857911339645838, -0.03473909934413272, -0.1340591788237658, -0.28498240889557774, 0.1161714063112875, 0.07453661345656724, -0.02862479450292097, -0.0006125712164305444, -0.00036705170773692833, 0.0008784469151528303, 0.04923903292554513, -0.000495907676162465, 0.0002871548259000598, 0.0002933473885183498, 0.7058205849302821
81, 2, 1, 0.5631790010729045, 0.0019053524826692363, 0.3928457005020732, 0.04206994594235313, -0.1980394504145371, 0.32844884501016985, 0.00042449457209516874, 0.6230424025561658, 0.2824670669739501, -0.10886103682259551, -0.14906892781458972, 0.016515230342130805, 0.06878766601642011, 0.018811074087634504, 0.09990675127222402, -0.0012639086079391547, 0.0019925067114567097, -0.00041166765773473555, 0.049323158885786623, -0.00039685235337683, -9.230478494713628e-05, 0.0005778805204138799, 0.7058205849302821
82, 2, 1, 0.5648033470546013, 0.0019055573272747633, 0.3910246288298982, 0.042266466788225855, -0.1039245072730787, 0.16954830502219875, 0.12592892499341846, 0.7940658730707829, 0.19442973324576948, -0.19336742325123346, -0.20094665407856754, -0.1650725091208332, -0.017567823766889146, 0.0532000441151409, 0.0617159039505553, 0.00034678904918970967, 0.0008083685015216489, 0.00041763698643561856, 0.049645314451874645, 0.000435650600237887, 0.0009670913432252839, -0.00020337286983157418, 0.7058205849302821
83, 2, 1, 0.5639961615943302, 0.001906567852263245, 0.39110019171572113, 0.042997078837685374, -0.055401888307995736, 0.11712022242628084, 0.10580195868513087, 0.6391979467478552, 0.07401793940176281, -0.14099417737282735, -0.14642185919627676, -0.14631273830928743, 0.18710679646938186, 0.09022346642656798, -0.14339334666533016, 0.0010997550070039209, -0.0008974372538271455, -0.0008966116350718008, 0.051852198032413935, -0.001960723760949009, 0.00022489207574407836, -4.6866387994560384e-05, 0.7058205849302821
84, 2, 1, 0.5639899249142895, 0.0018892316997498697, 0.3911025715009846, 0.04301827188497607, -0.2703848310648783, 0.05349218102671396, 0.09955745359629552, 0.7128136142085392, 0.02825590166734502, -0.019548655212036525, -0.20248910636554066, -0.17640847433076962, 0.0935768415957571, 0.07938773146350904, 0.051040268122945966, 1.320860790554153e-07, -0.0002950724054285675, -0.0009797387339530001, 0.04960401502875805, -0.0022465121690018663, -0.00018244630895895668, -0.0011106888898389318, 0.7058205849302821
85, 2, 1, 0.5640037296618402, 0.0018890229805334706, 0.39108859185102746, 0.043018655506598676, -0.01832191012022456, 0.05767067956875984, 0.12811948882218005, 0.6192542720696129, 0.12113408654180544, -0.24364487863112858, -0.18158256519789104, -0.17005092219121676, 0.2372046416565327, 0.16121455495329706, -0.039546137188041244, 0.0009224011249887321, 0.0010431158632453323, -0.0008238149647338072, 0.05101850939841539, -0.0003717985296749398, -0.00143539671478436, -0.0007293165485280313, 0.7058205849302821
86, 2, 1, 0.5640160436528344, 0.0018889997906201938, 0.39105879675029603, 0.04303615980624939, -0.1607230539906343, 0.06654260900803151, -0.013086123973808617, 0.6937253707211201, 0.06379451337090447, -0.24814432034937334, -0.09837097455939194, -0.09098621366479595, 0.06471935646559675, 0.11668070445713599, -0.014213623548677643, -0.0003849957813618325, 0.0017912908701480962, 0.00018495056912301724, 0.05052983825883545, 0.0008617748222413624, 0.00020436491772889376, 0.002375005058736801, 0.7058205849302821
87, 2, 1, 0.5639314591916164, 0.0018891381733141207, 0.39107091641049, 0.04310848622457945, -0.051427689180348436, 0.11983872789097935, -0.07387449754825134, 0.6322223618731606, 0.048834210459836026, -0.07374860537062797, -0.023406801014018173, -0.03777801025686346, 0.29500194408759545, -0.0036107932125988952, -0.08468390737352112, -0.0009732579000084794, 0.0002832042816556039, 0.0007406774481898486, 0.048037102684843826, -0.002059449937443781, -0.0013563113115263941, -0.00017685289588441192, 0.7058205849302821
88, 2, 1, 0.584882761745504, 0.0011563647107840475, 0.36891717435980714, 0.04504369918390479, -0.010710113063987092, 0.05310384543780529, 0.14339469565688093, 0.7317624537857808, 0.02190355030616308, -0.0509189108917925, -0.05329070392634078, -0.08675958565785606, -0.01608431600352343, 0.09666069731058233, -0.005858163292601942, 0.0012336997358564905, -0.0009692021746166348, 0.0011754469250440987, 0.04900010125858516, -0.000654052424190142, 0.0019345697954593806, 0.001159775239892974, 0.7058205849302821
89, 2, 1, 0.5877501656917432, 0.0009983139783183803, 0.366132896435071, 0.04511862389486735, 0.011639713473903513, 0.024471664519226877, 0.27111163572589464, 0.6810591805102096, -0.07599583381882606, -0.017670643714012647, 0.025571799780222327, -0.06088850564147861, -0.019227245576373203, 0.08938095996599456, 0.13968754271821898, -0.0009317616889521438, 0.00015895230824085148, -0.0005804998208211671, 0.05021561974477066, 0.000244284485619624, -0.0009539523898903475, -6.316254028262131e-05, 0.7058205849302821
90, 2, 1, 0.590886594075944, 0.0009123714480095211, 0.3624033594806244, 0.045797674995422165, -0.02160727946934473, 0.0324268236983769, 0.21178015338463893, 0.780720136225298, 0.1051909286709739, -0.06303198168267916, -0.09980726355276208, -0.1207812895369742, 0.18304311299462958, 0.09064697569846474, 0.002966209027581095, 0.0004929819489838545, -0.0019775157727260763, 0.000404131296136659, 0.05046468602566813, -0.0001119434791797916, 0.0013930178257538634, -0.0008978798219148132, 0.7058205849302821
91, 2, 1, 0.5918570901807717, 0.000911520354675606, 0.36134271693440795, 0.045888672530144885, -0.024238719012211103, -0.010439807556578085, 0.020750039347039805, 0.8413017354736508, 0.07254769859336513, -0.23841216443271396, -0.1851259604118745, -0.02415063652556288, 0.007666472047218808, 0.012059079003508194, 0.009773808362712078, 0.00040978199389278964, -0.0002714468258569067, -0.0007123575940694922, 0.04883018171127956, -0.0009303303733767144, -0.0011103243332606534, -0.0018036354749799352, 0.7058205849302821
92, 2, 1, 0.5916274651450687, 0.0009081020190482741, 0.36140287999271226, 0.046061552843170844, 0.08348090535992689, 0.0021703052885398534, -0.08744657068430702, 0.7059234165327041, 0.1093413228145665, -0.03946310498174047, -0.10752649451217053, -0.18259220628829098, -0.04176546803703359, 0.09560496467951798, 0.10401147460997584, -0.0013743961323072521, -0.0006963478577829685, -0.0009629649223935966, 0.05019903987132631, 0.000378915627420127, -0.0007756499122844655, 0.0011190137395317424, 0.7058205849302821
93, 2, 1, 0.5916294205868405, 0.0009068950906108316, 0.36140224487701406, 0.046061439445534515, -0.11671323447468525, -0.1056334440315914, 0.007193155830678944, 0.6409001270663752, 0.00046180393825199226, -0.03972766098529229, -0.24130431636204594, 0.1358684584564252, -0.005145873202265544, -0.0718184342676165, -0.05085374031279185, -0.0007392225242184487, 0.0019378119255269142, -0.0005334223549930175, 0.05166153269746693, -0.0005893554386428718, 0.0007037996916543207, -0.00019130652770028953, 0.7058205849302821
94, 2, 1, 0.5938101552569183, 0.0009070529316282433, 0.3589217386942042, 0.04636105311724925, -0.011195115098005737, -0.03882019779591302, -0.018607172010363226, 0.7565548283676835, 0.17613898383459584, -0.27575901915539874, -0.06986221914516394, -0.12222442687256305, -0.04846482030754546, 0.032182238843925466, -0.0025033105505299982, 0.0002795938870621796, 0.0005741095873482455, 0.001349541755599469, 0.04999778047261922, 0.000873249238714391, 0.0012402959021125877, -0.0007339984925814664, 0.7058205849302821
95, 2, 1, 0.5929602414824525, 0.0009089304322173315, 0.3591710144965339, 0.046959813588796286, -0.34815708486228336, 0.11327590449818689, 0.06918822566174618, 0.7949390713541115, 0.23437645737040738, -0.11899344510090562, -0.10791583623732422, -0.09935996687012087, -0.09352167037770245, 0.15074551115070625, 0.045864695247052265, 0.0038386273424711155, 0.0007170547142181252, 0.001047261231505696, 0.04994864210880402, 0.0004309555898888306, -0.0017124005067495215, 0.0009226622961732899, 0.7058205849302821
96, 2, 1, 0.5932042323474214, 0.0009050601508177725, 0.35892391650200023, 0.04696679099976072, -0.10349862017555107, 0.18129896779781474, 0.04747053349192557, 0.7145440531751257, 0.08635843581695998, -0.10367388919038126, -0.1689441242083859, -0.17426537677889034, 0.02066290616085572, 0.05816503432145478, 0.2295805418111047, 0.0021080168999180523, -0.00022786680591222784, 0.0013419407288865197, 0.05163350595115388, 0.00048255122748960924, -0.00020847448494901917, 3.290692432673649e-05, 0.7058205849302821
97, 2, 1, 0.5931423910947001, 0.000896075964509676, 0.358511509528066, 0.04745002341272419, -0.015984308092095407, 0.07594525211024222, 0.1279058246889644, 0.6325959925677371, 0.22744872176255812, -0.056888840951493755, -0.1567570556614652, 0.027707596833867205, -0.02686073734428341, 0.009357926819947729, 0.029445606856488095, -0.0003527227883195474, -0.0009871343400026894, -0.0009337153524244671, 0.04945918192212333, -0.0002741085898457569, 0.0011693198939216679, 0.0015014488207761916, 0.7058205849302821
98, 2, 1, 0.5931339488913806, 0.0008962133311762918, 0.3585157909320326, 0.0474540468454105, 0.02905839397216294, -0.043492617538932514, 0.031142384623047102, 0.7744625769851604, 0.3170731032764917, -0.08914869266494188, -0.311513112869416, -0.18725685138611398, -0.09499965884477571, -0.0553178692051106, -0.1335847675813257, -0.002155564222584302, 0.0011384775448697116, -0.0011220170159918792, 0.049922450109540696, -0.000447718660708094, -0.000889748854651678, -0.00067837313323736, 0.7058205849302821
99, 2, 1, 0.6176501628569036, 0.00090078971914807, 0.33002259175499404, 0.05142645566895439, -0.08402318773881093, -0.010605899586316681, 0.14535079191841588, 0.6032822765064362, -0.029132658530313528, -0.1729388745294047, -0.11757704792860557, -0.05230361629198932, 0.03518660917389278, -0.06815181830617481, 0.022618011586344192, 0.0005808121212063866, -0.0006073815533769666, 0.001209783751578946, 0.049857319957949536, -0.0008927432145816221, -0.00121833900706692, 0.00043236094062989934, 0.7048668187854302
