t, Event, Policy, P(still), P(random), P(reach), P(transport), o(t), s_a 
0, 2, 1, 0.9497238397598267, 0.04985383152961731, 0.0003264761180616915, 9.583958308212459e-05, 0.5987349046966162, -0.36681755084466705, 0.7255175428392111, 0.08684891473253978, -0.2007680117739589, 0.12729954266504717, 0.07950379765315367, 0.3987414996181073, -0.4932865229494241, 0.27386291937532264, -0.02231414722272111, -0.049599805058731974, -0.04149942777332077, -0.02394025973573391, -0.02655894721340394, -0.001460428223548603, -0.226747942306231, -0.19572506863235478, 0.11999471788313174
1, 2, 1, 0.9497261234452921, 0.04985498224852559, 0.000326481281844846, 9.241302433746451e-05, 0.5486511733705589, -0.5458184165506853, 0.6687906987067198, 0.17802950767066889, -0.07139980200652352, 0.20070608748352728, -0.11054328407567349, 0.30215433776674505, -0.3023864578045884, 0.3331274102599072, 0.13402209652437408, -0.0009005530502274548, -0.0015449559977226295, -0.0006963168196447501, 0.07158622946139101, 0.0004011983942118173, 0.0002451594985790877, 0.000406331781395056, 0.11999471788313174
2, 2, 1, 0.9494362101539031, 0.050150189981367325, 0.00032731445123284855, 8.628541349670807e-05, 0.4425330591132396, -0.71132590436502, 0.4485459018333976, 0.27650008710365714, 0.054948369224753726, 0.11768587468866924, -0.08516178821081696, 0.1913389853797673, -0.44813459397412714, 0.14268475815816725, 0.09277134625982783, -0.001064215782062143, 0.0015699584695903347, -5.10540657163066e-05, 0.07067071380302084, -0.002024153960857953, 0.00015263549318916494, -0.000485051241312161, 0.11999471788313174
3, 2, 1, 0.9495052401870459, 0.05008259943182638, 0.0003273318909815897, 8.48284901461961e-05, 0.445104756342961, -0.5023066139779762, 0.644546468511986, 0.12539397080634637, 0.0533339557817409, 0.17389651167373196, -0.12398973336015373, 0.15163466971889006, -0.1642835723977943, 0.29892824249512445, -0.04195167019142648, 0.0003447125879459668, 0.0008516335600831376, 3.4563084163808593e-05, 0.06859890220218197, -0.0017838529456892787, 0.0006435735066308702, -0.001556370990599448, 0.11999471788313174
4, 2, 1, 0.9487898301706176, 0.05079861465458021, 0.0003307488673099137, 8.08063074923312e-05, 0.5886880195778873, -0.6445754175246547, 0.6161848074037196, 0.09876714234754289, -0.06032019937454337, 0.06456710917555052, -0.1974347252403656, 0.24987610287049447, -0.40646471711030696, 0.14243139005780867, 0.06111192861955132, 0.0012222636804735897, -0.00017538002829217334, -0.0010807704927984726, 0.07115394345635132, 0.0017414629121067175, 0.0004268378110624871, 0.0005040285913801799, 0.11999471788313174
5, 2, 1, 0.9487984494467357, 0.0507962697826763, 0.00033075203310332436, 7.452873748468953e-05, 0.5915948191933861, -0.6325406056548519, 0.5727405321532235, 0.19901289372884912, 0.016922216411409053, 0.24553836312932473, -0.23923731488828856, 0.08354976490111712, -0.29178584510462413, 0.11144109963608302, -0.02996922889100571, -0.001525281116008663, 0.00021178786701585279, -8.706930693888852e-05, 0.06985911349818648, -0.0009308630172825998, 0.0016894489411749566, 0.001019347542179378, 0.11999471788313174
6, 2, 1, 0.9487732802067924, 0.050821758695561985, 0.00033083048260014843, 7.41306150452855e-05, 0.4658706091149131, -0.5131101743920345, 0.39606776646971065, 0.21126431720029312, -0.1504339122608762, 0.18394268135527986, -0.24223304025861747, 0.15906320431998727, -0.3340198972051312, 0.16488688999880363, 0.09947220557286814, 0.0005786647911389896, -0.0001679540153888108, -0.0012722535296641802, 0.07088651908603531, -0.00020478735468523298, 0.0008448761763927089, -8.799714029810486e-05, 0.11999471788313174
7, 2, 1, 0.9484821204524243, 0.05111246046739644, 0.00033166323811439403, 7.375584206486096e-05, 0.4872707240146589, -0.5921538188568468, 0.49163719999247235, 0.16191438193390886, 0.0031206853269825307, 0.0262240541236028, -0.13381087403491865, 0.2880425206378484, -0.22795155459955638, 0.14935262787018272, -0.05184659858643133, -0.0007364333315675929, 0.0006035459682944732, -0.001369034738110539, 0.0686796176898006, -0.002044759076409124, -0.001683856505360826, -0.0009867301636533438, 0.11999471788313174
8, 2, 1, 0.9484826448720601, 0.05111295731325334, 0.0003316650342677374, 7.273278041884048e-05, 0.49048096016404685, -0.6297722918916965, 0.48402846139490147, 0.10744957548988725, -0.16900697887298954, 0.21370759753166882, -0.17013188937625165, 0.3474886776176439, -0.23614278923567347, 0.18196051115944833, 0.23096929496072685, -0.0014309395693262845, 0.0008335131953233746, 0.0009612013609307864, 0.06911639436967917, -0.0003908101806494442, -0.0010273082396599557, 0.0011778591024855286, 0.11999471788313174
9, 2, 1, 0.9484837998997058, 0.05111392858967484, 0.00033167161762203567, 7.0599892997434e-05, 0.43567881395434166, -0.669649025640245, 0.8160330519403564, 0.2613780744850146, -0.02775880192712531, 0.05703821911331627, -0.19070189612648852, 0.3069427467592302, -0.388818267688396, 0.3335501972072909, 0.04631911411950631, -0.0009037611891730193, 9.276784147041967e-05, 7.623135637831128e-05, 0.06894857991463274, -0.0007967137365729687, -7.079192705354803e-05, -0.0009097967051122358, 0.11999471788313174
10, 2, 1, 0.9484945950539835, 0.051114641798420964, 0.00033167569890031, 5.9087448695227856e-05, 0.5590687711311288, -0.47117982999210567, 0.705391582765186, 0.2722103434789056, -0.04648044668994796, 0.20983154830094444, -0.09601518599994904, 0.28396861180212707, -0.42458788389149166, 0.29698549132417984, 0.12422757209463031, 0.0003238481830548123, 0.0017646512894017082, -0.0006180886076190357, 0.06967795321814316, 0.0005994952356087905, 0.0009585298585280448, 0.0009272259183444027, 0.11999471788313174
11, 2, 1, 0.9478403501614905, 0.0517662282526024, 0.00033391440038559066, 5.950718552155778e-05, 0.39465798206423897, -0.3933385970301313, 0.5481559018058535, 0.11894152699188007, -0.13981368840066052, -0.029143408124811775, -0.16107937627737634, 0.2001037388773323, -0.2854260329309436, 0.36889745132740825, 0.04674941145320373, -0.0014497749087136833, -0.00024016041022527308, -0.0007883895429595005, 0.07042677139866776, -1.4758763692959552e-05, 0.0017781974925903023, 7.360674010127199e-05, 0.11999471788313174
12, 2, 1, 0.9478101333648293, 0.05179673494367302, 0.00033405317716604367, 5.907851433169281e-05, 0.5339586903541431, -0.5959407720552977, 0.5836134965293569, 0.19914993166297296, -0.24165657146191313, 0.10221288710833473, -0.1969034520886098, 0.19158594907212853, -0.3267658838803943, 0.3519867675271917, 0.008460984056962145, 0.0009401448209824947, -0.0011383636423021926, 0.0014344136134796924, 0.06937125427409255, 0.0010135611435831123, 0.0008603497892708424, -0.0009008512480537986, 0.11999471788313174
13, 2, 1, 0.9478067797334787, 0.05180281154756557, 0.00033408320824819976, 5.632551070751407e-05, 0.462864766327736, -0.5711971362804892, 0.7958509708293737, -0.13754212707979324, -0.2726579696488467, 0.10456613178058197, -0.1554148760608542, 0.10650372427484019, -0.23966769007427824, 0.08938906837094278, -0.11322510830595311, 0.002539235361348361, 0.0014980142919028526, -0.00036566568869661356, 0.07056511520976963, 0.00015368859790244245, 0.0002448383530256611, 0.0004397911813115251, 0.11999471788313174
14, 2, 1, 0.9478033316164979, 0.05180786488167208, 0.0003341024783632472, 5.470102346678918e-05, 0.5309879721864041, -0.5939835487981107, 0.5988220894846883, 0.07510442991515373, -0.2070455862500255, 0.13202665277174003, -0.10877807541681046, 0.21061751435503523, -0.24224025148176875, 0.3446853579151984, -0.03599724920151133, -0.00025615980739171853, 0.0012562225620505036, 0.0005088929125477043, 0.07038687124263165, -0.0001514169848097551, -0.00039038036400856506, -0.000320453794398368, 0.11999471788313174
15, 2, 1, 0.9478036697099745, 0.05180842331598541, 0.0003341046970651405, 5.38022769747667e-05, 0.41417904982428266, -0.4919135888716292, 0.6566282645615029, 0.15646414219260962, -0.1362105792092873, 0.21732922008612446, -0.07002301502597363, 0.19967734549782923, -0.3986547165870401, 0.3288920778781502, 0.15979128666184148, 0.0004552077207395218, -0.00017343069610845741, -0.0006783247057699397, 0.06938875820436295, -0.0009351934581178046, 0.0009950106222167308, 0.0012841886910777015, 0.11999471788313174
16, 2, 1, 0.9478032433758133, 0.05180887142862095, 0.00033410618404613795, 5.3779011519446985e-05, 0.34774632786879806, -0.35246226641134093, 0.5229913074186003, 0.321647542235133, -0.28280143468646546, 0.20501572450938924, -0.1733841365611994, 0.24941920445053323, -0.22859623350080033, 0.40290178365404694, -0.019447827208375023, 0.0008881365831276368, -0.00039952802732446627, -0.0025235452781946703, 0.0694343637781005, 0.000376987267799019, -0.0002418997651448822, -0.0010519486024033627, 0.11999471788313174
17, 2, 1, 0.9478068438623825, 0.05180929489840134, 0.0003341073390464791, 4.9753900169709636e-05, 0.45767407985368547, -0.3966992624474834, 0.6602115441059413, 0.110181813160848, 0.13418466562605405, 0.20302608659641294, -0.02909827847863723, 0.3652274352399788, -0.14317343853228434, 0.13655114048317282, 0.14663350848599974, -0.0025974612094408238, 0.0005084027317611209, 0.0008137723505891641, 0.06988595144725132, 0.0007601279168318074, 0.0020065462675285077, -0.0007105404531230898, 0.11999471788313174
18, 2, 1, 0.941797816735407, 0.057790732460520466, 0.000353850444408922, 5.7600359663593955e-05, 0.38253600202636473, -0.5112670397852466, 0.5241909829073242, 0.021625872432700578, -0.1824937370357532, -0.05925705842173408, -0.15259964448597177, 0.18513448189447584, -0.3997744535039155, 0.2550621048369575, 0.13385653962497585, 0.0010845106722885442, -0.0010027995437563843, -3.554028743583587e-05, 0.06973675831480361, 0.0007607046065844844, 0.0010010254231435224, 0.0003476458733398072, 0.11999471788313174
19, 2, 1, 0.9438704679882864, 0.055718480188739664, 0.0003542544391270927, 5.679738384682138e-05, 0.35973303890982444, -0.666856462487097, 0.40574507528197695, 0.190187962609021, 0.0638565216649476, 0.10853750595506162, 0.018213377681363396, -0.017852069999307617, -0.24649022833336726, 0.34515357322861295, -0.08803163233319553, 0.001748034111215655, -0.00011025575213985583, -0.00033552740218682677, 0.07120407976134423, 0.0020658660948470638, 0.000306612244566732, -0.0008623187430300558, 0.11999471788313174
20, 2, 1, 0.9438943325704564, 0.055695740381932035, 0.0003542631025904835, 5.5663945021118256e-05, 0.569251505483797, -0.479348175754659, 0.5545600594430984, -0.06438318767030375, -0.14989916926112903, 0.17815543757179503, -0.1298896658118869, 0.21168384436025622, -0.25246793751062285, 0.27694317170383587, 0.012794892690862435, -1.9618714687479174e-05, 0.0011632828404277784, -0.0002815088547762056, 0.06987973661753169, 0.0020608197635502653, 0.0009892269025841417, -3.688271059345506e-06, 0.11999471788313174
21, 2, 1, 0.9430510363750375, 0.0565356044330148, 0.00035665425416226527, 5.670493778525174e-05, 0.5324490430106658, -0.3049243384018806, 0.42254197620398204, 0.15229213378012987, -0.1684050544742975, 0.14054212559531215, -0.1160560950462541, 0.3000097753320216, -0.38258225477695584, 0.0792335217471642, 0.047852530668629864, 0.0006225007986955351, -0.0003676019023964007, -0.0004101523814964153, 0.0717514866351075, 0.00014696091579940402, -0.0008848688895755234, -0.00030276050761964674, 0.11999471788313174
22, 2, 1, 0.9429387950798196, 0.05664723817343645, 0.0003571887804507821, 5.6777966293252454e-05, 0.4591309906950555, -0.4314944273479166, 0.7001446826411583, 0.1766886741904393, -0.07510215903210579, 0.12738795238788664, -0.16394076289685217, 0.17278963698716066, -0.35121261574085433, 0.1254376193721958, -0.12957576796560855, -0.00017678640935367854, 0.0014232435511548544, 0.0009399557137414756, 0.06961733847952507, 0.0019782587687393683, -0.001230013543563968, 0.00047408392020912335, 0.11999471788313174
23, 2, 1, 0.9429402971206151, 0.05664735902899338, 0.0003571893563616797, 5.515449402983879e-05, 0.4140171687156101, -0.5306576522227235, 0.594818935650564, -0.004484714233899356, -0.170688195408969, 0.305105264586495, -0.05428236489890307, 0.2503606969850086, -0.12016079418748762, 0.3219928291136799, 0.04516228286170051, 0.0020311103560959947, -0.0014914625505020056, 0.0009246599149131988, 0.0708001548338549, -0.0008059937766469637, -0.00014648672472503149, -0.00040657918574566935, 0.11999471788313174
24, 2, 1, 0.9420663581399282, 0.05751785367915047, 0.00035960375397150964, 5.618442694967422e-05, 0.47678372197920565, -0.3705842887610074, 0.3519762978567574, 0.1681129426950312, -0.21353122930414142, -0.04574179432974126, -0.13911166337335865, 0.19477469984265797, -0.18424679612311018, 0.3645040433343631, -0.0011349590387650487, 0.00026992801903368826, 0.00026375686299156295, -0.00010060464898089077, 0.06929483518029941, 0.0009465604251562671, 0.00015129160223365204, 0.0006494695561305407, 0.11999471788313174
25, 2, 1, 0.9421160882825038, 0.05746764167009182, 0.00035993784708239523, 5.6332200321972486e-05, 0.35342688896416485, -0.28210446279605106, 0.4562315416595092, 0.04132930287252954, 0.01294721510789385, 0.13637379209679973, -0.10427028258251395, 0.055325663411139, -0.4001411562541571, 0.24230680283360484, -0.0720860966206828, -0.0003131357311849297, 0.0007543406873087525, -0.00017954516923210072, 0.0707388853484032, -0.0014818466112407967, 0.0004567114318976428, -0.0021376473734400206, 0.11999471788313174
26, 2, 1, 0.9420947549266353, 0.057489401531783765, 0.0003600082838756325, 5.583525770540788e-05, 0.62805441672239, -0.47517455226171307, 0.3708491761416267, 0.11924102717332048, -0.1904928678823659, 0.21979288104997918, -0.15961647295401146, 0.13893435122280362, -0.3545815700542539, 0.1316925845667721, 0.1267712106003556, -0.0010029988408155723, 0.0010098912928990411, -0.0011581727992091254, 0.0714207156669627, 0.0009320100743784419, 0.0010283213405308403, -0.0009585479501893968, 0.11999471788313174
27, 2, 1, 0.9391667876299401, 0.0604072378567627, 0.0003664098963784341, 5.95646169187306e-05, 0.3805525413989914, -0.44507510904696135, 0.3539408076725533, 0.10729146159486658, -0.24275995148715554, 0.047296533170135616, 0.028256221459986387, 0.2343521313992359, -0.3249017090629934, 0.3376105353462349, -0.02147251869384072, 8.14477211762029e-05, -0.0004185476617967836, -0.0002466537200997222, 0.07214766039894893, 0.0015127449405948506, 0.0017776534666516489, -0.0004992375777258292, 0.11999471788313174
28, 2, 1, 0.9389264561960248, 0.06064658315119862, 0.00036713934576745844, 5.9821307009076224e-05, 0.4508282584916607, -0.4895107206351453, 0.5595810547658198, 0.15128958950615337, -0.1522722134834204, -0.0459350679559797, -0.2521382217371719, 0.2991889379319422, -0.1855091490813603, -0.08786821958323024, 0.07376884479284093, -2.3426817261268624e-05, 0.00010717634997153936, 5.2428453384459814e-06, 0.06925953042397522, 0.0009450340422795637, 0.00030618286007488615, -0.0009518302006565969, 0.11999471788313174
29, 2, 1, 0.9389265707388422, 0.06064670507772381, 0.000367139673950766, 5.958450948316153e-05, 0.4012800551910032, -0.4296381728103661, 0.53909306689366, 0.20277358852370586, -0.26667155319350644, 0.23406565442320212, -0.06253750958619597, 0.3848369813229203, -0.1502723730954562, 0.30446333641334117, -0.03951310330356652, 0.0006819630847412316, 7.118109255536181e-05, -0.00033960180173264563, 0.07023634026366697, 0.00034988190268089175, -0.0018189686509226862, -0.0005750718084415394, 0.11999471788313174
30, 2, 1, 0.9385181980020553, 0.061053107958885466, 0.00036848316204254894, 6.0210877016666376e-05, 0.5048261595783957, -0.2453314415192624, 0.3244990650326138, 0.06609354847247398, -0.17782211744290766, 0.09145390081476656, -0.20563083506653523, 0.2441830768634628, -0.3119517990482469, 0.32909004035097017, 0.06259369987593051, 0.00044006083157978836, 0.0007901841405449774, -0.001418655834041525, 0.06966230033319806, 0.0004942445496940723, -0.0010838904811755197, 0.0011920780312563053, 0.11999471788313174
31, 2, 1, 0.9384889696101827, 0.061082170780079145, 0.00036860060028978973, 6.0259009448486414e-05, 0.556696676654734, -0.3887591694957484, 0.3514367069837888, 0.07005040945274257, -0.12882090844563993, 0.1841996945079315, -0.30947350144215047, 0.3011078537521013, -0.21019070809593426, 0.29386871565446143, -0.034104781646019405, 0.00016342707362866765, -0.00023629456903422118, -0.0008504578108193561, 0.07047333894801448, -0.0003413586771018873, 0.0006863254000269766, 0.0006071609912017947, 0.11999471788313174
32, 2, 1, 0.9384878479654534, 0.06108328713789273, 0.0003686060944855099, 6.025880216837563e-05, 0.36007120206565774, -0.35476737022960614, 0.43352844312871974, 0.24413981479181687, 0.07724590167987352, 0.25383684347039015, -0.11099434957702255, 0.23990118469261673, -0.27028954095442365, 0.3663072354678, -0.19614871484969537, -0.0006542548240292995, 0.0006431990760677318, 0.0005704044167988219, 0.06942605796363996, -0.0011965648240963582, -0.0006871219508787619, -0.0009464828844886171, 0.11999471788313174
33, 2, 1, 0.9381772672486656, 0.06139252795937655, 0.00036956354494196937, 6.0641247015932134e-05, 0.4302591755473034, -0.4044893746557926, 0.4048434010361911, 0.1380767733797957, -0.12481931766796717, 0.08717965692437316, -0.17536164531598378, 0.33920449212123804, -0.04393352185756487, 0.3268391292492619, -0.07818152106892073, -0.0003660874155678196, -0.00126222319726458, -0.0010903874619074588, 0.07072049765918059, -0.000466134345891025, -0.002155581608793793, -0.00011658047310795239, 0.11999471788313174
34, 2, 1, 0.9376902474054576, 0.06187782198853278, 0.0003706586448410759, 6.127196116856466e-05, 0.5329898357982605, -0.2754232239587745, 0.2559076838450179, 0.11112757666606772, -0.1513508872972737, 0.05490057077249744, -0.0639247374565358, 0.24747450824123315, -0.21447194149709134, 0.02660881979224401, 0.23823271116177064, 0.0015158461814928485, -0.0008491793883836883, 0.0013807794452381076, 0.06948493927886404, 0.00023460246259007306, -0.0009850875982512516, 0.00018803167680689657, 0.11999471788313174
35, 2, 1, 0.9376203067770955, 0.061947474892940745, 0.0003708597961984863, 6.135853376537443e-05, 0.5303464806409769, -0.27304392758463236, 0.33671803887588103, 0.08333260297309301, -0.15418629960778488, 0.12151631619457821, -0.14996876364097528, 0.32122550826651397, -0.2552846463578985, 0.27048021467538796, 0.11530447943140379, -0.0006877718135194924, -0.0005912623871075758, 0.0005693702371033667, 0.07079139743972258, 0.0019868796521214692, 0.0009668617778647623, 9.260104700279031e-06, 0.11999471788313174
36, 2, 1, 0.9372589936015281, 0.06230677302281693, 0.00037229659015672334, 6.193678549826723e-05, 0.39993011063605255, -0.14475730726771313, 0.48412730623815003, 0.21384315275351065, -0.15489117329568994, 0.13501654127642476, -0.19380403656254508, 0.32418178289680083, -0.480756829203114, 0.20705365323888775, 0.17368448379448992, 0.0019354993121966434, 0.0004158241112168833, 0.0002726303163117894, 0.06957687823033551, -0.00032214254979789496, 0.0005471793757123009, 0.00041340306450239904, 0.11999471788313174
37, 2, 1, 0.937262278789158, 0.06230379277049607, 0.00037229862560423207, 6.162981474176692e-05, 0.5207465086820667, -0.37345919062813837, 0.46914575948987486, 0.010238608749398304, -0.1091499229439975, 0.24964356907425572, -0.017380340279149607, 0.0939763742681647, -0.1653209023005494, 0.33868331823230113, 0.004389369883718866, -0.0002564670088800119, 0.0008478269140782861, -0.00014715150734578335, 0.07130857483825914, 0.0004700701653462228, -0.0005547592916264508, 0.0008785685496883012, 0.11999471788313174
38, 2, 1, 0.9294006937067465, 0.0701398071940102, 0.0003882775875640446, 7.122151167930621e-05, 0.29424829577098155, -0.30911108144397603, 0.31621017524107253, 0.28075361423939615, -0.10902478413967216, 0.021972785141362618, -0.0885155619115205, 0.2126966096258264, -0.28185608332943046, 0.17681798466782328, 0.21389041852783097, -3.956106006121787e-05, 0.0017609326950297735, 0.001199457630194351, 0.07041101036159034, 0.00043627892269718126, 0.000905046351192692, -0.0010083317040852102, 0.11999471788313174
39, 2, 1, 0.9292578871605224, 0.0702821418149299, 0.00038860933772117323, 7.13616868265003e-05, 0.2804671190294969, -0.3755382699795194, 0.4642511672051051, 0.26666328525532773, -0.22810811480795506, 0.10505483371591562, -0.15154565133939893, 0.15665641564537783, -0.29856360998648823, 0.17709589716518215, 0.1346195672667332, -0.0008236315167189999, -0.0017563412644753297, 0.0005465913092341927, 0.07011226882108287, -0.0007082264018022689, 0.00020954674727909954, -0.0006170991067541078, 0.11999471788313174
40, 2, 1, 0.9289271136371988, 0.0706115036280018, 0.00038954977266578004, 7.183296213365665e-05, 0.5139582880259239, -0.31671655332931925, 0.26850775245156067, 0.209824666409227, -0.25321815654440594, 0.014664908436319356, -0.1552783268920515, 0.33932102405075176, -0.13726006082217396, 0.18238090451476976, 0.2659946859225033, -0.0005127594972374331, -0.0008831191560788522, 7.978379950862369e-05, 0.07121258338574957, 0.0015004890742968378, -0.0013662053130021879, 0.0001269082649581209, 0.11999471788313174
41, 2, 1, 0.9292633844414252, 0.07027579240581631, 0.00038961641609722766, 7.120673666128064e-05, 0.37737648251035677, -0.23872817505570096, 0.5118523601399028, 0.23806451642032248, 0.04616551893844965, 0.24198886470069247, -0.012490051923638501, 0.10974158413219351, 0.11027759945916937, 0.24441839296306855, 0.060455388442769355, 0.0012468724145904633, -2.2535508922198234e-05, 0.0007496074852911033, 0.06901022133949186, -0.001522049818219059, 0.0012489295371739596, 0.0015132124317669023, 0.11999471788313174
42, 2, 1, 0.9285888542181991, 0.0709481053882485, 0.0003910578538891003, 7.198253966324571e-05, 0.3687048323858467, -0.16042768951581965, 0.3212215723711612, 0.16701102675950236, -0.3350047908315151, 0.15600261318378647, -0.06577688697387614, 0.010740901871321928, -0.29811924197369793, 0.2993378183334996, 0.014169749871196503, -0.0007737952526085258, -0.0006520775082567243, 0.0012397040830545176, 0.07114226483003519, 0.00018268593746137917, -0.0018221826113679208, 0.0008800637515309431, 0.11999471788313174
43, 2, 1, 0.9242777573648678, 0.07524786319674627, 0.0003989271909317822, 7.545224745415387e-05, 0.3389436222855876, -0.263189384470493, 0.4630554457701822, 0.10192740087510763, -0.20936189445545544, 0.03902796893557124, -0.07082606047069966, 0.09123214530970619, -0.14182428722092694, 0.11936658523078655, 0.074606865162067, -0.0023031441769653894, -0.0008537894268447378, 0.0010890874232077834, 0.07003914709165461, -0.0013767277167766108, 0.00031493942779754064, -0.0009890206034150956, 0.11999471788313174
44, 2, 1, 0.9198734326560427, 0.07963942359969077, 0.0004071158185569892, 8.002792570954163e-05, 0.48592870768997243, -0.31647824554164006, 0.28479373103704864, 0.11549136662340953, -0.10642163794676507, -0.030077249551991026, -0.05771162645650838, 0.20302093798221188, -0.16459068386067857, 0.08044616507805435, 0.04072801905455286, -0.001379800251531635, 0.0013276050462592598, 0.0013973397502297868, 0.07063886518264503, -0.0004959083548195457, -0.00043899664648922997, 0.0013493347775208188, 0.11999471788313174
45, 2, 1, 0.9200525573267294, 0.07946069795565369, 0.0004071747487538699, 7.956996886300203e-05, 0.48608787142692134, -0.22456316197578693, 0.5660030456198496, 0.025870798527854157, -0.024103563005634588, -0.006199386913837324, 0.006784353540867904, 0.09522423995115467, -0.09022815282534538, 0.28791048335354247, -0.019163773581052753, -0.00022235402957678226, -0.0003867562705839608, 9.081921033960465e-05, 0.0701116115628302, -0.001307167572671623, 0.0005973095432272085, -0.00039073937813296236, 0.11999471788313174
46, 2, 1, 0.9207045258913316, 0.07880839358694908, 0.0004074299413891279, 7.965058033030922e-05, 0.21333422600186197, -0.34160697972574366, 0.34595422044804847, -0.008900955972393399, -0.08503049076975155, 0.13121402500703677, -0.028109352500057104, 0.28175032543015194, -0.06468035731912306, 0.1924074256595398, 0.01722903631864673, 7.502606744051907e-05, -0.0009004107244759179, 0.0021277692519176676, 0.06959581091671059, 0.001387624308803611, -0.00010145132240364787, 0.00045251137465629243, 0.11999471788313174
47, 2, 1, 0.9207500125923475, 0.07876302079628399, 0.00040744402315038837, 7.952258821814832e-05, 0.23134607880046634, -0.22070004030198986, 0.4866493114738367, 0.10406323786200367, -0.18641205610177047, 0.25490180931615203, 0.083687579858569, 0.01014061162488793, -0.16947809055306234, 0.17404900647229463, -0.11111015373012438, -0.0007926574559772307, -0.0006327467794519108, -0.0006721614762791102, 0.06945471088505478, 0.0029783665518274605, 0.0026550569869157807, -0.0008002466177628901, 0.11999471788313174
48, 2, 1, 0.9205350771423629, 0.07897761448652726, 0.00040786514522992735, 7.9443225879757e-05, 0.4362844115749994, -0.4148226624967421, 0.41355815997090495, 0.009152889754121629, -0.17406395918050777, 0.12692444015624554, -0.030510337168860247, 0.15995606342634255, -0.11472231922567397, 0.23189900793127588, 0.016008886870336598, 0.00044039405559102477, 0.0011290709627162425, 0.0011999589070975569, 0.0694062194883175, 0.000405369179075986, 0.0020440888292991123, -0.0010950141669427815, 0.11999471788313174
49, 2, 1, 0.9212792163536516, 0.07823357012537857, 0.00040811917001108277, 7.909435095881663e-05, 0.22808126266218584, -0.37325501014738516, 0.46452551283410576, -0.04982626513934465, -0.06577737772856726, 0.1193802371959698, 0.06786865487959, 0.15033567032126374, -0.12024730110502817, 0.09761428867159382, -0.07832994744909179, 1.6642372542912597e-05, -0.001541943336045875, 0.0006503626486733984, 0.07027661250339265, -0.001919367455816372, -0.0005348656030627745, -0.001147865122531732, 0.11999471788313174
50, 2, 1, 0.9221134017835478, 0.07739902666316258, 0.00040839793798022383, 7.917361530936221e-05, 0.35576030346811577, -0.11939200424010543, 0.4535929507792137, 0.08016350529226948, -0.11576970465159639, -0.04017884659384352, -0.30888873385923254, 0.040994612316837695, -0.022118323254471717, 0.21285709008412956, 0.05258202812203866, -0.0007632506387008285, -0.0002486001288363102, -0.0016963017863464414, 0.06980664285718581, -0.00033282343159432375, -0.0010246628814105545, -0.0009189283598600689, 0.11999471788313174
51, 2, 1, 0.9136003940161279, 0.08587532297935549, 0.0004316829596243498, 9.260004489226623e-05, 0.2821867489548586, -0.27545640711332886, 0.2554180183903803, -0.15671018501004472, 0.058796319681571105, -0.04026764134147502, -0.12968331402696057, 0.031124286581655357, -0.14496348453746039, 0.24920934530124939, -0.1773551564873681, -0.000616706691963058, -7.233809989063382e-05, -0.000562359257248891, 0.0692143042984105, 0.0003069518088037885, 0.0009523481549141609, -0.0002538186765485468, 0.11999471788313174
52, 2, 1, 0.913561502209253, 0.08591363757536506, 0.00043200260566615304, 9.285760971577647e-05, 0.23747350218062963, -0.47473767056676197, 0.19915188831523395, -0.019021953776104227, -0.10339924189267369, 0.18763370769450663, -0.11435683211832082, 0.34969510718450086, -0.1958048488225538, 0.25397845272016156, -0.3147787919339077, 0.0004414137395783514, -0.0022579995798596856, 9.90058749360655e-05, 0.06898878221809998, -0.00010654640263793487, 0.001614756415746666, 0.0018184162311550261, 0.11999471788313174
53, 2, 1, 0.912938096425681, 0.08653423634163511, 0.00043392914433973943, 9.373808834416105e-05, 0.43382723635786585, -0.4191459446098774, 0.3357659515573776, 0.17448331977407228, -0.060329561380177574, -0.1373941988663098, -0.27256943922254145, 0.26770717480908923, -0.11897842234686373, 0.16897870447920807, -0.0789719844641901, 0.0024696518170806855, 0.00012617079784607138, 0.0005446061390025874, 0.06839031464789544, -0.0008186553188831165, 3.0067197616464095e-05, 0.0009461199480735275, 0.11999471788313174
54, 2, 1, 0.9129081935154773, 0.08656402825544107, 0.0004340011764459807, 9.377705263567732e-05, 0.19427584532557618, -0.14321864852289906, 0.2653953360549136, -0.04985151007215194, -0.22176902604256718, 0.019919413110655714, -0.1298939789844453, 0.23360352039637586, -0.23100572769984445, 0.47985952166033935, 0.057074065504136684, 0.0004891395379460412, -0.0009430405967284815, -0.0007674117949522106, 0.0702603694620213, -0.00027329267751485684, -0.002112777966997309, -0.00040540015998000937, 0.11999471788313174
55, 2, 1, 0.903999725194797, 0.09543633035996203, 0.0004566088977602122, 0.00010733554748080573, 0.22676924660745895, -0.31288642262697974, 0.21660372044916038, 0.1448433293378138, -0.09690692340853808, -0.0820004495780459, -0.27389025475323636, 0.2054486777001184, -0.24856903398617253, 0.3050398004284241, 0.050735070783627226, -0.0013725830531414642, 0.0006829592545768641, -0.0004482040211253557, 0.06891458785067422, 0.0009039320956232911, -0.0015090736343619487, 0.0017244396126430447, 0.11999471788313174
56, 2, 1, 0.9040257920353576, 0.09541012703497881, 0.00045670577062665934, 0.00010737515903706933, 0.16897580952509592, -0.1449629746006274, 0.33841570033368107, 0.04128073405431045, -0.017114760932902994, 0.11093087069432887, -0.07170531091189006, 0.19578300636998783, -0.15828251416088018, 0.2038808715831799, -0.03189672464505035, -0.00033450276883841045, 0.000572547243915802, 0.00014542740556035275, 0.07115147789024119, 0.0008461610375942629, 0.0017045176956204246, -0.0009051038146967985, 0.11999471788313174
57, 2, 1, 0.9038428887236984, 0.09559224568874966, 0.0004571285491192774, 0.0001077370384326395, 0.2262647122066801, -0.23529668919367902, 0.18964670133908557, -0.06788355539737748, -0.21507691833904108, 0.14766886457962405, -0.025153478905341642, -0.08041456246357612, -0.22115474442056024, 0.21837468476376296, -0.04544452743564632, 0.0006125786949233684, -0.0006886387081494, 0.00032893886694896225, 0.07154981636677984, -0.0009431456526990277, 0.000906184034611681, -0.0004857782815456257, 0.11999471788313174
58, 2, 1, 0.9038392626047329, 0.09559586807648796, 0.00045713598450800356, 0.0001077333342711647, 0.3560789487958095, -0.23609315473103137, 0.3115472521416781, 0.10299475871783752, -0.07827090351821242, 0.20350738037244182, -0.10859375457297729, 0.31945363458711656, -0.061098448887902966, 0.14540883111437242, 0.17131392917795632, -0.0020017695890929823, 0.00016453871328044885, 0.0013377748861867435, 0.0728722080141559, -0.0002088392037951924, -0.0016666251418607832, 0.0008123110410453328, 0.11999471788313174
59, 2, 1, 0.9038311287210102, 0.09560406677219593, 0.0004571550828103727, 0.00010764942398338308, 0.21564075434510674, -0.1540328137883147, 0.38243138171178537, 0.10337032716967229, -0.15366154491263115, 0.21999932149408347, 0.09878507741865832, 0.30767841020646836, -0.22984525416268697, 0.21843052022325674, 0.0019292801501196277, -0.0012710635331727109, -0.0008151271285064069, 0.0009690460410970719, 0.06914587398996112, 0.0005704003421229038, -0.0025800461966442767, -0.0005704134344939354, 0.11999471788313174
60, 2, 1, 0.9038550152850018, 0.0955799839375609, 0.0004572626999719893, 0.0001077380774653237, 0.2231197372638757, -0.20398881232290514, 0.25922772991523574, 0.2954479720730812, -0.0895146087768923, 0.18124431533289784, -0.17919876394717757, 0.05610678881900152, -0.06506650665060404, 0.14504908954899035, -0.032356294401617705, 0.0009511967725487023, 0.0007593642857735536, -0.00037774651024840823, 0.07053740999390702, -0.0009926122824899233, -0.00016326403876494984, -0.0007090374241783776, 0.11999471788313174
61, 2, 1, 0.9037448512111951, 0.09568937724328651, 0.0004576527475245665, 0.00010811879799385318, 0.2663838705175513, -0.19148193062208868, 0.19602731005013294, 0.13555532296596748, -0.1617168191127411, 0.19362456972883174, 0.008121700142074362, -0.014308693220385194, -0.1595066401849901, -0.04180283668348115, -0.11291835819334521, 0.0010603788572483299, -0.00030614232135834014, -5.745748831059486e-05, 0.07067556114175572, 0.0021481363924120028, 0.0010639539592183838, -8.993522848040644e-05, 0.11999471788313174
62, 2, 1, 0.9022639789320014, 0.09716574302961206, 0.00046045167528719304, 0.00010982636309939472, 0.2669704851530249, -0.2043438954694571, 0.24665088444053734, 0.09598920998262286, -0.005749398028472852, 0.03486110321222741, -0.16876693454105918, 0.1169847807543698, -0.214785846038508, 0.15981571725692575, 0.09597301834774222, -0.00038447050000555956, -0.0008670005045940456, 0.0017402367466140384, 0.06790648813586916, 0.0009299192447464596, 0.000672553423497131, 0.001611270492770101, 0.11999471788313174
63, 2, 1, 0.9018320523960307, 0.09759622306172983, 0.0004613852219142686, 0.00011033932032516743, 0.22427475158020066, -0.27347782257969394, 0.36528570402601535, 0.07342483319553053, -0.10141938190307373, 0.12815303830822172, -0.14499175270987683, 0.23537595994725208, -0.21874346516796833, 0.156449152671587, -0.06403006324210878, -0.0013212784341897058, -0.0004337835074348778, 0.00023829341726113481, 0.06996683126458798, 0.0017570853392821911, 0.0002621455398510168, 0.0012054261936769268, 0.11999471788313174
64, 2, 1, 0.9040565196997029, 0.09537225077115538, 0.00046005797337793976, 0.0001111715557638237, 0.0922329654648945, -0.07649542595625743, 0.1116907849802397, -0.020304033480588558, -0.08576952109629984, 0.14292442936805522, 0.010430290730279346, 0.09763644921383821, -0.15691406523944387, 0.12819936952644057, -0.040056383847620426, 0.0015713639137547835, -0.0011774941620066332, 0.0001488033042973431, 0.06818444020764117, 0.001130143753909393, -2.142812494239715e-05, -0.0012276545913972434, 0.11999471788313174
65, 2, 1, 0.9028992705361906, 0.09652347453044806, 0.0004635917565107466, 0.00011366317685067382, 0.2511934028881275, -0.2237182531576493, 0.1960434757410217, 0.16628908747635412, -0.21097331703632882, -0.028974016531371903, -0.07954817762728997, -0.14523621356238198, -0.31115092754445084, 0.3011461738060507, -0.21597424081636035, 0.0003852601719605235, -0.0004101459787625333, 0.0010340823955386634, 0.0691484878232939, -0.0013070398025320585, 0.0006613189763909849, 0.0005574366781582038, 0.11999471788313174
66, 2, 1, 0.9024188891324558, 0.09700244532567388, 0.0004644490405848276, 0.00011421650128555523, 0.1423318146891271, -0.06743294831776796, 0.26516430124338386, 0.20500054235831816, -0.0814052237375151, 0.07300480888395611, -0.14553261302641882, 0.08586021895102215, -0.08477804598385286, 0.09693915287132086, 0.11351141949249263, -0.0006983642124527049, 3.0902473973777615e-05, -0.0008583154696436554, 0.06929591523374706, -0.001713410558548534, 0.001048246019201535, -0.0004791466679110592, 0.11999471788313174
67, 2, 1, 0.9010754833751234, 0.09834180688792399, 0.00046695869856323955, 0.00011575103838918209, 0.31101970203918655, -0.1429358429309661, 0.1882363894036032, 0.00017521565559017738, -0.09337031561385065, 0.0009691792108960318, -0.16864274989146044, 0.2275158213348754, -0.040400047585122556, 0.08383084145408051, 0.1378018268355966, -0.0002553181986556336, -0.003063090887112683, -0.001255574731256048, 0.06976618352295368, 0.0004084513673961457, 4.383290761329074e-06, -0.00025802113162749313, 0.11999471788313174
68, 2, 1, 0.9011175996182743, 0.09829970109613734, 0.0004669309310503193, 0.00011576835453810714, 0.21272150136213344, -0.25796856210957725, 0.09726087507763219, 0.09661346777219332, 0.07729326673604535, 0.35220305104126415, -0.14430522267512874, 0.12304715159024286, -0.30164505989247753, 0.05631180503965886, -0.06651864190806715, -0.0007871043721242607, 0.0021804290290153277, -0.0010597878426062259, 0.07017800531921298, -0.0001988696595579798, 0.0015732873565809408, 0.0004923783297779516, 0.11999471788313174
69, 2, 1, 0.9011158614739005, 0.09830143910637522, 0.00046693619641333237, 0.00011576322331092331, 0.17552557623614304, -0.33879265796745617, 0.3888629268675765, 0.17212036631173416, 0.001680352528687612, 0.2914269936523836, -0.16131079313899543, 0.19951450848379643, -0.1679258007548221, 0.12251211239449052, -0.03331895643104453, -0.00024498249977113423, -0.0004068844733555732, 0.0006357553596873154, 0.07123513752031742, 0.0006867895703275672, 0.0004906450686742842, 0.00033280614192958093, 0.11999471788313174
70, 2, 1, 0.9015719792791903, 0.09784548042177046, 0.0004670394116527274, 0.0001155008873865195, 0.2390598565462853, -0.16548930336607665, 0.3265097601721323, 0.17786098676043274, -0.13683847484801628, 0.1782699297104715, 0.07652067097539672, 0.06620635057766197, -0.06490280298225655, 0.1581536922445183, 0.021404454088290496, -0.0001733500859605745, 0.00013150849254174512, -0.0005261685009665229, 0.06808029738149828, -0.00030305164230497167, 0.00035474869223578687, 0.0011747209502886826, 0.11999471788313174
71, 2, 1, 0.9016719146090744, 0.09774601097094243, 0.00046708872564563895, 0.00011498569433762219, 0.2997314562588125, -0.2468483678415895, 0.19125263253848884, 0.03298397552870498, -0.10795903210201599, 0.14832474549110153, 0.20149458410840487, 0.020797562530473178, 0.007123208322939711, 0.06967078886772948, 0.013466298119953285, 0.00012792683764391516, 0.001506993660785942, 0.0005745000645995659, 0.06870996495126118, -0.001084388578620117, -0.0002675012681629713, -7.296737945355282e-05, 0.11999471788313174
72, 2, 1, 0.9040127590274778, 0.09540738898544548, 0.000463644837119354, 0.00011620714995740936, 0.1266250946757135, -0.10701388052746238, 0.2182535227233407, 0.2810467981500861, -0.18390480615336674, -0.033497220132161123, -0.2778478031125964, -0.14567317133100674, -0.09228135310294722, 0.1083501484505643, -0.06996955226679157, 0.0005437650157541359, 0.0022090134858941384, 0.0016147160544757986, 0.07100063687839467, -0.0017197620583410452, -0.0010451037630944467, -0.0006033222668322764, 0.11999471788313174
73, 2, 1, 0.9035259988275798, 0.09589290123605466, 0.00046440579431187505, 0.00011669414205372831, 0.27696846420926036, -0.024033843840830894, 0.20128364365197693, 0.12807712451039505, -0.2808372503206404, 0.0923975658108324, -0.09081664667864192, 0.13824560364242883, -0.06733693632902371, 0.19059866992233737, 0.06310702809957928, -0.0009579647688932539, 0.00040313300459682836, -0.0003326839499625055, 0.07100495021700363, -0.0001647561417315693, 0.001818390945209291, 0.00020531357772248836, 0.11999471788313174
74, 2, 1, 0.904153264341228, 0.09526728289481412, 0.0004624026747514589, 0.00011705008920641949, 0.09004271955963136, -0.18834997227657554, 0.20805370650881008, 0.07781299673520414, -0.15520343578449863, 0.16882844559830285, -0.09151223565959628, -0.1342190118214095, -0.12303576420108228, -0.012743095990563868, 0.16294097795529056, -0.0007803566858310554, 0.0003094135727152562, -0.0014469981473615382, 0.06827389162141387, -0.0015367877355733294, 0.0005022838835822891, -0.0009037335950564952, 0.11999471788313174
75, 2, 1, 0.9039612860713615, 0.0954587823779354, 0.00046251147689551383, 0.00011742007380755284, 0.083016913238361, -0.15705701557845358, 0.003105326616341597, 0.059109797740494775, -0.04264048040340701, 0.15232019787318585, -0.19129209886524778, -0.020198039915446043, -0.1886678473067977, -0.044947607690750326, 0.17056726693404894, -0.001054750873477202, -0.001185575479877816, -0.0008395951815310633, 0.06926416940523007, 0.0006795703936736372, 0.00038470762755038706, 0.0010232932948742784, 0.11999471788313174
76, 2, 1, 0.9039922490382928, 0.09542784282538859, 0.00046247044880208104, 0.00011743768751650544, 0.34048593206517597, -0.09010754394689617, 0.20919956491540095, 0.17245344421989905, -0.04910687655105951, 0.20582930560838814, -0.11881136468372899, 0.027324385951213635, -0.24834732391495834, 0.13984385481490297, -0.07150123945097452, -0.00019840428446116096, -4.514004405755718e-06, -0.0011897786294022556, 0.07092457999204121, -0.0006564782067013008, -0.0004772418818724585, 0.0006256981307354556, 0.11999471788313174
77, 2, 1, 0.9027811366885305, 0.09663643095702874, 0.0004620848857852221, 0.00012034746865544024, 0.0951206179804033, -0.03223298581791183, 0.062165491519174165, 0.10530664626520272, -0.06523426274286599, 0.05167798615615633, -0.22528664135079932, 0.039845774820317745, 0.05449586480624321, 0.08707709281130935, 0.07259819132701877, 0.0017246074600912123, 0.00037404332914218856, -0.0012188727764745298, 0.06921140874250672, 0.0009379700615718998, 0.0001836722304437411, 0.00019043527498566215, 0.11999471788313174
78, 2, 1, 0.9027520091746242, 0.09666546357739657, 0.0004621391021982545, 0.00012038814578101062, 0.20520290959370774, 0.0009997558285172125, 0.11202199539157545, -0.0023758296324211336, -0.10145594042399109, 0.1244996729298464, -0.090250596915339, 0.4575923987816183, -0.1443937589594256, -0.02172200372702533, 0.14254940831349933, -0.001287827806320668, -0.0011955060437118129, 0.0011534934089710456, 0.07059534358688666, 0.0008268647572166129, -0.0015049097403718847, -0.0010823342993585105, 0.11999471788313174
79, 2, 1, 0.9027480269698602, 0.09666980293924521, 0.00046178358392133295, 0.00012038650697328533, 0.1076046495552239, -0.012584795379932045, 0.17212970967885724, 0.15480132954719222, -0.3265516413516159, 0.2440473824500991, -0.014393611344696055, 0.1143472581916061, -0.12104148775795869, 0.02333013745482019, 0.11885216399044793, 0.0017944636112336339, -0.0010766882336241195, -0.000378605971304938, 0.0704491314655536, 0.00014269504073544283, 0.0009569546642038361, 0.001111864367058043, 0.11999471788313174
80, 2, 1, 0.902136097080165, 0.09727995652551023, 0.00046256008803887463, 0.00012138630628578556, 0.045409787876277086, -0.25408523143603634, 0.05780599966186598, 0.19819692772127667, -0.1772196855229829, 0.14788590148349257, -0.2160232278558733, -0.08512258174716528, -0.02673859850215028, 0.14120953066203706, -0.08767410988396696, -0.0002677511234142415, 0.0008850354743462144, -0.00017711834714500473, 0.06984921217502932, 0.0019226089648537148, -0.0009965569969435147, -0.0012507175678916683, 0.11999471788313174
81, 2, 1, 0.9021545404249641, 0.09726435295386633, 0.00045972036493631505, 0.00012138625623318992, 0.1962384314760807, -0.034011807005990304, 0.13801768167722153, 0.03228077881364054, -0.23495010068332656, 0.26961660467978593, -0.06501425277984396, -0.09663269690439716, 0.020475127478009947, 0.2132831837040939, -0.00011025721616510776, 0.0010243376254489918, -0.0009959884517407214, 0.001120605365035154, 0.06912728416488875, -0.001685242135789567, -3.676023991131472e-05, -0.00048811837205349105, 0.11999471788313174
82, 2, 1, 0.8965208881393132, 0.10288319346908, 0.00046906271276934335, 0.00012685567883735692, 0.1229913842220948, -0.13029640135469409, 0.23716093284338094, 0.12858638485738774, -0.15291200710446842, -0.014108369011938127, -0.18824264368690774, 0.07220976521403899, 0.07504638300459202, 0.15799301835754004, 0.04726668629024201, -0.0018871304388867673, -0.0020061560419379846, -0.0010964141288751607, 0.07028538815463613, -6.796874149901828e-05, -0.000350033975642762, 0.0004913005560171943, 0.11999471788313174
83, 2, 1, 0.8963999479256288, 0.10300377333882, 0.00046921693532935433, 0.0001270618002219347, 0.06799773468865215, -0.09078327998578026, 0.17517375694706622, -0.05830552905280954, -0.156182601067636, 0.15606847094119994, -0.035072553312332375, 0.19316709425031747, -0.10243564549716547, -0.09396048398934752, 0.08703441322549374, -0.0012243843413714292, -0.0005963283039758665, -0.0010444703436389604, 0.0683572004366981, -0.0006274666777914969, -0.000161350659574925, -0.0010453688873022567, 0.11999471788313174
84, 2, 1, 0.8964086212953799, 0.10299540038228253, 0.00046878417814020975, 0.00012719414419735695, 0.18023403568245444, -0.1441387876030919, 0.08614279801035366, 0.054246226725648425, -0.03438741430608759, 0.1919557571507927, -0.016752919968750744, -0.03211471452439345, -0.1916587275899035, -0.07674114307092314, -0.07916038935084951, 0.0006177335984660129, -0.0010825240768667934, -0.00013133143440871684, 0.06995402018528317, 0.0004241813238582827, 0.0004640598963022308, -0.0009136111601234888, 0.11999471788313174
85, 2, 1, 0.897178014186032, 0.10222878479933982, 0.00046562011584045347, 0.00012758089878754558, 0.12083317954596147, -0.11549690743002047, 0.17209026188268828, 0.14830091705462461, -0.0550157635266182, -0.2532402292569257, -0.2123334111740321, 0.005905360484089806, -0.016117823596700432, 0.016230430631496505, -0.07765049656281535, 0.0003566924928656081, 0.000915523077470231, -0.00019446473812639438, 0.07089153646438554, 0.0005125945369437036, -0.003083082381470037, 0.0010588469875402015, 0.11999471788313174
86, 2, 1, 0.8972539661713074, 0.10215502345215065, 0.00046337319116289156, 0.00012763718537912841, -0.06972682124991222, -0.06385740534094653, 0.09261481320462002, -0.10682742131824512, 0.1571481291239023, 0.21142588538074794, -0.20213734767412594, 0.12430945180747491, -0.07455457527811014, -0.05496619991035023, -0.04442741389121233, -0.0005515844643829467, 0.001401133563821225, 0.001357987905493316, 0.06944210516548273, -0.00032705900931826023, 0.0020337822273292345, -0.0006738328757377422, 0.11999471788313174
87, 2, 1, 0.8973471906642695, 0.10206200560425838, 0.00046316780597386036, 0.00012763592549828274, 0.0787632195342142, -0.22020903678194426, 0.16559912119677775, 0.0891853978852731, -0.05332555587154667, 0.26257299030944364, -0.02849132546053499, 0.08708389281954834, 0.053358741036399995, -0.0774495041324564, 0.04547827693498079, 0.000215499000948699, 0.00037361428364148625, 0.0013094917374924819, 0.06982901703644048, -0.00010581970887502915, 0.000988312045571984, 0.0003579495213708967, 0.11999471788313174
88, 2, 1, 0.9026940233115712, 0.09671407322772423, 0.0004637304495711069, 0.00012817301113323762, 0.10886293757683094, 0.09732647771676453, 0.3207448945013211, 0.14022180281735422, 0.02082521693054056, -0.05150650400552004, -0.10175422975634556, 0.08437494146913124, -0.037762424443681844, 0.03269520601278767, -0.0758448208047244, -0.0004188637791021554, 0.000498626063326095, 0.0008115998819035835, 0.07183838423991988, 0.0006373929606554848, 0.0008051999596453278, -0.0016305022645693782, 0.11999471788313174
89, 2, 1, 0.9023535646513454, 0.09706388443939933, 0.00045243663674630034, 0.00013011427250898155, 0.14856394681472918, -0.13701637896532498, 0.11151711008710943, 0.23056825690924532, -0.1389887868561845, 0.08714918193681195, -0.11189434418285801, 0.004103545041096784, -0.1210047281784136, 0.044357157923494685, 0.1209131383596154, -0.0004150453131394675, 0.0008180084631878857, -0.0017683927235074754, 0.07094483033764593, -0.00029641804362039983, -0.0005143411533166699, -0.00039842478757689517, 0.11999471788313174
90, 2, 1, 0.901565080116248, 0.09785125772269274, 0.00045238124949838887, 0.00013128091156078628, 0.16760421278468782, -0.06952374032004927, 0.1087870374221244, 0.10067744498020961, -0.14961326410171566, 0.06612712665429997, -0.04688936569274007, -0.09990282129179916, -0.18478644259656168, 0.13637119059222447, 0.04247193469709433, 0.0012413157857182806, 0.001345670271637856, -0.0012299845019624045, 0.07016384749967716, 0.0017498523636148224, 0.0003595939128975626, 4.314717843559162e-05, 0.11999471788313174
91, 2, 1, 0.9015729961198292, 0.09784413483805691, 0.00045156591235601356, 0.00013130312975785782, 0.10380526962878504, -0.014130147449183816, -0.05431268876096294, 0.22442555254370466, -0.11511835329208224, 0.2939613786386526, -0.02985694728636844, 0.09206577711091332, -0.20926700300277218, 0.08682011093004441, -0.0107347914300459, -0.001766097313979364, -0.0007841652750273833, 0.0011857843220366101, 0.07091571141338844, -0.0002424742583246162, 0.001861875682835636, -0.0018541183893723754, 0.11999471788313174
92, 2, 1, 0.9016051143961719, 0.09781281788961084, 0.000450731619054422, 0.00013133609516295284, 0.059200685965675, -0.17840382553284823, 0.13489402222263333, 0.09588252457576973, -0.1447587824031316, 0.2601432866227858, -0.10348931881205795, -0.12879605156957247, -0.03947674133240926, 0.21779966018300895, -0.04684629184677708, -0.0006871330572756016, 0.000348059840049755, -0.0013426896374493045, 0.07084691882637313, 0.00027489585364068114, 0.0014394100809724498, 9.824485807092061e-05, 0.11999471788313174
93, 2, 1, 0.9006029750329818, 0.09881185121037452, 0.00045220035695896444, 0.0001329733996848541, -0.045472599495725644, -0.0743728046394297, 0.000570004967877924, 0.3442809445697164, -0.18303093271188092, 0.14368960602593625, -0.21788964100635727, 0.09461195360457378, -0.10568604858181671, -0.09672971512120046, 0.067916912048245, 6.407421086743144e-05, -0.0009608138305071184, -0.0008482562494617036, 0.06979310986229348, 0.0001031156874429923, 0.0011789098406675708, 0.0006504717221026539, 0.11999471788313174
94, 2, 1, 0.9002746189277715, 0.09913996053450992, 0.0004519689979880489, 0.00013345153973056846, 0.042417939140494965, -0.13273338928221134, 0.09081438173573929, 0.12414186734646426, -0.20157383050280564, -0.007353033305918166, -0.04709369797246206, -0.11092752860958562, -0.035834841540804616, -0.041360069667531814, 0.12738811173899084, 0.0003080951386133911, -0.00013291792161054813, 0.0007149311602385099, 0.07108343153775244, -0.0003556978078896679, 0.00018679153345575587, -0.00037521769130357044, 0.11999471788313174
95, 2, 1, 0.9003000884483443, 0.0991159240763127, 0.00045052501367131106, 0.0001334624616718205, 0.20784291697138535, -0.08936761991670024, 0.21476434335417566, 0.22586265219301174, -0.1576412577393873, 0.19421061146889543, -0.1552152388637606, -0.048493115927021005, 0.006569868280601396, 0.058742741422644185, 0.08410067045766473, -0.00022655598778393093, -0.0005874233644109816, 0.0006203160836861529, 0.06941999545782006, -0.0011345497793307123, -0.0011240585124967656, 0.0005757235470790161, 0.11999471788313174
96, 2, 1, 0.9004153592308398, 0.09900103066926809, 0.0004501122606449904, 0.0001334978392471372, 0.05680111735896613, 0.020505383459520375, 0.13039939243729975, 0.06972454952085923, 0.019410692131636088, 0.2390689237971168, -0.17037362623726468, 0.08057627636126216, 0.022433024948836783, 0.057554697166408056, 0.05123783925315943, -0.00010221287201509959, 0.0004828835408628498, -0.0020238439135908675, 0.0707906541104723, -0.0006489190298649179, 0.00046492923811519563, 0.001021138714205588, 0.11999471788313174
97, 2, 1, 0.8997485583240132, 0.09966603137492591, 0.0004509418640786815, 0.00013446843698215196, -0.07531241432100766, 0.1462671813826882, 0.06655545385328647, 0.13258709626265297, -0.1444159982805012, 0.06974360472998183, -0.05501977191723175, 0.12923629909344275, -0.006665535617060016, -0.03450442857850207, 0.17659171062777185, 9.462836490305186e-06, 0.0022805306422169994, 0.0017953366438529957, 0.06938060083907369, -2.9172339029301013e-05, -0.0013840292442737576, 0.0010364919923699424, 0.11999471788313174
98, 2, 1, 0.8997166269789292, 0.09969733610082465, 0.00045093557515812313, 0.00013510134508806616, -0.0013694964689343948, -0.14621124264334895, 0.028299778010310257, 0.1398721376936624, -0.0933239034654616, 0.06701569423403789, -0.22738999667126786, 0.049911473955157645, 0.10628297962694169, 0.12659005177712593, -0.04672328311839348, 0.0006697579415863201, -0.0014314722575654302, -0.0012009127809761405, 0.07016482475427009, 0.0012346007522919555, 0.0010663387628605432, 0.001377750589856058, 0.11999471788313174
99, 2, 1, 0.8997965323195347, 0.09961749516651987, 0.00045082043255961004, 0.00013515208138576082, 0.33778152671725625, -0.19712529282209462, 0.03919837095816921, 0.06980542337486659, -0.20300319485424606, 0.19079588476736578, -0.19305952348919794, -0.15073179737131362, 0.13217756606192452, -0.12227294276004827, 0.014765011984387686, -0.0003146004507457871, 0.00039270923978517873, -0.0009289720299878887, 0.06901307179046912, 0.0004513332803179183, 0.00018254678447233319, 0.0003425216932138769, 0.12640235817676868
