t, Event, Policy, P(still), P(random), P(reach), P(transport), o(t), s_a 
0, 2, 1, 0.8496667146682739, 0.0301496759057045, 0.12018325924873352, 3.1965390689947526e-07, -0.6886636538046538, -0.7269223013948536, 0.7066040301688801, 0.2557478241884364, 0.31010237959267795, 0.22355659626504104, -0.043069550696380854, -0.3875232248739987, -0.12432233494588099, 0.24626682424896895, 0.008644484255070145, -0.029983520069920177, 0.07841122343300985, -0.10214096591573911, -0.04425361097827921, 0.10194089018157242, -0.04074199212300379, 0.028084933118408244, 0.5002412431537069
1, 2, 1, 0.8496667556482473, 0.030146910534105176, 0.12018601890372506, 3.149139224063375e-07, -0.49945685258302647, -0.6546633901340555, 0.66184381790229, 0.4372481700126575, 0.3399670510524014, 0.1396908197634613, -0.14044671239012824, -0.3231589696499243, -0.28840599815300283, 0.2500795862887011, 0.16685210730032862, -0.0005912885433147644, -0.0006008583927106071, -0.001285608509132848, 0.09048179956882367, -0.0013720862946174125, -0.0011536467946583616, 0.0007460601901597725, 0.5002412431537069
2, 2, 1, 0.8521133107952223, 0.02741654619147851, 0.1204698276600587, 3.1535324046036275e-07, -0.4432376314723405, -0.7037149644546519, 0.4632361774153642, 0.2765310335819548, 0.07594825923109567, -0.0018131354048705806, 0.00015882108048588252, -0.17010118732219326, -0.2993701842750177, 0.4335601172120743, -0.0066867417471231875, -0.001093956276173395, -0.00035860211157738353, -0.0011958924937312762, 0.09078986202123518, 0.0002801218162551943, 0.00022046717307719032, 0.0004630142396990203, 0.5002412431537069
3, 2, 1, 0.8562565250249319, 0.0172156926215736, 0.12652746480933547, 3.1754415911988997e-07, -0.5290996347463928, -0.6558518040646917, 0.5225089458497871, 0.4316200642968819, 0.05265890752606883, 0.12129819959237928, 0.0022748366363805504, -0.2660112225990592, -0.43571542885333175, 0.32385398238512997, 0.10241024230255387, -0.0004695687532915737, 0.0004107098467117291, 0.0009980893549608194, 0.09053927267308366, -0.00035547174701277553, -0.0005643217035052985, -0.0007485377508826406, 0.5002412431537069
4, 2, 1, 0.8567963135636439, 0.015169051748037527, 0.12803431395470372, 3.207336146679291e-07, -0.5141579748209386, -0.6982705530331003, 0.5612721658262139, 0.4841221004374261, -0.05018642869770429, 0.17433268399732843, -0.08270361574779053, -0.178779272212315, -0.32105292398649243, 0.313834861415346, 0.13761617103474905, -0.0006483704427043649, 0.00027309886733567403, -0.00016727301544332203, 0.09084530724197461, 0.000364312797749065, 0.00041349099375744263, 0.00183690629189192, 0.5002412431537069
5, 2, 1, 0.8567982014260217, 0.015165862882763182, 0.12803561496221516, 3.207289998961359e-07, -0.49186765503292207, -0.5502892216653325, 0.6604343306893621, 0.25969741882217195, 0.038330648303778504, 0.11007458117814801, -0.03732570506770442, -0.3744955568833907, -0.29577292313980097, 0.409942609136011, -0.1664342540136702, 0.0008681679211980008, -0.0002862849336461028, 0.001304372070567055, 0.08928408608992879, -0.00039764880357488763, -0.0002995174101892009, -0.0003187317044003445, 0.5002412431537069
6, 2, 1, 0.8569078497769805, 0.014879444476918538, 0.1282123850181542, 3.207279467974647e-07, -0.5302702470961661, -0.47007043334263415, 0.6981764811943664, 0.5266429328522015, 0.15863071146456104, 0.04343781873455947, -0.23960580210472832, -0.3043482167891833, -0.5233297084740817, 0.2653396219567862, 0.16163957013755356, -0.0009956144034406569, 0.0008575278657520306, -0.0007846955319908974, 0.09115997010565433, 0.0009899048769799002, 0.0004310946556817847, -9.156515345085345e-05, 0.5002412431537069
7, 2, 1, 0.8569077244901661, 0.014878928809358745, 0.12821302597862813, 3.207218472174105e-07, -0.6560639270781153, -0.5061980909040142, 0.7052770841532439, 0.4895189346759398, 0.1535220958276123, 0.21212379463011505, -0.015843997502975205, -0.2264327429001769, -0.3587072884276806, 0.27763044506954143, 0.1798640749956168, -7.642619388591768e-06, 0.0006489913679375602, -0.00033281305418177755, 0.08882419769628676, -0.0018771529342921085, 0.0006161913645598242, -0.000282841487425102, 0.5002412431537069
8, 2, 1, 0.8569088349157519, 0.014792851255517712, 0.1282979927499, 3.210788304887588e-07, -0.5390079696468694, -0.4805022405835473, 0.5125878137640603, 0.45693278480523053, 0.08173656991170415, 0.24890240234564337, -0.11919956783295678, -0.3489596078801109, -0.1432922219936706, 0.2737341351691445, 0.00970616441692535, 0.0004761473006043397, 0.0005197690023454203, 4.6128751055876836e-05, 0.09173576352547334, -0.00018991710514401755, 0.0005648823320684265, 0.0012788468225814315, 0.5002412431537069
9, 2, 1, 0.8569091901572536, 0.014791650119268432, 0.1282988389885744, 3.2073490353532835e-07, -0.5392580808397407, -0.42215184676365836, 0.6520452076276178, 0.2992511926003615, 0.24601552724544518, -0.023554063181208607, -0.05179986992853604, -0.2773404961652349, -0.37053395336019984, 0.21809618604670772, -0.07729396734129583, 8.381082446800338e-05, 0.0006956945265135194, -0.0012124393951234622, 0.09060114718838153, -0.0013162371745851294, -0.0003126847946662823, 0.0011352643488167836, 0.5002412431537069
10, 2, 1, 0.857082744150737, 0.014545771605065021, 0.12837119598849198, 2.8825570597565924e-07, -0.6131852524834828, -0.5454840235405051, 0.6294008222312455, 0.6134123419289207, 0.01809556807665036, 0.032381333136227944, -0.16859552125108285, -0.17732346761554496, -0.2179021502671099, 0.22078959165544668, -0.1241445620419207, 0.001126246617769104, 4.1986713714317085e-05, -0.0011252025280349084, 0.09198253168373209, 9.395421001861173e-05, -0.00013150070866758512, 0.00032488489675252575, 0.5002412431537069
11, 2, 1, 0.8570827750338711, 0.014545421616888989, 0.12837151510238679, 2.882468529885626e-07, -0.5716102916534233, -0.38529073279892606, 0.51394601968727, 0.5764370746617258, 0.2014461734033139, 0.13305236936503878, -0.21379234979907236, -0.367978626100701, -0.3149286399895731, 0.40795062810487315, -0.020604305806224806, -0.0013500999772593828, 0.0010069217690985613, 0.0010398131050388553, 0.09012001597985135, 0.0005362364539269724, 0.0002499892897612697, 0.00045542135600715314, 0.5002412431537069
12, 2, 1, 0.8570936625016847, 0.014528742483852315, 0.1283773070419138, 2.8797254925501667e-07, -0.46589900173125026, -0.3209815359561142, 0.6964349056965873, 0.3691331025116498, 0.19804907311694525, -0.040460431831067976, -0.004835773163163836, -0.4047682470283675, -0.2692768068384915, 0.29989442774524405, 0.08006688481302118, 0.0007812245100584743, 0.0005349909101056632, -0.0008769929059553629, 0.08806494559635838, 0.0013157806955602235, 0.00022530174356473882, -0.0011187152839896043, 0.5002412431537069
13, 2, 1, 0.8570936736759568, 0.014528692205519165, 0.12837734870523393, 2.8541329000874205e-07, -0.3922539955717409, -0.471319931213024, 0.5064057330231182, 0.5994596163023026, 0.026633174591134977, 0.07880238854655361, -0.04573158027657365, -0.29806753360986105, -0.3784838637998584, 0.26054391151524864, -0.3856813117874384, -0.0005320915258799455, -0.0004227177460103316, 2.006969334370311e-05, 0.09055899302236761, 0.00013237575283937087, 0.002104885280637406, -0.00014391864201656403, 0.5002412431537069
14, 2, 1, 0.8692837192045798, 0.001400053412336939, 0.12931594033619892, 2.870468842567786e-07, -0.4476557927137458, -0.41467190551116573, 0.5411541865143853, 0.4561649646996293, 0.03193584722262691, -0.06837339013732353, -0.08797795421934765, -0.2873231421327992, -0.28316397564607093, 0.31320682119879983, 0.08838940915019622, 0.0008470053586459228, -0.0013086376770249622, 0.000741781672421524, 0.09093000602303095, 0.0010264039879649147, -0.0021959537081262482, -0.001899548613085595, 0.5002412431537069
15, 2, 1, 0.8692837474178854, 0.0013948738078152386, 0.129321089403003, 2.8937129635534196e-07, -0.36978212311460673, -0.5488777076684674, 0.45263854824509886, 0.29678892137905244, 0.2874687217907611, 0.11735636429459631, -0.05083449337877255, -0.22561407910424655, -0.22170763999450377, 0.15047052126954136, 0.09965979181151448, 0.003127246081508719, -0.00026609424938779663, 9.783621767166421e-05, 0.09087308178502117, -0.0008889423746823837, -0.0008171684550104249, -0.0015187250825894427, 0.5002412431537069
16, 2, 1, 0.8692914045330187, 0.0013526264832563705, 0.12935567462042052, 2.9436330438708073e-07, -0.5982849762966376, -0.3288100197583222, 0.43074121764657336, 0.5343156462962346, 0.1863993920553988, 0.04436664731958464, -0.10443728563927746, -0.18121619366953962, -0.35434050051101523, 0.18347635767716058, 0.07576902619859402, 8.130165613471267e-05, -0.001052796353527671, 0.0006978325471215625, 0.08935369668566732, 5.556646668980485e-06, -0.00021159270110203177, -0.00044051646286375824, 0.5002412431537069
17, 2, 1, 0.8692928311663264, 0.0012858634134315199, 0.12942101068798326, 2.9473225894086184e-07, -0.4814524005292874, -0.48993606585380045, 0.4034121320988248, 0.4443509229540251, 0.07027502973292306, 0.19980031272817583, -0.12621862369511025, -0.41343839269706234, -0.34033267503670317, 0.2613841165541325, 0.01623998592333085, 0.0006140075740334344, 0.0008849520728353181, 0.0004981743804842952, 0.08983470803790794, 7.906029152041828e-05, -1.2661373629123984e-05, 0.001219990387866229, 0.5002412431537069
18, 2, 1, 0.869294311288406, 0.0012542835814650696, 0.1294511105572965, 2.9457283253956737e-07, -0.16104369803629276, -0.6520209069608647, 0.6331813081367516, 0.5230671095949873, 0.1455094067953178, 0.17298588561103478, -0.0440988562008535, -0.3492154171511227, -0.23259759475699826, 0.15311889292868547, 0.10974702308339443, -0.001258323250441731, 0.0007446514094163446, 0.0013751355270127294, 0.09006550383858399, -6.714266440781088e-05, -0.0007586236800140958, 0.001065173656561082, 0.5002412431537069
19, 2, 1, 0.8693565810005285, 0.0009018874953988078, 0.1297412225051317, 3.089989410870708e-07, -0.4161011387039955, -0.3320601610100881, 0.417932519602265, 0.4282937252635433, 0.07214815825671697, 0.1333409649163897, -0.09465289085893444, -0.2360383866657048, -0.20929877676585615, 0.2634376024358975, -0.0696190148332072, -0.0006555493464501277, 0.0005790785260701956, -0.0036909597181522583, 0.08888328953274302, -0.000752644832119559, -0.00021560700792986028, 0.0011690003366708929, 0.5002412431537069
20, 2, 1, 0.8693563557367421, 0.0008996604510767604, 0.1297436748403247, 3.0897185642817405e-07, -0.46699643222195963, -0.293690444542485, 0.6797218808418124, 0.3753177993230505, 0.16095490263765255, 0.25438497904770135, 0.019601689230845355, -0.32854120698804207, -0.2106764518287058, 0.12360992444125221, 0.1410642193308444, 0.001744457347503558, 0.0010136836397343434, -0.0003166013094566905, 0.09067020379986876, 0.001514157668127909, 0.0010213075531494225, 0.001155462967273698, 0.5002412431537069
21, 2, 1, 0.8692368097559646, 0.000871170127753248, 0.1298917051956669, 3.149206150629684e-07, -0.5892762609317407, -0.39039736008898346, 0.5500584311424949, 0.42417496263829574, -0.07556775141094418, 0.20932291256981803, -0.1262624761832539, -0.02996224544228192, -0.23498960356282547, 0.16565604890688745, 0.11729935166589193, 0.00021117513711252882, 0.00024179623961319467, 0.0010831939751325755, 0.09084337876155199, 4.236077015185891e-05, 0.0011839736758213941, -0.0003130744533127908, 0.5002412431537069
22, 2, 1, 0.8684680683035607, 0.0008211489982377633, 0.1307104677365751, 3.1496162654450256e-07, -0.3617675001653577, -0.4561615329302075, 0.7146565349099443, 0.5314784091506478, 0.003297568416364571, 0.0541444551802598, -0.1621925323094199, -0.16792138246932026, -0.2561864869472659, 0.13958829881431115, 0.10402969186902836, 8.291173866230213e-05, 0.000723262330909318, 0.0009783414088065444, 0.09032417118330963, 0.0001505726933094437, -0.00022792140514286716, -0.002281878934164927, 0.5002412431537069
23, 2, 1, 0.8684680955144504, 0.0008207426926062193, 0.13071084961937066, 3.1217357267602383e-07, -0.3303524920489802, -0.5437541887020492, 0.71933428522428, 0.5404963634805762, 0.17614420437858672, 0.1416885738397184, -0.1756162493246271, -0.3214429126103396, -0.247099035967184, 0.17011201458043373, -0.04488216237947048, 0.00014349538965166024, -0.00031083034091963205, -0.0011750268471866655, 0.08960320969649507, -0.0017902713272011463, 0.0013546034788257586, -0.00019126875009105275, 0.5002412431537069
24, 2, 1, 0.868468098719897, 0.000820737818719932, 0.13071085128816612, 3.12173216892532e-07, -0.6086076825345467, -0.4103373415773116, 0.6104233474065305, 0.5363454144141966, 0.07392838852002613, 0.1350284644497926, -0.10107211941370683, -0.4357426837050937, -0.28084247276775687, 0.5766610543515837, 0.04507614039077186, 0.0013591748502985428, 1.8650949398564982e-06, -0.00025828106638909427, 0.09187787739927797, 0.0009596682839652681, 0.0011573286881124394, -9.845426277814135e-06, 0.5002412431537069
25, 2, 1, 0.8684695029221989, 0.0007530178901857903, 0.13077716630023697, 3.128873781682471e-07, -0.44076625509712003, -0.26389631677739783, 0.469541117886517, 0.5695905666079062, 0.1529914589341278, 0.060963625909793484, 0.06334306069737398, -0.2571876705831498, -0.19565060199598514, 0.3731418633009859, 0.11544136537517187, 0.0016048237456236236, -0.00017756931731120545, -0.0016427197676708856, 0.08804700608879218, -0.00036102007711070664, -0.0002697983912045113, -0.0004857821963343407, 0.5002412431537069
26, 2, 1, 0.8684784370924077, 0.0006993159926110249, 0.13082193832049227, 3.0859448906569134e-07, -0.42958885835471206, -0.44747992575843787, 0.6170075716091279, 0.42956095812844086, 0.05516393146324426, 0.11428934689415346, -0.28531416383033326, -0.3934643249233103, -0.22984179251941889, 0.16439933355316275, -0.09271454295030261, -3.9212142486547704e-05, -0.0012084259854834548, 0.0007423283905247174, 0.09057454300418827, -0.0009304121711934006, 0.000769132155496618, -0.0007412685644034983, 0.5002412431537069
27, 2, 1, 0.8684782420816359, 0.0006991039153014473, 0.13082234539995624, 3.086031063966732e-07, -0.3408539545819506, -0.2532339584916999, 0.4900429405303982, 0.5583174167060043, 0.045479642088854064, 0.3088443236923156, 0.015524103327254558, -0.13356281339576456, -0.3665600923985136, 0.32137956249881255, 0.2531998585057472, -0.00022406766511504734, -0.00027733479112700333, -0.00023457007154187412, 0.08993963204470785, -0.00014613443248293677, -0.0003478820000105184, 0.0005473963411123663, 0.5002412431537069
28, 2, 1, 0.868476736016133, 0.0006958244401784475, 0.1308271309512478, 3.0859244082606835e-07, -0.3459765455798199, -0.35982779873177884, 0.5208694648624828, 0.5242077072567853, 0.183986414025155, 0.1528095171301562, -0.04115840526997407, -0.3264484778701563, -0.14528777733447545, 0.13429207510852612, -0.009297874212819907, -0.00043176396396272225, 0.00010484226510637253, -0.002492921740709786, 0.08918141391226236, 0.0008942870336347296, 0.0013433053601626666, -0.00038270655035905647, 0.5002412431537069
29, 2, 1, 0.8684767482381477, 0.0006951467790392501, 0.13082777098264922, 3.3400016382334203e-07, -0.5014007229558648, -0.40830144779273264, 0.2561165408735838, 0.4837343472707226, 0.27722452137485176, 0.07014489394513097, -0.1878361895471427, -0.10940992039483369, -0.14954247258507358, 0.17098653063435237, 0.03999679901023075, -0.0003442305006680132, -0.0005766116580748786, -0.0002628847905071375, 0.08968947685609242, 0.0010780338567784257, 0.000457605710570418, 9.698715255751015e-05, 0.5002412431537069
30, 2, 1, 0.8684696275050978, 0.0006948561919791695, 0.13083518259932472, 3.337035983168021e-07, -0.4122975638794844, -0.3196043374400873, 0.4596412259063249, 0.6246291402991802, 0.06623152551276976, 0.2457912374378915, -0.00733950165426005, -0.28951170874159293, -0.18364458977020431, 0.1681010002302436, -0.09409923161249073, -0.0002747401842781601, -0.0003414658499681237, -0.0011437765480851435, 0.09057228419681097, 0.0023236900723613806, -0.001543207870376453, -0.00027682888236867174, 0.5002412431537069
31, 2, 1, 0.8684698742577505, 0.0006938280509448771, 0.13083596396321334, 3.3372809136874025e-07, -0.39090718219036763, -0.26487412545539024, 0.35166405443207205, 0.5261775055851036, 0.16087497839993348, 0.09503534520574572, -0.21584930909337796, -0.2374480639950723, -0.1691767487799394, 0.4503643214893744, -0.00775905598598498, 0.0013160463598618105, 0.00010768267017404726, -0.0006328770261882744, 0.09121271331848461, 0.00016045787311843657, -0.002164249144763346, -7.093430260019778e-05, 0.5002412431537069
32, 2, 1, 0.8684697481695497, 0.0006937964591358812, 0.13083612181324136, 3.3355807307957576e-07, -0.5378741199937144, -0.3400764918652148, 0.5025877974207444, 0.43809188030842455, 0.1346481982195259, 0.16056028683048668, -0.2750822776990011, -0.28675731852173164, -0.151981696017826, 0.215698468031626, -0.014514392441532084, 0.00022826760422546202, 0.0010656049955287698, -0.0016335607278288498, 0.09097902407355798, -0.0008205047971304583, 0.00041674243541410516, 0.0010671780841021241, 0.5002412431537069
33, 2, 1, 0.8684676991795097, 0.0006907953971913705, 0.13084117187409602, 3.3354920288794536e-07, -0.24962165983279125, -0.2273735124475686, 0.6369602251564872, 0.5740924010449112, 0.09250284449486149, 0.08204957843860425, -0.20416173282950895, -0.23657513730816487, -0.2837315376874546, 0.32237392052176095, 0.08826496905229723, -0.0009044784746536545, 0.00037205374952545, 0.002089283787939346, 0.09048894787613757, 0.0005182769390642236, 0.0008049617640265763, -0.0007713454498640876, 0.5002412431537069
34, 2, 1, 0.868461304664943, 0.0006900253728361758, 0.13084833480379746, 3.351584234612923e-07, -0.43328917789107885, -0.3111856462806127, 0.410858937465275, 0.6734938866100599, 0.03690329318880359, 0.2741392268224788, -0.09193242058419451, -0.18868633508048135, -0.0547584741085527, 0.28665523658119507, 0.015467303102934479, -0.0011702978510725948, -0.000784112934277819, -0.0003388166696107818, 0.09241291035637952, -0.00145042315418164, -0.001279872656789618, -0.0014515334398906108, 0.5002412431537069
35, 2, 1, 0.8684614122974551, 0.0006888176945057378, 0.13084943402590818, 3.359821310764817e-07, -0.3810774278763394, -0.3789628122399767, 0.43371902259869416, 0.5803444911074129, 0.2482723055813202, 0.0017207419731722685, -0.2214537751812813, -0.039958312892657014, -0.3012924777349623, 0.15372586971198982, 0.09233788874070406, -0.000799282179096033, 0.0008319904374980439, 7.523354056804488e-05, 0.08898249768665452, 0.0005601112408619721, -0.0012567359984604792, -0.00025955909640906885, 0.5002412431537069
36, 2, 1, 0.8684577639464065, 0.0006886962482841228, 0.13085320110345924, 3.387018501265307e-07, -0.30366064255590214, -0.4524365780624329, 0.2799892798225388, 0.5349019704370357, 0.10734403641191444, 0.08747668240164833, -0.11542577673451512, -0.09530671613933119, -0.11280589450491967, 0.36338584558749576, -0.09175843934147607, -0.00027850127075743634, -0.0016138207763225572, -0.0015640725961093619, 0.0900169706011557, -0.0002508742866770644, 0.0016300927313098253, 0.0013425591943235216, 0.5002412431537069
37, 2, 1, 0.8684676147810447, 0.0005116538038850479, 0.13102022690554863, 5.045095215296419e-07, -0.4938789393989719, -0.3608895381999913, 0.42037732159030705, 0.4385778960167131, 0.10095334474662168, 0.1372664862715564, -0.23776429975810628, -0.16227949798351368, -0.300568025955777, 0.17626215507937606, 0.18561288201476694, -7.1683593282888184e-06, 0.0003695737725587063, -0.0002737546195225061, 0.09006561563993168, -0.00023632128749034994, 0.0011281486957963696, 0.00028610396477791826, 0.5002412431537069
38, 2, 1, 0.8684648819214459, 0.00048167152951530376, 0.13105243939657016, 1.0071524686628065e-06, -0.38155864549805596, -0.3963168109860094, 0.2260678822243159, 0.35338838787997917, 0.15644990625485705, 0.03997508298270204, -0.19464827330521253, -0.19804030897368846, -0.22795165200672055, 0.0871364290185221, -0.04610882853462887, -0.0014042191740723426, -0.00060709127189361, 0.0006575745715362133, 0.09085839430747612, -0.00010399732600157205, 0.001385440894305273, -0.0007641319439351175, 0.5002412431537069
39, 2, 1, 0.868397588743291, 0.0004305663673349485, 0.1311707901201184, 1.0547692557185383e-06, -0.3827049611562058, -0.3457027378521683, 0.4726925433822241, 0.35647750311993615, 0.09025428334885414, 0.13302303630048587, -0.07806222960313439, -0.2164542808991686, -0.19828515031100996, 0.15906473682098138, 0.1442384004828955, -8.38595019751442e-05, 0.000270805903151876, 0.0003699603517721397, 0.09158977341227312, 0.0004637836314547538, 0.001353141527799295, -0.0014429279900839702, 0.5002412431537069
40, 2, 1, 0.8683980634688423, 0.00042802298001084365, 0.13117285873580523, 1.054815341443172e-06, -0.3721997229221776, -0.48330362427117607, 0.4819342952404386, 0.46644688126676803, 0.1329065307860473, 0.06395035469825976, -0.16021675761452672, -0.15036732330380262, -0.08613715650586273, 0.3534088811553519, -0.0042063022772641095, -0.0010541628184775416, -0.0017585098080457513, -0.0004795268081945334, 0.09039844883753032, -0.0005948029541611508, -0.0015566811172847723, -0.0002199014258771076, 0.5002412431537069
41, 2, 1, 0.8683970054622352, 0.00042541500281488955, 0.13117651278504927, 1.0667499006882622e-06, -0.4131578070742804, -0.33787256640631563, 0.4031412405609215, 0.539213823517982, 0.07057680550778614, 0.21918644804779172, -0.3122391527234961, -0.04356814200035235, -0.03831769293994529, 0.13060845469227766, 0.08120001958682557, -0.0002673993643777081, -0.000960193298460044, 0.00010566699724402878, 0.09000699851563168, 0.000899773905226701, 0.0007876072624795815, -0.0006015069068122602, 0.5002412431537069
42, 2, 1, 0.8683875295584599, 0.0004247960973035173, 0.1311866066044219, 1.067739814679962e-06, -0.3144737362910137, -0.3005112586464691, 0.4832136753948776, 0.6299772801722333, 0.09601380319024115, 0.19691733081966448, -0.21936400195669883, -0.31988505041797577, -0.0976440946484889, 0.09202964964124459, 0.04095260541571909, -0.0005355128240509534, -0.0007380291276582739, 0.00016651389762758524, 0.09064457127419025, -0.00017754174302260026, 0.0014412684568048668, -0.0017107820541705804, 0.5002412431537069
43, 2, 1, 0.8683875283480645, 0.00042477694784093034, 0.13118662650522758, 1.0681988670709388e-06, -0.32756569073801967, -0.46638391003537033, 0.23731701716732675, 0.4786334501162579, 0.2508546209206034, 0.20840097260519994, -0.16737225428386288, -0.04202204650258692, -0.22499501579352182, 0.11890789281950194, -0.03921885129260476, -0.0010427925499302548, -4.6418938634213135e-05, -0.0006589952399440511, 0.09100332157943528, 0.00015542292623814093, 0.0017174824890988775, -0.00047457524344264953, 0.5002412431537069
44, 2, 1, 0.8683875283480659, 0.00042477694764341066, 0.13118662652237892, 1.0681819117670484e-06, -0.37351660730158603, -0.4624251002861806, 0.353561649303004, 0.405421868185992, 0.32446453508262774, 0.20764073400124444, -0.38078635681360223, -0.13827135214790476, -0.13044612844697462, 0.10092761154782806, -0.1367814548474828, -0.0006372036327315399, 0.0010405544435610908, -0.0002079007206122326, 0.08927619297796106, -0.0012883235298022377, 0.00022497885068498524, 9.563049201244159e-05, 0.5002412431537069
45, 2, 1, 0.8683875272014236, 0.0004247760352405953, 0.1311866287267115, 1.0680366242963098e-06, -0.17055808688207552, -0.30550433216853984, 0.3168535042550479, 0.5519646388098117, 0.30196881930964004, 0.03243261054695935, -0.18456682554769893, -0.1609161640195968, -0.31969718796590985, 0.07454944432117336, -0.08327165553954363, -1.51593152390067e-05, 0.0007919927440965711, -0.00042273727375691353, 0.09024935226308252, 3.155737095702719e-05, 0.0022113044297861553, 0.00020416216383955895, 0.5002412431537069
46, 2, 1, 0.8683834201691941, 0.0004246611364768889, 0.13119085042543588, 1.0682688931098988e-06, -0.22335582872480267, -0.23193826496885803, 0.417064615546236, 0.5963640736743321, 0.018073560500864692, 0.037651225206712324, -0.16045075300142073, -0.135249352948005, -0.10115325074861162, 0.3292667154654897, -0.08394599122906475, -0.0016878449153610215, -0.0010597453676160658, 0.00035353310525551714, 0.08878187737460644, 0.0003625890267368558, -0.0017168896280203786, -0.00010827316337643255, 0.5002412431537069
47, 2, 1, 0.8683843099063518, 0.00039913073391814016, 0.13121519175231475, 1.367607415192798e-06, -0.3762361337685354, -0.07888597199436602, 0.3791894097293856, 0.6136260778963405, 0.15768644458319198, 0.010017060886613981, -0.24143949168465123, -0.15794371271271285, -0.09421908684441749, 0.16389517661649808, 0.1869404621058413, -0.0010519723071745497, -0.0006628149183583613, -0.0007150288569251754, 0.08982459602151086, -0.0003652313313258711, 0.0015095531964053133, -0.002144576728323704, 0.5002412431537069
48, 2, 1, 0.8683581165563011, 0.00038319758178273586, 0.13125719748923842, 1.4883726778097454e-06, -0.29592362863225546, -0.05982573476414599, 0.21241459501954224, 0.4736594171537929, 0.15024190383233793, 0.11717021866575958, -0.08493681757255152, -0.13824456027583903, -0.2952565416151298, 0.2600866409083556, -0.03300399429913079, 0.001555611674400764, 0.0009023502184334564, -0.00047966225995769155, 0.0899816080229035, -0.0008186285445098054, 0.00044098694507109905, 0.0005279878738499066, 0.5002412431537069
49, 2, 1, 0.8683165667721634, 0.00035282459575815495, 0.13132910202218295, 1.5066098955182752e-06, -0.4724704472057385, -0.40033775688750994, 0.41777288878769064, 0.565739009514776, 0.08142042911276015, 0.10768937911543759, -0.20747158242440805, -0.22997803010693668, -0.2665075475250366, 0.010746678328204463, -0.008885661568118552, -0.0013396482457857114, 0.0018533715236286846, 0.0015458576326681398, 0.08921681617510985, 0.0004254587128414007, 0.001471106383147135, 0.0012191938596902607, 0.5002412431537069
50, 2, 1, 0.8683020137381763, 0.00033819762608454086, 0.13135818936601668, 1.5992697225949e-06, -0.32782391419295115, -0.5227658244949775, 0.347235293701584, 0.30413639025077954, 0.13654000808601818, 0.12711037247562532, -0.1587866194514746, -0.21535515175349107, -0.2224095708773243, 0.1862820280570107, 0.07761982646879982, 0.0016226909999679316, 0.0012639961248681012, 0.0020385005454842684, 0.0885313803288008, -0.000122264958162473, 0.0010861865893205189, 0.0010748328461382792, 0.5002412431537069
51, 2, 1, 0.8683020230946137, 0.00033724740119955377, 0.1313591134289692, 1.616075217562643e-06, -0.2924682822733527, -0.19816832646279087, 0.15954573396330274, 0.33698739340482314, 0.13719996091642656, 0.15842024454589718, -0.31102572449563903, -0.1473575865215979, -0.06678737664693185, 0.1689858717214428, -0.11016511859869944, 0.0010731877974081172, 0.0010013269376315506, 0.0011356625249485145, 0.08824734352371465, 0.0005828399413647132, 0.00019933547152672167, 0.0010324620404911253, 0.5002412431537069
52, 2, 1, 0.8679450557762438, 0.0003377194948217224, 0.1317069424797379, 1.028224919653157e-05, -0.3212548928218748, -0.25538896119591464, 0.355205524253674, 0.5005514445669029, 0.1131156581331112, 0.11946752599088588, -0.07960524095742041, -0.11462485142105443, -0.0581612347224111, 0.1552540584441575, 0.17053349471454177, 3.3387712753925044e-05, -0.0001474633493056394, 0.00040326515979226946, 0.0909008475730213, 0.0009148330005243541, -0.0007909479134308499, 0.0014883814903024562, 0.5002412431537069
53, 2, 1, 0.7598951348757352, 0.0007897041821458453, 0.23413931464667456, 0.005175846295444443, -0.20008538839102896, -0.31515340455912966, 0.23212416704086364, 0.4669206374750047, 0.049592319372728975, 0.07807805603344029, -0.024920459407933748, -0.03850593562616136, -0.10383882880866904, 0.08144284268824406, -0.014969164292158287, 0.0016620364885610744, 0.0012125643735315355, 0.001039921931325045, 0.09082063431462242, -0.0004882170580288489, 0.0003996658176048595, 0.0020445966389760115, 0.5002412431537069
54, 2, 1, 0.759895555043227, 0.0007306852026459727, 0.2341964110118345, 0.005177348742292585, -0.21680771400278584, -0.23095578767825525, 0.25274890769973307, 0.3758491052859708, 0.1284838368032038, 0.23771946640214833, -0.10790756614912653, -0.036821918205628676, -0.16872902138963802, 0.30034903278097774, 0.1629758513213202, 0.0009250513666535232, 0.00018326605309084402, -0.000687620954127199, 0.0902029780569695, -0.0007448306455314547, 0.0008107383855211828, -0.001136839653030205, 0.5002412431537069
55, 2, 1, 0.7598942882013754, 0.0007187742394673011, 0.2342095875284148, 0.0051773500307425125, -0.15048033563711452, -0.14532809462496762, 0.42611196229847553, 0.530862022641262, 0.06949320793350414, 0.18178139412253885, -0.2027812727186657, -0.043653640991306544, -0.14429728306799922, 0.36300044550889776, 0.0508188582955869, -0.00033621121103420573, 4.525225913113083e-06, -0.0034786166977142973, 0.0905367218490564, 0.0006984545751692174, 0.0009009134337820886, -0.00012646022570053105, 0.5002412431537069
56, 2, 1, 0.5713640713809983, 0.002508467450693397, 0.404769020969642, 0.021358440198666274, -0.16428262553685782, -0.1317043249097478, 0.1956786219881706, 0.32590583711025956, -0.014903888850307977, 0.016921187377235247, -0.017834400273441832, 0.03760382974522081, -0.02029179980018576, 0.24883896580121162, 0.14745202640720412, -0.001412499850764297, 0.0005785131483421852, 0.0016693263279470949, 0.08787415375080637, 0.0005656011927312345, 0.002580443035652798, 0.0005320490022620531, 0.5002412431537069
57, 2, 1, 0.5713641162967608, 0.0024797432957895907, 0.40479769536650406, 0.021358445040945643, -0.1538789111834154, -0.06547129692332185, 0.3963239715460136, 0.5159356350458906, 0.3379876485800936, 0.1456853465887546, -0.20035262758037337, -0.20860999673061048, -0.1410694634764153, 0.22930905105005076, 0.1406811561761067, -0.00048728600373946357, 0.00017620080452042942, 0.0005630984753015913, 0.09002098232192976, 0.002121699336457557, 0.0004028569837620645, -0.001853762878647873, 0.5002412431537069
58, 2, 1, 0.5713640290496881, 0.0024763164063138624, 0.40480108620190614, 0.0213585683420919, -0.32521663802131706, -0.39696880337704776, 0.24675447982415885, 0.5656727488205879, 0.11685394327979984, 0.23958937335650682, -0.1928589548416342, -0.0063398772775010714, -0.12486714999857045, 0.3208609119819109, 0.20367977496788536, 0.0017197296334957213, -0.0007190830506527822, -0.0005388379605182934, 0.09273845950453861, -0.00028835015497385367, 0.00034749983742330727, -0.0016784256072946784, 0.5002412431537069
59, 2, 1, 0.5691629828964481, 0.002194344610857551, 0.40729081268039513, 0.021351859812299295, -0.18381342537545825, -0.1306085797651652, 0.44120590095759543, 0.5035002547283562, 0.02708545157642379, 0.20244109329496304, 0.13088385854696524, -0.07792405907879227, -0.07018470641763966, 0.1420988604042877, -0.004462023120323985, 0.00048734954458265554, -9.1154001981706e-05, -0.001572904602468199, 0.08906490721200633, 0.0003012484501322823, 0.00183756344159077, -0.0005035943729064399, 0.5002412431537069
60, 2, 1, 0.569166639625172, 0.00219941871053574, 0.40715155912569667, 0.02148238253859563, -0.1013159608569996, -0.19699283599209036, 0.26183805337982674, 0.512281560341107, 0.2455901639779869, 0.11533836437951957, -0.11060711181201492, -0.030630503216378835, -0.015856287439186257, -0.08450942107376502, 0.02697990201779113, -0.0004108109504218068, 1.499257957789616e-05, -0.0004990297341324771, 0.09092412615460627, -0.001592816575387461, -0.0007191195881277237, -2.4733374106544532e-05, 0.5002412431537069
61, 2, 1, 0.5691212810938194, 0.001872634192915882, 0.4075183927141883, 0.02148769199907639, -0.19664890738883467, -0.3449321093829081, 0.32726070855665335, 0.6368783287891311, 0.09605684800674075, 0.0797928783766489, -0.03979976953434098, -0.27424031510604363, -0.023589770986904467, 0.050503957376672806, 0.11578024660908585, -0.00030274922018587203, 0.0006703745621008772, -0.0009495773748998736, 0.08959009423723366, 0.0019252627500996665, -2.5917316351295975e-05, -0.0013096447322075854, 0.5002412431537069
62, 2, 1, 0.5692100353392414, 0.001511877954059598, 0.40779202864908576, 0.021486058057613264, -0.22654087506588091, -0.1893151504974089, 0.3537768426381794, 0.3220147831532847, 0.09707396135142046, 0.053102624675384, -0.13788534258881532, -0.24478962653592834, -0.09866909735359793, 0.15553170829254506, -0.07243024042693623, 0.00040475660410427153, 0.0009299374014626801, 0.0005846773116284711, 0.09059799997565299, -0.000341450389336833, 0.0009827414662510231, -4.717375149381485e-05, 0.5002412431537069
63, 2, 1, 0.5687001298752439, 0.0004463862464851464, 0.4093421492896506, 0.02151133458862032, -0.19940850866393123, -0.13063187358997327, 0.2859721273266582, 0.49311189937165567, -0.10216988827644502, 0.28144991585170676, 0.03387384004386114, -0.26397429159426106, -0.14862255161449725, 0.08613548535556835, 0.17568419334825658, 0.00028929676297605975, -0.0006234645466406967, -0.001209532123461159, 0.0893761397406178, 0.0012325648947714382, 0.0007658804432878259, -0.0011379209128714236, 0.5002412431537069
64, 2, 1, 0.5687041975785934, 0.00041605446032522993, 0.4093731717605676, 0.021506576200513723, -0.2358543835230223, -0.1936696692469461, 0.4175626001299052, 0.46419604709597373, -0.08412409482894741, 0.02792427866850348, -0.3900645467006324, -0.027968197053987877, -0.1120509533811221, -0.07801821251940096, 0.06524660016003195, 0.0003671301078822886, 0.0006900342282685117, -9.222440973603402e-05, 0.08913413063219028, -0.0003269716434173034, -0.0003755059783039362, 0.0011318544092786668, 0.5002412431537069
65, 2, 1, 0.5686860185366959, 0.0004163610550355236, 0.4093910307238816, 0.021506589684387026, -0.2251706157918254, -0.17327863131390162, 0.3729335591795427, 0.4347042710100196, 0.14339096358152417, 0.014915356302212312, -0.052133590303163266, 0.048590572946098476, -0.21382871367545303, 0.34500353874644496, 0.1354583832893665, 0.00019930494959183282, 0.0003248397982601114, 1.8771622230342955e-05, 0.08978760755332382, 0.00017001173261786882, 0.0007185140251140795, -7.031643766881365e-06, 0.5002412431537069
66, 2, 1, 0.5685718239424954, 0.0004139120105517558, 0.40950690704909243, 0.021507356997860362, -0.19689378881468506, -0.15410896742210123, 0.26049415257737996, 0.4191234581982072, 0.1141839849884105, 0.15127464023125853, -0.1268891864176369, -0.1093624771727995, 0.08886818112071629, 0.24378074411457412, -0.01476455309269907, 0.0011957696015945842, 0.001095188319064502, 5.193876556567061e-06, 0.09225072002345538, 0.0008403009253879809, -0.000708035349984535, 0.0010015357888608562, 0.5002412431537069
67, 2, 1, 0.5685718103691141, 0.00041342021450021366, 0.4095081064875705, 0.02150666292881526, -0.26966095276362256, -0.14385851931594207, 0.24062293847895305, 0.5975928447239409, 0.20734769365809344, 0.019453442779526244, -0.30834914202191965, -0.11448650748979057, -0.08169751797836723, 0.11512296647816622, -0.029581682445856183, -0.0010314886766079152, 0.0009169258114014726, -0.00013870474328920787, 0.0906784292901289, 0.00043804263683995564, -0.0006727183807284554, -0.0009345861980741448, 0.5002412431537069
68, 2, 1, 0.5632153506754252, 0.00044054157611338136, 0.41478106826216515, 0.021563039486296235, -0.26274067522266736, -0.29795285708004904, 0.29782236018090075, 0.5106261984828729, 0.0016622126766721035, 0.03611482986657209, -0.22540887751240893, -0.18665151580912148, -0.07812793655040641, 0.10677882413865374, 0.023268871504031494, 0.0013748824599753636, -0.00046972880786457617, -0.000823325074338779, 0.08970378982530222, -0.0007248494483182552, 0.0016816350688883563, -0.0009778267155869781, 0.5002412431537069
69, 2, 1, 0.5632113285868343, 0.00043727692658326157, 0.4147573328650726, 0.02159406162150986, -0.11272149307305623, -0.13015768967764618, 0.28298189046896194, 0.36582921374125466, 0.21118860153327895, 0.07599045319327719, -0.1791630257630108, -0.032031467564090296, 0.02781911120002556, -0.032097471063327256, 0.14864045377744245, 0.000602965677520509, 0.0003782190020416444, -0.002993609423164051, 0.09032774904954013, -0.0022119427983427094, 0.0003256310409174764, 0.0003282863341446651, 0.5002412431537069
70, 2, 1, 0.5371451603394302, 0.0002314609170686096, 0.43461402827780754, 0.028009350465693715, -0.3286926072984272, -0.3524912703556506, 0.2109278330786633, 0.5361498521949583, 0.037278986255893334, -0.0018807231147819792, -0.08262192702636521, -0.1475469527760509, -0.02108694898211001, -0.005830614764395991, 0.1173584789101623, 0.0002738533066887462, 0.0004899563104962415, -0.0018904182144554027, 0.08904116318289057, -0.0005682727574982873, -0.0008406781607116776, -0.000597703152883719, 0.5002412431537069
71, 2, 1, 0.5363955904914728, 0.00013924780638749197, 0.4352417144300628, 0.02822344727207674, -0.04998628807822749, -0.1052246438221895, 0.22612289208366793, 0.6300010472464754, 0.08029373240169006, 0.05300381255722163, -0.1688992716646259, 0.03537399621877937, -0.08992309239578346, -0.057190399527757375, 0.02174599636065982, -0.0004211588404749079, 0.0003439383388067467, 0.0007769521538969913, 0.09026235314747465, -1.0618968860126176e-05, 0.0008125501177113468, -0.00012593940191018437, 0.5002412431537069
72, 2, 1, 0.5363939262256011, 0.00010346214121549944, 0.43527717157271995, 0.02822544006046344, 0.06607020640207788, -0.3110587664884749, 0.22042402852114215, 0.5132044917521988, -0.021825793497646018, 0.2496457244725218, -0.24786452161292724, 0.06039335283409301, -0.15788155717113078, 0.19917209593598273, 0.12202149589007476, -0.0019895196059581685, 4.465869914324265e-05, 0.0005481151382145335, 0.08983636801222304, 0.0019852081927932684, 0.0004122893319934705, 6.033187019085979e-05, 0.5002412431537069
73, 2, 1, 0.5363940009571427, 0.00010361552795039934, 0.43528713255534396, 0.028215250959563003, -0.11493739841111066, -0.09904148522065157, 0.3368815023997966, 0.3780248794054923, 0.3013183083337324, 0.05819170291442708, -0.32508077903602334, -0.10304842756103387, -0.08246521725042186, 0.043722068876328034, -0.03502888371388903, -6.264314139420865e-05, 0.00017412364363062388, 0.0006958635741689041, 0.09008569038378304, 0.0001127387811424593, -0.00020372243181330385, -0.00031920589319035694, 0.5002412431537069
74, 2, 1, 0.5316375645220259, 0.00013601961614329936, 0.43998683808162237, 0.028239577780208552, -0.08861556038664173, -0.11528657320154126, 0.3587246414456634, 0.529128545781713, 0.03586902834340935, -0.01581745599973674, -0.23261186716967103, -0.08649666009687812, 0.018192160801435875, 0.11375355224856505, 0.026323993372927113, -0.0024460945005546617, 0.0005393324753045036, 0.002115531799581796, 0.08909622921001473, -0.0010136560426170572, -0.0024008971801909064, -0.0006049875497987618, 0.5002412431537069
75, 2, 1, 0.5316353109372194, 0.00013643919434240374, 0.44007837111074466, 0.02814987875769348, -0.10583812978188749, -0.32886582916770407, 0.2247382183814048, 0.4926079408062766, 0.11858889893748506, 0.16475892714286305, -0.12781803082434792, -0.14799834423657515, 0.02005198556217541, 0.03432445417164563, -0.19174601160396293, -0.00014713512970162109, -0.0010353211132622911, -0.0005160774633391877, 0.08933032838530502, 0.0009279004882940115, -0.0002955063688597849, -3.995819439869237e-05, 0.5002412431537069
76, 2, 1, 0.5316357540396689, 0.00013809128892409978, 0.4399726057928906, 0.028253548878516548, -0.29265263625832316, -0.014128594563113883, 0.0706343670287383, 0.45210983606965194, 0.19593145322797384, 0.23245137090132525, -0.11191708746375743, -0.07857699524291215, -0.04497487171857494, 0.167176789046454, 0.030776899222219656, -0.0013578537154223444, 0.00048671365248494357, -0.0003850363557546249, 0.08947281702694779, 0.00010507740773919549, -0.00028848607791916246, 0.0023396425451348503, 0.5002412431537069
77, 2, 1, 0.5304595264993005, 0.00014161795711437628, 0.44113281395033593, 0.028266041593249268, -0.33239980105197775, -0.05856829122088771, 0.2981600795276834, 0.41506321542324975, 0.018573716362013448, 0.25718416898794133, -0.06191622893531286, -0.05585144838274325, -0.06846635135147464, 0.08063475133743984, -0.04444288550829003, -0.0009176863211146172, -0.0017007145926254622, -0.00016865978969097476, 0.09015494725137321, -0.0007966779215058919, -0.0006961280051489598, 0.0016782358031845108, 0.5002412431537069
78, 2, 1, 0.5212998664225448, 0.00016080801709772734, 0.4481447165952442, 0.03039460896511328, -0.2774696210001818, -0.2749759405897203, 0.17116642722576178, 0.5980282871219007, 0.059215539704388885, 0.008650968121452673, -0.23199448417857846, -0.029281993925198237, -0.04232880297275628, -0.05948777330589612, 0.02667888877496531, 0.0010023513300331341, 0.00042227162609212763, -0.0012317532784323262, 0.09176469273386142, 0.00017409647610898616, -0.00014156560139984986, -0.0002747461579521417, 0.5002412431537069
79, 2, 1, 0.5213117640501502, 0.00016358733206143605, 0.44811006865628755, 0.03041457996150083, 0.02842661940879132, -0.21570293075170888, 0.20654009599352796, 0.3329931472726856, 0.20984270813852124, 0.09268576129557218, -0.11930787903320972, -0.015541401370829665, -0.05493918091678436, 0.15184406286440438, -0.031994536549779067, 0.0011755453155463975, 8.205563827904085e-05, -0.0005894097253448036, 0.08824803673786388, -0.0010815056481066577, 0.0005989256264213237, 0.00010495578178887825, 0.5002412431537069
80, 2, 1, 0.5213108821573965, 0.00015791524462224895, 0.44811583823161644, 0.030415364366364616, -0.2320915881044238, -0.3095230124622766, 0.037815913219185184, 0.5258897160053022, 0.02165352794636599, 0.23532033953002926, -0.23232669804531952, -0.00012103013678301799, -0.10991663524543613, 0.2667122831472431, 0.05605259410632849, -0.00023262440067157766, -0.00015824711828659697, 0.00020580935473361035, 0.09109516309692489, 0.0008042594003693441, -0.0016644875262696792, -0.00013889563484449345, 0.5002412431537069
81, 2, 1, 0.5186928094974883, 0.0001472232913221015, 0.4499333070041856, 0.03122666020700388, -0.03205727204953106, -0.07143738467348293, -0.004469287601963879, 0.7123101003195605, -0.04277687818548326, 0.10998421394780629, -0.14899763947234995, -0.05192952727014409, -0.015289757968671425, 0.14316368966329027, -0.07349058970626401, -0.000362339185813959, 0.0020145855106790357, -0.0009909924766013697, 0.08959898931907659, -1.749153759370276e-05, -0.001058781355083641, -0.0010234436602575454, 0.5002412431537069
82, 2, 1, 0.5186872802153709, 5.65392312981573e-05, 0.44963016436027503, 0.031626016193055995, -0.1210353752649372, -0.16869115613339083, 0.15922796831618768, 0.3590546810334404, 0.16509562056148974, 0.1582151434013269, -0.10377612793968546, -0.13562251483908427, -0.019938887557505853, 0.028319881047216177, 0.16403183301897512, 0.002401194820659134, 0.0006329719955633854, 0.0013479876728732464, 0.09017762365474855, -0.00036785685425458445, 0.000262042641863126, -0.00016647414203574344, 0.5002412431537069
83, 2, 1, 0.51818506354469, 3.410928043066756e-05, 0.4500664164450878, 0.03171441072979157, -0.17177594945082814, -0.12863876983468672, -0.04881000895724654, 0.368221133375101, 0.024910392263427394, 0.11754862944811914, -0.10544057854769784, -0.2724699516882823, -0.033867088177350534, 0.04235542110538708, -0.0166911130921455, -0.0007187739202203862, 0.0010959919071646988, 0.000442024694830534, 0.08797157842668811, -0.0007283992957756343, -0.0008373967058853705, -0.001949998319702034, 0.5002412431537069
84, 2, 1, 0.5181849778552666, 1.9634075281409872e-05, 0.45007280744725614, 0.031722580622195934, -0.018326094401228277, -0.28923996640109606, 0.014401401158899851, 0.4465045949348939, 0.1749050698381604, 0.14535303557713655, -0.19708693349828585, -0.21709747904766483, 0.04079664529379582, 0.050448758296720284, 0.11601834170053105, 0.0008482891009554174, 0.0014987567366451517, 0.00038450613169278944, 0.08768103894382365, -0.000853950510244127, -0.0014124346027286126, 0.0010962200946133317, 0.5002412431537069
85, 2, 1, 0.5181838530134373, 7.52752217650377e-06, 0.45008111102570986, 0.03172750843867644, 0.0020841163519864426, -0.0581925489786461, -0.04057737479946564, 0.46422746885787625, 0.11018514600653348, 0.14345199095303215, -0.24892083905187928, 0.09766580103686154, -0.25455536408564655, 0.0879869543997692, 0.08356613390184464, 0.0022131557450953887, 0.0005772969358313121, -0.0008679799775927784, 0.09059539332437538, 0.0012880444354907347, 0.0006752434969955571, 1.437160881547819e-05, 0.5002412431537069
86, 2, 1, 0.5181839490206211, 7.602644577881799e-06, 0.45008092104094466, 0.03172752729385627, -0.0709943466692837, -0.14393242433580186, -0.037985458531384, 0.31742131363136117, -0.08459073249357119, 0.24445700461981756, -0.14153051661062044, -0.10415312047163253, -0.06413252811137653, 0.37571958311142983, -0.12564635168845212, -0.00039192537266625186, 0.0008396897328319606, -0.0015479871318328019, 0.08912314510236226, -0.001128441020274169, 0.0002907598638827552, -0.0014920540932263128, 0.5002412431537069
87, 2, 1, 0.5192802927177803, 9.337199726218677e-05, 0.4481031309412439, 0.03252320434371368, -0.08867981655809938, -0.005810334646481619, 0.24351604193768378, 0.4615577977416031, 0.21406682091896867, 0.027773055740879717, -0.035567318866700004, 0.058861195048796146, -0.0372889315967556, 0.10275438728938369, 0.006682076632455991, -0.00032714386686246615, 0.001010495801989871, 0.001081110446632561, 0.08946022011128155, 0.0010244219692464812, 0.001834434399066592, 0.0021224930352149052, 0.5002412431537069
88, 2, 1, 0.5193244410475526, 9.073770674277676e-05, 0.4478862388128141, 0.03269858243289053, 0.022331698309810598, 0.03955074242910467, 0.14680983110365334, 0.4988170655740284, 0.2305154546361826, 0.013234249454141955, -0.11518654548342469, -0.1814828096122569, -0.14723970366730454, 0.10224241066097775, 0.07732998353072726, -0.0013957643105014374, 0.0013456029471997292, -0.0026471274436149096, 0.08994684905213722, -0.00014884559164315395, -0.0016186660187652937, -0.00016785789920869106, 0.5002412431537069
89, 2, 1, 0.5193244528970838, 0.00010379825291588005, 0.4467484193677771, 0.033823329482223316, -0.0035401854924913324, -0.03861816214104976, 0.04800780211364801, 0.45785180126664493, 0.10356823467586984, 0.3739650377578442, -0.26393795915388385, -0.06580792993447893, -0.08694531562179837, 0.024478912953687364, 0.08890339165113884, -0.00022740685054689478, 0.0006825997619073031, 0.0013892968244956705, 0.09217258533413111, 0.0004694711433356945, -8.728469336225764e-05, -0.000611796527604088, 0.5002412431537069
90, 2, 1, 0.5193279286425376, 0.00010635039210553852, 0.44663571146599046, 0.03393000949936649, -0.27743309802965427, -0.08619727388153382, -0.05767502830337139, 0.46674844931508375, 0.17304891256902838, 0.13214603715864104, -0.1015324500301769, -0.12211889149881186, -0.00318453259622824, 0.060459351589337094, -0.10357612352020969, -0.0006766149400961468, -0.0011510680427156707, 0.0018179283591466214, 0.09189458633906228, 5.330350431716845e-05, 0.0006590616336709674, 0.0006222256944396637, 0.5002412431537069
91, 2, 1, 0.5153094426554017, 6.769316010615134e-05, 0.449970126090945, 0.03465273809354708, -0.0535987786572897, -0.14996573090606038, 0.148546951259529, 0.49265216856452715, 0.012083828537308106, 0.009032934186753327, -0.28506659589045913, -0.01480367163943345, 0.044580727241390394, -0.07568134873974827, -0.0008956383626565756, 0.0006427663742643327, -0.001067034332645389, -0.00039687858653597054, 0.08997902804031424, -0.0005745118753157244, -0.0003729742425527607, 0.0006068227250900742, 0.5002412431537069
92, 2, 1, 0.5153093386493988, 6.804230026548311e-05, 0.4499601332291354, 0.03466248582120033, -0.08707065109307012, -0.29875463057695867, -0.01934516044797512, 0.3847877309268255, 0.1935686145966779, 0.12015175602425729, -0.13547839272917211, -0.03834317213710705, -0.04822933138117284, 0.058543738662714985, -0.15047483388095903, -0.00016976166276547248, -0.0004619827547125878, 0.0005466486447530027, 0.09078086652979876, 0.00045624002845073223, 0.00023236965964601526, -0.000253994348876078, 0.5002412431537069
93, 2, 1, 0.5180298405061116, 0.0001997195961456988, 0.4432378411139737, 0.03853259878376893, -0.03984738223450287, 0.030308600341087833, 0.17130580706365892, 0.42505321652457706, 0.18085391681348165, -0.012394446985299035, -0.21440328847521045, -0.03754268132352014, 0.05781590568534652, 0.14351367361352535, 0.09631520380049738, 0.0001995615106988716, 0.0015733597054047393, -0.0006788716599332719, 0.09323289826187674, 0.00014564276374105103, -0.0011131379353486806, 0.0006642274964897786, 0.5002412431537069
94, 2, 1, 0.5179028724801993, 0.00019391334602953728, 0.4433150350833368, 0.0385881790904344, -0.023139119909336127, -0.1587469478766958, 0.06409068330562358, 0.5192206641534065, 0.09918938682651719, 0.09487166310758, -0.26425227395632744, -0.043398940979877954, -0.040385267871444766, 0.06480305013898709, -0.04535525003405691, -0.0010525578972148035, -0.0008860306687226407, 0.0006049715480209391, 0.08932421796971698, 0.0003256021890238995, -0.00043993408682537285, 0.00018850817167501943, 0.5002412431537069
95, 2, 1, 0.282026187494598, 0.0008312056544608053, 0.5712562665285232, 0.14588634032241796, 0.0031260648021782687, 0.02734474421741437, 0.006309672327698695, 0.5530527230181896, -0.01931696870331325, -0.005653457770318071, -0.16504428240318253, 0.07376677323917441, 0.019965413289117547, -0.03019255094688338, 0.025523682449904477, 0.00027317848118496476, -0.0006566236559422326, 0.00026543733984061825, 0.09079721042276727, 0.0004510107942450713, 8.1766402755335e-05, 0.000393346488895556, 0.5002412431537069
96, 2, 1, 0.28202833856805165, 0.000867789881474304, 0.5664428373669053, 0.15066103418356885, -0.11586848433876731, -0.08222352563896924, -0.06912289105741092, 0.5290978663220737, 0.32879689418514896, 0.1367908659515943, -0.12442978114209031, -0.04007061328048035, 0.0026804563796445136, -0.04490730880547241, -0.04042545699251803, -0.0010956890448185746, 0.0009187585755482859, 0.0007506504721953918, 0.09024727341594552, -0.0007947344036375507, 0.0014330912544535054, -0.0007308664848825689, 0.5002412431537069
97, 2, 1, 0.28203132551522053, 0.0005648812039398898, 0.5663284040232951, 0.1510753892575445, -0.1326331685778989, 0.00944232155268791, 0.011816249594081618, 0.5158059835930767, 0.10765146776861641, 0.23395983337482976, -0.15491185470894933, 0.24516147039603475, -0.040040019027828375, 0.0743993197241439, 0.051146500338255185, -2.4256854716259045e-05, -0.0004608576434032053, -0.0022272913770460933, 0.08969459712347608, -0.00164751833978918, 0.001473673477000877, -7.55998350227254e-05, 0.5002412431537069
98, 2, 1, 0.2715007676208666, 0.00015237820643889001, 0.5720538210481759, 0.15629303312451862, 0.05200867809492935, 0.027633067623563583, 0.20427449698903372, 0.4260237918619917, 0.1081722772333393, -0.08162820957080141, -0.08599651723400499, 0.06854699579489942, -0.11857307900232923, 0.0048265365682189695, 0.16385173875619619, -8.592549829592019e-06, 0.0009809866942259735, 0.0005764562297010806, 0.09119944690205936, -0.0011229842316643438, -0.00034532932773668167, -0.0002353945646929152, 0.5002412431537069
99, 2, 1, 0.2676114576051482, 6.488455306539665e-05, 0.5614771319444073, 0.17084652589737914, 0.030714597053271876, 0.07719291398564189, 0.03357080374935512, 0.4653194118937941, 0.03748651738854667, 0.1671689683826914, -0.09853696852704874, 0.030193256080817726, 0.031446337510498926, 0.01780223966478404, 0.23139242841525154, -5.301870397388956e-05, 0.0013423736767713453, -0.00013087904656720092, 0.08953966431693905, 0.0007220264172607539, 0.0012346812097430095, -0.0010688525800235736, 0.5010731405251986
