t, Event, Policy, P(still), P(random), P(reach), P(transport), o(t), s_a 
0, 2, 1, 0.8830755949020386, 0.11205287277698517, 0.004871475510299206, 5.52197843006752e-10, 0.779329489172523, -0.4474889102467327, 0.5591407408961864, 0.7225350402289574, -0.10928637372369994, 0.28545802381488816, -0.1510411214822514, 0.4320598065927923, -0.3124182291374453, 0.3896661791377929, 0.03979393844222815, -0.22265375798719228, 0.06559700430310805, 0.18813735075125607, 0.07948579751609561, -0.08625879884967487, -0.015243737534139384, -0.012774852528638478, 0.8
1, 2, 1, 0.5422859930574602, 0.4262457342158444, 0.03146558386202079, 2.6888646746899017e-06, 0.4591847277415143, -0.596248640887689, 0.4322948568816877, 0.9001487068869134, -0.056368377112373746, 0.08524993780402923, -0.1588948703584559, 0.3545534765296038, -0.3034125613165711, 0.3487368443827953, -0.05091380624550228, 0.0006905005324551467, 0.00014572249430274816, 0.0011182950361842015, 0.03085325244118118, 0.0002925990350150378, -0.0001336084378382593, 0.0017679298026462742, 0.8
2, 2, 1, 0.5422851415308167, 0.42624655032185577, 0.0314656192826407, 2.688864686799506e-06, 0.8040607156195547, -0.4968815484773169, 0.6473696388872613, 0.7397534172902167, -0.1670837182351519, -0.0872678918117408, -0.08024056234995945, 0.19910954806668668, -0.40788810258181146, 0.4418266184958096, 0.05293118761153596, 0.0017542641931313791, -0.001850689127759334, -0.0014892533788160539, 0.030225599506186494, 0.000453036536211865, -0.0002972624420313051, 0.0001300869135781461, 0.8
3, 2, 1, 0.5422814809549222, 0.4262499684122508, 0.031465861765137895, 2.6888676890710527e-06, 0.46835247195567636, -0.585762439861873, 0.5868533610239501, 0.8919246588265068, -0.10846513392696788, 0.18525148783927295, -0.07299655824976967, 0.3577728372956826, -0.168661294788142, 0.23031542870528243, 0.2263942659413712, 7.607804231141211e-07, -0.00042628027587455185, 0.0006112788769637392, 0.028508629211065856, 0.0003715531222054369, -0.00012903665024638795, -0.0014582661412901696, 0.8
4, 2, 1, 0.5422784844074714, 0.42625272745658965, 0.031466099268227306, 2.688867711679255e-06, 0.4188943751795039, -0.423276233254904, 0.6708505332932618, 0.8138212902810136, -0.11798001252687995, 0.09333135166375936, -0.13752825663605145, 0.24564195704893868, -0.33658637876170905, 0.4280066700694801, -0.11592338574946141, -0.0003616719409479211, -0.0016128226612363798, 0.00043774559691270483, 0.028710801579917195, 0.0007490648199050013, 0.0008012807479340688, -0.0002773724709883812, 0.8
5, 2, 1, 0.5422621631348562, 0.42626817918121845, 0.03146696881286668, 2.688871058565722e-06, 0.5669866117770546, -0.5843267128568493, 0.5090470385025392, 0.6767929893215828, -0.09136729446750455, -0.05174934908854345, -0.15571676933001313, 0.41705092338500405, -0.15270369249906773, 0.4460390444875812, -0.04259150554070294, -0.0007335615451522831, 0.0009366527184065507, 0.00029599534688057067, 0.02918361170569305, -0.0006629053331811308, -0.0010961769505247966, -0.0002276638658009978, 0.8
6, 2, 1, 0.5422613441245547, 0.4262689692343259, 0.03146699776993772, 2.6888711816672203e-06, 0.7272307351522287, -0.57019671791231, 0.6057536089759282, 0.9412088639418326, -0.20378068165285587, 0.06044299555038761, -0.19860843709350925, 0.2006275925546536, 0.03366058003222303, 0.2968599442401634, 0.1845580853139303, -0.00031002605634624064, -0.0006137339614501609, 0.0013076917389643204, 0.03000107669742642, 0.0016641210213391385, 7.887630059130396e-05, 0.000747937744076968, 0.8
7, 2, 1, 0.542261036383764, 0.4262692636600426, 0.031467011055338924, 2.688900854586771e-06, 0.5002034358926447, -0.5958804706022718, 0.4548100396396727, 0.939460289509905, -0.27349347713113714, 0.16593127307970607, -0.00010361694143710132, 0.25483730551522543, -0.3514938439432872, 0.21139668123764435, 0.08711098250295617, 0.0008238909444040793, 0.000992484396429278, -0.0013013648630437762, 0.03108637994873269, 0.0010769518717321492, -0.0013069014679000326, -1.5299491672776566e-05, 0.8
8, 2, 1, 0.5422590564854003, 0.4262711662182279, 0.031467088367993376, 2.688928378505813e-06, 0.45047138000115006, -0.5145462701511939, 0.45808120535438207, 0.9231232157540357, -0.29017880731622775, -0.04024996130445759, -0.0527000960426723, 0.24079670575004924, -0.4261745970397216, 0.31904695200262834, -0.0450377280599948, -0.001539964621016856, 0.00012705701230493482, 7.291461987574873e-05, 0.030044116604774657, -0.0012008748632863972, 0.0002454911304139155, -2.6992020303080935e-05, 0.8
9, 2, 1, 0.5422066834873017, 0.42632067849820027, 0.03146994889358041, 2.6891209176339506e-06, 0.5672062539138963, -0.5997296876635982, 0.5096806704747735, 0.7831021817221216, -0.15732452218067428, 0.15317740763529236, -0.08168456762679181, 0.37012895505683446, -0.27097705085150825, 0.17700396697507056, -0.03311252127927738, 7.736528954518049e-05, 0.0005520118110168726, 0.0016784781897545298, 0.030757017862570773, -0.0012587724483157391, -0.0009111409181138001, -0.0004165421438574097, 0.8
10, 2, 1, 0.5422208740694084, 0.42630643807766516, 0.03146999873050591, 2.6891224203533663e-06, 0.7181598669497969, -0.3408632619523897, 0.6020280096267715, 0.803751861740586, 0.048020097741063084, 0.08307177433686531, -0.07413865865076445, 0.1295981310156399, -0.30136411972407684, 0.31439367017406533, 0.034386246765545705, 0.001853023887786408, 0.00027825928165604755, -0.001813683713710811, 0.02896771366799387, -0.00020491485131119924, 0.0008009358867130537, 0.0006927736030522742, 0.8
11, 2, 1, 0.5421483793991015, 0.4263738184125222, 0.03147511306376757, 2.6891246086811294e-06, 0.48296387794337364, -0.5713233628432117, 0.6809470042579023, 0.7785133431259406, -0.10273590669358276, 0.028162638474596623, -0.11240911514723535, 0.2652880417347983, -0.29675383591487237, 0.16302090092970395, 0.0546800275939628, 0.0015139293493549486, -0.0006928156008074834, -0.001726458209129, 0.03063186115176998, 0.00025490419986300573, -1.4596859234884053e-05, -2.9807319409314252e-05, 0.8
12, 2, 1, 0.5421481013126638, 0.42637404742289137, 0.03147516213983151, 2.689124613414214e-06, 0.5409272771456148, -0.5336523394510001, 0.6227251278570767, 0.7890110361079727, -0.08827084118195462, 0.1640237434363441, -0.03706745779439842, 0.3889299508532681, -0.46381684423231134, 0.25389090586087204, 0.04045453727648448, -2.208269862544186e-05, -0.00023956976159159976, 0.001073473676274641, 0.02946734864515891, 0.0019442127215183371, 0.0009734176463762773, 0.0003288265945205332, 0.8
13, 2, 1, 0.5420946665421201, 0.4264221794365685, 0.03148046489503269, 2.689126278735117e-06, 0.3490777971032926, -0.5422353375156426, 0.6676626625622241, 0.9133841002328189, -0.13750369385354688, 0.08911179913214981, -0.21467673131195575, 0.14695380965144894, -0.3705663810383406, 0.20122481713473364, 0.11941510464139234, -0.00047258966566371467, -0.0007169809185022734, -0.0010629815509215726, 0.029058851976297345, 0.00014255676373562792, -0.0018390345924653786, -0.001334814247692028, 0.8
14, 2, 1, 0.5420860600427796, 0.42643020717061664, 0.03148102708138448, 2.7057052194461557e-06, 0.42800522106728733, -0.5381883046803486, 0.34279948491282375, 0.9318299900666694, -0.03152983426634274, 0.11560492961599995, -0.24293601409737925, 0.1010934040549005, -0.15980360774512015, 0.18566191145841318, 0.05187489296178262, -0.001909640938494038, -0.001095731102943031, -0.00047887856009137835, 0.028791528094121943, -0.00011962929628975911, 0.0007180649843717461, -0.0006855651196343503, 0.8
15, 2, 1, 0.5420757807283432, 0.4264399515028924, 0.031481559161758974, 2.708607005447762e-06, 0.49229261868620977, -0.5415961572033952, 0.4552494849801324, 0.8192951991432074, 0.043963479012074, 0.17947374393142304, -0.15851705747921085, 0.12382882104951794, -0.12446925323099176, 0.25017642603683427, 0.230643572663283, -0.0008061554998183963, -0.0006246506334270831, -0.0013289678798410539, 0.030264768540710797, 0.00106123624486138, 0.0008737047533092073, -0.0017606041018591978, 0.8
16, 2, 1, 0.5420650666903244, 0.4264497953366939, 0.03148242931118443, 2.708661797267284e-06, 0.3537407382857424, -0.7566282910766032, 0.45647863860987653, 0.9422660573607917, -0.2711023449961515, 0.21641086463124362, -0.17426799547742264, 0.2832133413732053, -0.3822496572311702, 0.33237871561141535, -0.07968626033172906, 0.00025724092733713145, -0.0008710349055502551, 0.000834893645082503, 0.030246125652611828, 0.0004032650732739172, -0.00029762760815224413, 0.0009876101951388496, 0.8
17, 2, 1, 0.54204926614579, 0.42646479878634663, 0.03148322577408515, 2.7092937781846614e-06, 0.3706131836194673, -0.6428309676656149, 0.48722037756264686, 0.7993487408117925, -0.15657231284921883, 0.14313024147873515, 0.034010829869034497, 0.06774910581063927, -0.4269329764566419, 0.3557389644826192, -0.04757252872973962, -9.686663422722033e-05, 0.00043310832287542564, -0.00035159020471706056, 0.031910962347810705, 0.0013520792552349575, 0.0010630040679612616, 0.0010410442736338245, 0.8
18, 2, 1, 0.542107522543203, 0.42640581187977805, 0.031483948573416534, 2.717003602422003e-06, 0.3690115308623522, -0.4257821794052165, 0.395110465002554, 0.7509205223093932, -0.08906103055668062, -0.030169353284562828, -0.08991329426610835, 0.18155491840917498, -0.3539567459692388, 0.19863113378537817, -0.04346048815936769, -0.0002932588074142049, 5.244840990452484e-05, 0.00027483230159559087, 0.030644452548819943, -0.00047448393744971805, 0.0011659791326224318, -0.0013233760965670493, 0.8
19, 2, 1, 0.5420146561150463, 0.4264941718333684, 0.03148845389040728, 2.718161178040359e-06, 0.49465240509012265, -0.3565472067892692, 0.43782065665326664, 0.8288567342227529, -0.2356753817548359, 0.18596511812614863, -0.1831999669898517, 0.325894729406047, -0.2026700214348081, 0.3445219162662972, 0.025614759568500158, -0.0011279725827899642, 9.214466110983222e-05, 4.073110374604251e-05, 0.033018776178922335, 0.0003900834821695245, 0.00019057972311412345, -3.497500984701113e-05, 0.8
20, 2, 1, 0.5419215358307063, 0.4265832419176152, 0.031492502892420005, 2.7193592583675335e-06, 0.5648381959586837, -0.45016515509284244, 0.5752752610853171, 0.7583404289607072, -0.019362068026099556, 0.003761350725295176, -0.06569874556789149, 0.11596819032239876, -0.26286403913528505, 0.14307475150966573, 0.07663210198919398, -0.00023456143686907942, -0.0012523013864127897, -0.0008297302814010973, 0.03196453819091699, -0.001965867761548162, 0.0016434759607542669, 0.0012568480585878846, 0.8
21, 2, 1, 0.5419081534706613, 0.42659561926690753, 0.03149350790190246, 2.719360528703191e-06, 0.5347046497558027, -0.32019330973563975, 0.5664601476312838, 0.736475847924937, -0.05628704712245506, 0.08123630739507641, -0.21937269938665324, 0.32877533857859553, -0.29548168322370494, 0.3771099676232977, 0.08840573360708341, 0.00023610463924684296, -2.7702197473474974e-05, 0.0008978320244224646, 0.029987123257137715, 0.00010918167236874526, -0.0006375253605961741, -0.0019838009598086405, 0.8
22, 2, 1, 0.5425889261395911, 0.4259084109250762, 0.03149994030768579, 2.722627646984861e-06, 0.5676517023721326, -0.39897831270968964, 0.5117072461810191, 0.7670637559882365, -0.0343763115622628, 0.20656474030203698, -0.006807972156641551, 0.33339882087274936, -0.11686269889084393, 0.04397636263298867, -0.02198912541894485, -0.0004911633906563469, -0.0008020564338158062, 0.0017850947622093855, 0.03046390574539453, 0.0010273751576930748, 0.0005721346021924886, 0.0012884220683419384, 0.8
23, 2, 1, 0.5425016326955019, 0.42598927196933506, 0.03150637154234441, 2.72379281879964e-06, 0.45800720841937226, -0.5220476820914683, 0.4711939264177576, 0.8680785703432514, -0.12558055444754615, 0.20642185041102348, -0.14981686900816174, 0.2954179543591509, -0.30100957017512264, 0.2594065181027424, -0.08268753618296897, -0.0015031617032811892, -0.00016378876938869495, -0.001277062878256558, 0.0308811518242585, 0.0005217476788243671, 0.001989165070641373, 0.0010875889325294634, 0.8
24, 2, 1, 0.5424740705039155, 0.42601542560999767, 0.03150778002886626, 2.723857220634931e-06, 0.2621360301183234, -0.2224351944416687, 0.5654717940888041, 0.6778106012494921, -0.038295723048859476, 0.13282134010779298, -0.10741580480481046, 0.1322061354224439, -0.21317137138051598, 0.47701416285597337, 0.17058155971779418, -0.0006759360682025891, -0.00021480415818387098, -0.0005762018564916258, 0.029801425454193585, 0.001238439255295411, 0.0012050807051660459, 0.0014230738627459586, 0.8
25, 2, 1, 0.5424732236590474, 0.4260162067600892, 0.031507845682584266, 2.7238982790751577e-06, 0.5595518647763698, -0.426332384299271, 0.45940547594530423, 1.019104703463973, -0.10537341735742649, 0.015324946484255808, -0.036348498667371644, 0.3623039128863089, -0.09789707730128597, 0.31203132679488976, -0.22744070695292185, 0.001747534392213201, 0.0007539629713748654, 8.845639680540541e-05, 0.031268139692460964, 0.0010473829523070665, 0.0008179505116773931, -0.0006548039990521931, 0.8
26, 2, 1, 0.5424730080028982, 0.4260160925308489, 0.031508175527783254, 2.7239384697193092e-06, 0.2114538697043557, -0.3060475180282836, 0.4988642577685479, 0.9579410847375149, -0.3108703618095378, 0.20366012538082323, -0.1753317932693268, 0.30740765825905647, -0.2717380712145336, 0.1322263730534313, 0.011758034329143147, -0.0020656820823631156, -0.000625584602147527, 0.002105171909258335, 0.02938359970014267, -0.0014568831392277437, -0.0005162267557349135, -0.00040860532175686603, 0.8
27, 2, 1, 0.542444922147914, 0.4260424620836966, 0.0315098918296324, 2.723938756924911e-06, 0.31704016388974204, -0.505329470093044, 0.7014138793436271, 0.7309782326850512, -0.060887164726572254, -0.04326304768205027, -0.00872168171198815, 0.28263704928343963, -0.30847496192659546, 0.32137563129953284, -0.06923622520359753, -0.0005239942194591368, 0.00030268210714080336, -0.0004460468030749467, 0.030348567919215384, 0.0022123652755038194, -0.0014207323384747323, -0.0006772643506074249, 0.8
28, 2, 1, 0.5425771224518736, 0.4259062484205784, 0.03151389924845506, 2.7298790930452445e-06, 0.46467110412156687, -0.40898011222182157, 0.5592827755185134, 0.7639652788410143, -0.13133179178663437, 0.10726702211760064, -0.007523199801567015, 0.07912454358467842, -0.13041662961515416, 0.20941282503763436, 0.08396043255271712, 0.0007882745475742316, -0.0003230074243925792, 7.311342499028518e-05, 0.029585498807292575, -0.0007461639959069009, 0.0006510829913466935, -0.0016844182904685902, 0.8
29, 2, 1, 0.542413141940338, 0.42605945994318367, 0.03152466384970051, 2.7342667778680282e-06, 0.46029591394318004, -0.425823686592574, 0.4658568921742002, 0.7132422437584577, -0.1319634277594759, 0.11434166641688852, -0.18064178171442377, 0.2022039071262777, -0.3150336634976562, 0.28379467335828906, 0.006233007410902417, -0.0003043751628034943, 0.0001587879859361559, 0.0003754780704035701, 0.030772582759129197, -0.0007153996157882454, 0.0003888685499134817, 0.0010561181010714062, 0.8
30, 2, 1, 0.5421200880621714, 0.42633915661953964, 0.031537247109283774, 3.5082090053160217e-06, 0.4530255232482122, -0.31542789357755335, 0.21869120751678467, 0.6871804468777801, -0.08187817480075121, 0.12065440442863981, -0.1949232349655373, 0.2660103991696997, -0.17544300046331637, 0.3118030247499442, 0.04815869283335437, 0.0008127100323652832, -0.0011863162704184734, 0.0007018503249749176, 0.029613180304439896, -0.0011665434506244155, -0.0011135850096215703, 0.0014172549874625399, 0.8
31, 2, 1, 0.5410831336826822, 0.4273451552474242, 0.03156819862925945, 3.5124406340165475e-06, 0.274840532660641, -0.3771519707068488, 0.5547745512940754, 0.5729297986895353, -0.1481249208842978, 0.044888711216185775, 0.06137292479359822, 0.26005882906465794, -0.2451138011740098, 0.38295163286693057, 0.09898845127231862, 4.5899398490962107e-05, 0.0013467344325389804, 0.00017778524909052665, 0.032005290512221715, 0.0002245418880876888, -0.0017650213280914523, 0.0024773413990142054, 0.8
32, 2, 1, 0.5403783323564684, 0.4280110232598487, 0.03160711844418283, 3.5259395001465156e-06, 0.3110655285834417, -0.419621217342579, 0.45456942449792115, 0.7566158415767446, -0.1512194034275957, 0.17058194328131607, -0.1626279364524392, 0.24847323600115293, -0.14070604340010381, 0.4232386906652087, -0.012791013438021715, -0.0007998815739400977, -0.000927020948842531, 0.001076825710741254, 0.029888177689663377, 0.0007714342879924409, -0.0005299392446553696, 0.001567880670689278, 0.8
33, 2, 1, 0.5403694444754995, 0.4280195317949749, 0.03160749702520903, 3.526704316478644e-06, 0.27876636783603737, -0.45419768583718706, 0.44650851609125697, 0.7293384963739493, -0.18911156887150948, 0.1053649913571653, -0.22762324193686728, 0.1545669847205713, -0.03596285538064303, -0.09551552049258398, 0.10308147138534207, 0.0010338979669377228, -0.000183801266040283, -0.00019097912905022705, 0.029929810675912112, 0.0011232084455116513, 0.0012451776633859626, 0.0007028275552329342, 0.8
34, 2, 1, 0.5403543288733491, 0.4280339805464605, 0.03160803696929558, 3.6536108948516077e-06, 0.3799597699032482, -0.3386895568643486, 0.2645463120388493, 0.8278468057082689, -0.02309353947448022, 0.08695344756493949, -0.051491084801204234, 0.2069609948765747, -0.3188994483568536, 0.27230309963612187, 0.1908600330253713, -0.0019931081750987354, 0.0005536371620242667, 0.0008424872959321893, 0.03044100282655441, 9.871372934361319e-05, 0.002048713692279924, 0.0007726758882119707, 0.8
35, 2, 1, 0.5386689932326513, 0.4296629459953228, 0.031664064996265, 3.995775761039814e-06, 0.4393870908449128, -0.3771820937893836, 0.4743686705553882, 0.9142823899986052, -0.2172246837414998, 0.03374504454164291, -0.10219543706564242, 0.12903658874160348, -0.14868540149667367, 0.2335198961133898, 0.08458662110691781, -2.2599199112327288e-05, 0.0005364562124635207, 0.00033057320167409964, 0.02991894056714283, 0.00024745910519703674, -0.0008924569656431038, 0.0008974994841108818, 0.8
36, 2, 1, 0.5386719218044619, 0.4296597060045729, 0.03166436327460326, 4.008916362092379e-06, 0.36788307718174545, -0.30877512989278866, 0.3346786176131109, 0.7551335509911115, 0.04501829489871434, -0.048478646797448996, -0.027771850393297503, 0.2241983405445756, -0.3143664309065951, 0.3033339584363107, -0.03278642736831435, 7.414919590268596e-05, -0.000258060845628293, 0.0002403174606583612, 0.028926136107584627, 0.0011478069634299948, -0.0015119348568124469, -3.4370986681139175e-05, 0.8
37, 2, 1, 0.5382650402847308, 0.43003627427748403, 0.031672172891278154, 2.6512546507157338e-05, 0.39971265920845805, -0.5758639178880103, 0.13578439683572002, 0.853612122145892, -0.29919306036214327, 0.08017652011484871, -0.07108313393280195, 0.1655983746594178, -0.02881012098049489, 0.23462997762988977, 0.024565568851006216, 0.0015751101734268597, 0.0021689042866944604, 0.0009108000068333491, 0.028058498904090023, -0.0009968403041577074, 0.00028174815138418585, 0.0008386171594783897, 0.8
38, 2, 1, 0.5385151001311282, 0.4299367975338696, 0.03152157231626318, 2.6530018738890402e-05, 0.08891715764107193, -0.20356520438885442, 0.2895551383402226, 0.8153125356952835, 0.04554163304954702, -0.1264396740068776, -0.09365417720159626, 0.3149698290304831, -0.18939056063016818, 0.14419076993444024, -0.05432356290190984, 0.0005593795597345297, 0.00114755056158912, -0.00013937710287564804, 0.028700250467797155, -0.0015141105913323238, -0.0005586874918682991, 0.0017807082258771173, 0.8
39, 2, 1, 0.5384907245468448, 0.42996000576073573, 0.031522737763790526, 2.6531928628993178e-05, 0.3668716786358656, -0.3278466132480703, 0.39102947013346034, 0.8946085171189131, -0.2821890913978563, 0.14253732548091042, -0.23937917593084096, 0.2715184487189379, -0.27581743163811995, 0.20333715959874157, 0.17338006241848952, -0.0014246174547446475, 0.00048576120966930105, 0.0012087806025169053, 0.02955281979925316, 0.00047973648361087707, -0.0002763714877083539, -0.0004922176229710466, 0.8
40, 2, 1, 0.5377206994159157, 0.43070135245589575, 0.03155125987510943, 2.6688253079150016e-05, 0.3062948342265222, -0.2904111681852819, 0.3894256191477877, 0.8832301086018747, -0.03731902787620589, -0.027315229674040098, -0.12489185243542797, 0.3040005631469843, -0.05981921288917567, 0.25229682275341136, 0.1796981480521122, -0.0007050598004670037, -0.0008789926250410736, -7.631998807203071e-06, 0.03062616290279414, 0.0005222197406404492, -0.0009398461700563125, 0.00034187945761872857, 0.8
41, 2, 1, 0.5377060707920078, 0.430715247180901, 0.031551992922840055, 2.6689104251095337e-05, 0.38048858280587666, -0.47055448569722885, 0.30732178749150013, 0.7221034032074733, -0.2535263249552008, -0.025354581913527817, -0.34343092162044553, 0.3139852703755248, -0.15578278743758514, 0.21006182483392974, -0.051129191279032836, -0.0006465767523004091, 0.002242349782323033, -0.0006176758017631789, 0.03137860428106436, 0.00023934040347012674, -0.0001862277314365525, 0.0010978907661445463, 0.8
42, 2, 1, 0.5376707319156173, 0.4307482992272413, 0.03155427871064515, 2.6690146496317627e-05, 0.4773107724169831, -0.30943533469261253, 0.44049506160047136, 0.7894610678774863, -0.03405794529308829, 0.044809579104170036, -0.2839279851029578, 0.1918039328458321, -0.17308744118231598, 0.28873932175666617, -0.00063171932947029, -0.000942027559596394, 0.0003751837171692602, -0.0004937640157208016, 0.03134578694871092, 0.00012403414496347007, -0.0003541817196370672, -0.0012306350705293628, 0.8
43, 2, 1, 0.5376653141179581, 0.43074155655109403, 0.03155769655144877, 3.543277949902728e-05, 0.4428209036614237, -0.21186110815451142, 0.27572525391399444, 0.996142379341675, -0.15124110016720818, 0.20566145568344543, 0.09399046891030816, 0.1515031817943687, -0.1814457840640144, 0.23698313068565907, 0.0700519882499133, -0.0011546564808749813, 2.1973040299618383e-05, 0.0012602310719462104, 0.02897473238417647, -0.001055030782583572, 0.0016740741734445684, -0.00033032060623247144, 0.8
44, 2, 1, 0.5375676872221156, 0.43083549013037303, 0.03156138967893942, 3.543296857201052e-05, 0.21470764961982952, -0.3987723423343398, 0.46744101005277433, 0.9096005026060754, -0.28831265820456425, 0.25836764507138005, -0.11645809289997075, 0.35875865933598217, 0.14353929545195693, 0.15423336460704662, 0.03546409055731475, 0.000598647283712533, -0.00027553941682863725, -0.0017942981232612059, 0.028832280142538115, 0.0012721710623024123, -0.00034938857553261187, -3.787665718055134e-05, 0.8
45, 2, 1, 0.5375652432787035, 0.4308378053264846, 0.03156151708717691, 3.543430763505545e-05, 0.3007979148278671, -0.26087700887758836, 0.4582420840409423, 0.7370961487304133, -0.1504895450091896, 0.17370802921544518, -0.14823931768170862, -0.010949764021659193, -0.16110903791092343, 0.1827484498130622, -0.10515096815524172, -0.0009090668460090302, -6.221883358722581e-05, 0.00012089777454163167, 0.029280091740538444, -0.0012269338559868941, 0.0013715981279350442, 0.0002727393383844344, 0.8
46, 2, 1, 0.5375356835368514, 0.4308654689521131, 0.03156340026660078, 3.544724443470052e-05, 0.06644678194284856, -0.1425499140922858, 0.36745540231242635, 0.7656001998301237, 0.022506149104225125, -0.04675529428450333, -0.2506909249993678, 0.1752986690934068, -0.2010532243270871, 0.25241553431808816, 0.09926385504105881, 0.0007370945707500155, 0.0025595303807992957, -0.000508442113912437, 0.02837664345985467, 0.0007432183988086482, 0.0006892205152500763, 0.0015823107812080934, 0.8
47, 2, 1, 0.5362394940402396, 0.4321060827911726, 0.03161598306997809, 3.84400986098444e-05, 0.18451902916730684, -0.1755973204928059, 0.3980434991606355, 0.7861378873326225, -0.07562506753787333, 0.17831804805999768, -0.09843549242088324, 0.08063584983015429, -0.1776563986092741, 0.2803310560443356, 0.19719978353888246, 0.0004993316664165516, 0.0008219941372334608, 0.0005678352437721915, 0.03011656417765034, 0.00021944404201219148, 0.0023240025317810696, 0.0009053029052504644, 0.8
48, 2, 1, 0.5288991877630289, 0.4389887703217636, 0.032073386134344344, 3.8655780863261335e-05, 0.2749602895190857, -0.4324860964661397, 0.44074885407765463, 0.6815312767262538, -0.0850475077280591, 0.19585194776090945, -0.15040377464969015, 0.33979018677499606, -0.11993851163108307, 0.26160294676194473, 0.09259083423284678, -0.00208268035434507, -6.260904417893876e-05, 0.0001551749326825629, 0.029475060369143914, 0.001587321019819885, 0.0005214888196401887, -0.00017727588158175404, 0.8
49, 2, 1, 0.5288401328817822, 0.4390443461166553, 0.032076567423339315, 3.895357822305932e-05, 0.13214595901509812, -0.21612825922255938, 0.28914641380625455, 0.8431736423665572, -0.14924964483919864, 0.10967764484343209, -0.21700979883006447, 0.1544473594145819, -0.21661369655902804, 0.12986965529664576, 0.05147079663464167, -0.0013858973411847166, 0.0006883612797836396, 0.00030449185068179735, 0.0312250350429135, -0.000246375039045653, 0.00018813309606557842, 0.0019994753091392057, 0.8
50, 2, 1, 0.5288343970105356, 0.43904978616363577, 0.032076859018660926, 3.8957807167707334e-05, 0.26072680276236715, -0.1916872818973928, 0.4614400530650645, 0.6903575300814853, 0.10390734343296563, 0.19634143563162815, 0.0711485875590689, 0.13885958862661113, -0.008553397485413904, 0.29802344759777677, 0.06466405811230723, -0.0008901689480514079, -0.00013625427206814198, -0.0007761934834980758, 0.029221488818309077, -1.598708166515553e-05, -0.0007798298557116582, -0.0005891570700816232, 0.8
51, 2, 1, 0.5287253040973172, 0.43915389105118474, 0.03208180394201952, 3.9000909478662295e-05, 0.39883584639547837, -0.2599786245501662, 0.4792976998274289, 0.8765836672039594, -0.0654192773160744, 0.27604427857183583, -0.08536893780096402, 0.11090360959178833, -0.05045600602581492, 0.08995931851585497, 0.13463319017540112, -0.0013241641537117363, 0.0006530567620707634, -0.0008068266927879761, 0.030323696904129005, -0.00018882485689786788, 0.0007140248929639469, -0.001298573817544285, 0.8
52, 2, 1, 0.5283916970060556, 0.43947424282228414, 0.03209325142270458, 4.0808748955659555e-05, 0.1820986288226679, -0.30406196095449795, 0.3010181126348782, 0.7745320098686189, -0.08427008716302524, 0.23190043032607086, -0.06799219071001182, 0.16179850243373123, 0.055376454749999394, 0.20795287952884062, -0.12764012082607684, -0.0009145449121171305, 0.00011347047953304384, 0.0017876352687845108, 0.0294749245100555, -0.0024729127593080555, 0.0002450124769121626, -0.0008689340879542519, 0.8
53, 2, 1, 0.5283485424479474, 0.4395150525205829, 0.0320954962921648, 4.090873930488803e-05, 0.3803905786185413, -0.4686894745922972, 0.3055392267987257, 0.8462229062528619, -0.22087586029931758, 0.08221473867484572, -0.26564146334603733, 0.08069617588015346, -0.17534239475310534, 0.2386412833951784, -0.15305226752440804, 0.0014301883156703616, -0.00023466809159128398, -0.000897909144067582, 0.030136765000834405, 0.001117843347993074, -7.341043894869227e-06, 0.0015203784121952829, 0.8
54, 2, 1, 0.5283479320545629, 0.43956095224306174, 0.03204927720867274, 4.183849370249669e-05, 0.06525308104824039, -0.1204978948910693, 0.28746411432717384, 0.7384003634089622, -0.20751277293699788, -0.007570568951967838, -0.024101253440712032, 0.23978711865492564, -0.19728413858037666, 0.12261940759671172, 0.06957926713964394, -0.0008086407274667754, -0.0014193798214529843, -0.0008526397484971459, 0.029801147104785326, -0.0007092749773455928, -0.0004101357654258961, -0.0006828537701716646, 0.8
55, 2, 1, 0.527913607330569, 0.43995935534760533, 0.032057349630995435, 6.96876908302688e-05, 0.36159816029265596, -0.2899133791755992, 0.11870962958932578, 0.7660779978998133, -0.20061960268239112, 0.2627060839694859, -0.07102114013007343, 0.18163569916387934, 0.0035331327113144128, 0.1101769193813987, 0.06887073828550963, 0.0003840896671088576, 0.0017129230761307884, -0.0006666576790646147, 0.03133514756634257, 0.00013096828197594316, -0.0008661658582790231, -0.0010459184852342413, 0.8
56, 2, 1, 0.5276396446264496, 0.44022560183681037, 0.03206476238777121, 6.99911489687505e-05, 0.4617542000512634, -0.1008219733915264, 0.3795961231425958, 0.8013031252102174, -0.18838610897258484, 0.10237302159620185, -0.0538798921399436, 0.23266380952223606, -0.21937946722240173, 0.2221640447616015, 0.06137182755727917, 0.00025098879401107174, 0.0006918859890966315, -0.00037005162918502877, 0.029155985905023624, -0.0012733429483057042, -6.387244613878999e-05, -0.0004907403511073528, 0.8
57, 2, 1, 0.5204870520374122, 0.44711601117266886, 0.03227908758541672, 0.00011784920450223938, 0.21512493722467857, -0.31101238381405694, 0.1988057797277675, 0.8805151031201147, -0.23686774906119495, 0.11057864514381008, -0.11295288823022445, 0.2522992114860669, -0.12469840593833878, 0.3565418698109526, -0.03024701430247233, -0.000584482650804688, -0.0003294428889154748, 0.0017578636372701756, 0.030558443808350166, -0.00032760636381291006, -0.000400993605028983, 0.0007376235472074999, 0.8
58, 2, 1, 0.5202209554407432, 0.44735560137094393, 0.032285634450488834, 0.0001378087378240474, 0.4575946145462238, -0.41448708385625893, 0.11790278584647831, 0.7239056323016888, -0.12243531637775851, 0.16717488803340452, -0.04756792103908817, 0.22995879162019292, -0.16360407872348842, 0.18589808940188823, -0.12473950003588188, 0.00017919723471908968, -0.001272728624564999, -0.0012923798925193971, 0.030744420508746723, 8.70068239416274e-05, 0.000975641912282467, -0.00022300560239079049, 0.8
59, 2, 1, 0.5201815049096717, 0.44739468208198147, 0.03228598353787465, 0.00013782947047226993, 0.16774406447520535, -0.10568647012126527, 0.3869655997354028, 0.8455314302168254, -0.14879491642989098, 0.03702520198031648, -0.15351217351692586, 0.21279341986823191, -0.24255720013050305, 0.3212858503697694, -0.10301141001292864, 6.411856863018956e-05, 0.0006333428453861973, 0.00039848892325237755, 0.03077924170387545, -0.0005160532889410476, -0.00015773299175905186, 0.0010826901073399862, 0.8
60, 2, 1, 0.5183934671083203, 0.44909722947841146, 0.0323599365389669, 0.000149366874301328, 0.1907611673990481, -0.3638673365018998, 0.27635301645935045, 0.8142455660923, -0.2616437154380531, 0.027412957583336263, -0.13789430858377966, 0.1437195255950702, -0.30302250128460845, 0.24388051015181209, 0.008360789525863025, -2.2230356326444248e-05, 0.0011090301897744887, 0.0013872602541057718, 0.02931592276374862, 0.0013931168579968066, -0.00015145416768387785, 0.00026874241716899594, 0.8
61, 2, 1, 0.5183746571663098, 0.44911526160808796, 0.03236060161289542, 0.00014947961270678548, 0.15063513094265063, -0.46639811755928734, 0.24969795809686018, 0.6977526012884956, -0.39247864990023573, 0.045100783282907474, -0.2726477193223757, 0.02661467160773724, -0.12623009857010759, 0.23126154595960027, -0.08555345429425118, -0.000301486305730944, -0.0014040191979300175, 0.0005918106715037582, 0.029664935128631265, 0.00011373689926701691, -0.0002591428019276845, -0.00271432211378374, 0.8
62, 2, 1, 0.518375948131073, 0.4491155041632431, 0.032359070351748634, 0.0001494773539353268, 0.477740174832312, -0.15619967653456618, 0.2513395061740828, 0.8135854846924293, 0.009436046118965313, -0.13349953047535154, -0.2058793770463056, 0.13979077500828246, -0.11701763651101518, 0.18798173932550927, -0.1448842612870515, 0.0011933784805292392, -0.0004517764866226436, -0.0003057621935406388, 0.0309855030401126, -0.0007187607102242168, 0.0003029166068744316, 0.0006985454973463775, 0.8
63, 2, 1, 0.5192261222095055, 0.44806880588728787, 0.03251856128522702, 0.00018651061797976754, 0.32309745112094757, -0.2880504509146533, 0.20566584794502477, 0.7612003159580814, -0.1356298439209249, 0.26463528089230265, -0.11320018418807795, 0.30622000168306657, -0.20954285908988562, -0.00542673524982411, -0.07625150391518103, -0.0004636676400745487, 2.8301808003004852e-05, 5.360370931811296e-06, 0.03030060068541308, -0.00023262746501202558, 0.002485964757439201, 0.0007370235995323496, 0.8
64, 2, 1, 0.5178076034499175, 0.44942830344280493, 0.03257694066396015, 0.0001871524433175307, 0.19617827362848642, -0.3287839976312684, 0.37155309510617446, 0.9888892258742408, -0.06171145649192276, 0.12116783081849676, -0.05701348574836672, 0.3456756779301606, -0.075908796742633, -0.02170769338144991, 0.03671783703763469, -0.0005850789055185831, -0.0010567843793025244, -0.003191641270484426, 0.029316853117750164, 0.0003446964545232272, 0.0007497156354168498, -0.0007134605609761024, 0.8
65, 2, 1, 0.5199860455879386, 0.4473085510710313, 0.032461863087143314, 0.0002435402538869394, 0.14112067260543038, -0.09609337468089862, 0.24565801791957367, 0.663599993592156, -0.07776576934155564, 0.08486721427399899, 0.10585911261222111, 0.12402638318117214, -0.2626863988696603, 0.12718257721655588, -0.171547728439355, -0.000760969963425821, 0.000461609666373943, -0.00012615119740854323, 0.030758012517570283, 0.0021535539156104324, 0.0005042642712266794, 0.00035094456641935457, 0.8
66, 2, 1, 0.5730848097126783, 0.39313341168790594, 0.032759362235334856, 0.001022416364081047, -0.07606824883519128, -0.2406320602565108, 0.25605194071561466, 0.639587428721587, 0.05030919543208867, 0.21527645750238014, -0.00912547471900189, 0.049278652201003706, -0.23609714481622707, 0.14035663504104579, -0.007989585840536675, -0.0017937779949290605, -0.00029768173394536694, 0.0016681851607765028, 0.030651770130210955, 0.000771927012719822, 0.001886411836059346, -0.00039989281040628483, 0.8
67, 2, 1, 0.5720309993310726, 0.39413003867477403, 0.032799709274251965, 0.0010392527199015156, 0.09714173866530085, -0.3000729534576625, 0.16835635868989188, 0.8005471765689105, -0.09398477521296703, -0.07186733364279681, -0.2297336952308358, 0.10980594309540223, 7.164510485322407e-05, 0.19227429310047733, -0.11622542814787051, -0.0006485437188190692, 0.0013772305113342858, -0.0006335610658076632, 0.02974854272343765, -0.0003682781677974272, 0.000581345294885815, 0.00012547791233528225, 0.8
68, 2, 1, 0.5720228193041451, 0.39413795507587124, 0.03279996678051491, 0.0010392588394687453, 0.38660676215417417, -0.3239717241435023, -0.011764401003858626, 0.6347168580224235, -0.28568401768527407, 0.22366544774608083, -0.3611636173365603, 0.07609073567386464, -0.18516893097982048, 0.36737493596565063, 0.03545455757000139, -0.0005231509610571499, -0.000806038434623165, 0.0007309893512816329, 0.03134243338448864, -0.0005432647778642445, -0.0004942056742320976, -0.0011979543170908412, 0.8
69, 2, 1, 0.5686304301464031, 0.39738517998612094, 0.032843090748260126, 0.0011412991192159068, 0.26536472696673663, -0.2395066013756857, 0.16659801902143573, 0.7437958867664798, -0.14464201902091028, 0.2236596968413426, 0.10064993366816259, 0.3142045360036259, -0.06897961790745413, 0.06677736220799194, 0.08501038327397897, -8.145646784072978e-05, -0.00014714624701837306, -0.0006322238947916193, 0.03062294995707987, -0.0006889649935630001, 0.0008571331924227736, 0.00015522633420250083, 0.8
70, 2, 1, 0.5685932177527391, 0.39741283925175297, 0.03284323426161853, 0.0011507087338895054, 0.30522042973104946, -0.2760923827953901, 0.0490505696287906, 0.6921558029695132, -0.31606222184700544, 0.16246321484687512, 0.016629612300272267, 0.051039211141220696, -0.0008313646648184569, 0.16157994685259167, 0.00906298987787277, 0.0005815329306243843, -0.0017347213634893361, -0.00021233216602230018, 0.028518287198832926, -0.00010722022934884789, 0.0002807744494454636, -0.0009095348933860084, 0.8
71, 2, 1, 0.568077554807347, 0.3978986390212025, 0.032873022788444374, 0.0011507833830061165, 0.08216909509031539, -0.22675388261151225, 0.36749615141157027, 0.9051296794405198, -0.11065548196449859, 0.036347442398836693, -0.33215813269323935, 0.002931769566384823, 0.05573738009610838, 0.1819457642561662, 0.013458456890566153, 0.002262369603107655, 0.0023799501705176894, 0.00019937616768718035, 0.029869141010979566, -0.0007422050203881127, -0.0009404120894999953, 0.00024229329087425798, 0.8
72, 2, 1, 0.5655242955177195, 0.3999671429954622, 0.03294166964319553, 0.001566891843622627, 0.01611973108801863, -0.35362845584442737, 0.2018136270968643, 0.8616880955659292, -0.14258275726405759, 0.19586144062326444, -0.015222070622045569, 0.07650358379102891, -0.0841405107917205, 0.15518736996468258, -0.0428188509106669, 0.0004179097825072484, 0.0007971451571698139, -0.000647520690736201, 0.030019148386277346, 0.0007098930040043293, -0.0005303103730557111, 0.00016015768400072476, 0.8
73, 2, 1, 0.5644251123420532, 0.40100807824342716, 0.03297453911823637, 0.0015922702962833835, 0.13587882088084854, -0.1274958072157029, 0.16285807965737012, 0.9785973571908781, -0.06809023743813998, -0.023339037789105864, -0.2518728811882836, 0.08868923388387051, -0.09166588725110772, 0.18541737033958858, 0.0625811247631131, 0.0008264489207900208, 0.0024043073479489818, 0.0018739487021095108, 0.029244594374570144, -0.0007642583258832607, -0.001043136235677253, -0.0009845213874223207, 0.8
74, 2, 1, 0.5641450876594205, 0.40111172834888575, 0.03294871273005666, 0.0017944712616371167, 0.22505533758854654, -0.15476682449131535, 0.09264014660279998, 0.6768333458761987, -0.043431167399284265, 0.2167678965272027, -0.06172336917130481, 0.08847349190270153, -0.019358626512552435, 0.029751656733118737, -0.060791181680484606, 0.0012999050660919774, 0.0002949953606958832, 0.0003558660153693955, 0.02982962794828452, 0.0013023597215554056, 0.001208026152959492, -0.0007275328371684042, 0.8
75, 2, 1, 0.557229555233523, 0.40759745068202535, 0.03328149244581868, 0.001891501638633035, 0.28375916888381103, -0.27682077540658356, 0.07851391358214994, 0.961875098738127, -0.09241855825361026, 0.18183109081579973, -0.28925193229779067, 0.18629477865850327, -0.2044193653134955, 0.10048834065904318, -0.007808306319154174, 0.0011054023375400672, -9.435475839797185e-05, 0.0012064041146572218, 0.029551128156217653, 0.0011010202510759906, 0.00021344240271907537, -0.0010307827409985538, 0.8
76, 2, 1, 0.5571821189592928, 0.40764295702593434, 0.033281617633736556, 0.0018933063810363054, 0.2531661369661629, -0.0869792172922843, 0.09651246670201652, 0.8446997339884554, -0.04733853545914728, 0.02213683681330586, -0.1951847817757239, 0.19241943882560325, -0.06753090479616274, -0.030674812028621858, -0.15826304676205025, -0.0006189939354750856, 0.00017970215138689633, 0.000953540893422458, 0.029570950024971156, -0.0004205575585415476, -0.0014722296319791186, -0.00046554941607192274, 0.8
77, 2, 1, 0.5568293634539643, 0.4078755267371389, 0.033264985209728856, 0.0020301245991680324, 0.19740995275624035, -0.24295881838070396, -0.00462279884861303, 0.8186582139044587, -0.24787925631227684, 0.21087990254269195, -0.056365153528117704, 0.08400704646922244, -0.09675695559580808, 0.13443054568019278, -0.036270162249270876, 0.0009139879610221054, 0.0004818163829548497, -0.00043835280868258295, 0.03137644252122872, -0.0005030993882366565, 0.0029531420950459713, -0.0005085438031935589, 0.8
78, 2, 1, 0.5279333619188527, 0.43460326316107944, 0.03444232115877324, 0.003021053761294675, 0.1298128162241489, -0.241830453715235, 0.1777285937282772, 0.9293825973133225, -0.09141627197105909, 0.11442533107249835, -0.2396863616527451, -0.03188557786394275, -0.04075805920700249, 0.1555170384721752, 0.16474015260741087, -0.00020312478350946816, -0.0010467854589223992, -0.0013248552858381017, 0.029299851995702352, 3.4660628202858104e-05, -0.0002449752073040902, -0.0008997530428815289, 0.8
79, 2, 1, 0.524838330188782, 0.4372671087192973, 0.03454112088794285, 0.003353440203977907, 0.19638090658668253, -0.281437763722984, 0.03641518816136895, 0.7622885293623225, -0.018865529720654396, 0.14638766370026282, -0.19598333069865917, 0.005377027426495151, -0.02889249666486877, 0.10600864551782696, -0.0035519903288098497, 5.37602085255783e-05, 0.0007543693752191591, -0.0012095492707966283, 0.03022330992058549, -0.0027365148649005186, -0.0004855724906930781, 0.0012091709993256139, 0.8
80, 2, 1, 0.5245881641739149, 0.4374891472432525, 0.03454313314541058, 0.0033795554374220394, 0.23602580205624007, -0.20698524828561976, 0.15763878593302036, 0.839713131480322, -0.11401895933477864, 0.12663363677328018, -0.08461176278748381, -0.12031008365450284, 0.08094115863704952, 0.10553974397512315, -0.015009242697331568, 0.00013787053943542196, 0.0003320871202681921, 0.0008595514626710337, 0.028973297708815016, 0.00038522365324285284, -0.0019830466219448962, 0.0015796991078314952, 0.8
81, 2, 1, 0.5256790835044196, 0.4374066608109468, 0.03318788961952281, 0.003726366065110733, -0.03735900186080767, 0.01576527269024175, 0.02800311214109321, 0.8497937916219833, -0.14008387594109303, -0.007926491844167872, -0.11243845835907658, -0.02507209666951179, -0.21237851677871436, -0.04002011678930005, 0.017793274368839256, 0.0010625293339616042, 0.0001321150400603476, 0.0006662940193148793, 0.030280292195925113, -0.0006093530364829413, -0.0011502604761205086, 0.0005939202109958069, 0.8
82, 2, 1, 0.5256191667460114, 0.4387827313728404, 0.0313801630505919, 0.004217938830556426, 0.24906238095552347, -0.07425734111013667, 0.12442756428092053, 0.8439339542657895, -0.3377916370234351, 0.08596059442613586, -0.006391611718010726, 0.04317693065347792, -0.2441705804193642, 0.03483225364267173, -0.10536496227336715, 5.88519153953257e-05, 0.00013158502563196246, -0.00014446375994444437, 0.028630863914827897, 0.0007216491702594735, 0.002017438504970473, -0.0006018823099595273, 0.8
83, 2, 1, 0.4463144781014619, 0.5122345538684662, 0.03403571658665132, 0.007415251443420404, 0.20994402301263423, -0.15036244187136522, 0.09338242634449978, 0.7896399802548454, -0.13705450658627955, 0.08527820099996204, -0.2063317951067009, 0.18400113031378376, -0.1731524728419456, 0.05874649648425647, 0.012726039706781994, -0.00019955405992167223, 0.0001916525588268063, -0.0003950591364626101, 0.029431010724217988, -0.00031881444104055103, -0.0016878688918145097, 0.0007052019872299635, 0.8
84, 2, 1, 0.4428457367395831, 0.5154430402806159, 0.0341205512218071, 0.007590671757993921, 0.25385414460240757, -0.1805078334588762, 0.06776383468271299, 0.7839973373845697, -0.006754680699870596, 0.08035678808153045, -0.1410112710933358, 0.08277604057694435, 0.07574791772617022, 0.14990137197655762, 0.03114488748226744, -0.0016778212389906768, 0.0004760218374740599, 0.0014799142674444485, 0.028652658235846985, -0.0015089545763443727, -0.0005038146467133413, -0.0003072817962765173, 0.8
85, 2, 1, 0.4426065453983277, 0.5156769968785742, 0.03410715696748463, 0.007609300755613449, 0.23391385405185056, -0.20021090834768626, 0.20313880583841942, 0.8727638024519961, -0.17073374983392822, 0.006430073237956036, -0.1625853536100568, -0.04680829596975909, -0.0967900925166567, 0.035471167058286304, -0.02362151470815283, 0.00034742817387807063, -0.00040261786080533004, -0.001172976653856053, 0.029824701958160622, -0.0006440244975137327, 0.0002451664838574393, -0.000887189008416242, 0.8
86, 2, 1, 0.44234399526330914, 0.5159667594920054, 0.034052316823093426, 0.007636928421592079, 0.22775288660820178, -0.1232451396141084, 0.18447478469718187, 0.8604003503218081, 0.04123350019162242, 0.06627905505473212, -0.1811581603355401, -0.021594064591534824, -0.09453627281033203, 0.08439915563222067, 0.04140347863897937, 0.001644210586129334, -0.0007967767801739004, 0.0013888764528002568, 0.030045233449255103, -0.00037367778259026597, 0.0010587452928831652, -0.00028685156319610284, 0.8
87, 2, 1, 0.4372470276851308, 0.5207837432836763, 0.034159688962077134, 0.007809540069115925, 0.1440277497694186, -0.1960226207521439, 0.0816123632714482, 0.8144251303493657, -0.17294394795017656, -0.030545581248865285, -0.17402848125016704, 0.1353939159940618, 0.04475033293748329, 0.028166390875058338, -0.02869236104228865, -0.0003361517170217918, -0.000775439422442304, -0.001191667066453714, 0.030592667519632764, -0.0002858645950627001, 0.0016034066773218101, -0.0009251690866118614, 0.8
88, 2, 1, 0.4371664408690251, 0.5208753556230713, 0.03414310034267133, 0.007815103165232212, -0.1010458714191758, 0.04907247135208827, 0.08211723097877703, 0.8997705415416833, -0.11715602010671249, 0.25393911532157204, -0.10028144289670478, 0.23437399152359029, -0.019047498712519144, 0.061867606037340026, 0.012818921632961274, 0.003521453571626104, -0.0004216383473781651, 0.0023502198581886406, 0.03091366634523606, 0.00015579508951429948, 0.00019121685564888456, 0.0011769570178366462, 0.8
89, 2, 1, 0.43467415978909535, 0.5232381454075125, 0.034227665251760075, 0.007860029551632093, -0.13251722476523747, 0.10625899338246496, 0.16925731510767306, 0.8953137948704212, -0.2137703757067456, 0.2795781506282857, -0.19521501306699238, 0.14028303633692316, 0.0024094871590561785, 0.1811337996769627, -0.04889924617639206, -0.0004631607155905786, 0.0008229713546288644, -0.00011862411935229496, 0.030399908445782848, -0.0007017122446171394, 0.0006674020786532687, -0.0008591016119519548, 0.8
90, 2, 1, 0.4049626894853585, 0.5512264690962455, 0.03508062685714672, 0.008730214561249257, 0.04583850366635987, -0.2184956146556912, 0.09062334178429615, 0.7312397134665328, -0.14720630424267056, 0.08491404130204858, -0.1841196774521132, 0.06512449613206042, 0.09400445887204759, 0.06689476403509584, -0.06162138786170671, -0.0015900458111977977, 5.2088311136001556e-06, 0.00018284987981761726, 0.02977131913669339, -0.0016552517656620795, -0.0007489790275998439, -0.000698196871002873, 0.8
91, 2, 1, 0.4035185252742236, 0.5522699166541402, 0.035124726666107775, 0.00908683140552857, -0.1051937354678836, -0.33780470547855834, 0.1384126773363242, 0.8259561829965474, -0.10044285983093722, 0.1559992451602418, -0.10702596107236077, -0.07454866318849065, -0.09410022961318801, 0.03932817999299856, 0.10964718665442688, 0.000798986261679135, -0.0016324207535068813, 0.0005936809104851577, 0.03220884012661634, 0.0007053969515246376, -0.0006928154441288001, 0.0011960156665950902, 0.8
92, 2, 1, 0.404125379751153, 0.5521047293808117, 0.03457514107858963, 0.009194749789445641, 0.032881392853675195, 0.08753860482247453, 0.15298887175819406, 0.949529228909317, -0.13828792037612614, 0.0902132370246548, -0.1422991716151242, 0.05082584824952805, -0.09925701053328122, -0.08895613158477816, 0.05927065173035825, -0.0022639811499081683, -0.0011832204984682832, 0.0009895045475030416, 0.03156083442827418, -0.0010531739660011607, 0.00016170556160105602, 0.00013736387907178985, 0.8
93, 2, 1, 0.4039129607628153, 0.5523427137406104, 0.03453560682759835, 0.009208718668976042, 0.09723649727131387, 0.01983243538160385, 0.08428929100063477, 0.8154391025126788, -0.07897359525044376, 0.019243187766557056, -0.24728385502403252, -0.07351105470815361, -0.25133184175660833, -0.04487830370942946, -0.017796243034462443, 0.00036611079506362166, 0.000770146615658181, 0.0013753055108317153, 0.030773929010553, -0.0011164082368065754, 0.0005412658441259841, 0.0002561700831630089, 0.8
94, 2, 1, 0.39383169388035044, 0.5618849942275643, 0.03504716934058644, 0.009236142551498731, 0.10330115782483615, -0.03401469376958336, 0.2819286414402535, 0.701942080225237, -0.07358696206454936, 0.07296655578300285, -0.3118308091736884, 0.06292745050182472, -0.16836418801333858, -0.04511865729337771, 0.027540829676933287, -0.0016464532631326081, 1.0916393770493244e-05, 0.0010549525175614556, 0.02982012247321896, 0.0007915422889822798, 8.3274164339667e-05, 0.00021588787851647422, 0.8
95, 2, 1, 0.44175558943684434, 0.511569506929752, 0.03022074450442789, 0.016454159128975753, 0.021457345089332235, -0.027290310896908802, 0.07947864329908325, 0.8263624846212532, -0.03586395860860153, 0.1975317215970212, -0.060673416479814, 0.032436908021005614, -0.1387580190341945, -0.11077047943188387, -0.09775532275194412, -0.0006564515707911102, -0.00014426151785461059, -0.0012381239558161296, 0.03003684139186364, -0.00015746204266764283, 0.0013371932914433592, -2.945629024632547e-05, 0.8
96, 2, 1, 0.44028739360761154, 0.5125960668488901, 0.03024458654982881, 0.016871952993669406, 0.06730468835410768, 0.23985922489452666, 0.05596841480724477, 0.8607284266583953, -0.15446163252636763, 0.18826713178398094, -0.1031739750703928, -0.05479561451362201, -0.006890333399669426, 0.07518038339683461, 0.14298928716322354, -0.0008331969059671972, 0.00012160602393385292, -0.00045537645567990577, 0.030711943885488046, -0.0008557487158474701, 0.00033696436834095803, -0.0008082880593022238, 0.8
97, 2, 1, 0.37293246024085097, 0.5743914119163922, 0.03181321583517887, 0.020862912007577984, 0.0037439320207266645, 0.12624148770381233, -0.06574799623812763, 0.9039280526268172, -0.02072468794078851, 0.15496722903290577, -0.15831201579602966, 0.14769576001917317, -0.0002276738320053845, 0.05638737800120299, -0.01714519873466023, 0.0003551030402780311, -0.0007660081357574415, 0.0010705510152732509, 0.03064119896468272, 0.0010931692480771994, 0.0005787231231513476, 0.0009928655203588206, 0.8
98, 2, 1, 0.37234358097140463, 0.5748824755615103, 0.031771022859417755, 0.021002920607667234, 0.13838597553634624, 0.05684255037513162, 0.0976515326601947, 0.6662250170654638, -0.10214039925707077, 0.05474863207703784, -0.05375846733223644, -0.08605323644855277, 0.08466892736423923, 0.015594545635918042, 0.07835767922002576, 0.00039047254666856317, 0.0006714829031328746, -0.000330760567619949, 0.030163265951121947, -0.001931941330055139, -0.000433275716686178, -0.0013740963530497823, 0.8
99, 2, 1, 0.3723101104862495, 0.5737013806037939, 0.031377371862024654, 0.022611137047931988, -0.10383048081925414, -0.10221462614462706, -0.035461546761159576, 0.9622484159708462, -0.303147900463252, 0.09324136702810724, -0.029698432819554633, -0.05569936857547149, -0.1042852057277653, -0.057660984994852824, -0.08849027406414377, 0.0009035957853167053, 0.0009415912842870742, -0.0009039782942479776, 0.03051278401989131, 0.001020240554481002, 0.0008215040653730471, -0.00035089979616761675, 0.8
