t, Event, Policy, P(still), P(random), P(reach), P(transport), o(t), s_a 
0, 2, 1, 0.9036845564842224, 0.09619935601949692, 6.486672646133229e-05, 5.124552262714133e-05, 0.3943315385520609, 0.5180490431992621, 0.6014394696180038, 0.4355766025039321, -0.14718754978941723, -0.17453654207684816, -0.023487920991929, 0.23310198419011696, 0.301250200494838, 0.3480138170360388, 0.08620061562027401, -0.017110296020883577, -0.04546147211614662, -0.06641175319736499, 0.14434321397456468, 0.020649508492342396, 0.07862619587945584, 0.10775726915836129, 0.5
1, 2, 1, 0.902179445468395, 0.0976990834065331, 6.69299400560116e-05, 5.45411850157911e-05, 0.632245109783033, 0.5900415459440584, 0.719552225084581, 0.6343188020496572, -0.06940365134007848, -0.1397120050045098, -0.05419022632908269, 0.2879487744026913, 0.26505910967120616, 0.23320861004873245, -0.019544664823652608, -0.0001363368134684047, 0.0009510562757594204, -0.001538694355495349, 0.09526042586967934, 7.101661754995129e-05, 0.0012492688623823183, 0.001310078073891509, 0.5
2, 2, 1, 0.902142897041854, 0.09773551077677038, 6.697550616506172e-05, 5.4616675210543836e-05, 0.6701066498439668, 0.49423994527709525, 0.658048532236657, 0.538928258608346, -0.18013815138510317, -0.12475538438700814, -0.02026451028413818, 0.33529088832138154, 0.3824300219464936, 0.1773997890413, -0.005083832516622616, -7.906459437365925e-05, 0.0007031356348400036, -0.0008626049226808716, 0.09558781004830903, 0.0004774790285204208, -0.00022083062034591042, 0.0007989087758307284, 0.5
3, 2, 1, 0.902132715902259, 0.09774562812311544, 6.699579764153575e-05, 5.466017698392468e-05, 0.4392869354115908, 0.5460097473589951, 0.5760584785677325, 0.47291456648918084, -0.03893405311176262, -0.10455951468848886, 0.06754038633974538, 0.30359333506516106, 0.19251694357088744, 0.22027647922333377, -0.07691964491559017, -0.0010626221931276047, 0.0005342227624085741, 0.0018845473115846779, 0.09459261904843276, 0.0007502423016252781, -0.0006213885276681707, 0.0018321299629874038, 0.5
4, 2, 1, 0.9021346606444238, 0.09774363094958782, 6.70107262029304e-05, 5.4697679785360565e-05, 0.7904143602284462, 0.7521640512875205, 0.5433492500614993, 0.4172702552593541, -0.08714228132457538, -0.09111243710078053, -0.0871492816111992, 0.38446548296988015, 0.20307228010458372, 0.43479697533531425, 0.0836931692463156, 0.0024853991585790675, -0.00026926534664533454, 0.001045696673804658, 0.09240613502657392, -2.9302676237350356e-05, -0.0004789640006899648, -2.0250180447944362e-05, 0.5
5, 2, 1, 0.9021604706121855, 0.09771779246934684, 6.702103061786106e-05, 5.471588784979573e-05, 0.48157460305658545, 0.6463098281471717, 0.53050294460905, 0.43840600058972, -0.062018053634249594, -0.011413404625620238, -0.15526525901039037, 0.39500252839921307, 0.2962272862307007, 0.41512954751810655, -0.1554283639101652, -0.001085822590154498, -0.00015784647601462643, -1.5321657894746447e-05, 0.09325065121783534, -0.00115346331817537, -0.000761826294674809, 0.0003777843611806188, 0.5
6, 2, 1, 0.9021103234717239, 0.09776777371694674, 6.709262053847038e-05, 5.481019079088796e-05, 0.45882399543795965, 0.6502011870853038, 0.6743272799111244, 0.4724693401174087, -0.032590388641161594, -0.23209919582011201, -0.1790692100053525, 0.15551821642646946, 0.42811005183227735, 0.20935421817470884, -0.056881512430595894, 0.0008632448759733026, -0.00026582993031318617, 2.7862757354781074e-05, 0.096086161206426, 4.456104416371473e-05, -0.0013595518537507115, 0.0026038175223063315, 0.5
7, 2, 1, 0.902098382995291, 0.09777965804073536, 6.711395297256571e-05, 5.4845011001179006e-05, 0.6956873667127585, 0.5283611699556933, 0.6360071064096199, 0.25243879076899517, -0.15197425402060358, -0.08422886187234342, -0.07948332272020367, 0.3627079260936188, 0.41143056611220324, 0.2175658447825853, -0.12863631943553253, 0.0007437758096413164, -0.0010555657056729904, -0.000764893210577056, 0.09597723797912533, 0.0006501006255884244, -0.0018763469223012665, -0.0005730810404351613, 0.5
8, 2, 1, 0.9020707328710336, 0.09780722883742486, 6.714613088952698e-05, 5.489216065211572e-05, 0.41406336273094135, 0.5639753854112004, 0.6966392693857838, 0.4752681287646311, -0.19023626449560097, -0.15819819799335216, -0.0558516788358764, 0.22926686448209913, 0.16643374521168136, 0.3108482396711845, -0.013445853557208847, 0.000594817867570906, -0.0014681433366483235, -0.0003318010149571151, 0.09562994482358878, -7.819624423574246e-05, -0.0010191022347331197, 7.725752536890808e-05, 0.5
9, 2, 1, 0.9018910704149794, 0.0979861700502208, 6.740639178391968e-05, 5.5353143015924844e-05, 0.5935557871726476, 0.4164664178617053, 0.6372811145676989, 0.49135530962080703, -0.06869121713253763, -0.07150149536129455, -0.13619630081930045, 0.3506123762111842, 0.23245938847571718, 0.1161893149675312, 0.07064810361344616, -0.00034352478550631836, 0.0008207904781623466, 0.001132452675491723, 0.09422030141903819, 0.002820624170623999, -0.0011246895579225514, 2.0669619355406386e-05, 0.5
10, 2, 1, 0.9018867870765722, 0.09799043220703404, 6.74143328044275e-05, 5.53663835891745e-05, 0.6063953032104463, 0.7175849266661773, 0.5560087934879235, 0.40030028046254157, -0.1474036077953754, -0.07952883597191603, -0.34138270714021446, 0.2525444113887577, 0.24446602483110058, 0.28436705549243624, 0.04848165332632273, -0.0008764418184235249, 0.0007686696423835365, -0.00046916200894489167, 0.09440918711392884, 0.00033444039078801385, 0.00048090851751836784, 0.001442759431671905, 0.5
11, 2, 1, 0.9022175806098616, 0.0976592721813752, 6.753101297719846e-05, 5.561619578611224e-05, 0.6174871864981168, 0.3871252304827614, 0.5389848973620632, 0.5017042497626804, 0.07054729323128164, 0.03330421249335906, 0.026482570996441378, 0.22715398411955084, 0.2192925031379417, 0.39817801838117034, 0.053180481046848416, -0.0006891870065963476, 0.00036993878935593505, 1.067778166905429e-05, 0.09446119221003346, 0.0006334353234299194, 0.0007666947046584398, 0.000401929379296443, 0.5
12, 2, 1, 0.9022175566312948, 0.09765929606115537, 6.753104935338667e-05, 5.561625819645257e-05, 0.4699329614702215, 0.44389252588310385, 0.4491461493131232, 0.7125602080532081, -0.1447366779414002, -0.3090102972159833, -0.1658305728164194, 0.2553623208773391, 0.4977357500744108, 0.46005350775717757, -0.054412082303354925, 0.0012280594865497199, -0.0002577437745631953, -0.00010387334701759535, 0.09429795819631907, 0.0016811848479969, 2.808993127574998e-05, -0.0009644048616724883, 0.5
13, 2, 1, 0.9017940835586109, 0.09808142785101231, 6.813914552223777e-05, 5.6349444854525035e-05, 0.5162592667447462, 0.5555106067819907, 0.8133885741939639, 0.5258506122310541, -0.11933083981030976, -0.08820419084013985, 0.026100753117699882, 0.23307703771231694, 0.15847801025026337, 0.3313392768040909, -0.006974668539369511, 0.0013672071054025934, 0.0012996896006857565, -0.0011884487317186444, 0.09342937648146575, 0.0003533284847087836, -0.0005360288890137148, 0.0005882076654789346, 0.5
14, 2, 1, 0.9016841404851114, 0.09819108226509696, 6.824484317991266e-05, 5.653240661188968e-05, 0.5500367986655298, 0.2192501339879503, 0.5290289877600822, 0.36950663947083406, -0.17612576682603898, -0.030658848066264753, -0.04879916734766153, 0.08264451694699486, 0.3578392217231164, 0.2606111116222401, -0.07214613802282939, 0.0003673844993425486, -0.002171405733314798, -1.740074758709215e-05, 0.09626214695678552, -0.0005645160203877957, -0.00019609626231061693, 0.0007411394309008114, 0.5
15, 2, 1, 0.9015783171851887, 0.09829659154599096, 6.834965287337947e-05, 5.674161594710853e-05, 0.586803207167758, 0.39606314851661295, 0.5305991607433401, 0.3615805783661683, -0.30345233330672905, -0.15924032499610213, -0.20059139287134392, 0.1282312016316086, 0.2601474961653595, 0.23920902803780697, -0.0828407697006738, 0.002093665922123248, -0.002072810300324334, -0.0017612853157309375, 0.09465459984101388, 0.0004181092707893961, -0.0009486992994602458, 0.0014356679486972263, 0.5
16, 2, 1, 0.9015761191313322, 0.09829878068184417, 6.835313073524849e-05, 5.6747056088331744e-05, 0.5933456780270466, 0.30724524766390776, 0.5460032050853589, 0.5574140694443165, 0.02869550934985372, -0.1338759717483066, -0.22475899298337548, 0.18896596844378113, 0.43521462956284884, 0.3693127849641063, -0.08482997197960904, -0.0010190013826317876, -0.00035188361433265315, 0.0009448814373188609, 0.09340261527598728, 0.002087496358383835, -2.979712055578257e-06, -0.0016611813284403611, 0.5
17, 2, 1, 0.9015731802076598, 0.09830170747213471, 6.835906710526685e-05, 5.6753253100248344e-05, 0.5380160082347661, 0.579523953614815, 0.48446046144725496, 0.4792072721923299, -0.059911055630248865, 0.00015922311669596122, -0.34419661577367333, 0.1909037576359268, 0.28243149470883244, 0.22253956630989843, -0.15544049528580978, -0.0015528520658829171, -0.0013138854731578717, 0.0002778375974263602, 0.09493971457919924, 7.703503550798666e-05, 0.0012388812581008851, 0.00039457981066286804, 0.5
18, 2, 1, 0.9012337727140268, 0.09864032959911892, 6.863602946790908e-05, 5.726165738623982e-05, 0.49948893090785856, 0.463808620103197, 0.5744866212618701, 0.6235255185905306, -0.2208054327087674, -0.1252572443213508, -0.053009932397234075, 0.10295960080440758, 0.32906205232355334, 0.10343330022738387, 0.13278217781850515, 0.00033060866262236185, -0.0006122937786360359, 0.0005604986467841546, 0.09603579523349301, 0.0009305721030139439, 0.00055733774085773, 0.0004019456110135011, 0.5
19, 2, 1, 0.9012334770578265, 0.0986406239449943, 6.863663981019065e-05, 5.726235736898798e-05, 0.2587001006990555, 0.5536216800940761, 0.6317772688086166, 0.5588863496677681, -0.25591000419375076, -0.08354468806297782, -0.12803175896554483, 0.23498989382816343, 0.35784906622345125, 0.44198292430244324, 0.024626346216310553, 0.0003710154977570388, -0.0011301699219732095, 0.0005172217730594071, 0.09536880680482951, -3.7159744694387983e-06, 9.831244571502149e-06, -0.0010651784657848746, 0.5
20, 2, 1, 0.9011891565043352, 0.09868478989267489, 6.868493825043143e-05, 5.736866473951503e-05, 0.2928160475722595, 0.3518587803344041, 0.4701843289367746, 0.6755213580239156, -0.19274965548715187, -0.22509271177802867, -0.10394074600508177, 0.2881777451868378, 0.19121351993769897, 0.27132493483343423, -0.17924710950933403, 0.0008268093138727976, -0.0008482836846600231, 0.0003720964839799533, 0.09492794209883257, 0.00015376206254128817, 0.0008647726209601682, -0.00020098598737715922, 0.5
21, 2, 1, 0.9007837750703875, 0.09908890217910139, 6.922610505280027e-05, 5.8096645458340904e-05, 0.5346745678505525, 0.41147533009628423, 0.6937886862691229, 0.4771770926381896, -0.16029683097473754, -0.08523419653179205, -0.12864163114723842, 0.12370574127474214, 0.21159514859467352, 0.423883122163094, 0.04650444629994897, -0.0007655722249779917, -0.00042337069518867833, 0.00132068462870742, 0.09514474311929294, 2.7176252073565446e-05, 0.0018537283329486606, -0.0015587425282190352, 0.5
22, 2, 1, 0.9007977224273597, 0.09907459807124991, 6.932887075502784e-05, 5.835063063546849e-05, 0.5784182196759133, 0.3208060746256332, 0.3674410554807158, 0.5381552584133767, -0.02702584890672587, 0.04310264731861069, -0.06140071206066798, 0.17460279232956905, 0.26988219240215133, 0.29909843278161435, 0.11794910376672536, -0.001316799511234585, 0.0028207494747045487, -0.000202695249772825, 0.09429937370076939, -0.0019312218763962222, 0.0007728353785473153, -0.0013345555884772473, 0.5
23, 2, 1, 0.9008108246977234, 0.09906147526191898, 6.933619742972073e-05, 5.8363842927681665e-05, 0.32467082225069116, 0.5287549067307463, 0.480523588678213, 0.5082020481874863, -0.048231882336424635, 0.051100909347331115, -0.19031106595928365, 0.19123704931316068, 0.23076297912725371, 0.19806929392153147, 0.04834895322033935, -0.0001815005812587304, -0.000640897940412751, -0.0008055269623326502, 0.09452922351174527, -0.0002639036293947083, -0.00010074216935067192, 0.00023174361252097602, 0.5
24, 2, 1, 0.9008079276130573, 0.09906436141676239, 6.934051535847086e-05, 5.837045482191551e-05, 0.2315995477003387, 0.48076401157062465, 0.47644447543518076, 0.47033481364001856, -0.17384158752579687, -0.07183766454070291, -0.3690963849281059, 0.04941267714955659, 0.2838360778541974, 0.33231392113845903, 0.03720821134297632, 0.0018575589157210468, -0.000977608604245579, 0.00011961977803772087, 0.09454451729430682, -0.0003481975817677263, 0.0004954215614702679, -0.0002597713728863682, 0.5
25, 2, 1, 0.9006526654324103, 0.09921915964119368, 6.949498247382132e-05, 5.8679943922093136e-05, 0.5145394394160987, 0.5515261470206688, 0.5611161027967195, 0.43057720881591904, -0.02749841449872953, -0.1487546442102743, -0.10781787813414849, 0.1352973589458421, 0.3691751972592327, 0.023394878719052947, 0.11859181319493348, -0.0002552150097304443, 0.00038253914072963323, 0.0021117388818353367, 0.09418141687679378, 0.00025705198612974693, -0.00030396499142612825, -0.0026491683437628124, 0.5
26, 2, 1, 0.9005079762458865, 0.09936238838686946, 6.988356166647775e-05, 5.97518055775708e-05, 0.3764108698824752, 0.4189498063218774, 0.40818939913154173, 0.47859818417822186, 0.014147067350240516, -0.07475941333868634, -0.08419870495939942, 0.022227291590181684, -0.05855307433600658, 0.12837758673009086, -0.10293380864463982, 0.001424607330519128, -0.0002936974457552612, 0.0014275742839854311, 0.09518925324741499, -0.000983337918063055, 0.0009525776301091337, 0.0004035446015299679, 0.5
27, 2, 1, 0.9005078657942062, 0.09936249748067129, 6.988403811265944e-05, 5.9752687009846866e-05, 0.3235947857019412, 0.3840396331159374, 0.4909092324538823, 0.4005371205966958, -0.03673586923331508, -0.15454226634706825, -0.0409944596893716, 0.2965622104619607, 0.46493821182778666, 0.006131108469730107, -0.021019202404854453, -0.0005400880079246926, 0.0019869464496972463, -0.0005230812679314028, 0.09426335688260265, -0.0020246968654253996, 0.0019486195945138708, 0.0008453069094649804, 0.5
28, 2, 1, 0.9002248065745339, 0.09964445953430755, 7.019772916411152e-05, 6.0536161994574836e-05, 0.5824205241611273, 0.3401330554399341, 0.43570271385185155, 0.6024467315363613, -0.16694180517289303, -0.12470389408260785, -0.23332030080937072, 0.2629669071361534, 0.0923523770478644, 0.22473237168795296, 0.06139042862828311, 0.0009217752673492013, 0.001688797571429397, -0.0006197442352265457, 0.09597664275746196, 0.000627385360417752, 0.002223437966612297, 0.0007540045509188789, 0.5
29, 2, 1, 0.9001642711694154, 0.09970481331093357, 7.024121430312017e-05, 6.0674305347927426e-05, 0.4785410271834866, 0.3687253542122694, 0.3473160821377069, 0.7490318031828134, -0.04847223010352423, -0.20150713352958963, -0.1559220695844894, 0.11417299731154684, 0.21102299261887372, 0.04604346938330513, 0.06536532288633456, 0.0007667113191297991, -0.0009146436110302724, -0.0009993216186889365, 0.09416211970114703, 0.0004181544302873476, 0.001338562164152815, -0.0014979885132148068, 0.5
30, 2, 1, 0.9001346861012642, 0.09973428464331689, 7.027422426206508e-05, 6.07550311568559e-05, 0.2904660196245094, 0.3360341621510968, 0.3776477290970215, 0.419650489740819, -0.12277505873693981, -0.016408970832471403, -0.10931312855234879, 0.13635931583847932, 0.24696021009830624, 0.05686483246383216, -0.1386759754075103, 0.0016414567127960938, 0.00023137460292838152, 0.0008590275139552052, 0.09390536481210117, -0.002056403995169994, 0.0007576385378974754, 0.00042039834730979886, 0.5
31, 2, 1, 0.9001301281735418, 0.09973882368059621, 7.028038046723107e-05, 6.076776539490245e-05, 0.4532256611132725, 0.4408999463786725, 0.5475486493385053, 0.711315480206627, -0.18590978376334602, -0.1638629919400891, -0.09336340451007327, 0.43596357843129646, 0.08926873885559465, 0.23992940163649817, 0.027409518761299656, 0.0017178500784323278, 0.000844078596925968, -0.001283486238006599, 0.09452406105946586, -0.000491619087548741, 0.0004330022342242621, -0.0001457387600510191, 0.5
32, 2, 1, 0.9001354114735397, 0.09973352595610907, 7.02857038582637e-05, 6.077686649288877e-05, 0.3461359953835868, 0.4720099847162816, 0.4948999774951293, 0.5052783537508876, -0.04296872942977009, -0.03016644209476954, -0.15704790506327188, 0.31069984964785397, 0.27344757701617667, 0.3548632876279071, 0.05173341994433815, -0.00019718568830052983, -9.460964172988703e-05, -0.0018355020661053561, 0.09358779576902312, 0.0004979202819145902, 0.0011756880787971802, -0.0011276358822919098, 0.5
33, 2, 1, 0.9000737033389391, 0.09979506300174484, 7.034785852185709e-05, 6.088580079419532e-05, 0.35297268459455317, 0.28862133863227796, 0.5814821229844298, 0.5585339885741366, -0.18580470535273555, -0.2897765294009864, -0.1861745629950827, 0.2394237288091808, 0.21650112177178538, 0.22650272215596465, -0.030074276211516066, 0.0010897081552084036, -0.001223900140025005, -0.0007133260869982893, 0.09636850500106603, 0.00027980781121753696, 0.0007837551989954194, 0.0012247138106458839, 0.5
34, 2, 1, 0.899958014318745, 0.09991026779345401, 7.048525849107377e-05, 6.123262930985114e-05, 0.4451852181859837, 0.40649770690486076, 0.4961555972966332, 0.3466266566740345, -0.15877830247280172, -0.13901075942803595, -0.061581604264543746, 0.24228883885370855, 0.26958322276111224, 0.0016821204582438299, -0.2132831703983497, 0.00010123257504420768, -0.0007096273700786777, 0.0006319202930943006, 0.09468214584602576, 0.0006077664157617738, -0.0007624407391948868, 0.0009362024384039439, 0.5
35, 2, 1, 0.8981898474223114, 0.10167298182535661, 7.20958247735722e-05, 6.507492755825611e-05, 0.4870110367870405, 0.3177433203359904, 0.4269268545299153, 0.6168950713085621, -0.15114234716283337, 0.08239200560611053, -0.0550761474797871, 0.17616904421152993, 0.10365232207367536, 0.16954265481661818, -0.019884281134745038, 0.0005193102808938668, -0.00012123256686562076, 0.0015261298847112016, 0.09469242969687147, 0.000911987530614999, -0.00026236357445311414, 0.0003575793822817168, 0.5
36, 2, 1, 0.8981968064830785, 0.10166600643158531, 7.210049477408478e-05, 6.508659056200974e-05, 0.3013626283198231, 0.3995643164087127, 0.40100604121397676, 0.6944067874952934, 0.013191731715863741, -0.215701946371121, -0.05512078851364592, 0.282841965557575, 0.24228984901725453, 0.2552262726971303, 0.05217989643136258, -0.0007871684667815394, -0.0010298100191496048, -0.0010347482015513566, 0.09466017200029055, -0.001796847013687117, 0.0007719499845563826, -0.001933378240182345, 0.5
37, 2, 1, 0.8981050413020307, 0.10175749974979299, 7.216964697580418e-05, 6.528930120058484e-05, 0.41700417571260645, 0.29275623825003166, 0.35086118383965265, 0.39512227560338486, -0.078038636587134, -0.25255003410555804, 0.012973757274260778, 0.12249952351102995, 0.2569606307824458, 0.402739469695094, -0.16576343337534732, 0.0015011836729175133, 0.00017199252898641757, -0.0007777617621275587, 0.09742455297236671, -4.9847714013600177e-05, -0.0007905418719176343, 0.001935930145129489, 0.5
38, 2, 1, 0.8981038078951602, 0.10175872848151761, 7.217109813194552e-05, 6.529252519013437e-05, 0.4473117409286328, 0.5205498711371305, 0.34016999017902744, 0.40255362618991447, -0.24070484266519437, -0.11610911592166354, -0.29364379220014936, 0.256766119155245, 0.2735368308957737, 0.22271086258261702, -0.012228912634279245, -0.0005725456463660824, -0.0007280758734850861, -0.0015362209754606136, 0.0963032134832078, -5.672448553866659e-06, -0.00035409001416237873, 0.0004528245761508589, 0.5
39, 2, 1, 0.8980656683536005, 0.1017967275567521, 7.221532076788297e-05, 6.538876887963772e-05, 0.33808676089224765, 0.39427443846776733, 0.4309388936156486, 0.602089187913047, -0.08254622790685959, -0.08296888509125228, -0.21315239262440375, 0.2665418302995163, 0.1993116869939892, 0.15704145194504246, -0.014466951175391119, -0.0019807763164181777, 0.0008752969745312563, -0.0020361051094457, 0.09558587509143186, 0.0004931823270662125, -0.001117488480686738, -0.0009750282461090211, 0.5
40, 2, 1, 0.8975149405903584, 0.10234597663213434, 7.263187349956037e-05, 6.645090400761235e-05, 0.38768449506441066, 0.1813180324105937, 0.31532424748279964, 0.42166545840788955, -0.24941277653894467, -0.04000320329504533, -0.15767975693711953, 0.11621200457589423, 0.17171628060651392, 0.11722742777026454, 0.05762179958638806, 0.0006737925581643642, -0.001031710726512898, -0.0002432728697986089, 0.09824986105907989, 0.001321314831735826, -6.462410178034379e-05, -0.0011149849014009138, 0.5
41, 2, 1, 0.8974537169192063, 0.10240707944756232, 7.266120588011314e-05, 6.654242735125111e-05, 0.21610707231489798, 0.4114399738187619, 0.29853989339080667, 0.3513114609511064, -0.061148452813858986, -0.3244734719214888, -0.020828127609653226, -0.0239002074161462, 0.1404957796805507, 0.17997233544224997, -0.031142167416921517, 0.0009458287198916696, 0.0011661531237371725, 0.001293768560264854, 0.09478824561121352, -0.0025680205311519014, 0.0015357313965726099, 0.0002413787898380244, 0.5
42, 2, 1, 0.8975004822790619, 0.10236026841066696, 7.267713375973648e-05, 6.657217651151433e-05, 0.43678430988966355, 0.29224231898950953, 0.37266445057756403, 0.36838680468006785, -0.11002486810921512, 0.1384813748871852, -0.21442090102211653, 0.26559257677351933, 0.27478254940464636, 0.35033373964600817, -0.001309392491886066, -0.000697563252613129, 0.0003160521057833132, -0.0011019112504173025, 0.09434937287759937, -0.0009141024392743606, -0.001050745174269915, -0.0005136855223338095, 0.5
43, 2, 1, 0.8967263921700976, 0.10313210042020102, 7.332497927820654e-05, 6.818243042312651e-05, 0.3851921324028007, 0.2895793218740368, 0.4655183642946872, 0.26784719526391493, -0.10141681728689053, -0.026483178139222786, -0.029701093486693232, 0.1851255373514323, 0.12859923576185187, 0.03197681194782211, -0.0496446150987615, 0.00010160288250816454, -0.001969099129295372, -0.0006085410997931326, 0.09534208244282355, -0.0007640452202595155, -0.001987125447912107, -0.0009888190240908048, 0.5
44, 2, 1, 0.8967193353683559, 0.10313913642534284, 7.333105924572715e-05, 6.819714705563427e-05, 0.17821433151746563, 0.3320762432248737, 0.4279217544807433, 0.39238889660048776, -0.1647677958276002, -0.17702008487660711, -0.023058580825635833, 0.2539897931810443, 0.19808615667250268, 0.04615755974922457, 0.22429533432230833, -0.0020416700856003707, 0.0010255310748925777, 0.001679578580653953, 0.09580621894654776, 0.0012819074419733877, 0.0005329975231577609, 0.0011985463310160147, 0.5
45, 2, 1, 0.8851863497723702, 0.1146465048541125, 7.973231935936304e-05, 8.741305415798379e-05, 0.3468054156815153, 0.224046356685152, 0.3273381498097207, 0.2729159925583737, -0.07817830025852295, -0.1745798915881368, -0.05854249075144776, -0.024395408208313228, 0.10624480117901822, 0.1384163084141304, 0.08179134684892508, 5.675941734199738e-05, 0.00025995594644248436, -0.0004292973577378507, 0.0946394763184498, 0.0010655700367066853, -2.5988571575280693e-05, -0.0010923662567706455, 0.5
46, 2, 1, 0.8851809328972999, 0.11465190520485914, 7.97366427292212e-05, 8.742525511173577e-05, 0.19974595720532232, 0.3706074572766892, 0.2005883866729023, 0.5269684854958341, -0.32238397602205915, -0.08993333608227558, -0.19587154415995034, 0.12101822336606075, 0.05912767567618504, 0.19886898978807266, 0.00842504066115178, 0.0012685028205245703, -0.0015557785195792846, -0.00017529325547207481, 0.09473117309088157, 0.0003372788308563894, -0.0005714406264321697, 0.0006322379243310358, 0.5
47, 2, 1, 0.8850223631132813, 0.11481002682922711, 7.985237995006522e-05, 8.775767754154096e-05, 0.4089910379758602, 0.27669591244465064, 0.3735980013958483, 0.4176630047907827, -0.13386964225988368, -0.20761577736100004, -0.061461528669303024, 0.2689653522858149, 0.019032152196068464, 0.19024089361458302, 0.09002772676707393, -0.0007425884568713851, 0.0018372861946159915, 0.0007047531686726897, 0.09560645735215274, 1.0528800700638412e-05, -0.0010957319548358306, 0.0025391128366274236, 0.5
48, 2, 1, 0.8847589187380474, 0.11507245516895748, 8.012817075514255e-05, 8.849792224015591e-05, 0.3544413254112567, 0.3242787513875019, 0.36317619324534, 0.48972530869317377, 0.03462522001802108, -0.017554788108668208, -0.13010482068375467, 0.05123061371444615, 0.057186506162666996, 0.1672607417287369, -0.10120411969593475, -0.0004567880213021829, 0.0009188875432255194, -0.0014463818287868762, 0.09605830907775499, 0.00032341020999253323, 0.0004825868071883587, 8.686914902460697e-05, 0.5
49, 2, 1, 0.8847016822094412, 0.11512950726676317, 8.017487812059086e-05, 8.863564567485585e-05, 0.2833586929857472, 0.31309818122541816, 0.21243574698118364, 0.5594501913813629, -0.0893017173705964, -0.16104580094377252, -0.1199927662500547, -0.0011166686826233007, 0.18316748633340638, 0.3037294221218338, 0.11853123637463978, -0.0014025341839364904, -0.00037748606802812736, 0.0009827930178893797, 0.09443549506432511, -0.0007061897426893642, -0.0005597948633360862, 0.0009359606391776614, 0.5
50, 2, 1, 0.8843671020991979, 0.11546322619828073, 8.041601483029946e-05, 8.925568769101446e-05, 0.4412295861910479, 0.3706733541129835, 0.44060196765423676, 0.444219324486947, 0.008597386490362235, -0.2139432645371313, -0.1120650019005351, 0.034202280438038676, 0.19188877758196482, 0.2652608853529005, -0.045184974381881224, 0.0008302814338915084, 6.58233922691695e-05, -0.0013825135616657147, 0.094702599571322, 0.0006312094280140753, 0.00012832629188001512, 0.0002452815335378144, 0.5
51, 2, 1, 0.8842140171828331, 0.11561585618231598, 8.05498684972619e-05, 8.957676635364913e-05, 0.27214399713086773, 0.3589620252140348, 0.41815716134141956, 0.5451969850123322, -0.1811818281744284, -0.11734381226989823, -0.0907253959170509, 0.10762770328270117, -0.07289792920190982, 0.15692437999711045, -0.06656873692181872, 0.00011900339406991976, 0.0011923798180500799, -0.0005681086357388255, 0.09598612095400347, -0.0006665514652819976, 0.00011402943283817103, -0.0013247540935516203, 0.5
52, 2, 1, 0.8843488897288274, 0.1154807852168755, 8.060610428629692e-05, 8.971895001072774e-05, 0.2117091112000852, 0.22052228040088973, 0.19070295176075494, 0.41306413140846576, 0.0006250207026966325, -0.0028164714478869034, -0.25605095873559947, 0.24577156925867233, 0.02190414290011671, 0.3577067112791129, 0.12217568634150666, 0.00042049681049798624, 0.00061084149147431, 0.0005283796175333997, 0.09617382631159395, 0.0004441323691140738, 0.0012441612573050095, -0.0020166746003002596, 0.5
53, 2, 1, 0.8842129616974704, 0.11561633226236818, 8.069766044777168e-05, 9.000837971363293e-05, 0.23872520338933026, 0.393849299978473, 0.3337689090921821, 0.5011590998753667, 0.07191796834163178, -0.19224776658864268, -0.0755402619701285, 0.0920427305994742, 0.10024558487133976, 0.1209206339303878, -0.051014944204147414, -0.0023557798417858144, -0.0010698417141825564, 0.0006665213931652742, 0.09569275260577066, 0.0013438992724626193, 0.0010428675873714157, 0.0028663130936320046, 0.5
54, 2, 1, 0.8842500977785056, 0.1155791213059447, 8.071978283171344e-05, 9.006113271797106e-05, 0.19679428033041962, 0.4613592758870098, 0.31878784338560223, 0.6567039415692746, -0.07895231918057441, 0.01490866022570576, -0.20966615978122452, 0.236490461695308, 0.12019666221596555, 0.16911337804894877, 0.053747283411196264, 0.00016942401404223018, 0.0007279559704669802, 0.00011691402927665186, 0.09447779878362594, -0.00014702908197176636, -0.0006586315993536426, 0.0001903028548460051, 0.5
55, 2, 1, 0.8842531000643632, 0.11557608058783567, 8.072947922553482e-05, 9.00898685755882e-05, 0.34737594911922165, 0.26639999179138135, 0.28796943477907294, 0.48395542254245993, -0.11078921668862116, -0.08452487924530996, -0.18137509242035466, 0.4322709366395535, 0.07827469284659676, 0.04438820343006693, 0.08221415359756545, -0.0006770270976873123, -5.196459163997971e-05, 0.0007142965803844679, 0.09550783613115815, 0.0005672342623247429, 0.0003661985890432775, 0.0005549658077644451, 0.5
56, 2, 1, 0.8843137601062205, 0.11551527688349254, 8.076744110029729e-05, 9.019556918656199e-05, 0.22027406133725008, 0.244837989674837, 0.2410230704071909, 0.40040759267634785, -0.01834752838296213, 0.061423549732874894, -0.11449509419914188, 0.3540647713226994, 0.1289494832208628, 0.17402456486914838, -0.22118592734280992, -0.0013939000632943635, -0.0002806847527926864, -0.0006720520221259893, 0.09322972415724945, -0.00032356963764795126, -0.001036357217597754, 0.001006821451925201, 0.5
57, 2, 1, 0.8840868089643233, 0.11574171254911693, 8.090745389675342e-05, 9.057103266301492e-05, 0.1779333145256535, 0.0856621027713917, 0.3004724702383236, 0.45505491716637725, -0.1955223392386949, -0.09206161895095125, 0.024910262345637223, 0.13043229517978763, 0.10563016022702612, 0.13775149219776972, 0.13694745519586718, -0.0002770209576139075, 0.00048207228635680405, -0.0007173616393529706, 0.09567406749051781, -0.00056702270267394, 8.171162535180665e-05, 0.0004377098294464062, 0.5
58, 2, 1, 0.8840843662873283, 0.11574414658433006, 8.09105101411378e-05, 9.057661820046563e-05, 0.1987364286998839, 0.25015741769218675, 0.45808273304428776, 0.6476671950389706, -0.2727791884286524, -0.21096171115446466, -0.36567459484576775, 0.16914577829596547, 0.03312361954854095, 0.2944187844050819, -0.0057950630481976625, -0.0025247929698675184, -0.0005462698937002562, -0.00015413191688568004, 0.09553866889778173, 0.0013592219545010703, 0.0005125980542641832, -0.0005586999195138562, 0.5
59, 2, 1, 0.8840457501182439, 0.11578265074417954, 8.09456456321672e-05, 9.065349194432106e-05, 0.08905823493904255, 0.1407960176455076, 0.3693672966822826, 0.32233946334892355, -0.1383024544471059, -0.02606241084451951, -0.10546109913299362, 0.0745824014075821, 0.28598717481487446, -0.015096061646449988, -0.018096768202167983, 0.0009930690110764315, -0.0008689397113425797, 0.0010469622132917955, 0.09603587368533506, -0.0010096560976853622, 0.00055279540613814, -0.0005919913348503364, 0.5
60, 2, 1, 0.884074921300051, 0.11575338649345035, 8.097145306852747e-05, 9.072075343008348e-05, 0.15143747877384195, 0.2212142400614205, 0.2142108790672857, 0.557046650065776, 0.029647963073421324, -0.08580755030892444, -0.16494712251824584, 0.16323803843409032, 0.21985686734090323, 0.29467144899411163, -0.007095017868753786, 0.0005421440841040609, 0.0012271705927689165, 0.0014121033111229244, 0.0940935757183353, -0.0012884073126096277, 0.0021303927038128067, 0.0009763020340949859, 0.5
61, 2, 1, 0.8840729569410893, 0.11575533299978277, 8.09763152936164e-05, 9.073374383432967e-05, 0.21309807129151553, 0.1670837764042563, 0.25498230575489284, 0.4047048766449941, -0.1567546420135538, -0.1953210793278278, -0.10791451463004384, 0.260321390399694, 0.23870965967632954, 0.206271195054, 0.028139959189638363, 0.0038383059323243347, -0.0010664200625162942, 0.0015545108894866309, 0.09496504399233803, -0.0004955642999758723, -0.0007929239672454248, 0.00048323451338169585, 0.5
62, 2, 1, 0.8840656918215541, 0.1157625620322083, 8.098523548510219e-05, 9.076091075241288e-05, 0.11852318825556492, 0.11128697248217731, 0.31076460769018033, 0.5796486595666142, -0.139254544278837, -0.11688604689138586, -0.009567701634449, 0.3060151038729308, 0.03273169155810104, -0.03451821342282522, 0.11020938921307374, 0.00019351808629391976, 0.0012293782176306914, -0.00012724497462424225, 0.09492040730157904, -0.001140318221094813, 0.0008364263949447628, 0.00014054939309906292, 0.5
63, 2, 1, 0.8834041079368894, 0.11642220137319782, 8.136988982697972e-05, 9.232080008585317e-05, 0.3257774585202834, 0.28798230743514874, 0.3471898230826453, 0.5007447064106214, -0.06513176365186746, -0.35168391088771933, -0.0037888160713729357, 0.1534861210477273, 0.015861194515494382, -0.04898771049587436, -0.07814156551130333, 0.0009022509828280102, -0.0016413726942923225, 0.0007180876310542961, 0.09706688386044196, 3.1293788728514995e-05, 0.0006609968841055798, 0.0003197578666636249, 0.5
64, 2, 1, 0.8830480787703141, 0.11677727841609419, 8.16268660558317e-05, 9.301594753587748e-05, 0.19760515046349075, 0.2456240941111047, 0.3667236719052297, 0.4670995573447204, -0.06883396843432354, -0.17909650237077002, -0.13385752621025787, 0.09559265609574738, 0.02316180287606807, 0.07489251145667628, 0.020784831914801905, -0.00015125885906901152, -0.0005760231649247304, -0.0016587568010804292, 0.09552941994418626, 0.0008738137475985013, -0.0006672280137465229, -4.110872472261927e-05, 0.5
65, 2, 1, 0.8830721856216543, 0.11675284655643929, 8.170851323557646e-05, 9.325930867073911e-05, 0.15289757492720737, 0.3111891845443352, 0.18594722897882582, 0.40433785948337153, 0.10228866338511744, -0.026280441347945206, -0.19633847204778793, 0.05114783572824335, 0.04734331037786889, 0.22408745286130333, -0.050174708054930406, -0.001039567789245637, -0.0012630715479449571, 0.0008915699301238483, 0.0952912764341139, 0.0009909104149931028, -0.001164301434796196, -0.0012392621428502525, 0.5
66, 2, 1, 0.8836329441868495, 0.1161910527686954, 8.19820138651746e-05, 9.402103058986834e-05, 0.22310852853506682, 0.055796299410217666, 0.24521415272351885, 0.6051221898924078, -0.07593739043346737, 0.09118829480205295, 0.05368405358757775, 0.13761810650091094, 0.06421311475470946, 0.14907452744767058, 0.12355605992314733, -0.00012702104584089014, 0.00025800817792493694, -0.0006135626770267735, 0.09660556310304069, -0.0002997629742827113, -0.00013680892805957535, -0.0012878007732474825, 0.5
67, 2, 1, 0.8835087362663453, 0.11631488350607974, 8.207068027911478e-05, 9.430954729587959e-05, 0.2215571390180846, 0.1950142280073917, 0.13212479969057842, 0.5552028548074023, -0.16887752608497167, -0.10917499414366805, -0.1381353891851382, -0.04192667523104918, 0.23808007606231935, 0.04532992060466069, 0.004186685675645094, 0.0012415441937794363, -0.0010077507673920767, -0.0010223462292663229, 0.09504911710092791, 0.0011775871592232478, 0.0005303389218007117, -0.000682358890330679, 0.5
68, 2, 1, 0.8821744258208161, 0.11764631297691919, 8.278789259580591e-05, 9.647330966879775e-05, 0.2217902945106041, 0.18450481282495984, 0.2746311539664062, 0.6155557375034026, -0.25529989848766244, -0.05581225229281991, 0.07019038707219494, -0.008904049082736731, 0.021893102085892836, 0.16912649895070042, -0.0927637266742947, -0.0009712211811211083, 0.000830585652999587, -0.0008678666222606265, 0.09399184047905167, -0.0004805887694609518, 0.001092182001112495, 0.0010732621504281358, 0.5
69, 2, 1, 0.8821213032991055, 0.1176992137728706, 8.283950802544045e-05, 9.664341999838979e-05, 0.21521221195622459, 0.385011037287729, 0.2052573315022855, 0.5662039498659593, -0.015160355570050443, -0.08355271933904353, -0.04061908502696558, 0.20334158710243413, -0.03384693081400687, 0.20820514616265468, -0.02818010114750925, 0.0005437235201251198, -1.8595402595417498e-05, 0.0007743953641518852, 0.09435656840651784, -0.0015509667932755477, -0.0002443561026059967, -0.0018376191908938814, 0.5
70, 2, 1, 0.8789212161058606, 0.12089273994317566, 8.454361600835048e-05, 0.00010150033495526714, 0.23944361990454643, 0.27736346391146127, 0.34465675856232814, 0.5594625942475121, -0.21131095487908924, -0.11929330372843969, 0.03557146394343218, -0.04539092419908965, 0.014282721116925723, 0.1731953410214364, -0.05128183106145525, -0.0002860543869874183, -0.0014606641372396415, -0.000741432832291282, 0.09686029775923147, -0.00030349183232397973, -0.0023469472681091736, 0.0009018970157650916, 0.5
71, 2, 1, 0.8787721449879549, 0.12104140114948939, 8.465727017237418e-05, 0.00010179659238346055, 0.1561606308166964, 0.1001587824569257, 0.32436926963471935, 0.6035714399519432, -0.1622949931555323, -0.17929820190329243, -0.07702219459780543, 0.20431575648329736, -0.03214447525773852, 0.1742180170624682, -0.043632626718528675, -0.001958525552006236, 0.0015786390610040425, 0.0004737418405633341, 0.09469498436436657, 0.0023300097984803405, -0.0021179787634278222, 0.00013870021819518722, 0.5
72, 2, 1, 0.8784183211038658, 0.12139391594776325, 8.498731238997288e-05, 0.00010277563598098083, 0.25929686318962547, 0.15366355060853346, 0.15583564779140513, 0.406635937831709, -0.10179838168431662, 0.050769934097571245, -0.22663369308847306, -0.030447972335831863, 0.14245468690600657, 0.04791340570410065, -0.015495723499872249, 0.0004035538840292408, 0.0008593971865126082, -0.0010439602454543966, 0.09565983144148843, -0.001599653462252743, -2.443388252318494e-05, -0.0012582428758385158, 0.5
73, 2, 1, 0.8781144510997743, 0.12169691774546429, 8.51880948621613e-05, 0.00010344305989926294, 0.18361866349771142, 0.1865874968790714, 0.1966519214580918, 0.32256413610989776, -0.19043415663127936, -0.14007046093681713, -0.10112405229739307, 0.05854834971751387, -0.040567291188238354, 0.02731730800643011, 0.06724984644854715, -0.0007687614342010125, -0.0006783071506076721, -3.826671955885017e-05, 0.09587356076868364, -0.0005760793860528397, -0.002479376495631164, 0.001012954252318838, 0.5
74, 2, 1, 0.8781307056762729, 0.12168051335856081, 8.52252310783084e-05, 0.00010355573408797031, 0.08291372637393557, 0.23172217028994774, 0.13114943033307083, 0.5962463561251229, -0.15901056929290935, -0.017308226223928625, -0.2004216744326527, 0.13860652434913248, -0.19107663013609036, 0.09608507451897105, 0.12136717209042314, -0.0009129932384546867, -0.00018627157107706246, 0.0001665566619663971, 0.09470890296143206, -0.0006376868546703012, 0.0015197295830813712, 0.00093399192430546, 0.5
75, 2, 1, 0.8780234583933385, 0.12178745190672889, 8.530090846384599e-05, 0.00010378879146882637, 0.2272739821726452, 0.12853905589527242, 0.24184758932995537, 0.3768699522421787, -0.2710564958475358, -0.20384848794255245, -0.22718359658840823, 0.05204313796352676, 0.13975829808126178, -0.018281689394985555, 0.06260643624976316, 0.0011407078016611835, 0.0005744201154242927, -5.188267013123435e-07, 0.09516948899598121, 0.0008620677936555124, 0.0019526378939249925, -0.00045732963571651396, 0.5
76, 2, 1, 0.8778610564675086, 0.12194940173018703, 8.53967615187797e-05, 0.00010414504078570444, 0.2087517209779887, 0.12862501765392187, 0.10383909798311386, 0.4317615554716916, -0.10311892742369896, -0.22388414963921166, -0.09039790727771406, 0.036064634375250496, 0.15290918229391304, 0.12254732273544215, -0.060469739639803344, -6.35967821550223e-05, 0.0009372970245578865, 0.00011496743120714273, 0.09594447119944786, 0.00024411876770983866, -0.00021976670107445054, -0.0010749820931876138, 0.5
77, 2, 1, 0.8777855686357604, 0.1220246922275113, 8.544386586872323e-05, 0.00010429527085959372, 0.14654631638962629, 0.06739690931875911, 0.18554907645898383, 0.6453238943328614, -0.016240222751384738, -0.23018174189892485, -0.11986626455737015, -0.019101720230064213, 0.1260684073410368, 0.17699525701403154, 0.04460026895825049, -2.5341490398889533e-05, -0.000746627165222353, 0.00022128312162378243, 0.09557430365112059, 0.00027787359176207694, -0.00047300493635147407, 0.0009090286040219934, 0.5
78, 2, 1, 0.8778176749945859, 0.12199250961262578, 8.545955636627549e-05, 0.0001043558364221137, 0.1849028588262036, 0.15330083712308631, 0.12980156759450462, 0.42007949797444705, -0.16506133417304653, -0.008001714684035011, -0.1578231650309963, 0.2596227689658512, -0.04784571593386668, 0.12122279600779576, 0.010268640274789945, -0.0009647529889192606, -0.000591449718642193, 0.0001806015595471123, 0.09607861195185775, 0.0010096596933951074, -0.0007806841295080501, 0.00033337576167664196, 0.5
79, 2, 1, 0.8778239568156458, 0.12198623154812067, 8.542354109989818e-05, 0.00010438809513355367, 0.09399148754874072, 0.053793296088403296, -0.01594521444714516, 0.4825535414169484, -0.0170512418463167, -0.21075698998908013, 0.03755558513728918, 0.24618620421062348, 0.05386750500266135, 0.08324414116271359, 0.05661890124428524, -0.00015412643277102416, -0.00021656945585960447, 0.001086117935894427, 0.09693167431481706, -0.0008217052909264431, -0.00026179960502495733, -0.0022111052962179743, 0.5
80, 2, 1, 0.8777978612767017, 0.12201221789989819, 8.543994085029378e-05, 0.00010448088254989862, 0.18196172407064126, 0.2135537311681821, -0.14659965973270767, 0.3748904309620781, -0.05245892756493461, -0.1006446782398891, -0.012219138824226806, 0.07148292410094187, 0.1444243914431823, 0.05228627714868554, -0.042110769845758886, 0.0010802202257095296, -0.0007912893682467054, 0.0001653459472578228, 0.09466102813165889, -0.0002464130189410585, 0.0019925144986227194, -0.0004468672246619296, 0.5
81, 2, 1, 0.8778589431423367, 0.12195105173945156, 8.546257942518072e-05, 0.00010454253878664746, 0.10832432848601978, 0.10484218094739846, 0.3265382505099176, 0.4457652189168274, -0.035142219504985195, -0.12728817670107465, -0.18252830088288477, 0.12580181932098541, 0.19268337561756926, 0.004288219676653815, 0.03977250212118041, -3.5219071756791484e-05, 0.0001974354705717322, -0.00025640940547791744, 0.09553175000766627, -0.0010725455788408258, -0.0008683387392736053, 0.0008362910530404045, 0.5
82, 2, 1, 0.8776691760456397, 0.12214016406864042, 8.558776964485576e-05, 0.00010507211607502137, 0.13112277997646207, 0.10509584655847155, 0.1257828447258588, 0.37405836363259465, -0.007144271021497328, -0.16445619314671073, 0.0556099441608509, 0.13219299836954904, 0.0726708617770919, 0.03437854090101567, -0.01894259966758109, 0.00028058655417575535, 0.00029741279018161544, -0.0017047020796102045, 0.09457617889012085, -0.0006021062004111723, -0.0018888458226135568, 0.00014728482050845797, 0.5
83, 2, 1, 0.8772718168647087, 0.12253645202493517, 8.59564974081964e-05, 0.0001057746129479736, 0.27650679634311376, 0.11857327222589435, 0.4973602725138441, 0.43934146027608084, -0.19642163099673424, 0.043056044950036565, -0.0025224678519959686, 0.06908980540981344, 0.15575499881481142, 0.115318028910248, -0.07453610284085513, -4.645558885468124e-05, 0.000498980067279721, 6.709289712504439e-05, 0.0940399425170959, 0.0010219742913611452, 0.00013704513287100492, -0.00043686863569989407, 0.5
84, 2, 1, 0.8770582976244891, 0.12274945193854922, 8.588516562716885e-05, 0.00010636527133471264, 0.011528855233583879, -0.049859784398964456, 0.11305110459245431, 0.46576622017371755, -0.09970769643906527, -0.2013400166326838, -0.14474047527261885, -0.042091733941929686, -0.04558580004928967, 0.07876733934394957, -0.035073013295294365, -0.0002972996349537355, -0.0017964339399382848, 0.0015667905155898401, 0.09628884645513368, -0.0018064438745298793, -0.00047769576274146015, 0.0011403736227053754, 0.5
85, 2, 1, 0.8770446815696792, 0.1227630011985046, 8.589411117909248e-05, 0.0001064231206370894, 0.13724243815148235, 0.18081954550159846, 0.10303019124114439, 0.4379735748679446, 0.03090760573099056, -0.10266569344293419, -0.14205778612317413, 0.03938085764157147, 0.068898494990452, 0.20919276773213707, 0.029223464070903666, -0.0011049864928339187, 0.00014993240522337412, -0.0005827673830573909, 0.09369704724252548, -0.0005617424591509181, 0.0008616522876867625, -0.0004056015773365581, 0.5
86, 2, 1, 0.8770769138287997, 0.12273063493161511, 8.592342491074375e-05, 0.00010652781467445286, 0.14002119026816295, 0.06273277592069007, 0.12991289660326624, 0.4950627815189857, -0.028419961417308237, -0.026586890281617714, -0.2135934504928218, 0.13527070662272306, 0.0009873343666395918, -0.01028983816160749, 0.15863594685478694, 0.0005945484088101494, -0.0012240738053128117, -0.00019357400231405746, 0.09390721206724925, -0.0003505129035768188, 0.0012396567252705572, -0.0007821566768611681, 0.5
87, 2, 1, 0.8770785723770765, 0.12272888962175839, 8.594365026974361e-05, 0.0001065943508952735, 0.09201921816356948, 0.1396103469418244, 0.07330945496813926, 0.3720607650543014, -0.119576074738899, -0.05250658400144033, -0.26402160623341947, 0.16510050647943997, -0.01857196318177426, 0.10298446177273576, -0.11438240588268336, -0.0014308870961163627, 0.0002555023998132289, -0.0001485809851608772, 0.09482801279714309, 2.110245516618646e-05, 6.140666705660752e-05, 0.0004965043301171506, 0.5
88, 2, 1, 0.8770298612781824, 0.1227774658487294, 8.595684891435808e-05, 0.0001067160241739351, 0.005598458136482909, -0.0388086976324825, -0.035822750861574285, 0.5497942806427887, -0.1399007936840581, -0.27487313294594057, -0.013135723278328505, -0.10864050083790247, 0.1521573039420516, 0.04233792796457117, 0.028096623319549187, -0.00039061269479140554, -1.0546899590804003e-05, 7.817574117409979e-05, 0.09596800853423362, -0.0005527088605065753, -0.0010039540888118759, -0.0009620567124869681, 0.5
89, 2, 1, 0.8770310844376101, 0.12277626248047813, 8.593468139935944e-05, 0.00010671840051239642, 0.1032396118115746, 0.13866529255292406, 0.0316103223524979, 0.4028235856187674, -0.17970713841892694, 0.0039681191592326305, -0.1615146194408994, 0.2249640226165507, 0.10893206373737815, 0.11981581501596072, 0.12921490407668895, 0.00016319654276691957, 0.0006903561672139153, -0.00016540558700645278, 0.0937072036835672, 0.00034604797154470833, -0.0012298384766991626, -0.0006138879510810936, 0.5
90, 2, 1, 0.8768147254796641, 0.12299179482456708, 8.611336135574254e-05, 0.00010736633441314822, 0.15500212989026596, 0.09504662281877863, 0.07391333884382484, 0.6066776968608266, -0.0258650538916645, -0.168214455901575, -0.223054581406664, -0.038585269070981996, 0.052318760823887034, 0.04536951088676115, 0.07702944229294487, -0.00021605975425643677, -0.002035490935443372, 0.0001799884820436307, 0.09481201520910512, 0.000951330237221931, -0.0006795591032735458, -0.0010951618517627943, 0.5
91, 2, 1, 0.8768196474009962, 0.12298683730293203, 8.611305481257492e-05, 0.00010740224125933708, 0.048639485204256705, 0.1803552722064207, 0.047486335949949894, 0.3289822043112898, -0.22309441912089975, 0.04084867751562473, -0.17025583893232588, 0.059220987533087834, 0.04058342059833522, -0.04129009103942674, 0.08732838981745855, 0.001623328937079066, 2.487653647441618e-05, 0.00011902651139850804, 0.09570076740135759, 0.000839753291127237, -0.001552162971623234, -0.0001925992955720228, 0.5
92, 2, 1, 0.8768105955463036, 0.12299584811888861, 8.612154936335286e-05, 0.0001074347854444533, 0.055407778954198725, 0.22677500274190124, 0.0824941919588293, 0.5958937768341314, -0.24412045021433304, -0.0834430418539373, -0.14018669037127568, 0.1044580748441167, 0.031114954098112053, 0.1284944524600927, 0.19666095570870895, -0.0008886786570497098, -0.002550158202096724, -0.0002465949994592463, 0.09590400012535324, 0.0005594586142760182, 0.00022802495506395675, 0.0010639161228394281, 0.5
93, 2, 1, 0.8767485691478706, 0.12305767105264807, 8.613668287344067e-05, 0.00010762311660792321, 0.09302977184060131, 0.1218460205763098, -0.1596882080298922, 0.4994293660001901, -0.24805143369406987, -0.12725686153886756, -0.02006887842138023, 0.10471724542777035, -0.006685076583787858, 0.056374628654430804, 0.017084661737199126, -0.00196126590281712, -0.00036197942670038543, -0.00146553896357963, 0.09422741283207511, -0.0014325060631523506, -0.0010096833472398937, -0.0016492915868741476, 0.5
94, 2, 1, 0.8759969851676763, 0.12380710849864736, 8.652731176265429e-05, 0.00010937902191368721, 0.13362599872264447, 0.06939523809348967, 0.15403945288125892, 0.5611233266045621, -0.07777208533381702, -0.19818869983708046, -0.029497746250716828, -0.061698386135789596, -0.03289134898802956, -0.0670798806646599, 0.03168912816879209, 0.0010108912143109749, -0.0007847006431649751, -0.0001472906521284035, 0.09662926989113857, 0.0004485978965704837, -0.0011655237609965398, 0.0007414099631984698, 0.5
95, 2, 1, 0.8760521573226808, 0.12375150808476197, 8.659365918779826e-05, 0.00010974093336943012, -0.014282642274340035, 0.04457928688144876, 0.019101617499242624, 0.4106212314520537, 0.02362554795020442, -0.015960204166254134, -0.18082092739223496, -0.042300313041425994, -0.01083423033256187, 0.020893939839104602, -0.01179249578691995, 0.0005985604219594708, -0.00023129245102998785, -0.00030912372103206805, 0.09536980432033272, -0.0005230371030616156, -0.00031330652092948776, -0.0008810207667597032, 0.5
96, 2, 1, 0.8759486339644672, 0.12385450779572851, 8.661174895242646e-05, 0.00011024649085198644, 0.053205841677413865, -0.10093490094572846, -0.09553682111500121, 0.4361794718334452, -0.23286202181648763, 0.0031736629470884513, 0.09399455210314314, -0.04037467790479852, -0.01611768494368056, 0.10718259051334382, -0.019784309426013398, -0.0004152608588271399, -0.00011983781519093598, -8.117493039766505e-06, 0.0952893702562875, 0.00137651485183713, -0.00018497798358688014, -0.0006579644920679145, 0.5
97, 2, 1, 0.8758758835060203, 0.12392701109735736, 8.664094361744408e-05, 0.00011046445300496137, 0.05333042941377686, -0.10534275792566428, -0.03239441781489573, 0.46256659722885757, -0.14665935850698192, -0.06338745450300062, 0.007193493758513791, -0.061272225553196544, 0.04505108927357802, 0.11607142193780542, 0.07047160074078611, 0.00014777036338624403, 0.0007687468220399291, -0.0006012124534852043, 0.09494235071150711, 0.00033630034238297005, -0.0009558563736305423, -0.0010200097401637377, 0.5
98, 2, 1, 0.8758394126148253, 0.12396336622734974, 8.665616055045626e-05, 0.00011056499727455256, 0.05389376636504826, -0.07014489369582282, 0.022486172816194895, 0.44470041846251257, -0.11484801149869542, -0.23914998591464948, -0.06354886930147541, -0.026719309991914474, 0.19551914644063578, -0.07140456394122827, -0.0817113573425198, 0.0006744709376444982, 0.0012819690753499238, 0.00013862464724833973, 0.09345265826150166, 0.0003575959318794928, 0.0005671209431803389, -0.0005530285083761098, 0.5
99, 2, 1, 0.8758432379390853, 0.12395948937778095, 8.665708387406436e-05, 0.00011061559925982148, -0.023828863188043732, 0.000764430779868791, 0.07810510289282487, 0.5967618962240613, -0.18144547140243658, -0.07691128385343371, -0.20961319130889855, 0.09105444437698809, -0.038952651358754795, 0.10805151190128921, -0.017096536256061494, -1.5730407620457197e-06, -0.00016108899728434578, 0.0006035776923287806, 0.09439691840295711, -0.0005278413574396358, -0.0010573778192587992, 0.0009514417101965332, 0.5
