t, Event, Policy, P(still), P(random), P(reach), P(transport), o(t), s_a 
0, 2, 0, 0.7291542291641235, 0.26811152696609497, 0.0027342019602656364, 7.927761913606446e-08, 0.6838732328929593, 0.6193315322804872, 0.7249785097958245, 0.5979580909572676, -0.20435896417709362, -0.10792476184529624, -0.16835455160508248, 0.2317667426419173, 0.2573602014343699, 0.2760283349599682, 0.09834443503998189, -0.019026634387016246, 0.006288544979527326, -0.19919103718620795, 0.09175479278138904, -0.027260302675278646, 0.08125069650091983, 0.041292077772675996, 0.6
1, 2, 0, 0.7289728862185, 0.2681568124180723, 0.0028703013633782437, 4.953876080082151e-14, 0.5699979862631291, 0.5675921773216684, 0.6367357883459572, 0.5989993396701973, -0.10997931582107634, -0.11014149231258619, -0.12408881750172399, 0.04952323362296958, 0.2535484737438398, 0.4602765302517577, 0.06392889124143838, 0.05695435203753042, 0.08694364914756589, 0.08410582540140345, 0.13481343701942974, 0.15085781548147686, 0.013905291476098503, 0.049068064476819016, 0.6
2, 2, 0, 0.7273514895224694, 0.2683968452417976, 0.00425166486523393, 3.7049899960668317e-10, 0.5646117813264068, 0.5629071276712769, 0.6321451055676359, 0.5991914626352604, -0.11046465160749881, -0.11031053148217373, -0.12427731792633048, 0.24661754718730555, 0.18014145289664227, 0.1820145992663615, 0.0029527852372876586, 0.09490182259760696, 0.02492702532479934, -0.024890407299267777, 0.25461695541263074, 0.17524101721168522, -0.10471160353011415, 0.14808091875325274, 0.6
3, 2, 1, 0.14717097952068744, 0.3512366788890882, 0.5015923217160554, 1.9874168992436367e-08, 0.557549698359824, 0.5577091937640757, 0.6261525014021664, 0.5972840435652331, -0.1124191118914866, -0.1092360256945949, -0.12458538019831525, 0.30328871514550093, 0.2084569646783978, 0.29506052785595027, -0.11815228234042197, -0.016034418656662386, 0.05519962329508564, -0.0557684506286074, -0.07129326030189283, 0.009925718461284306, -0.24760061461476884, -0.13321706301015684, 0.6
4, 2, 1, 0.193812210369698, 0.30408900464855726, 0.5020987359969669, 4.898477793391989e-08, 0.5303071624509009, 0.6043693115295337, 0.5580251857907801, 0.654168546359218, -0.02412577251893131, 0.02094827855324357, -0.11854390658938621, 0.3028024503208778, 0.18737710696352233, 0.3287427566428568, -0.026592896548495483, -0.0006853546696178479, 0.00230084698564263, 0.0006760174018322951, 0.09445549733589433, 0.0011566733692152799, -0.0017099205236272702, 0.0005592678512234548, 0.6
5, 2, 1, 0.19381050253343035, 0.3040895466205357, 0.5020999020128081, 4.883322599948745e-08, 0.39337333049042433, 0.588848143300086, 0.6567174898206132, 0.5720039947824183, -0.15028063871183134, -0.25133236038094414, -0.2602373259050269, 0.2505938289508676, 0.3497217645341547, 0.2900046212146168, 0.19811126440943663, -0.0008134029804464161, 0.0005982869731802283, -0.00021790150606475624, 0.09422502190483117, -3.923804720057987e-05, -0.0011035740435597513, 2.3878170060307508e-05, 0.6
6, 2, 1, 0.19312371656600352, 0.30440650607361397, 0.5024697285261811, 4.8834201426300466e-08, 0.494361450122826, 0.49546991863656975, 0.679616260438765, 0.5945487979840759, -0.09206531670203555, -0.12891541767284265, -0.23713776136017195, 0.24427060736344455, 0.35695940945741517, 0.35648800483267273, 0.11125104443301555, 0.0005796761174756533, 0.0011530407821021904, 0.001904422944120431, 0.09492823883915834, 0.0007054152865969569, -0.0012009841101671454, 0.00032308776465001735, 0.6
7, 2, 1, 0.18505341643624157, 0.30741112320748054, 0.5075350534157749, 4.069405031500022e-07, 0.5387563046617905, 0.47135462517807303, 0.5621267690241233, 0.6966171920989666, -0.042971223606497785, -0.12470907259534811, -0.09328387028014495, 0.24482319262213875, 0.36688780927708586, 0.14174808923570348, 0.13777674481569976, -0.0005452712621740837, -0.0015990419927991197, 0.0005020005028381487, 0.095431881280768, -0.0012287398459630155, -0.0004902280528304101, -0.0008318215164440166, 0.6
8, 2, 1, 0.18505347876359496, 0.3074110150063791, 0.5075350992967911, 4.0693323489442167e-07, 0.49547820577880186, 0.6670587931367982, 0.7458461503803878, 0.49111948553194545, -0.15646627302546692, -0.2746571805370774, -0.05866260516980397, 0.26635456659728096, -0.015512512927107513, 0.5073850285513034, 0.22854270585084352, -0.0014786514918179237, 0.00015884078658336115, -0.0004390948819478731, 0.0948809078651108, 0.0014548326726269152, 0.0003511076022291363, 0.001095227505939783, 0.6
9, 2, 1, 0.18045205499113157, 0.3087769250973983, 0.5107705942789889, 4.256324812068961e-07, 0.5747918277610035, 0.5278704593874879, 0.4347943476223139, 0.618186310516214, -0.0337018595847301, -0.017724433659251016, -0.2152633513017114, 0.3388650592064679, 0.24102993085631713, 0.3207168559516046, 0.16066105538346614, 9.363984165979137e-05, -0.000452025063567505, -0.00018789094524415461, 0.09677734432206046, 7.242412658096298e-05, 0.0001848021761367814, -0.0004210659382901923, 0.6
10, 2, 1, 0.16375125906082968, 0.3157952934270315, 0.5204529397657927, 5.07746346137318e-07, 0.4626122577043362, 0.3789651507974853, 0.6126561720270611, 0.6353984439552615, -0.23358465270331674, -0.02865136406619052, -0.12900530788095207, 0.4121885240000675, 0.11637585601223674, 0.19151096984728305, 0.09260352847359658, 0.0001227391540257717, 0.0014890294035705754, 0.0011281803510506433, 0.09463842097562349, -0.000626062277610885, 0.0001509349102022675, 0.00016138090824795767, 0.6
11, 2, 1, 0.14360692705090589, 0.32588116587236665, 0.5305108423423073, 1.06473442008732e-06, 0.5239521639976945, 0.19661296648743476, 0.4263731499519676, 0.5212150897522047, -0.31639971092543645, -0.14191514357207877, -0.1339274450992238, 0.35443421924475416, 0.2636602977016882, 0.3024368244127548, 0.12508626914395213, -0.00012177338794570466, -0.0014326226016233609, -0.0009013224935267232, 0.09570982444893995, -0.00011470519958042838, 0.0015224016889112337, 0.00012086015460292697, 0.6
12, 2, 1, 0.13834830096866657, 0.32945011597426743, 0.5322005901149788, 9.929420872625092e-07, 0.5051880203309779, 0.4411823384513534, 0.7719094771079169, 0.4605619354203833, -0.20390153771566705, 0.09499385225057674, -0.08931227602566327, 0.4548009825317202, 0.23416232082780372, 0.1705523671729021, -0.03946665121911424, 0.0004111659486946644, -0.00023012728575375795, 0.001583586809873919, 0.09372482047598878, 0.0006370124959684111, 0.0004516864827772625, -0.0014623131160417335, 0.6
13, 2, 1, 0.13508692545660303, 0.33144832026588805, 0.5334636301447104, 1.1241327984225101e-06, 0.6158802508471156, 0.5560240043313109, 0.42624925949284875, 0.6246469811058243, -0.15656481654873344, -0.11689207990528314, -0.10658083326844321, 0.34413027833446286, 0.20665158387493676, 0.33659370065068206, 0.029194136745236347, -0.0017401821705453062, -0.0008516117236582611, 0.0007585711811041356, 0.09518272765005684, 0.0023681329558198874, 0.0008291469885237655, -0.0008236558014055502, 0.6
14, 2, 1, 0.1431375779527737, 0.32280152293051523, 0.53405961040249, 1.288714221181836e-06, 0.5707898262706871, 0.4278171623314576, 0.5965006271255161, 0.6317722230270455, -0.17457982024260738, -0.04147058961040766, -0.05265098500566795, 0.2736876822289967, 0.19656329255639066, 0.26245285230550125, -0.019867012877410828, 0.0006431575307129388, -0.00012120643567018041, -0.0004365576565182131, 0.09430242297337317, 0.0012159913545621037, -0.0008451766768099148, -0.0009288938588704788, 0.6
15, 2, 1, 0.14321241056448492, 0.32257592082322456, 0.5342103875339616, 1.2810783290625391e-06, 0.39783224526855226, 0.4365373680796222, 0.47644288005946167, 0.657931603422731, -0.033270647057967284, -0.20837025421105265, -0.0643400496776913, 0.39393172942600624, 0.1643294019962421, 0.3961072357977685, 0.14961099263264038, 0.0006184256942724092, -0.0012991714249125164, 0.00013576806705948292, 0.09464281890516123, 0.0013520543919381448, -0.000893377071861181, 4.6299256811088954e-05, 0.6
16, 2, 1, 0.13688981553885587, 0.3259943048435232, 0.5371145350411984, 1.3445764224656822e-06, 0.431597221400022, 0.5441613744853953, 0.614398236203762, 0.5106901210012171, 0.04576333214215498, -0.041987663735060146, -0.1265130213778652, 0.34405792708929467, 0.2847716004786228, 0.19498293953897422, 0.008090399010803991, -0.0022160333608401903, 0.0019859004242031037, 1.4566079905023249e-05, 0.09394518229472931, -0.0002291785513304112, 5.521916343814581e-05, -0.000812726194103292, 0.6
17, 2, 1, 0.13952630775560193, 0.3233163765999717, 0.5371559540170135, 1.3616274128917558e-06, 0.7476543050120134, 0.4583935468027557, 0.48424710424763023, 0.559373037850082, 0.17338994093416513, 0.057061242180017756, -0.18886290475006268, 0.2367181097414579, 0.3031461253492741, 0.2803702772333315, -0.09314577122152856, -0.0005871693280696487, 0.00027718142663711777, 0.0007213821236934279, 0.09557600282129072, -0.0008889304208774434, -0.0013790937890787302, -8.691822012246162e-05, 0.6
18, 2, 1, 0.2432329487038805, 0.2194071493184336, 0.5373585990354469, 1.3029422390749832e-06, 0.4746553714745147, 0.7326048717473056, 0.5967153462485769, 0.48110374879562023, -0.015706356808536805, 0.0115230088131971, -0.08663997216692484, 0.3914678103088759, 0.22167141545878533, 0.2604118400577793, -0.05100648382271368, 3.233656660112093e-05, -0.0008251106999580468, 0.0005940195213574985, 0.09600842968124881, 0.0015857200395874127, -0.0025268289666232754, -0.0003556492164518791, 0.6
19, 2, 1, 0.23562327358713042, 0.22205751161895312, 0.5423177014433491, 1.5133505672727509e-06, 0.4388006178513435, 0.5261787266970063, 0.5156871917782646, 0.7982090517378293, -0.03446069437047702, -0.01817323958978284, -0.1793981688100841, 0.29810902972379977, 0.14861613061141393, 0.2759466160218339, 0.11148297514435548, -0.0008080157876423508, -0.0012793452149214527, -0.001369270164691709, 0.09387252366560057, 0.00032143930218064506, -0.0011514992991904967, 0.0005604433248794087, 0.6
20, 2, 1, 0.23454253232446862, 0.22291840687090286, 0.5425372949524481, 1.7658521804694562e-06, 0.40096780168560586, 0.40916899520736116, 0.5366048722462847, 0.44450515154531633, -0.2578163004713415, -0.16701048554505388, -0.09975495239582477, 0.2644609629325654, 0.23716969033606464, 0.24694120034193928, -0.026759493665945676, -0.0005658592024767828, -0.0012292258968198467, -0.001799310103867334, 0.09573361072004447, -0.0017753057124603993, 0.0002233055897124127, 0.0004729463586355635, 0.6
21, 2, 1, 0.23443923821835588, 0.22299048271736388, 0.5425684083962101, 1.8706680701547435e-06, 0.4717022994576392, 0.4509295698163644, 0.34259330878617333, 0.6438386534613925, -0.1734329182319262, -0.2797733401969945, -0.1871119387533004, 0.26604149416285455, 0.22058149832833407, 0.27194611286817894, 0.017582594634734588, 0.0006587092730723054, 0.000526454726698191, 0.0011465455443879222, 0.09448012937434004, -0.0032360653885498978, 0.00033095686471880343, 0.0007768561073829556, 0.6
22, 2, 1, 0.23443582345772956, 0.22299296913903194, 0.5425693358344876, 1.871568750955821e-06, 0.4002519401625341, 0.39573418902635304, 0.5686315013376271, 0.6007380869283055, -0.08597026927706486, -0.27580395089733944, -0.10049752084566918, 0.17669088973721217, 0.22045414378340014, 0.23849810302120197, -0.04313729023191418, -0.00110582570123868, -0.00011537357850365975, 0.0016378075746630496, 0.09449327656676934, -6.304529372645249e-05, -0.0010212689921015932, -0.000622616332059801, 0.6
23, 2, 1, 0.23354176782070238, 0.22346854744787248, 0.5429878024101518, 1.882321273369819e-06, 0.5240813498832824, 0.3454239667539575, 0.4434122903459897, 0.6198164619971822, 0.06934238325629008, -0.10717850650151464, -0.2211272481444063, 0.29662724170154214, 0.1938724201971016, 0.3657340266944991, 0.03517339892390102, -1.025980834428997e-05, -0.0009478017735718525, 0.001119155749545636, 0.09515685511797221, -0.0002836969087524878, 0.0004529318114257163, -0.00046390678490031926, 0.6
24, 2, 1, 0.2521371941144127, 0.20482297023901228, 0.5430176365490487, 2.2199097526334504e-05, 0.5358023454911172, 0.5939947270951605, 0.4968519811662423, 0.8214601017366647, -0.028505116160897813, -0.09893054997281113, 0.020041675073966946, 0.14724667842816963, 0.06599889037245119, 0.06343703360804895, -0.03388488170420183, 0.0005823666038251384, 0.00018397459626297722, 0.0018767475973213116, 0.09308649774467041, 0.00027163024471248246, 9.649072832455983e-05, 0.0004126956395425562, 0.6
25, 2, 1, 0.2535325278320697, 0.20308072589651396, 0.5433316011518328, 5.5145119583636275e-05, 0.6524591989222144, 0.5867244637402281, 0.34515999187412627, 0.48487937716534973, -0.04346644175029625, 0.039479040406302145, -0.1528998747070244, 0.14734588812406524, 0.1968111530416817, 0.16885772353049253, 0.025789612714308324, -4.118029109173959e-05, -0.0008869093649071418, -0.001333633139849501, 0.09429756902681351, 0.00027745135894879057, 0.0010579912182848614, 0.0002586225657363764, 0.6
26, 2, 1, 0.30281951981786537, 0.15331445479284203, 0.5436634080443564, 0.0002026173449363052, 0.19402635925785433, 0.34202067456659335, 0.3480530939666756, 0.6478123604091255, -0.0442310051033894, 0.01984550626342354, -0.22163666367060647, 0.2264825678172014, 0.23114177845321957, 0.06256212470802383, -0.12306873709788357, -0.0003847055700994605, -0.00014890933509827643, 0.0010025235492227952, 0.0941756732436485, -0.0009705581790646576, 3.895396222160665e-05, 0.001420249878798021, 0.6
27, 2, 1, 0.303031021669815, 0.1531030569417447, 0.5436635598625952, 0.00020236152584512943, 0.32823944877109, 0.625604094851429, 0.576133635650814, 0.684605138790571, -0.06196236722405418, -0.21972267741047685, -0.06538460192890813, 0.23776189857534327, 0.19680853913111612, 0.2781347372917902, -0.1803602315934804, -0.0010035894127507258, 0.0006268300299043968, 0.0009510599191581542, 0.09489513252322987, -0.00018191178978099043, -0.000941037641992876, 5.2121551310290556e-05, 0.6
28, 2, 1, 0.4431119769960545, 0.01255477770432187, 0.5441133401503365, 0.0002199051492870768, 0.4804258583915182, 0.36827723500690274, 0.3511214472184704, 0.63175044207968, -0.08535311910561927, -0.06704534363311788, -0.021001187848737946, 0.054809516545757477, 0.06280149379121472, 0.3697243111521985, -0.02962816479569293, -0.0004035643551465448, -0.0004902695895495874, 0.00019955246099705306, 0.09565107074486352, -0.0004897227046212233, 0.0004867630149456881, 0.00031076430993758373, 0.6
29, 2, 1, 0.303982198052781, 0.09721461847344545, 0.5976061265357508, 0.0011970569380227584, 0.3267598404843298, 0.3061527750145809, 0.38722381709582293, 0.7161459626846287, 0.0034544630014491373, 0.09152800536117604, -0.06411937007073046, 0.28067710708427096, 0.23827985361811402, 0.18916854107181347, 0.03504211687972432, 0.0016237790129459743, -0.0008864255604286558, 3.2882079467039816e-05, 0.09587774715388647, -0.0009377543849655612, 0.0009693685360811647, 0.00023765730046187349, 0.6
30, 2, 1, 0.27156109995069555, 0.10753680766423594, 0.6197122807876134, 0.0011898115974552173, 0.5006212862062879, 0.40844445935764206, 0.35906876084356754, 0.554841461342942, -0.1964325725031968, -0.021061646356136964, -0.05497529645650645, 0.4108131281054167, 0.24599746948458598, 0.3080742078771569, 0.10920732604038523, -0.0016495154579238864, -1.4131122611536935e-05, 0.0013458515048605127, 0.09393555488380671, -0.0007162102395888717, 0.0007050697517866841, -0.0007734248676959602, 0.6
31, 2, 1, 0.2714836298930818, 0.10758397872983518, 0.6197436958382714, 0.0011886955388115765, 0.5502879476744595, 0.4570210274519827, 0.31379482165626277, 0.6079428153487175, -0.332112336550076, 0.014988290266707094, -0.1363605238348094, 0.10671706207016522, 0.17811264616994735, 0.4621363995741719, 0.06022822645017252, 5.282795495608516e-05, 0.0011740766139775947, 2.7786723944464256e-05, 0.0960613448285641, 0.0007484547008896771, 0.0005288407443251205, 5.9540216006124516e-05, 0.6
32, 2, 1, 0.2715922828883558, 0.10761706065804559, 0.6197543336120007, 0.0010363228415979802, 0.5855481208702804, 0.4552445777099776, 0.4465326382003122, 0.46435647145151027, -0.03582507104320628, -0.2172487624977478, -0.08607962757064087, 0.26760998180156953, 0.166002373822922, 0.12497581394019466, -0.060372886922310354, -0.00028620051083523654, 0.0002168534695735109, 0.0009853649100030834, 0.09511272772770937, 0.00024257323666295542, 0.0013544275607398862, 0.0014475664357122186, 0.6
33, 2, 1, 0.2714456244693416, 0.10771816162782111, 0.6198007045587969, 0.0010355093440404862, 0.3851958079410844, 0.3228277071507622, 0.5459109627064543, 0.6675229729739461, -0.181687441587908, -0.027190320742086625, -0.27261281933927106, 0.22892650473095197, 0.16378581492335212, 0.1197922122921888, -0.09140819053717926, 0.0016280618412867313, 0.0015423834929636244, 0.0012080620946237333, 0.09512059461887198, 0.00014959721460729283, -0.0008101715149611297, -0.0006182280418417581, 0.6
34, 2, 1, 0.27131193595615705, 0.10776816990830393, 0.6199140508103069, 0.0010058433252321751, 0.41530848804819104, 0.5324522759160517, 0.5987078127905602, 0.6967949596425229, -0.0511032340818111, -0.18805923831486807, -0.17477592646350745, 0.3635097044349308, -0.07834621210584454, 0.11267184758358147, 0.1263187500248378, -0.0011337378168171067, -0.001076405926073421, -0.000999451644967879, 0.0942107781741562, 0.00021430813119887866, 0.00028369950616951537, 0.001202672317462751, 0.6
35, 2, 1, 0.2713598679022625, 0.10777534734011796, 0.6199184455397396, 0.0009463392178800137, 0.4415298254531105, 0.20768182107907007, 0.5381711908141094, 0.6465772781847774, 0.11597032505751996, -0.37898388625651247, -0.05987747579064412, 0.21980941961769168, 0.20077094813898816, -0.0008843990514840084, 0.004477890968626897, -0.00027127505115910047, 0.0002566332584063917, 0.0002992174510970167, 0.09453015369094676, 0.0014147656133184636, -0.0003220804253876005, -0.00011459658746558082, 0.6
36, 2, 1, 0.2690254600147641, 0.10903808950148035, 0.6210080768955742, 0.0009283735881812098, 0.3190921032452975, 0.4942225341123433, 0.5293295541911617, 0.6755921203890737, -0.10765051698080352, 0.015676539242937947, 0.0628437751272142, 0.18770110625600633, 0.24715627563687265, 0.2749276821373213, 0.17778991204699654, -0.00012021574487074782, 0.001506419459102172, 0.00038714431176382544, 0.09484357320921999, 0.000850042196804838, -0.00033665828797232826, 3.772072378585077e-05, 0.6
37, 2, 1, 0.26805734404528947, 0.1094750515642755, 0.6215425253774323, 0.0009250790130027425, 0.3282502914894249, 0.27501967848482234, 0.5654120118724573, 0.7107504039581565, -0.06378673782071756, -0.14402389110600575, -0.13810734614370704, 0.1004697928308372, 0.13404663845609818, 0.23770268325845895, 0.11921870301861201, -0.00021862724875296248, -0.00023736617992186588, -0.0015497608921307008, 0.09450285105475048, 0.0011147214442541148, -0.0011423180078647106, -0.0003636687645381989, 0.6
38, 2, 1, 0.2644359752766699, 0.11223257800574264, 0.6223164576882912, 0.0010149890292963453, 0.3978847951589294, 0.18103557884126012, 0.26073650561745315, 0.6699434562431261, -0.14006186957944639, -0.13869045708642638, -0.18563468195918204, 0.17080651152379808, 0.23025055627388133, 0.20217235550644994, -0.02820034137432883, -0.0005812554594855864, 0.0005364802145469365, -0.0003745832803420663, 0.09583827808124919, -0.0009777268261359426, -0.0008756359722236059, -0.0008274998976083999, 0.6
39, 2, 1, 0.2644365352316504, 0.11222150771021912, 0.62232783242285, 0.0010141246352805328, 0.30739288245613744, 0.3244576616130014, 0.39292364143731573, 0.5891084767919943, -0.06667997497435452, -0.20545727363444347, -0.1957428113737575, 0.01708227430197402, 0.1286453826610062, 0.11163098829272214, 0.08950570524043111, 0.00017244697380678728, 0.000982819041450729, 6.61406040056545e-05, 0.09554902946121131, 0.0011142656740599022, -0.0006239134136468694, -0.00020796341426931758, 0.6
40, 2, 1, 0.26390924373389807, 0.11254008502837212, 0.6225366064448653, 0.001014064792864514, 0.3575716236052463, 0.3060756026365925, 0.44401922954032436, 0.41248071306729583, 0.02663776125622406, -0.16631323262945488, -0.09189288277012507, 0.22859867471424744, 0.19872058477170942, 0.37289561450263087, 0.03128428193742596, 0.0006125831986355987, 0.00027311014969383233, -0.0030096198513722082, 0.09412698678181622, -0.00029894849354588276, -8.510467482279234e-07, 0.0008517103352195844, 0.6
41, 2, 1, 0.25985464201839015, 0.11533401335353131, 0.6234905892335271, 0.0013207553945515011, 0.3841228852360733, 0.30424926920237894, 0.3584000360610948, 0.6621139158374183, -0.08723713414573796, -0.042932165178042735, -0.2448164402789173, 0.24908969018046379, 0.10683606249771774, 0.0033360871013636607, -0.05966246536041272, -0.0007842065842278454, 0.0010933961807147732, 0.00032347463092892193, 0.09454620623820303, 0.0007782689703811098, -0.0012753131617203285, -0.0007893567545787959, 0.6
42, 2, 1, 0.3491609989897957, 0.024859831807855313, 0.6246571191191008, 0.001322050083248232, 0.13904802024912755, 0.22121400871688754, 0.36628305671790623, 0.7289918220578933, 0.06164672646635301, -0.15477355937908416, -0.0921180678612177, -0.042507015511268745, 0.26657913944420264, 0.31265546445423315, 0.02552069524346349, 0.000827301234804268, 0.00026872091960292545, 0.0010081659960466392, 0.09370774948186167, 0.0002612493928831628, 0.00125243545898357, 0.0006497116265413324, 0.6
43, 2, 1, 0.34636640565906257, 0.025456332081880324, 0.6263866205732338, 0.001790641685823238, 0.4186627521833586, 0.3234085409469603, 0.16171170115176317, 0.62277183807642, -0.08981414760003485, -0.08228322899036075, 0.010870656959471026, 0.23523210042347947, 0.17050435535629152, 0.1372061686600309, 0.16853525219892512, 0.00014233041841070108, 0.0012068838063589767, -0.00035691696435273865, 0.09456580663422162, -0.0008393533805571213, -0.00018842301037725245, 0.0005618267471949156, 0.6
44, 2, 1, 0.34668667580750734, 0.02512716064348056, 0.626415102093485, 0.0017710614555270922, 0.5000515662285718, 0.2335961958415274, 0.4576730132824144, 0.6145189666186222, -0.02276558933990719, -0.2065717591499375, -0.09965330175907698, 0.1046463572658222, 0.23379428259940446, 0.13558305944376375, 0.05548141243250537, 0.0009441726888350429, -0.0009029095805298882, -2.1250980255954413e-05, 0.09452660513451742, -0.0004587188604803813, -0.00015137704037486283, 0.0011045807886830145, 0.6
45, 2, 1, 0.34177187857948244, 0.026503586705542887, 0.6299508508972805, 0.001773683817694237, 0.5699057692093686, 0.13028117654989996, 0.3725040886902163, 0.80656820645282, -0.07830914648530224, -0.17697124886844923, -0.04922073504414889, 0.3318388518320255, 0.2281290034234479, 0.19503015590113681, 0.19354788129915168, 0.0006750600007319541, -0.0021968573966889005, -0.00080269082390911, 0.09564812137935626, 0.0009197075547614901, 0.0005493276828786655, 8.963382075343695e-05, 0.6
46, 2, 1, 0.34187048087383165, 0.026404891384170702, 0.6299585708667773, 0.0017660568752203517, 0.43815653496407625, 0.37829607615101746, 0.3519098369395667, 0.53130417195526, -0.059701041723263, -0.14645505405710835, -0.2132661407815278, 0.018256726702252358, 0.09849571923813047, 0.10473920637233343, -0.0011576969946975296, 0.0004188670046657468, -0.002684703042361207, 0.00045840121215553234, 0.09453698401122512, -0.0017123260884326322, 0.0009966377328293758, 0.0004452667685303304, 0.6
47, 2, 1, 0.362531361516401, 0.0055796252898577614, 0.6301186032121897, 0.0017704099815515433, 0.20684017819985598, 0.38147923424615415, 0.32887564819345655, 0.46829676449262314, 0.08319799225437496, -0.04792768675050672, -0.14762543590742655, 0.07966604263267098, -0.023377354338270685, 0.29400211559644857, -0.04681176593320991, 0.0006230431245429993, 0.0012705810785843272, -0.0001940887535553457, 0.09567660850761522, 0.001703425272513583, -0.0007509471082202748, -0.0008065595069286391, 0.6
48, 2, 1, 0.3594055836368281, 0.007835996663054555, 0.6307842939849284, 0.00197412571518891, 0.37591209645482476, 0.2962962912221231, 0.21107676351442609, 0.5230872581039878, -0.024120470623890045, -0.08973745745050718, -0.146369406342359, 0.19973472370783707, 0.08966310177410837, 0.2450021377696614, -0.0691458995256439, 0.0014297516399636682, 0.0008822314899541988, 0.0003503143740241236, 0.0961829219435017, -0.0018385822292780838, -2.4564174485909873e-05, -0.003035601584253206, 0.6
49, 2, 1, 0.35757571189234805, 0.00921987124239735, 0.6312104155335739, 0.001994001331680742, 0.24779714625887603, 0.3878821493230859, 0.42996927023451353, 0.5824283170291047, -0.28212511028922294, -0.12506423183622098, -0.13428860857997665, 0.1701040484806078, 0.21086038164384946, 0.13642233914683916, 0.030785770244037364, 0.000297666909243325, -0.002357474371842059, -0.00023152563760032497, 0.09590416332969791, 6.364870742243627e-05, -0.0010733544320267684, 0.0009561901337306477, 0.6
50, 2, 1, 0.20341174207494905, 0.08526148438806783, 0.6592870635841676, 0.05203970995281558, 0.37572874337230394, 0.26662300919967785, 0.24437386147207038, 0.7562329967934835, 0.08620281423790628, -0.06823587938583339, -0.050504840127139475, 0.2599207667143507, 0.19250305418491703, 0.09097128788365683, -0.034650673648379114, -0.0011924513403126125, 0.0005461038825894394, 0.002038292076149853, 0.0952037951893702, -0.0007677150605242581, 0.0005315836383803326, -8.172453439519607e-05, 0.6
51, 2, 1, 0.21494897616903821, 0.07360970887309941, 0.6593436057331715, 0.05209770922469094, 0.2920005317894741, 0.29070610629683497, 0.31409028682931406, 0.4840339491917855, -0.05096662986985149, -0.09944257650460696, -0.14145704726012434, 0.1189555811434223, 0.059202693996287525, 0.16140403466796094, -0.09483381457695818, 0.0006183260094432235, -0.0016437563468541523, -0.000911181161704336, 0.09598935499212125, 0.0005137194608828811, 0.000535304383524739, -1.760842281595543e-05, 0.6
52, 2, 1, 0.2148319296038036, 0.0737109638890146, 0.6593644494579907, 0.05209265704919113, 0.30549293633865815, 0.4293213469754974, 0.4598136787193211, 0.469176044050429, -0.007960931934697935, 0.06047602250414739, -0.14484072489606115, 0.2889031853431436, 0.3008747137605284, 0.18084782530009796, -0.20193526201395975, 0.0016776195330611675, 0.00011481612789910386, -0.00040818510495100826, 0.09483774653074431, 0.0005974856841981141, -0.00035311875558474053, 0.0017953661260106865, 0.6
53, 2, 1, 0.2109036924942237, 0.07557512605258672, 0.661593051299005, 0.05192813015418446, 0.30487188743246607, 0.5142286935606978, 0.3055565978489119, 0.5118625500162018, 0.058512330976479544, -0.133891183844833, -0.20154321325464025, 0.23749450451871348, 0.2267506610669659, 0.16044422442845183, 0.10032194766697193, 0.0014159074897902683, 0.0016494428764085977, -0.00017933343283401337, 0.0954376102501851, -0.0009291431620862406, -0.00015600479057147374, -0.0003915828243802381, 0.6
54, 2, 1, 0.21090765497128772, 0.07561386028299337, 0.6616014649698642, 0.051877019775854724, 0.3927559383565641, 0.1639443391755931, 0.32316443522313065, 0.4792490712380582, -0.08212241528663185, -0.3370887466727879, -0.3013270412717107, 0.11692585203336518, 0.19981928219741527, 0.15338575954888473, -0.053460220762287625, 0.00035231184336780377, 0.0011204479718423738, 2.659779891429679e-05, 0.0952767443312365, 0.0008191825296642016, -0.002253174311160403, 0.0004015586486400899, 0.6
55, 2, 1, 0.21446489212735623, 0.07185890988489273, 0.661737664790711, 0.05193853319704011, 0.17332935862537374, 0.1831171817582003, 0.23168482454012115, 0.5696320225762918, -0.15610970809525623, -0.1411637465793955, -0.019644930700396634, -0.05517114143942394, 0.13238422180206127, 0.2456890754790181, 0.049563179848828444, 0.0017709562773165562, 0.0004696051670896319, -0.0010600970640619507, 0.09409811641773941, 0.0008774632258066143, 0.0017195515613631727, 0.001233355815517215, 0.6
56, 2, 1, 0.2145368947973134, 0.07181313332812135, 0.6617652344642497, 0.051884737410315525, 0.21536796795427157, 0.3503199086720657, 0.5137292185814651, 0.7034267316868699, 0.11499160959542509, -0.0769913080994098, -0.16941669817332022, 0.25636628154568586, 0.19777868603529852, 0.2766511213442612, -0.08707996179978734, 0.000549407838069834, -0.0008046884105739789, -0.00037404606373397573, 0.09494441763714276, 5.781535245497774e-05, -0.0015594969367486783, 0.00048249248673283665, 0.6
57, 2, 1, 0.21078264458985832, 0.07410748639112606, 0.6631786864962282, 0.05193118252278735, 0.1542950099035866, 0.23203478228227334, 0.39779646074624747, 0.5403605835759459, -0.25406598050707, -0.11793607900469213, -0.1311267983503925, 0.052359414388508496, 0.2407122760800612, 0.04967523991063414, 0.1528098193770493, 0.0008029032802046516, 0.0018270119649982822, 0.0007661558995155681, 0.094886123719684, 0.00045778695858864966, 0.0003936320283334974, -0.001039121185875595, 0.6
58, 2, 1, 0.18009655572019134, 0.09443379281529528, 0.6738931098536723, 0.05157654161084101, 0.40761978344245475, 0.20800431634880612, 0.2697392065722348, 0.6421595534573682, 0.00974923527885716, -0.0062029263311608185, -0.1688679215483539, 0.31606917946581453, 0.11906442632208152, 0.3043003780634574, -0.007667370177895166, -0.001311061231857919, 0.0005013173160798384, 0.0010447603471329175, 0.0960829711029672, -1.673325677954723e-05, 0.0005523817984891973, 0.0007896143931183958, 0.6
59, 2, 1, 0.1952828474721693, 0.07921816116646625, 0.6739686321718282, 0.051530359189536176, 0.191661777207486, 0.3030320510469641, 0.3423804638425033, 0.4691399810248703, -0.012409536137829868, 0.0009825567583146232, -0.15739050043601838, 0.03844552622609267, 0.13935876808740116, 0.01922110080213648, -0.08531155200657123, 0.00010377153839348613, -0.0017318028523116966, 0.0006968724323019553, 0.09593294333815754, -0.000633727005256022, 7.30448130757463e-06, 0.0018020393362314364, 0.6
60, 2, 1, 0.19146577259468642, 0.08070250142185546, 0.6754270767283393, 0.0524046492551188, 0.2632990218651011, 0.12495728652742914, 0.19950972067026604, 0.6946419116483704, -0.18122799837026812, 0.04732870250726022, -0.20865596666010147, 0.017756611554766398, 0.040201619332128215, -0.0091775062439855, 0.15869112057400128, -0.0019535331241694797, 0.00018164022185717597, 7.203665462932949e-05, 0.09463811216652387, 0.0006536582976104489, 0.0022767674545718115, 0.00016239087459555732, 0.6
61, 2, 1, 0.19398845676112933, 0.08097309706265216, 0.6770754581510382, 0.04796298802518034, 0.41450002868920466, 0.4080833174509686, 0.11053270058345048, 0.38975277773052364, 0.036397549215589665, -0.06259919970583372, -0.13966153138422763, 0.20756354525545487, 0.09192315511711817, 0.1603889890722165, 0.1833786851060691, -0.0001396222328699071, 0.0008640006344570057, 0.0008114681528020841, 0.09358964727630899, 0.0004332738217581759, -0.0007295646983623503, 6.162949782295438e-05, 0.6
62, 2, 1, 0.20231088959692473, 0.07206447268888087, 0.6771818378719249, 0.04844279984226959, 0.23428293037147427, 0.25133391701672997, 0.19383677537714453, 0.38529900763962227, 0.06759980231806258, -0.11573386511510564, -0.13094025853159122, 0.1314022487789311, 0.1557432717911196, 0.055769933904913485, -0.04028862671603102, 0.0016588785485459536, 0.0004070002893736476, 0.00010420531262360525, 0.09541799580671669, 0.0013560301626532253, 0.00031109087163378216, 0.0004984473573300247, 0.6
63, 2, 1, 0.20252541758662163, 0.07186276483248998, 0.6772137232039411, 0.04839809437694732, 0.08328247098733774, 0.5042390041713112, 0.3251947166039459, 0.5693086756907499, -0.1843110351328227, -0.16858435908442929, -0.1778645562822267, 0.18268623021648622, 0.1490093679421885, 0.25624881757493023, -0.015966460629756273, 0.000643858633992504, -0.00041188701594548, 0.001155899598575775, 0.09453402026348295, -0.0002504660616439643, 0.0011129814832595674, -1.536134667914123e-05, 0.6
64, 2, 1, 0.196450180810104, 0.0750766643298589, 0.6793751176154051, 0.04909803724463199, 0.34738753736743094, 0.2382675482128743, 0.34568594605891, 0.6465426774597597, -0.1382954056247339, -0.12051086018595318, -0.18015144355198998, 0.13477636432812556, 0.24302192231655334, -0.03850694017977687, 0.07386062335588958, 0.0006168129999648473, 0.00021696474269285743, 0.0003954644865289625, 0.09298542851513145, -0.0005468594643981826, -0.002068022866985241, -0.0008807523484335126, 0.6
65, 2, 1, 0.19645977530683445, 0.07504225906155386, 0.6794099672055327, 0.049087998426079, 0.16397430486866854, 0.17093640373965405, 0.16403966443286655, 0.5766044529706612, -0.15939946047291206, -0.26276364171140393, -0.16626305373634803, -0.03172711215096895, 0.19104829699226422, 0.22963653465409858, 0.171599047903843, 0.0007712907032887908, -0.0004770390137153949, 0.00029694760924967565, 0.09465613359135192, -0.0015287517126524738, 0.0016743306961472001, 0.0006177071808671057, 0.6
66, 2, 1, 0.19632708228738716, 0.07513263541058825, 0.679470719263199, 0.0490695630388256, 0.25904176749591545, 0.18927662029717668, 0.16233619252105283, 0.5420601802322617, -0.09586746444810165, -0.07949138346355814, -0.33576042900743963, 0.05735711561303132, 0.050405765018235946, 0.10003692054163985, 0.10795308133093318, 0.0005693060150838104, 0.0003172191084635303, 0.0004725915384763083, 0.0941672142119358, -0.00044008990994896135, -0.001985820526347484, 0.0006528860729243059, 0.6
67, 2, 1, 0.2584815428148853, 0.01103651449327064, 0.6789279305807794, 0.051554012111064675, 0.010633079277496816, 0.11227785757720424, 0.2600805866928762, 0.697449276471923, -0.01050522011723225, -0.04654109375884953, 0.007451349389932793, 0.0032647914409253296, 0.117448933007583, 0.09170357621225078, 0.12332925042920204, 0.0006211922107172262, 0.0005302284581157817, -0.0014822218965882452, 0.0955034391673572, 0.0006675638805650628, -0.0011823648261182222, 0.00046962486405034015, 0.6
68, 2, 1, 0.25823298868735456, 0.011183515877040692, 0.6790646356377441, 0.05151885979786066, 0.30816033478737204, 0.012417388914101912, 0.11157854261306539, 0.608832657651318, 0.0005226133722801895, -0.05482110103025123, -0.31831309288571996, 0.1416472406051949, 0.2677232757679132, 0.23896302131582284, 0.1165595262618176, -0.0009798051975862777, 0.0012282995899337247, 0.001953441637543601, 0.09547021685644123, -0.0006018788960708988, 0.00012709010998776922, -0.0011150221411582856, 0.6
69, 2, 1, 0.2165227557073211, 0.019402424300663842, 0.6860542614577364, 0.0780205585342786, 0.23492808155179185, 0.11122928424591935, 0.21160969444580352, 0.42872761090143746, -0.04742755350425752, 0.039264333889745776, -0.1095565288954637, 0.031038652104250643, 0.09778357068711155, -0.04217197686639769, 0.137444550458648, 0.00029662601731800085, 0.0012035040986500963, -0.0003261551616793516, 0.09237709703516152, 0.0018617352256953066, 0.0011587934509642863, 0.0018759267237766545, 0.6
70, 2, 1, 0.21570902004759426, 0.020017338174627735, 0.6865218820221081, 0.07775175975566997, 0.3038163977501824, 0.2623258965916634, 0.11685471002957253, 0.5150856703839535, -0.15474664171456115, -0.06772608712655433, -0.26390748602937164, 0.10894945597610162, 0.09952469683989532, 0.11490055667229779, 0.12100780480441067, -7.302187336603846e-05, -0.00040470344174186495, 9.83568399595829e-05, 0.095974816622571, -0.00027635380792366993, 0.00033284955034363245, 0.00031904321116480057, 0.6
71, 2, 1, 0.2157258747103832, 0.025745957730547057, 0.6875719829324125, 0.07095618462665723, 0.050279734971387116, 0.10763465109439814, 0.2203168818461354, 0.6185692486013192, -0.3201240681937688, -0.22444121803388195, -0.3587577079287729, 0.07309818323924586, -0.01473174509651931, -0.004105984028536613, 0.01287720580139425, -0.00042463461658966573, 0.001464365804074922, -3.841233942268226e-05, 0.09468585787726078, -0.0008365036784278347, -0.0010619227085212966, 0.0014226165628932039, 0.6
72, 2, 1, 0.21029266830470458, 0.026955953407955452, 0.6881077658528885, 0.07464361243445146, 0.34075109682544236, 0.18501272794979992, 0.16831913466775703, 0.5281012743922061, -0.10184587918963901, -0.14482659076447185, -0.028425528493227693, 0.14139240250082757, 0.0676894524049338, 0.04805972279300754, 0.06929955812549757, -0.00039369351137723247, -0.0019153743721313805, 8.6922422176335e-05, 0.0964606497029426, -0.0008658723336023728, -0.0005774651686096175, -0.0004621294156335206, 0.6
73, 2, 1, 0.2240163909664761, 0.013786550625206262, 0.6883347098079762, 0.07386234860034141, 0.07212288869418995, 0.10982442814047828, 0.33450884039639883, 0.5997279992389097, -0.02345959417398984, -0.1417125206225484, -0.19010664613618417, 0.16954761301086543, -0.1521757745429863, 0.025544798550067416, -0.03850717572322297, -0.0005259336632711679, 0.0012523194223659937, -0.0007048830710878727, 0.09668864817034237, 9.804278971617975e-05, 0.0015407546081543124, 0.000968561651435682, 0.6
74, 2, 1, 0.224026956422757, 0.013789775017740289, 0.688333349783977, 0.07384991877552588, 0.0608689400328124, 0.1323689060433016, 0.30161588382312937, 0.7278649742443722, 0.0446477603301418, -0.3345625479270494, -0.17356192206432933, 0.205613574846036, 0.03593523478826913, 0.004965877633543669, -0.09756225895052002, -0.0007681145163198709, -0.00010121082953244468, 0.00013279347117191802, 0.09506699138143787, -0.0005424700361029933, 0.00021954578693539044, -0.0005585921930717806, 0.6
75, 2, 1, 0.22499394937847983, 0.014403684353100858, 0.6864100773306535, 0.07419228893776579, 0.1464403489197939, 0.11442862473245871, -0.060700266923081614, 0.5845032844024026, -0.1214425385507311, -0.20902623944069793, -0.01430012420926403, 0.07514511131782911, 0.18665507685926458, 0.1142652997756652, 0.0739876035539571, -0.0001545838491376785, -0.00023091689491375045, -3.546457218551795e-05, 0.0938223403149193, 0.0007350512230105949, -0.002330786580430456, -0.00041416536216428107, 0.6
76, 2, 1, 0.22490569345080927, 0.014462596760774419, 0.6864352411806188, 0.07419646860779747, 0.2064396858407766, 0.13442763124064944, 0.24572648882027037, 0.6624110256213326, -0.1678943609614613, -0.004694569474787302, -0.23417421902769084, -0.1263147446868122, 0.11874821160385567, 0.027946593889110527, 0.07083686571756356, 0.0007289984240963356, 0.00013361870192662658, -0.00011306205126546396, 0.09625247240375365, 2.0007993536139808e-06, 0.00012889397848533279, -0.0014448099201360442, 0.6
77, 2, 1, 0.22258780243793086, 0.014406511827268051, 0.6862413408324376, 0.07676434490236345, 0.2492535030470068, 0.1734064098081214, 0.1788738931560516, 0.5621976474333179, -0.005017421108907771, -0.18191307252612093, -0.09234602099091985, 0.09716819105353332, 0.11416026253857729, -0.09438330929156159, -0.08031785415967521, 0.002000187085031672, 0.001538833649042958, -0.0010168382865475534, 0.09684342530956458, -0.0020953654385736198, -0.0014954731908646613, -0.0008038204535440751, 0.6
78, 2, 1, 0.23510107538025612, 0.009258484570727237, 0.6778812768098633, 0.07775916323915331, 0.13008757106877342, 0.11397008983306622, 0.05929775622355367, 0.6332261096830938, -0.12562982397814637, -0.14122518792758781, -0.1271357769801472, 0.018198798506170753, -0.0850654086536492, 0.14979449805470643, 0.006478073164439524, -0.0006179114738013576, 0.0006534474041587264, -0.0005218797442238541, 0.09275277641896242, 3.356524806267207e-05, 0.000813749428745105, -0.000480622618625216, 0.6
79, 2, 1, 0.23509584940427203, 0.009266696464545818, 0.6778589185510017, 0.07777853558018058, -0.0401736527434855, 0.1512037304143522, 0.06705395953219824, 0.6501918903079659, -0.022346976367962124, -0.21768150945579573, -0.046632668455582046, 0.03409037075231434, 0.2975996228913279, -0.0478686848278449, 0.021271471287249162, 9.440518627237306e-05, -0.00046810978251392586, 0.00046216836426710194, 0.09599756306913873, -0.0004432187574462131, 0.0006251988263165909, 0.001757079241641677, 0.6
80, 2, 1, 0.27042389138302697, 0.017542532267762125, 0.6003365345501425, 0.11169704179906842, -0.032398626457526516, 0.05232546833833657, 0.001809603786135283, 0.5882148551001597, -0.13975441725313448, -0.19975124940411257, -0.02261932487199403, 0.026822931226520373, -0.0503330708961112, 0.0179944927388754, 0.026935831384725117, 0.0009848707867672942, 0.0001828430540876909, 0.0009681950382066486, 0.09408174857978391, 0.0005810475498601198, 0.0008538087989309955, 0.0006685132702982908, 0.6
81, 2, 1, 0.27035102873567657, 0.017564281377992187, 0.6003289555837018, 0.1117557343026295, 0.16725273026078158, 0.14314311556152237, 0.16698075895415343, 0.6727637568671584, -0.1355462710031517, -0.12985581850972572, -0.18240568339231436, 0.1415590239925541, 0.1276157022302095, 0.025480894208283544, -0.18217817738270164, 0.0006109527499893173, 5.508398100041617e-06, -0.0015251506334781752, 0.09402214984657305, -0.0008431790887880343, 0.000592999889716031, -0.00038173392016046615, 0.6
82, 2, 1, 0.24034073281163637, 0.011155513141419358, 0.5996000691224287, 0.14890368492451558, 0.11895176003858146, 0.24509167220171219, -0.05970479822153181, 0.8375867441116128, -0.08710073986318873, -0.018582663360380093, -0.04658352966673142, 0.04394189783423443, -0.03232990489727412, -0.10380107851733804, -0.01796269764200332, -0.0009320226042221956, -0.001038558153766259, 0.0014928254365687344, 0.09566134436852887, -0.000901481922989508, 0.000203934405372654, 0.0008821646942229597, 0.6
83, 2, 1, 0.24037182568069934, 0.01037696005648721, 0.5995844636499881, 0.14966675061282542, 0.24307894219419293, 0.1579495748017246, 0.19999582616431782, 0.5792262770762965, -0.1297889740977053, -0.0009205427214340923, -0.1294484338395167, 0.018651503912378464, 0.14450463698392896, -0.027172758466986247, -0.15300918567264085, 0.000274563260272024, -0.0009441257713410251, 0.0006551146113160334, 0.09324288569091078, 0.00010810909393625665, 0.0014889601311351267, 0.0013512074930948819, 0.6
84, 2, 1, 0.2415541887265713, 0.00815126422549965, 0.5988054265161847, 0.1514891205317443, 0.12992420302309257, 0.16703600628480209, 0.20170769441352063, 0.6713757266667795, -0.155979938451678, -0.09760543364675396, -0.05207237186490267, -0.0339166301785032, 0.0240889682454919, -0.01319933807834368, -0.1526894466973343, 0.0006590274860161699, -0.0015901070668150514, -0.0008648520739243352, 0.09584017119066762, -0.0011462113458180863, -0.00042375364525561404, 0.0013606010714226743, 0.6
85, 2, 1, 0.23747862363247918, 0.009652729749913354, 0.5990516900695805, 0.15381695654802713, 0.10936539517727586, -0.013136057362968034, 0.3127224950753412, 0.5156605357715635, -0.1997513352165093, -0.1889430853142526, -0.12828855751555462, 0.12526536048459302, -0.014324056026512821, -0.0302720601297361, -0.018689553558120308, 0.0015530163556502952, -0.00029333490248269217, 0.0019829623289680217, 0.09479588534031393, -0.00015813581690231427, 0.0005715897910536609, 0.0022164857869342173, 0.6
86, 2, 1, 0.23718157497160328, 0.009691702364758154, 0.5988597672669727, 0.15426695539666593, 0.05124859293112096, 0.11614597060946383, 0.1779525338998591, 0.6949262978652042, -0.25135227249411163, -0.14974502659431171, 0.002116485487609787, -0.14837370636294575, 0.13427910170503296, -0.06393128506870197, -0.053147201321751145, -0.0014899950486141442, 0.0007611418668229673, 0.0006071495957038632, 0.09340230080476221, 0.0015026814688566623, -0.0009318317322154614, 0.0015366244654443939, 0.6
87, 2, 1, 0.19102494994516703, 0.022098127928733932, 0.6004203495000794, 0.1864565726260197, -0.010476029355753235, 0.03515102923366146, 0.10140829347127256, 0.6578875273748505, -0.04946930618164619, -0.02716945370009567, 0.11182909683732248, -0.10146637835020145, 0.2286487819937082, -0.008093002972468465, 0.09652091645643857, -0.0009190542511628399, -0.0003604346481595222, -0.0014817159261075884, 0.09497861950777793, -4.004559821839311e-06, 0.0012062373103400126, -0.000698325240798212, 0.6
88, 2, 1, 0.30311696679028527, 0.06013038491536862, 0.4472734593801699, 0.18947918891417614, 0.19421545313153166, -0.06964197806223095, -0.007508964765843784, 0.801915301722714, -0.017088273374700313, -0.07888761908849676, -0.16859321433636743, -0.025531720031212696, -0.03918533374676885, 0.16933195102387066, 0.05702896347283097, 0.00018316910362907893, -0.0007889456095152016, 0.0015294619817220717, 0.09602040587460271, 0.0007435467119483081, -0.0005795787489435408, 0.001407525278240653, 0.6
89, 2, 1, 0.3032682157133925, 0.05766190201464365, 0.4419667830544627, 0.19710309921750124, 0.1381776575964895, 0.00591350033020076, 0.24319269641387048, 0.5760061765573041, -0.25464457155803694, -0.12399165781348372, 0.030543512537358875, 0.06666585727851261, 0.02043930478326741, 0.031158296902674985, -0.11605900313831267, 0.0009924279128160811, 0.0011688922963795987, 0.0006737348123590868, 0.0960414031476314, -0.00040595896703062766, 0.0007934786218472385, -0.0010908356607075367, 0.6
90, 2, 1, 0.3268980681943854, 0.05352176572541345, 0.42176206509673275, 0.19781810098346847, -0.06812328392569544, 0.13532108193594125, 0.1001376946458414, 0.646381656420576, -0.11497416646483141, -0.15489138541401143, 0.1610510594407129, 0.03028458268961638, -0.05964258057473974, 0.08971508133924919, -0.09259243763878412, -0.0015294036430003135, -5.4281977111035865e-05, 0.00037128335752698927, 0.09442201791001355, -0.0015819663979273861, 0.001741551568576217, -0.0026458860525486435, 0.6
91, 2, 1, 0.32776525507651, 0.0584329319422614, 0.41562398366594955, 0.19817782931527905, 0.1369712989280906, 0.01352516607684281, 0.06360189726398316, 0.6755570636785391, -0.1754222231717259, -0.09081891128038264, -0.2255147576809419, 0.016905686700513917, -0.035811901169004054, 0.1179895803270788, 0.13117959249194655, -0.0003143138682820056, -0.0018026951958726497, -0.001328611326811117, 0.09211577347800784, -0.0013764507743370242, -0.0002794666104502897, -0.00019264506244410275, 0.6
92, 2, 1, 0.3181882158791123, 0.05964637087104991, 0.4154651452931793, 0.20670026795665852, 0.21705567113458227, -0.12863126796305863, 0.0645192792423506, 0.5934580601364388, -0.1617374181509577, -0.13269227893023702, -0.04799910042807805, 0.06539349839454316, 0.17380424041747528, -0.07695202657146552, 0.12765237276407598, 0.0002658515586403562, 0.0010229313038109954, -0.0024883490791626156, 0.0957268884948977, 0.0008910725484565501, -9.566488978636554e-05, -0.0003179296888994431, 0.6
93, 2, 1, 0.26876827858451535, 0.06957273717130524, 0.4233561115405446, 0.23830287270363487, 0.14082461823222064, 0.1213185226589772, 0.01250409449115083, 0.6282784845276732, -0.1629801505000125, -0.08645373477160685, -0.05534510479334065, 0.14455442743717395, 0.05005723939649248, -0.034874638421760355, 0.16077034478551416, 6.197515896202128e-05, -0.001321700294625959, -0.00022751743641202907, 0.09563808740343335, -0.0007102535466025509, -0.0010733437043701094, -0.00013216702716004397, 0.6
94, 2, 1, 0.30888962384586444, 0.028586116711199337, 0.42353876336771157, 0.23898549607522457, 0.1294930235962238, 0.27794939509392286, 0.13323624150757205, 0.5928054521025876, -0.2054476218998221, -0.07190472038382197, -0.03852342193786379, -0.253345008178357, -0.058544548549096256, 0.14458981425673573, -0.09332846765470698, -0.0010886501359195736, 0.0006170905232655315, -0.0017006425902768567, 0.09454619080879739, -0.0006207097933394283, 9.05138717924446e-05, -0.0010887543451114407, 0.6
95, 2, 1, 0.30663497106049514, 0.030222586642463727, 0.4139846440353593, 0.24915779826168177, -0.020023749571082432, 0.04352004413395353, 0.027924755235909753, 0.6554863280983579, -0.08669793528543548, -0.17951082063887258, 0.03324782684450347, 0.026169041649438958, 0.17312373752870835, -0.013048994149810745, 0.09559923600284194, 0.0005809229341891696, 0.0005025636132007514, -0.00035388372853796654, 0.09539689821548299, 0.0007169122248167632, -0.0002558921796535105, -0.0004955866754023798, 0.6
96, 2, 1, 0.2997839778109564, 0.0312523432914393, 0.41064358337665435, 0.2583200955209499, -0.0008756386260120042, 0.06319162343101899, -0.04020702896489041, 0.6523186223431882, 0.013373336837882976, -0.04202735653794197, -0.06027936368961867, -0.08461467548222909, -0.0033693740393684, -0.14914016891864185, 0.042629010837341295, -0.00023035243947239987, 0.0009182009972837328, -0.0010044554537578677, 0.09541041593951975, -0.00043772746911249555, -8.525322016864127e-05, 0.001099954209385988, 0.6
97, 2, 1, 0.3047178921407895, 0.026267190495266025, 0.41069147673864825, 0.25832344062529616, -0.11453313835082471, 0.12825877427083238, -0.021615403622037066, 0.5599777740014983, -0.1242026109078137, -0.20665766945410163, -0.08109152167649607, -0.08750856826299755, -0.13684521252039406, 0.3553220616789905, -0.0857760038987796, 0.00047305647729564807, -0.0004809812609672592, -0.0008639387730705576, 0.09406668729045384, 0.0006021674734723655, -0.0005331803245413019, 0.00043611968957484677, 0.6
98, 2, 1, 0.3047668553660982, 0.02638457374826088, 0.4102077610715498, 0.25864080981409104, -0.05387956804706069, -0.03366535926610023, 0.1631045618183909, 0.4217419778864563, -0.18601479725359465, -0.3117390467972876, -0.13408723365162095, 0.005007879067216085, 0.09354399744324449, 0.012858926807001032, -0.03681547721774017, 0.0004740380761019635, -0.0009005353562387571, 0.00014285152915897433, 0.09498812470299331, 0.0015538747461633531, -0.00011832748990679626, 0.0015777123651754253, 0.6
99, 2, 1, 0.2971725017238004, 0.027784889120158304, 0.3968051831624311, 0.2782374259936102, 0.0682923708047732, 0.08969232728608867, 0.03419813432827413, 0.4804232537438855, -0.09549037115928563, -0.21788717169192306, 0.03432101956519371, 0.17770425598067202, 0.10304403955740657, -0.05558749633091935, 0.01612945573799885, 0.0004700457557351691, -0.000247542517231265, 0.00048516876725488475, 0.09484197373042882, -0.00020806866945331104, -0.00038506969199241295, -0.0003363401285498242, 0.6
