t, Event, Policy, P(still), P(random), P(reach), P(transport), o(t), s_a 
0, 2, 1, 0.02401152439415455, 0.12321941554546356, 0.8527663350105286, 2.742408923950279e-06, 0.7355693355552051, 0.46320932912207535, 0.540084577655896, 0.6339753782121412, -0.09964769112749035, -0.03962789479272857, -0.2972522804377481, 0.3496296964742774, 0.23237346533838382, 0.1738920054149497, -0.0018467695159296194, 0.16620778655073076, -0.06186655600666456, -0.054219755969897296, 0.15377971136950724, -0.050843856470728935, 0.06672537421896677, 0.037050922544724446, 0.5
1, 2, 1, 0.023835733174028793, 0.12328930165742524, 0.8528730920634068, 1.8731051391294904e-06, 0.5233416563169407, 0.5982692526633449, 0.7853136374646287, 0.6057269074451792, -0.054879598105701775, 0.02128356373761133, -0.24682459734302925, 0.41825152960795997, 0.2720968012207246, 0.3535266595066493, 0.04814493321335554, -0.00010807240080588617, -0.0009321710688612349, 0.0002954764816692692, 0.016015420751642827, 0.0006085295758665363, -0.002219517119789918, 0.001216107090319485, 0.5
2, 2, 1, 0.023647670831084794, 0.12335738649876532, 0.852993073586301, 1.8690838487953134e-06, 0.453877486972733, 0.6536013416342487, 0.6324501150377985, 0.6114318838421967, -0.15556260690646054, -0.03187356125406454, -0.24966833046963935, 0.20789659117656156, 0.21171221010555819, 0.34658195484390913, 0.1807631669637866, 0.0009569045891179085, 7.436201927088521e-05, 0.0001841464446456808, 0.01439294781426163, 0.0008408837239571101, 0.0006769696658190117, -0.0001313595074531138, 0.5
3, 2, 1, 0.02369122707105059, 0.1233077044044064, 0.8529991995244025, 1.8690001405274143e-06, 0.5088335335577181, 0.3927296122493096, 0.46505219726208524, 0.5771656247307704, -0.14106086615076424, -0.09220987103981201, -0.06777403702861362, 0.2285417572940553, 0.37251638949765664, 0.17054276062975793, -0.1516015239957315, 0.00012142377258911316, -0.0002556061984053252, -0.0005357915422502411, 0.015334359110094004, 0.0002562618825124953, -0.00031553450071827914, 0.001390922489472944, 0.5
4, 2, 1, 0.02336996689328961, 0.1234186662440528, 0.8532094979492231, 1.8689134346152937e-06, 0.7036838509732875, 0.5893642119526399, 0.5402166231086867, 0.6773571530681656, 0.039023029434583356, -0.06096569870856124, -0.2879440202698093, 0.1728820324525424, 0.3366368874403278, 0.2389600856765201, 0.03933335768754004, 0.0010826472091300585, -0.0002532172410863769, 0.0010944688343470861, 0.01585487202613381, -0.0009979669894428233, -0.0005514683500465994, -0.0006776699987411567, 0.5
5, 2, 1, 0.02299143712705137, 0.12356013846589504, 0.8534465582916914, 1.866115362300793e-06, 0.6008186670687798, 0.3730777760989267, 0.6575802519143311, 0.41780502946576475, -0.18977382113077396, -0.20869671877154508, -0.29590842663708344, 0.19208788512722588, 0.3432666682856516, 0.45131019305636383, 0.11688559333928612, -0.0027905312992812323, -0.0011350792847955907, -0.0016030490200950414, 0.014000644437174975, -0.001700869840148499, 0.0006697842558840791, 0.001260630719777623, 0.5
6, 2, 1, 0.021115069669407575, 0.12476875179913653, 0.8541143127062034, 1.8658252525913183e-06, 0.5971926379288948, 0.5577645103325637, 0.7683536255222524, 0.4942479933531866, -0.11217204099547351, -0.04340378937904839, -0.07550514269365374, 0.13277987769015132, 0.12307822734404417, 0.328077424098688, 0.16820386869279116, 0.00030926000426838274, -0.0006872610611960547, -0.0012296136554254971, 0.013742717595804066, -0.0001849987082807308, 0.0020063039657281017, 0.0004287251598015087, 0.5
7, 2, 1, 0.021062354343970524, 0.12479345413578813, 0.8541423268185165, 1.8647017247037855e-06, 0.6171539154974178, 0.32456590106466054, 0.5983672650816443, 0.4379036019449359, -0.2992244912091831, -0.07757620487335001, -0.12026897036155342, 0.3017165639108906, 0.34228468450753696, 0.3808099488306842, -0.02947452704928067, -0.0014593654144918254, -0.0005933590794713107, 0.0009450282848294734, 0.01502457301664189, 0.00019632728820271464, -0.0009914747989254302, -0.000645600896572432, 0.5
8, 2, 1, 0.02042459541903315, 0.12530828500440802, 0.8542652566936472, 1.8628829117511098e-06, 0.3936469505854711, 0.586148886919028, 0.6554400803965937, 0.7057265180515366, -0.008402363679901947, -0.2098866703918416, 0.0011428846960172434, 0.49391597442971824, 0.2581036415167691, 0.4101223310283732, -0.018219459457801918, 0.00048243006025753, 0.0024658105290609354, 0.000899114379151433, 0.015140402887982147, -0.0011165271606584123, -0.00040174496091317064, 0.0013371838722380813, 0.5
9, 2, 1, 0.02042776652662033, 0.12527261005319734, 0.8542977621250991, 1.8612950830752234e-06, 0.540279460003968, 0.3748575650175217, 0.6790407041876383, 0.5229717084509014, 0.04700232199854526, -0.061440411358826386, -0.10280851205703465, 0.11548033520758103, 0.40459100535871817, 0.07972919068683622, 0.16354414144775758, -0.0003744597597757633, -0.0013385928532657148, -0.001380728322421468, 0.014733570877573338, -0.0007201356141110104, 0.00019321466794630638, 0.0007123598676038376, 0.5
10, 2, 1, 0.018800136836934756, 0.12632246977022815, 0.8548755321812587, 1.8612115784671837e-06, 0.41505403400928315, 0.5403107613488132, 0.4525707015761804, 0.5497249618199582, -0.10756849330677527, -0.09699461144766754, -0.11694607173394347, 0.29897554335909715, 0.3863420843669, 0.19221216550639314, 0.01590099991367009, -0.0007949256163424144, -0.0010863228844120254, -0.000377852083033721, 0.014231876454585143, -0.0012026880269953336, 0.0008457325137947193, 0.0007447152449549254, 0.5
11, 2, 1, 0.018797738004913852, 0.12632434078619384, 0.854876060400845, 1.8608080473126821e-06, 0.5437464957904667, 0.3504316274474446, 0.4303667653772063, 0.5202747637786544, -0.24085349152791577, -0.1872975735751351, -0.18207865216010433, 0.2933937035246881, 0.16893763224166342, 0.3406317784232507, -0.11469625174133471, 0.0006893499932138431, -0.0002213891337045137, 0.0004766875573858325, 0.015559272950821035, -6.927686095935152e-05, 0.0005043721478930186, -1.9680145802948594e-06, 0.5
12, 2, 1, 0.018768624671312135, 0.12634535445043135, 0.85488416597687, 1.854901386636353e-06, 0.46294187481448007, 0.614712953664605, 0.41517011801323545, 0.3929092996832224, 0.10514033903254996, -0.18536664095783464, -0.08677092592501268, 0.17401004512863266, 0.3340241548079907, 0.02666379236485552, 0.09463756176844688, -0.00018169893302754712, 0.00013940425461515368, 0.0010573448123586168, 0.015029119731629747, -0.00038622828827306174, 0.00030591924738485423, -0.00018195719660019598, 0.5
13, 2, 1, 0.018948936407841822, 0.1260381285775756, 0.8550111051663529, 1.829848229569494e-06, 0.6560603740466581, 0.6200044555838713, 0.6261532153474183, 0.4136876852984198, -0.19947227680151683, -0.06931130746907677, -0.10273317292672599, 0.23389134404394815, 0.2318401023754646, 0.2579189577590635, 0.05510693578518331, 0.0006229551757932693, -0.001991236373678102, 0.0003960611330874131, 0.015972304671855002, -0.0010845734151371212, -0.0005495041824640144, 0.001629207795501662, 0.5
14, 2, 1, 0.019170554901904585, 0.1257659769240414, 0.855061638572583, 1.8296014709491577e-06, 0.5119698724236601, 0.4509169674433127, 0.6069242676578244, 0.5914724422638675, -0.10071245574907897, 0.0412402920807486, -0.029139444525132407, 0.32567856817682583, 0.44962778727109703, 0.17075975421088277, -0.07697889655355368, 0.000273295259023904, 0.00162569192259025, 0.001014066457817446, 0.016609994310955188, -0.0005169960130515257, 0.0002823199744522036, 0.00041915376952433067, 0.5
15, 2, 1, 0.01912548124813571, 0.12578017228486213, 0.8550925168780524, 1.8295889497516728e-06, 0.5733942983643994, 0.47931535330410746, 0.5624079277711842, 0.5624846885750829, -0.10027008261665157, -0.13026049300210713, -0.36913471122674235, 0.15995796329123227, 0.24172173801624122, 0.3967608170510505, -0.0062823292091284625, 0.0003302657105368712, 0.0001714754522291433, 0.0005297809803361214, 0.014350714746991617, -0.0011487002805346605, 0.0010693824157926896, 0.0021609289520025912, 0.5
16, 2, 1, 0.016254558413685515, 0.12796227979148497, 0.8557813325562602, 1.8292385693536293e-06, 0.550019830760948, 0.5942613649906745, 0.405402183473419, 0.3253906362736375, -0.05006035615075348, -0.12035770167594113, -0.10973485653306066, 0.2452798221702155, 0.23995861616487604, 0.21380170791994302, 0.10110417926901989, 1.1398882049044406e-05, 0.0008592091262895777, 0.001534321708541555, 0.01587131016595031, 0.0002328055263317892, -0.0012453788602680167, -0.00021161123933761128, 0.5
17, 2, 1, 0.016202503276049728, 0.12799984129009653, 0.8557958267647685, 1.8286690852918852e-06, 0.5776180201908893, 0.5238287333096188, 0.8022003349238809, 0.6214988239367523, -0.17920505642227189, -0.07939713110035782, 0.005564288513990334, 0.28906634145522764, 0.2747299747955676, 0.31412559227804865, 0.009507521625575535, 3.777947186872803e-05, -0.0017470158970229505, -0.0007517157427711643, 0.015028508169070831, -0.0015934248742241937, -0.0010428319155744545, 4.6690631408859695e-05, 0.5
18, 2, 1, 0.01617360171813936, 0.12801023359886793, 0.8558143482420796, 1.8164409131434331e-06, 0.44490108506817583, 0.6043645979053742, 0.4897941723135677, 0.6235303546544708, -0.11558563699684161, -0.07851555225751153, -0.2268117990348501, 0.21239036363872507, 0.11114248507531208, 0.206864284718846, 0.22155504047787627, 0.0014530387160174838, 0.0004880830858792613, -0.0011903898742854713, 0.01539587923121825, 0.0007386800902724336, -0.0003961129064449979, -0.0005276137171425888, 0.5
19, 2, 1, 0.016153323625465996, 0.12782467567334505, 0.8560201855456293, 1.8151555597528321e-06, 0.29362034008313187, 0.303215103996083, 0.4103760887491232, 0.5468649826085384, -0.008236583135981279, -0.0852385946809496, -0.01649894553621358, 0.2630488182848661, 0.17386467154833535, 0.20568377029171758, -0.06782585123777712, -0.001142744877577675, -0.0031502449909833717, 0.0005659399929214828, 0.014094421866423106, 0.001524044881038206, -0.0006532521632960478, 1.6452932485819437e-05, 0.5
20, 2, 1, 0.014270565480585515, 0.12327441074897369, 0.8624532058319668, 1.817938474025212e-06, 0.4061294016780673, 0.4347078028067485, 0.526370849307247, 0.34347724830322446, -0.015583184876957168, 0.013170325777786073, -0.07127815809018628, 0.0429470477297478, 0.1584577116043992, 0.38263946909118723, 0.12613616132019181, 0.00014966792672092794, 0.0005134513119550055, -0.0014089717677073068, 0.01332473444888366, 0.0012234728401438316, -0.0015889005859552395, 0.0006267194991423232, 0.5
21, 2, 1, 0.014268900115882886, 0.12327557414528419, 0.8624537085609816, 1.8171778514133686e-06, 0.3363825510237996, 0.4212301797117801, 0.5339178099689181, 0.5157043336633031, -0.23657334294073218, -0.3181546858814138, -0.1934471604446511, 0.1278182989680223, 0.13862632205048292, 0.14359925910417307, -0.10287899996664676, -9.578637332423938e-05, 0.0001535322480486466, 0.0010497438551633203, 0.016624169397288193, 0.0007171791182481316, 0.0006389143880524029, -0.0009432025688401799, 0.5
22, 2, 1, 0.014145048428441817, 0.12334929719574506, 0.8625038374720323, 1.8169037808668913e-06, 0.3974876029063811, 0.5153738551971145, 0.4729997437395516, 0.38743065191129517, -0.14060093534929172, 0.035750999545439234, -0.1898152047639321, 0.15922113265713156, 0.2479115952613789, 0.2034456758479603, -0.02348597323024442, 0.0014497650546635983, -0.0012416866661112956, 0.003288163160867441, 0.016431719261927276, -0.00023702349305274815, -0.0009716415334336198, 0.00043165507909643944, 0.5
23, 2, 1, 0.014139819515012387, 0.12335168289007685, 0.8625066807173388, 1.8168775719878473e-06, 0.46662804894014764, 0.45826915062164525, 0.3712303784113005, 0.49207488912699643, -0.11259594007702407, -0.08776069138227685, -0.21504316914414529, 0.3171957127952053, 0.1726770775221102, 0.09812814651323161, -0.04654074433252468, -0.002743851480902494, 0.0004681993393787538, -0.0022376483563269238, 0.013091950272601521, -0.00025614309388863007, -0.0012239019888746938, 0.0008101647287454102, 0.5
24, 2, 1, 0.011957480856351265, 0.12542213011448458, 0.8626185117456148, 1.877283549337104e-06, 0.44775179778475904, 0.5171019476624407, 0.2982676185244931, 0.6080050960767922, -0.11881630505803727, -0.1512592545309756, 0.034717686312465704, 0.2683221547255209, 0.12890971853174785, 0.21138325402866834, -0.01956195457790135, -0.0008271617177764989, 3.517167761412812e-05, -0.0001511657193597307, 0.014149999570199351, -0.0006464036939985763, 0.0011140229306484807, 4.752666787304017e-05, 0.5
25, 2, 1, 0.011956023920328681, 0.12542303655838133, 0.8626190624809837, 1.8770403063415488e-06, 0.421719401377342, 0.5496931736669464, 0.32340820568131495, 0.5039595473593383, -0.24225181532051981, -0.11223216622229966, -0.18292627442212764, 0.3246361920805268, 0.31270735572835956, 0.17239004399210697, -0.11567363507058796, -4.0306066361657506e-05, 0.000617853765604498, -0.0006136910894061093, 0.016075627972670318, 0.0011127210728076042, -0.001662350903197099, 0.00046112068997373155, 0.5
26, 2, 1, 0.011936465565496488, 0.12543834471707982, 0.8626233127589024, 1.876958521382959e-06, 0.5649430413855442, 0.5647002763039706, 0.5493026799024289, 0.3037820747552441, -0.14691341919236667, -0.15019997553720627, 0.016848984996947248, 0.08385098600492706, 0.2549539757913043, 0.4671550947802664, -0.08113852507881616, -0.0002460032256577204, -0.0005404764001387013, -0.0009792344347787161, 0.014552505172584293, -0.0003697066269643007, -0.0005522177599984705, 0.0005610865571731375, 0.5
27, 2, 1, 0.012560907813287926, 0.11994579101467562, 0.8674913787758709, 1.922396165543655e-06, 0.3074337656025505, 0.27299301748720617, 0.31630651355169814, 0.45275418786133137, -0.15886564265484665, -0.08847847305499083, -0.19360173599862637, 0.10510045867572063, 0.3215247985536224, 0.2798970686521105, 0.018754193332083023, 2.748668252265068e-05, 0.0010292659774132852, -0.0014391871853462522, 0.015916025814458046, 0.001340132786763553, -7.510206312176094e-05, -8.102713410199516e-05, 0.5
28, 2, 1, 0.012559771943154621, 0.11994660260265115, 0.8674917032963104, 1.922157883843367e-06, 0.5061588746924837, 0.5137770101075609, 0.3551252086458748, 0.351996156884987, -0.06383909101579265, -0.04945238942592787, 0.0020400245959664607, 0.3287683662590692, 0.2166122035559372, 0.26680900880529906, -0.13200288417815698, 0.00026094286385084335, -0.0010253479214036693, -0.0003530493151823901, 0.014133958455604553, -0.0004264982629742605, 0.0031071051662676635, -0.00010477868883156012, 0.5
29, 2, 1, 0.015666990389243057, 0.11572536476661024, 0.8686057332190726, 1.911625074111693e-06, 0.3766241678800679, 0.4684697614099698, 0.5770809894402248, 0.6237792494026307, -0.05032881361201014, 0.03213519159535592, -0.03605258099166051, 0.2927562700546113, 0.08584865000326344, 0.1537950828676134, 0.0680098702150492, -0.00012416635630738888, -0.0009360556238611675, 0.0006574092737453704, 0.015466621419014842, 0.00023695058266812933, 0.0015271902971661436, 0.0012117032641362933, 0.5
30, 2, 1, 0.015682911571157292, 0.11568994121209292, 0.8686252624334573, 1.8847832925948792e-06, 0.25709045940663583, 0.43534222662038335, 0.4508794077842995, 0.53687614742974, -0.43201165714037393, -0.09873701037446322, -0.07429578938297296, 0.24598549032122935, 0.16589804191274699, 0.4273251402434469, 0.05951034215366361, -0.0001641399462850625, -0.0008149039593670065, 7.41834928938334e-05, 0.014365780095730672, -0.0012734610168792552, -0.0007744157574199523, 0.0007140089131783727, 0.5
31, 2, 1, 0.01529191201716469, 0.11584940959631271, 0.8688567951872014, 1.883199321246742e-06, 0.46185701527283296, 0.4156715018692549, 0.45300509201451933, 0.36447297144830265, 0.06848349582880724, -0.20924122747609047, -0.2564424486665486, 0.09549969862603161, 0.34528586621599233, 0.19856611807676347, 0.04336584928072011, 0.0001253201440374869, 0.0010786062430590806, -1.545315284724093e-06, 0.013889526628562668, 0.0001949650091099409, -0.003100883253052632, -0.0017895426356121188, 0.5
32, 2, 1, 0.014802332125966466, 0.1162164593461789, 0.8689793323063407, 1.8762215139044871e-06, 0.3770817375477228, 0.4794158713619721, 0.478246793626177, 0.4852310107957676, -0.21910686681917024, -0.07293992289181002, -0.12915283451112666, 0.22271385700298132, 0.09751874298711119, 0.3588201218453196, 0.14582594103326918, -0.00041373260725077466, 0.0006281835256522067, 0.00012660505002415757, 0.015673816357381645, -0.0006479458751853624, -0.00017108328188112523, 0.0005965258276734652, 0.5
33, 2, 1, 0.014708620248242953, 0.11625685597243397, 0.8690326475978821, 1.876181441025643e-06, 0.3479623136407971, 0.41853365490974026, 0.40086038797303614, 0.3106596045763575, -0.3007946468932363, -0.01902899597079417, -0.05519973576341243, 0.1786557295088264, 0.2986743964825232, 0.31294218275150143, 0.007333528697169009, -0.0013460487417883671, -0.00018790140711580442, 0.0008292994947209675, 0.01553350276425236, 0.001163501207173605, -0.0007367804140180757, -0.0002154823988951533, 0.5
34, 2, 1, 0.013587966818094972, 0.11715984755585299, 0.8692503089769836, 1.8766490684240798e-06, 0.408088374044204, 0.4871651253749631, 0.5098191279128017, 0.6386011779615559, -0.12808852205454607, -0.16319754540461123, -0.085486489401133, 0.22148564323360137, 0.17184206503688373, 0.1699563455323783, 0.04775121977297122, -0.001180058573875186, 0.0006529582130767986, 0.001378444325235127, 0.014558103115931522, -0.001975837753662735, 0.00010360732459484563, -0.0003471469343287589, 0.5
35, 2, 1, 0.005075656546675445, 0.12456816991279437, 0.870354194106525, 1.979434005164993e-06, 0.3729306128469124, 0.281990024524969, 0.3922279318682188, 0.3998419106325276, -0.05031288625682221, -0.23365074736700242, 0.0106886982799566, 0.1017407233853056, 0.19552934728087457, 0.27543498293024044, -0.04417879914108297, 0.0016449151292376048, 0.0014767684023590897, -0.0009427802125007451, 0.01565772293243456, 0.0002367850655536113, -0.0009374989151659903, 0.0011271003388459932, 0.5
36, 2, 1, 0.0036197190294827934, 0.12571951683095192, 0.8706572854770567, 3.4786625086660404e-06, 0.4857163632421192, 0.5625003055194789, 0.2546525027488758, 0.7088293922320744, 0.0002406765013993173, -0.13760735888462952, -0.09315870551876432, 0.03834577760358147, 0.23324373970577345, 0.0806053975693325, 0.13480264559154043, -1.6530437242060133e-06, 0.0007621738049366571, 0.001262255492419982, 0.01621028526542781, 0.0006534119950081229, 0.0002671250569299715, 0.0004158519515849817, 0.5
37, 2, 1, 0.003947634725950518, 0.1252385640755947, 0.8708100017020557, 3.79949639907548e-06, 0.40786396396438407, 0.5198840387961423, 0.2923182481170802, 0.5019332731311061, -0.25170995323345285, 0.0229364455067713, -0.17342157936819996, 0.09999912063867661, 0.20664659754790865, 0.07663155880349104, -0.10176973042343536, -0.0006153725847347498, 0.000613096525426545, 0.001587326406185673, 0.015577010617386486, 0.0008770459021343113, 5.539018475965426e-05, -0.0009339736739402948, 0.5
38, 2, 1, 0.00406367494343378, 0.12502374211656941, 0.8709087820474911, 3.80089250560888e-06, 0.28118066099150585, 0.4009066468726214, 0.41423439641658877, 0.45987545488224113, -0.15563528309429403, 0.12125413411969017, -0.11014415836954561, 0.22266477122400247, 0.19390725065645767, 0.23488509552431552, -0.02686233181788792, -0.00011721551909944729, -0.0002610879846704459, -0.0004665609529530274, 0.01534878264672783, -0.0013528557960736833, 0.001591457087703611, 0.00011702985625171609, 0.5
39, 2, 1, 0.00435933910659436, 0.12465876379205164, 0.8709780955155444, 3.801585809588681e-06, 0.5121020923956286, 0.33218617674596806, 0.46452356937007977, 0.535426995371276, -0.09309905031613384, 0.017033291097111113, -0.06304247215720149, 0.13396464612882203, 0.23977286814005766, 0.19446232090938426, -0.11211675777707394, -0.0017513033663253213, 0.00027056293572443014, -0.0011489074935538482, 0.015852354230557274, 0.00022276097400209826, 0.0009768707099899465, 0.0007098626727261991, 0.5
40, 2, 1, 0.004013359068466504, 0.12493498890831738, 0.8710476727259892, 3.979297227081515e-06, 0.40757940923737584, 0.4719951582069923, 0.22711790790946135, 0.5908717973071619, 0.06537973702792685, -0.24072131812157188, -0.19329206265862325, 0.18970127348318797, 0.1344955023245555, 0.09985032545499943, 0.18300746443099458, -0.0008026734187228806, 0.0014293155544998313, 0.0004284329171355426, 0.012918596801084764, 4.87447367072677e-05, 0.0006892792476711186, -0.0010814097172719868, 0.5
41, 2, 1, 0.011243511838400352, 0.11174490116694442, 0.8770076064022613, 3.980592393864988e-06, 0.23486881100286996, 0.3111379044255158, 0.5394643432822697, 0.5498617750089554, -0.08599644480518936, 0.08925311886309792, -0.13696244653720913, 0.26632005697664324, 0.17082083718977067, 0.17498559701149746, -0.06128591645621402, -0.0012751488021245344, 0.00018300260191250552, -0.0004369664637075176, 0.014912740238203085, 0.00143043217241695, -0.0009573385477987734, -0.00036632254775450216, 0.5
42, 2, 1, 0.01119491734622867, 0.11178432592838415, 0.877016784227581, 3.972497806137141e-06, 0.5502433592535299, 0.4248900730626669, 0.3021110833171861, 0.5064347002643121, -0.1681877478633454, -0.24584635319509598, -0.16398099056194085, 0.23868090056464092, 0.14462879725555114, 0.30722688263709835, -0.04834353510640106, -0.0005340180807926426, -4.8860453381595596e-05, 0.00020363778821185977, 0.016065493423955447, 0.0003195096960235883, -0.0013007451289955164, 0.0015073695717519485, 0.5
43, 2, 1, 0.007917920769526098, 0.11418316405587667, 0.8778949076120822, 4.007562514947683e-06, 0.29223306974750896, 0.38729502488172773, 0.33129374224359, 0.49140407752481197, -0.17163078434339285, -0.2426681729407986, -0.19754983407763657, 0.185776227068112, 0.24823994873329566, 0.202441748443561, -0.05228071282452372, -0.0008375454038720068, 0.0009642699994813853, 0.0016629415284116745, 0.015917315270366904, 0.0006527335328891267, -0.0011242131993148313, 0.0027087398882253543, 0.5
44, 2, 1, 0.011386702941927482, 0.10925739310264568, 0.879346393876664, 9.510078762872779e-06, 0.34166784934639427, 0.23386312399723863, 0.1949646622086594, 0.4997608639819676, -0.2882181457759342, 0.020486052394505627, -0.10297253818983294, 0.03073205816075906, 0.18058855492362047, 0.3144209543517147, 0.004057224785382757, -0.0007176814577863443, 4.564656744921058e-05, -0.0002116510934092506, 0.01423806419379967, 0.0005261747967541455, -0.0003776491148342289, -0.0011317185583274037, 0.5
45, 2, 1, 0.010994867567709635, 0.10956565213905863, 0.8794299064174415, 9.573875790269802e-06, 0.3678081766935765, 0.15209951988135378, 0.30480177615819437, 0.5611155820128728, -0.05816803780906397, -0.06730900591938886, -0.24247820391633562, 0.22747215429113052, 0.007214773839961453, 0.10540207335540766, 0.08215086455933929, -0.0008588436992536273, 0.0004037770927777256, -0.000312231435985494, 0.015715988305912386, -9.237187347477745e-05, 0.0006867195768046095, -0.0013426987719504465, 0.5
46, 2, 1, 0.010769045025786914, 0.10975017428542438, 0.8794712077990291, 9.572889759655887e-06, 0.3691624034653658, 0.25817365501898126, 0.46018633821445176, 0.5260586166392975, -0.2605887120850497, -0.24049835711573575, -0.1165604558810737, 0.14625671383327976, 0.21581303093853554, 0.15093829050807078, -0.03427148987228421, -0.0021496302930404756, -0.0017033002091425865, -0.0005605081938900555, 0.015549004008572991, 4.876199801410925e-05, 0.002298651069695505, -0.001163737405063506, 0.5
47, 2, 1, 0.010569696684180306, 0.10992879694988417, 0.8794918946896777, 9.611676257809022e-06, 0.38961091862191244, 0.40127829955313465, 0.1664604309822164, 0.49092658837965086, -0.23879379396990968, -0.024835889616965822, -0.036038823435106684, 0.13726818631507234, 0.29919705021835236, 0.24123272063418164, -0.036746846935468105, -0.0002466406518995594, 0.00014011611007306977, -0.00046542467273727147, 0.013484800291217815, 0.0006779812749466224, 0.00059685408666132, 0.0014023772796324953, 0.5
48, 2, 1, 0.010614288134223451, 0.1098746512640057, 0.8795014483433766, 9.612258394249811e-06, 0.37640646408574224, 0.25012095365933185, 0.26511883734619635, 0.5453584973841658, -0.08097791489009966, 0.12734933998489256, -0.03110991564832518, 0.30972360369958407, 0.22497309670406476, 0.27144480674284643, -0.16722940849504747, 0.0007687888096950083, 0.0003656075784414511, -0.0003896986178322397, 0.014809018659022613, -0.001433146363066403, 0.001350007815632513, -0.000997647647462476, 0.5
49, 2, 1, 0.010387277071207894, 0.11001935424314764, 0.879583756760885, 9.61192475948722e-06, 0.3623739218147785, 0.29090234918195107, 0.5137178962813097, 0.5971521335403513, -0.10612980718613822, -0.221335111286966, -0.13111967396636331, 0.13350704741608962, 0.2279715111296335, 0.08021942261444008, -0.056197857108893426, -0.00044051473553296226, -0.0003380994128379884, 0.001223813177693303, 0.017014678439914985, -0.0007020334166608921, -0.0011951340795494825, 0.0006390864163229508, 0.5
50, 2, 1, 0.008853834946754902, 0.11118494339295226, 0.8799516096543171, 9.61200597585829e-06, 0.3058815332774809, 0.40168723833965736, 0.5190164404473083, 0.5236263180538191, -0.1994899343582302, -0.13633040291932014, -0.06040379582586695, 0.11016753250224091, 0.28613058171008016, 0.1942727649760892, -0.0043834289466721825, 0.0005744464663278214, 0.0002617964581969474, -0.0010864391677856988, 0.016021560692997656, 8.711886105248409e-05, -0.0009977571555076525, 0.000481673612065376, 0.5
51, 2, 1, 0.008834047349829116, 0.11119635284849476, 0.879959987822395, 9.611979281153544e-06, 0.2920766418425546, 0.2087799706632784, 0.3476762618549136, 0.4552066505257367, -0.19604058995908108, -0.21070162924416405, -0.36537953973987214, 0.055334145778174984, 0.033316496715865694, 0.203163481423021, 0.12961689125612025, 0.00034680654297604787, -0.0019260953176472601, -0.0001480591178144197, 0.01384124946824258, 0.0007907342179339494, -1.7060298631740975e-05, 0.0010218499332507855, 0.5
52, 2, 1, 0.007460850996048204, 0.11240544535497997, 0.8801240321246279, 9.671524344008587e-06, 0.2599743210782063, 0.2887403147727346, 0.415755855999159, 0.5698062455411201, -0.3128288575044758, -0.32665908807337884, -0.044157088169069256, 0.01453462643490171, 0.17857604799360288, 0.18874076526498468, 0.12557265612455776, 0.000768330104534985, -0.0004163356801444084, -0.0006766643720218314, 0.014646183301742142, -0.00019047317117050158, 0.0010444715765921563, -0.002020552932965055, 0.5
53, 2, 1, 0.0037345334747607467, 0.11544118754055657, 0.8807945053269166, 2.9773657766237054e-05, 0.08523970202108204, 0.37987075188167213, 0.2689001644519173, 0.5239706079200941, -0.10113660170486412, -0.18448760310601953, -0.13196490027753754, 0.050757654365804816, 0.09860645574999319, 0.028888266900366343, 0.10515145372466268, 0.002687890596146118, 0.000805022473300539, -0.000295348163048378, 0.015515871682288702, -0.0010301559957187013, -0.00027727015358339896, 0.00039044272285418413, 0.5
54, 2, 1, 0.003734532566121908, 0.11544118855798557, 0.8807945054346406, 2.9773441251995433e-05, 0.3923581139277351, 0.1215194275825338, 0.35296100513648604, 0.6804636601921445, -0.07142187545411449, -0.39508005116069683, -0.09692094032723748, 0.2528196004041813, 0.185218364975111, -0.0071003611864125515, -0.21762474889950076, 0.0011080408311928262, -0.0011776261606127577, 0.0001562624058810762, 0.015541835977701183, 0.00039132890521741646, -1.1224540894457157e-05, 0.0020611795170889166, 0.5
55, 2, 1, 0.0015355556072429116, 0.11703193248145081, 0.881402681806814, 2.98301044920914e-05, 0.34959741416475965, 0.23692768886602625, 0.4576324832078374, 0.6448257192588202, -0.08777977228634043, -0.25203924649410486, -0.1168960639033628, -0.022817915829666656, -0.0871625279191636, 0.25952431713989216, 0.031151389031354688, 0.001211562618254575, -0.0003262262794778051, -0.0012891497987778133, 0.01561662252777114, -0.001819647831406423, 9.666087034774406e-06, 0.0007594578914742687, 0.5
56, 2, 1, 0.0015823558586468543, 0.11689329828830643, 0.8814943151310065, 3.0030722040255167e-05, 0.2742682944306411, 0.16668532690402818, 0.344091863377341, 0.7018119799188968, -0.18703057478698976, -0.16815091740754315, -0.24411276691480213, -0.03966504627409795, 0.09353771310462151, 0.07543184774076879, -0.04453693919072098, 0.0005580056821982165, 0.0014833815680350081, -5.2230523191732654e-05, 0.015952012763641187, -0.0021615254313839113, -5.895839157181716e-05, 0.0011751036038917533, 0.5
57, 2, 1, 0.0007526298017995656, 0.11760682357579944, 0.881609263884273, 3.1282738128043526e-05, 0.36902693845554724, 0.19440705596325875, 0.21076444888866405, 0.5853308257819545, -0.16783112866718414, -0.2658173649592282, -0.1423369790340589, 0.1043448124182906, 0.1791919107486127, 0.13959351961536492, 0.08035622201728405, 3.488936597204012e-05, -8.604347863438834e-05, 0.00024341665886857557, 0.015240931600846839, 0.0012946124692297758, -0.0005953355971814948, 0.00041258836896657206, 0.5
58, 2, 1, 0.053614381573012244, 0.050257420393735555, 0.8923588955221726, 0.003769302511079559, 0.2919236530458812, 0.16992975728259221, 0.21115583823027614, 0.5283785131534585, -0.12125553558633673, 0.022493281204932526, -0.059516326412157525, -0.05897603891011629, -0.0746565186600237, 0.06972868234275376, 0.13278727808456897, 0.0005952071671671091, 6.632396113902069e-05, -9.542989658659832e-05, 0.01292957853880963, 0.0006022952039169004, -0.0006174985559259233, 0.00013372017450060175, 0.5
59, 2, 1, 0.05426839736145369, 0.04915410871413371, 0.8928017053872263, 0.003775788537186453, 0.23165880684769347, 0.28113868444377427, 0.2746703257302082, 0.40457165305775905, -0.12405724320219111, -0.0169720004790594, -0.00012224659891537648, 0.17166699530246057, 0.20173773067348164, -0.013459090151525199, 0.09848775304168589, -0.0007434538810314015, 5.330802643057738e-05, -0.0006860189922765337, 0.015302475235629687, 0.0005824641124946457, -0.0014398583022904926, -0.0013005577811800281, 0.5
60, 2, 1, 0.05037689910012375, 0.05266023010323201, 0.8931820329494321, 0.003780837847212166, 0.11531976554231856, 0.24047622344276914, 0.31783965198904596, 0.6066680728363644, -0.0699676861639242, -0.14577444275385018, -0.06130902577020253, 0.17922782281257263, 0.12858740478685454, -0.08153180269359243, 0.0432825385281002, 0.0004681115448046131, -0.0010623995208023777, 3.568086130166701e-05, 0.014752476464751665, 0.0005091128870171546, -0.0005303906848695985, 0.0017549744232770077, 0.5
61, 2, 1, 0.05038073986880737, 0.05264359553032357, 0.893194863402404, 0.0037808011984650867, 0.37426971230607375, 0.2311524273519323, 0.33985006283881075, 0.4411617242668268, -0.3236680789987373, -0.047565937571871844, -0.2666580591321549, 0.21184130298866446, 0.26249973042922436, 0.1567244569929172, 0.02561630411151967, 0.0012210910614208312, -0.000314324084651884, 0.000531553148647687, 0.0146095114304367, -0.0011300765591986729, -0.0009978504892401998, -0.0006582988281271642, 0.5
62, 2, 1, 0.05035925290302537, 0.05265975541946373, 0.8932002241439689, 0.003780767533541848, 0.16740784115177504, 0.22856121665720303, 0.1884348663018045, 0.6316809207868348, -0.175742138237548, -0.1255671828291673, -0.3906648360365756, 0.2842073012282632, 0.03325324596808436, 0.1987478460263433, -0.03488129191929716, 0.0005549011393470055, 0.002028894646940411, -0.0007300713204746265, 0.01542688408935669, 0.00046589001659519055, 0.00025749675609830654, -0.0020901545824397725, 0.5
63, 2, 1, 0.04964844395250473, 0.05333384319260085, 0.8932371094726996, 0.0037806033821948565, 0.4050236028826927, 0.31504491998773587, 0.14270156813548251, 0.5528553560149473, -0.28318746168029885, -0.2587141355871426, -0.07764693101956836, 0.11849126992148488, -0.009228246253310956, 0.22382419243092855, 0.04329565477455555, -0.00010962778489688091, -0.0007741860996225063, 0.0003884587263928196, 0.015426095363282512, -0.00036729370544645937, 0.00044630280535108084, 0.00022341754653563422, 0.5
64, 2, 1, 0.04121409738455166, 0.05772003268667712, 0.8972861031887601, 0.0037797667400109227, 0.46999947089695626, 0.24963789254066313, 0.41224350926505904, 0.3192065255016845, 0.01567089863207427, -0.08033907167239493, -0.289494212503682, 0.10777963802498466, 0.13019287589646772, 0.17057360756749435, 0.06240791611136792, -0.0019506994358646698, -0.00033287072843357185, -0.00012377719873508656, 0.015053315692924406, 0.0015746871530332052, 0.0021887412575692356, 0.0004843382528308385, 0.5
65, 2, 1, 0.04108784418142982, 0.05772606130087123, 0.8973523377307665, 0.003833756786932419, 0.21833372068556905, 0.2563627211371913, 0.1257953425532309, 0.4638572101700314, -0.03668279839408782, -0.10232855001311203, -0.08307922008380113, 0.10329443071365123, -0.0068785124756372, 0.21378029078434918, -0.08966908062072196, -0.00021480181477800904, -0.0008834050994539667, -0.0005207070498253092, 0.014474588833688342, 0.00016268880457302265, -0.001025290807547076, -0.0007810564350958742, 0.5
66, 2, 1, 0.04065709711558431, 0.058094261788359185, 0.8974130487997044, 0.0038355922963522033, 0.266198927590178, 0.2982630521609494, 0.10579821971273715, 0.5333336118555023, -0.08046087684740375, -0.11576723021164777, -0.26565292627185855, 0.23313727169265083, 0.10724588637942593, -0.07863529899830717, 0.16219191065120905, 0.0008492685915333427, 0.002668794960227475, -0.0022938609157724197, 0.015336577573028814, 0.001078101123546915, -6.455739090530652e-05, 0.0007984563464110708, 0.5
67, 2, 1, 0.04061270343730718, 0.05809838728684505, 0.8974531012181296, 0.0038358080577182278, 0.1806609193186806, 0.16822925264417563, 0.17716760512320423, 0.6787571484984933, -0.21341103303152345, -0.07349443303975678, -0.22623717942681898, 0.04416615877460935, 0.09484709275377913, 0.26839977962088946, -0.06175959792514614, 0.0014690867652800016, 0.001869520086805402, -0.000697326318517482, 0.015098847652903319, 0.00022076280111412474, -0.00013622005636885275, -0.002292109027888843, 0.5
68, 2, 1, 0.04046647604166486, 0.058211009897956634, 0.897486454386945, 0.0038360596734335613, 0.22311385452775107, 0.08919059353228717, 0.23339050541149628, 0.44631655297641853, 0.01344552288582106, -0.06662917328458944, -0.23593658996056463, 0.19180886622230303, -0.04726353056399587, 0.07069892375382496, -0.02232139461395099, -0.0004906060642549112, 0.000292292932448036, 3.359334528429948e-05, 0.014912735491043574, -0.0013802390971106595, 7.050875141749205e-05, -0.0002128803210299434, 0.5
69, 2, 1, 0.040478779703103776, 0.05819701474425345, 0.8974888924660572, 0.00383531308658555, 0.18786343224941296, 0.23430005362696202, 0.18962104931288953, 0.47600850232752057, -0.3735542602814491, -0.16473045799504848, -0.13267814434082897, 0.08987876603691813, 0.10718638049237957, -0.021705128712392364, -0.04901444122792699, 0.0005309808297539751, 0.0006115916796881263, 7.883569844313097e-05, 0.015271116623802438, 0.0018068843291694063, 0.000725957963354601, -0.0005292775580634762, 0.5
70, 2, 1, 0.03872805993555969, 0.05989265631781301, 0.8975453311075969, 0.00383395263903043, 0.12457891446053457, 0.16660522850591997, 0.33932860315422, 0.6369828507806916, -0.11719999363242103, -0.20876376336098482, 0.08985949485073444, 0.23552223280859835, 0.11881232062844194, 0.10486438882952545, -0.010777782255794885, 9.746609686682275e-05, -0.0015763697797986787, 0.0002542338276623971, 0.013945283728297208, 0.0009725335296627424, -0.002009329122964236, -0.0009497414699021958, 0.5
71, 2, 1, 0.01774121297119243, 0.07581675817867985, 0.9025762678249372, 0.0038657610251906396, 0.024345542593679426, 0.07315308319367302, 0.3371598574929554, 0.5717378793436036, -0.06884669307399434, -0.2031062079144979, -0.16641617671714234, -0.019052024825777635, -0.13718856622806647, 0.10602552782626533, 0.2111404707385037, 0.0003964784473746391, -0.00017075416921842542, -0.0031358055574268948, 0.01577890795488749, -0.0007001801236960434, -7.074345026044122e-05, -0.000776035278665125, 0.5
72, 2, 1, 0.012761219182778666, 0.08320564075201094, 0.8995068805110621, 0.004526259554148288, 0.12958974448612198, 0.1976312817242357, 0.13727831475489882, 0.5184713203391029, -0.10741291028788691, -0.07637835858266402, -0.03946535520064394, 0.044723300897738065, 0.07315646425213382, -0.03823987585424127, 0.2015777813730541, 0.0009877306449199608, -0.0005480787769117765, -3.1362261491277696e-05, 0.015663693981811493, 0.00023435768174596912, 0.0004090300490350482, -0.0006684139693129112, 0.5
73, 2, 1, 0.0045425065782976415, 0.08817517922942923, 0.9025069495151147, 0.004775364677158448, 0.08365205808889559, 0.3243893571568039, 0.13003573833358825, 0.5708678694960657, -0.05325598994027171, -0.18077265819003968, -0.250907406028756, -0.1470753612615165, 0.07127054166922658, 0.05422092781629766, 0.0681386911976912, -0.0002969434769932475, -0.0004616504315633822, -0.0007830200550776944, 0.015366822318790375, 6.77638191953196e-05, 0.001096731852119577, 0.00024807305739280884, 0.5
74, 2, 1, 0.004585676180142602, 0.08911966264126224, 0.9015042837763668, 0.004790377402228281, 0.09451638398146804, 0.20857306882570015, 0.07461018660591642, 0.5190860549437982, -0.44246335536096526, -0.29998546108259977, -0.1815034266939755, 0.07676200088467347, 0.20168097725859227, 0.04131767167932719, -0.03979917936265959, -0.0002750322836770099, 0.0012483898301611407, 0.00044980274133652316, 0.012706552776527383, 0.0008498288474848598, -0.00031576533249882786, 0.00021292414679788344, 0.5
75, 2, 1, 0.004584286398592424, 0.08912085660659573, 0.9015045331268365, 0.004790323867975336, 0.32403150759323995, 0.15451306145566096, 0.18318794754151266, 0.668396492607799, -0.19655681207101022, -0.0035167515495623247, -0.19340078582692727, 0.11000610551129394, 0.11057229796035435, 0.1665055789313874, -0.05956839985079919, -0.0005529641396496991, 0.00013788853740496267, -0.001012410058668553, 0.015015137797993053, -0.0018993709542430228, -0.00021445234676550776, -0.00011581512110631702, 0.5
76, 2, 1, 0.02645957477041643, 0.09824344350561594, 0.8690081508363617, 0.006288830887605982, 0.03829025634924279, 0.26517345022791233, 0.07819152366611856, 0.2826815830928584, -0.15830175857892587, -0.08454464249042125, 0.040110812268130604, 0.10637189222869274, 0.03625918534175619, 0.0036267469957711462, 0.018777607071594028, 0.0009676165663754845, 0.0007525433676511012, 0.0007528761748593725, 0.015061227125980504, -4.216322130346196e-05, 0.0003874807930149242, 0.0017040373027046596, 0.5
77, 2, 1, 0.022341116259797615, 0.10286980201712195, 0.8683666680571974, 0.0064224136658829235, 0.16085522372445843, 0.19999745199014557, 0.020409694975908367, 0.5822731954742998, -0.12493856431108459, -0.08799069690953201, -0.14343795713905133, 0.010570771426317937, 0.0740769943166011, 0.23757528825522312, 0.043042663018828045, 0.0010129041149069618, 0.0010843013162799636, 0.0011861479329819651, 0.01491788636473887, 0.00025616062509483333, 0.002053648570700465, -0.0016589094103532814, 0.5
78, 2, 1, 0.023765597814668204, 0.10341170868662704, 0.866277252349405, 0.0065454411492998485, 0.22163967785639388, 0.09375389198993853, 0.06447396477047147, 0.6100075431423707, -0.24405374293254214, -0.032183578437906535, -0.0415436862721865, 0.07889925887559243, 0.0016606353020170994, 0.13158490724124733, -0.030458437521122695, -0.0003648865776872713, -0.0009831424020695873, -0.00030469651354688126, 0.015676798014963418, 9.708309327227793e-05, 0.0020969110106069987, -0.00022903707614047538, 0.5
79, 2, 1, 0.04559550333058891, 0.07852954248374291, 0.8692257388561389, 0.006649215329529416, 0.05006661274433809, 0.25588733666868696, 0.24896349228450737, 0.30626243273508313, -0.23323713135455373, 0.03996451611897933, 0.008490981220878723, 0.07007026034844469, 0.19227883254593486, 0.08492765317930238, 0.10668242001063515, -0.00012055451794343707, -0.0008203560217339463, -5.5866779152715935e-05, 0.013267577968557372, -0.0016131994335464913, 0.002346031081240227, -0.00013650957455722972, 0.5
80, 2, 1, 0.019424532504761883, 0.1010152401444128, 0.8717405415109238, 0.00781968583990151, 0.11591982631182467, 0.26582170203523625, 0.10418836596634765, 0.5298772249835755, -0.08218479976026201, -0.1039448593504078, -0.09345654143559053, 0.016907510650081736, 0.18526213353274507, -0.02448181099052509, 0.16198199728629423, 0.0003809255740295604, -0.00033597575512016076, -0.0019235443898551637, 0.015800086972958108, 0.0001861919898571073, -0.0006498400489000371, -0.0014090586232810643, 0.5
81, 2, 1, 0.01994889512481497, 0.10039517131661879, 0.8718352720529885, 0.007820661505577626, 0.40023496999215336, 0.14991420032914624, 0.11631160811793265, 0.4601327267755034, -0.023037983712205425, -0.015050229376115354, -0.12710082035451356, 0.18216640448759489, 0.29419841330566965, 0.0488611843972663, -0.01839790081248294, -0.00013283650977648123, -0.0006814062516823265, 0.0002016093673097802, 0.014334428081063028, -0.0008326311867582741, -0.0014129041096547794, -0.0013507327263667028, 0.5
82, 2, 1, 0.3474295572258922, 0.5202616828136702, 0.12128249069759414, 0.01102626926284357, 0.05703702579263881, -0.014502758387995418, -0.0195263869181904, 0.5659258853238635, -0.049289623261351855, -0.10137032480094713, 0.06677815983052508, 0.06446243459540198, -0.07586084169912116, 0.33815053582637483, -0.03347833543246352, 0.0008623230691904317, -0.0004973877138053725, 0.0003565864020709033, 0.015615396610573313, 3.0826558605640496e-05, -0.00032493760829802287, 4.775775485756953e-05, 0.5
83, 2, 1, 0.2100208776134146, 0.6444859433376412, 0.12666693947855595, 0.0188262395703883, 0.2502763807515298, 0.11324772856776051, -0.05404800076150371, 0.5770864910894836, -0.19319881369587918, -0.20250133311774238, -0.04702199318826926, 0.012574633366098343, 0.19281246389618678, 0.1032571117438025, 0.051834971508147885, 0.0015596444992652992, 0.0002887613185157152, -0.0002243440497269422, 0.014051566300948925, 0.0005383185250269116, 0.00041628758767229857, 0.0009345095789314922, 0.5
84, 2, 1, 0.39334290127262445, 0.4107824912529455, 0.17701126805958517, 0.018863339414844776, 0.10187998355799319, 0.09765895639441904, 0.3662736117460225, 0.35985871114654033, -0.10797126866712385, -0.10705268132367647, -0.09652741839559573, -0.03476931018141932, 0.15408635287122352, 0.2168783841785767, -0.052188195692140796, -0.0002864846071299064, -0.0003222389037928847, 0.0007050312396162943, 0.0155840711004084, -0.001021080698520809, 0.00013829837680826381, -0.0007624030486345813, 0.5
85, 2, 1, 0.41510483193488784, 0.49097040912612416, 0.053491444644112866, 0.0404333142948752, 0.16178316784485863, -0.07772345143202805, -0.08131473461025399, 0.3221786400830743, -0.04952813531555822, -0.14041088406769267, -0.11317983564457253, 0.11231370160500691, -0.04301591270673214, -0.011404427784346693, 0.14186790083689466, 0.0009731700920554096, -0.0025986973356563565, -0.00013463622179688006, 0.014683218101002505, -0.0007144717770429461, -0.0004504639686375172, -0.00039010764621907554, 0.5
86, 2, 1, 0.41518975205120584, 0.4908654865920145, 0.05350675659233744, 0.04043800476444213, 0.0464882023414093, 0.014887260017150072, -0.05500155624585257, 0.6199948811897771, -0.22313170506188848, -0.1034252576523714, -0.1673483884354052, 0.2969992331176938, 0.013418376337098342, 0.055073622380295305, -0.025752543544476342, 0.00013373565997847924, 0.0005717937725479218, -0.00017002864321331924, 0.015004509680670098, 0.001717565524317594, 0.00015095444110669782, -0.0014341348625460768, 0.5
87, 2, 1, 0.38712476625682707, 0.5126793804173162, 0.05647841701363838, 0.04371743631221823, 0.15655911402970105, 0.15540182604869324, 0.13042506054624403, 0.5170142362977834, -0.029461652273750603, -0.21404424610683187, -0.08989578752758103, -0.0293723927763671, 0.0980403918454104, -0.04188920056517988, -0.07818934800620253, 0.0010299420072001383, 0.0010852674895451455, 0.0006945194891248405, 0.013833248278624487, 0.0019537018420681205, 0.0005374047369906672, 0.00033384431891510165, 0.5
88, 2, 1, 0.3771391436131272, 0.5208080152493769, 0.05801932872014749, 0.04403351241734841, 0.07678761417771192, 0.14463493136587077, 0.12099551449275722, 0.5013293602875962, -0.1331075928756808, -0.08934802236278559, -0.1790355545925976, 0.11927337306872066, 0.12287411521465871, -0.008522969171655742, -0.022857748699819443, 0.0013173788771767526, 0.00015480888981921168, -0.00026966983689584234, 0.014763096933474973, -0.000715572643365325, -0.0012795598159588526, 0.0023680371088050426, 0.5
89, 2, 1, 0.37710436733578834, 0.520864914387282, 0.058020349558312666, 0.04401036871861686, 0.13951081796779013, 0.16993893391830178, 0.25808013899622984, 0.6021768727769751, -0.33206227794979193, -0.24231647518857846, 0.04101572274415919, 0.2148680693126277, 0.0486723453941438, 0.05675507063011757, 0.1531426478520421, 0.00028600958564868064, -0.0011222750840709631, 0.0008198372787785134, 0.01324882694584178, 0.00013763885290882705, 0.0011939828492975677, -0.0012703277617949903, 0.5
90, 2, 1, 0.37636654465118596, 0.5382146957739723, 0.0358946773300594, 0.04952408224478242, 0.03651603675518724, 0.09467532148892548, -0.06997258302344407, 0.6614666820497886, -0.010905466464198132, -0.10851303842713518, 0.011220847671535394, 0.09793053541958428, 0.026253426352744757, -0.02045441680384156, -0.03823105881182086, 0.0002834097860961893, -0.0004743090232202053, -0.00046618403705249, 0.015311304397817147, -0.0009908711537349453, -0.0011406562911293779, 0.00013713166521088922, 0.5
91, 2, 1, 0.37547822408738224, 0.5388873033638899, 0.03603895480722987, 0.04959551774149802, 0.07924880641330934, 0.05437415060039712, 0.05641979035863455, 0.6407240041739684, 0.16992261470427153, -0.029048439334367192, -0.12935990493779073, 0.16100484574027812, 0.14510462268790936, -0.10083171702257246, 0.12128654528972652, -0.00014390621287702508, 0.0004740381394578369, -0.001095940372758831, 0.01607009593417894, -3.713448783862456e-05, 0.00012563885128132106, -0.0011911941253786315, 0.5
92, 2, 1, 0.3752677556134086, 0.5390591671490625, 0.03606865132557508, 0.049604425911953826, -0.0052928811481968594, 0.28489059168562136, 0.24657435937838498, 0.4529066547642132, -0.02301252285308746, -0.12591824520611106, -0.05005415495793856, -0.03317664826457253, 0.05107290835251035, -0.054734461094506005, -0.1506125681231027, 0.00021586940778619266, -0.0011399092862684297, -0.00145160315592171, 0.013919950075871119, -0.0005791624896891963, -0.00022396451707537633, 0.0006131770473517015, 0.5
93, 2, 1, 0.26989565019389195, 0.6358402018530858, 0.02920640953413931, 0.06505773841888292, 0.10359494871641658, 0.005538919194853132, 0.04870820778894398, 0.5967224730518578, -0.025130475838898558, -0.24369908553978506, -0.17380157454576045, 0.00719278660646519, -0.06764011315664344, 0.06392033676643868, 0.09439953536691051, -0.0009872482095256772, -0.0007427516788088789, -0.0025353279343633454, 0.015033238966633763, -0.0005918583681873455, -0.0002954371726391188, -0.000160795887623664, 0.5
94, 2, 1, 0.2705219027438396, 0.6348912635054678, 0.029260427060524837, 0.06532640669016786, 0.14467079854003875, 0.2017346795872213, 0.09526768036124131, 0.38282288602998527, -0.11485070917989133, -0.08266501518545857, -0.07455351876558189, 0.07912699343559167, -0.15405021339332714, -0.20897757879137013, 0.09821654760704197, -4.640376795959061e-05, 0.0005142894022471593, -0.0004059788479267801, 0.015315781239032943, 0.00023733730183729418, 0.0002472586840387502, 5.869096753820028e-05, 0.5
95, 2, 1, 0.27419681645773125, 0.625331166499426, 0.03407386994635067, 0.06639814709649218, 0.11157915085435592, 0.006906734047660679, 0.054888172390756475, 0.39784355582000747, -0.0983653666962198, 0.03744198553379119, -0.2783493886951341, 0.08181614721586344, -0.05153804962007993, 0.0671594539382731, -0.04499464569495409, 0.0004896525411922729, 0.0016147744412317775, -0.0011196836992278588, 0.014131378457721855, -0.0002790215997657173, 0.00019316023590090623, -0.0004911445422010401, 0.5
96, 2, 1, 0.28577113553277667, 0.5683232732273389, 0.0757501382942894, 0.07015545294559511, -0.04564476895024232, 0.07832484677874875, 0.10385973490264618, 0.5696948746728333, -0.21950218795601223, -0.037490332987693775, -0.16074124580406976, -0.07764063070254956, 0.08506169933096201, 0.22969082072529462, 0.09423042064320238, 6.726791096930631e-05, -0.0007145420189372947, -0.0002596214046946964, 0.015905820574114254, -0.0009533812499392865, -0.001153911387512333, 0.00021163723487473848, 0.5
97, 2, 1, 0.07595730213326078, 0.7347028381387883, 0.11391786369130939, 0.07542199603664149, 0.007201618377844216, 0.20298099194313676, 0.1239511502531494, 0.5915720199384539, -0.007842473021567176, -0.21140031463212736, -0.10628500666751144, -0.07944616768653276, 0.024496052369881567, 0.20998907410174567, 0.07628582961690672, 0.000546656854743415, -3.770086154273823e-05, 0.00028547972479451645, 0.016149186627999516, 0.0006335987192900556, 0.0009210738527355546, -0.0019042742259081744, 0.5
98, 2, 1, 0.08588165580932954, 0.7222319333508347, 0.11330733774063845, 0.07857907309919737, -0.0007812998288382556, -0.07176289110380427, 0.08873562284440979, 0.5754764569648143, -0.07953196225606045, -0.102350911800932, -0.05180658975797865, -0.2351334438193934, 0.03284381370145565, -0.1424616734610682, -0.0050194039125059705, 0.0007422266472222536, -0.001709575420199862, -0.0002488148482250428, 0.014392030445861476, 0.002520730679934036, 0.0005196890158984267, 0.00023815509694087832, 0.5
99, 2, 1, 0.08632741054129452, 0.7265055159595051, 0.10759860336521213, 0.07956847013398835, 0.09520716385241187, 0.054437877704556506, 0.10127862659743085, 0.4773797817527997, -0.16616820943735305, -0.16282933649577375, 0.043931985601416736, -0.018798901860354662, 0.015546763894491672, -0.014669164854619466, 0.02595986674158763, 0.0004928637691270367, 0.001658922717495005, 0.0004888444427054715, 0.01625762715422982, 0.0016424552092909775, -9.871725569262279e-05, -0.0007597112446391372, 0.5
