t, Event, Policy, P(still), P(random), P(reach), P(transport), o(t), s_a 
0, 2, 1, 0.5156986117362976, 0.055975474417209625, 0.42832595109939575, 4.945033911431945e-14, 0.7153435356488013, -0.6825795809045294, 0.6760374009671797, 0.1786802621889947, -0.22650027778854082, 0.04078731592635202, -0.1924354639131037, 0.36596534805939435, -0.2920317505676763, 0.3902678955194016, -0.03501404759815736, -0.0541532361892343, 0.06043954856059308, 0.06242393711796549, 0.05298685846158353, -0.0415942759821124, -0.028618603952056232, 0.06133745949081861, 0.3
1, 2, 1, 0.5156987891172403, 0.05597521293271809, 0.428325997949992, 4.9450904822234033e-14, 0.6051679657318433, -0.6916473619099082, 0.8127207522405412, 0.3230986108723988, -0.08316078879505524, 0.2556204722940701, -0.22776093958723703, 0.23696037966583794, -0.303073995414498, 0.3619851682400215, -0.022589542728601204, 0.0009546944955977568, 0.00026731381505217905, 0.00028443605311591303, 0.0704426513166877, -0.0008187362071512928, 0.0012590760421399643, -0.0008112015470098218, 0.3
2, 2, 1, 0.5700688772480995, 0.000996600661041316, 0.4289345220756456, 1.5213594155992178e-11, 0.5042470468103137, -0.45309533634329463, 0.6274980441799409, 0.2598702344516502, -0.08073345353591074, -0.20554153205478237, -0.05860069330252852, 0.32885269847430904, -0.167147249966279, 0.32125780074720556, 0.12923270058531328, -0.0007741352465659527, 0.0013236710456538494, 0.0010607504282217222, 0.07125946955564373, 0.0006758511208284107, 0.001016578108561956, 7.771958778586054e-05, 0.3
3, 2, 1, 0.5700800073956032, 0.0009757786070226647, 0.4289442139648238, 3.255038424544613e-11, 0.5908375722659069, -0.5982790228673267, 0.4849865475261114, 0.373637163002443, 0.07859265276579477, 0.24705951405179355, -0.2029362738622801, 0.3208897844675723, -0.21840311645168614, 0.283743195865034, -0.037819379106872476, 0.0008693523258075673, 0.00042235177548499833, -0.00031666659672773337, 0.07014620505640819, 0.0008646194057922282, 0.00044476453580642044, 0.0007651157502713057, 0.3
4, 2, 1, 0.5700737417575766, 0.0009797698829087003, 0.42894648832696197, 3.255273656816936e-11, 0.6082043448540635, -0.5162362445068619, 0.7186122443712659, 0.49036121764660373, -0.14345157905201417, 0.015072782273054641, -0.08106572124967551, 0.29175142837215556, -0.30663365136709164, 0.19814690485910297, -0.13455503965122315, 0.0006454266737251789, 0.0019154400103462543, 1.4597337295123187e-05, 0.0695572253578686, -0.00035741849076165747, -0.00032628038421922645, -0.0007458811697798676, 0.3
5, 2, 1, 0.5700684173624522, 0.0009837893320807126, 0.42894779327291105, 3.255589009804629e-11, 0.49664000207191294, -0.5126351713022946, 0.6367592594728154, 0.20425689689905036, -0.23602681306697426, 0.15962240610659192, 0.07867854278370338, 0.2652288836569684, -0.33308599455338705, 0.33656626598148237, 0.007139488666385929, -0.0009043849798332324, -0.0001932571332874219, -0.001538086148042243, 0.07159053899993836, -0.002088252914745802, 0.000553030654718489, -0.00039853901790101194, 0.3
6, 2, 1, 0.5700685187657176, 0.0009836840464627703, 0.4289477971552638, 3.255589463626688e-11, 0.5926605544876621, -0.608464989262951, 0.6055121511208069, 0.49099211109663693, -0.24171610556697623, -0.005951085464191231, -0.25607397126826326, 0.48998520857238204, -0.21719803109296953, 0.29333403656485807, -0.03384666847465377, 0.00254642903366325, 0.0010805550646172855, 0.0010606030555700345, 0.07078294836978327, -0.0009217486605147066, 0.0005645904210905816, 0.0011566110745355933, 0.3
7, 2, 1, 0.5700681141126419, 0.0009840147885818392, 0.42894787106622023, 3.255596103955225e-11, 0.5008986951512872, -0.6244634306573197, 0.6872409925341256, 0.4612048873242113, -0.18120591856947266, 0.04180330116114872, -0.040899152012661553, 0.43334645108097425, -0.14986846737502613, 0.3818202186420157, -0.12561861108805944, 0.0006742178121589078, -0.0011468525751691559, -0.0006547624003701675, 0.07180258210744273, 0.0022733328602481287, -0.0007449003490408842, -0.0005957958746727836, 0.3
8, 2, 1, 0.5700607602275589, 0.0009882463933725534, 0.4289509933458216, 3.324694184021495e-11, 0.5939839224642975, -0.6312129107309468, 0.5468894483757767, 0.4463604115369632, -0.11722109223135688, 0.18001346927071304, 0.0030467419373731985, 0.18433090512325073, -0.38212914262992853, 0.1507369339746612, -0.12228430516831328, -0.0006330997593679519, 0.001206414303893865, 9.488653968466554e-05, 0.07079765712846722, -0.0005052181510978478, -0.0011355778940199575, -0.000988499090055359, 0.3
9, 2, 1, 0.5703257056636466, 0.0005147752749547701, 0.42915951902811933, 3.327915746864869e-11, 0.4027168812216718, -0.5713384874676679, 0.7835661368257749, 0.451767302275729, 0.0047671081034387445, 0.077706255428788, -0.0061062220516094005, 0.1436635224762366, -0.2925155421121236, 0.26269256617639003, 0.10941560920887498, 0.0009615060314522901, -0.0009703269265895223, -4.444602890850069e-05, 0.07040238304500471, 0.001080172090204103, -0.00023483877697584948, -0.0017610939902920626, 0.3
10, 2, 1, 0.5703355397376205, 0.0005033622292929048, 0.4291610979973436, 3.574300005892958e-11, 0.5165162284499979, -0.6150064339833115, 0.5850781617145078, 0.17630466704662157, -0.16988336435240203, 0.06299259128491655, -0.22544547456017677, 0.09141042429653215, -0.18575862388742423, 0.3507587210701535, -0.03556240680895656, 0.0002707079083446528, -0.0005588735484131277, 0.000616013921548153, 0.07029712243053539, -0.0005757181655102168, -0.002208084066596083, 0.0014928619059627248, 0.3
11, 2, 1, 0.5703350827791666, 0.0005035332987114783, 0.4291613838863776, 3.57444173608858e-11, 0.5610885321439146, -0.5468328569875469, 0.661558816751355, 0.24330484980098324, -0.1564042063479581, 0.09740462142513691, -0.2831445883742948, 0.26044591251238913, -0.20406326534273686, 0.3765217249405024, 0.0898795954478204, -0.0006869205650296281, 0.00033681707280771515, 0.0008990552456619118, 0.07187927815530044, -0.00043511983858330304, -0.0010954778590269421, -0.0003038036925935055, 0.3
12, 2, 1, 0.5703304503348332, 0.000506810048413521, 0.42916273958100865, 3.574455672455208e-11, 0.5830738072914106, -0.4918193804623625, 0.789448987874094, 0.26822018729527297, -0.1063345090140374, 0.13981462454257382, -0.05236476809143564, 0.3369453206219315, -0.11706803793306308, 0.3802441210083321, 0.03871288962133942, -0.00014406011094721756, -0.0003022674592341926, 8.45013769858437e-05, 0.0700463893273541, -0.0006867588237465343, 0.0023647954618109964, 0.0001199314554095353, 0.3
13, 2, 1, 0.5701439699938884, 0.000597763210252492, 0.429258266745429, 5.043014409956974e-11, 0.5215970015568014, -0.5153949904166802, 0.5257008695262335, 0.3890743574991379, -0.17557156228720144, 0.08366748148811595, -0.01527744814876213, 0.2246242421953398, -0.3773278491618285, 0.1289295712568171, 0.07703069841016977, 0.00012691383346409595, -0.0012632680630556329, 0.0008847003713247277, 0.06937801001353787, 0.00012593333057705976, -0.0005521349771327609, -0.0014482769471648844, 0.3
14, 2, 1, 0.5675401588901063, 0.002212021522536319, 0.43024775273462307, 6.685273420490216e-08, 0.4475362253373906, -0.4470925055159154, 0.45699056686061146, 0.31174750932257084, -0.25594598954515557, 0.06917671348616476, -0.026206777664803494, 0.19018369704209653, -0.2079551737891352, 0.1887723585490265, 0.019773742016653807, 0.0017117005819573664, 0.00043089273451950717, 0.0005242685167136313, 0.07052849294422406, 0.0006582925097608995, -0.0011751915172460515, -0.00013637916302619704, 0.3
15, 2, 1, 0.5675404137551502, 0.0022117634807190976, 0.4302477559113966, 6.685273420492902e-08, 0.38083376591034873, -0.3950150808671552, 0.6602955258360274, 0.30662284084783886, -0.20733125084455922, 0.04354221995291372, -0.13756145045325902, 0.44663893867332866, -0.37247042548168724, 0.4666189879048037, -0.07229127997138733, -0.00042707002219538983, 0.001029871357269925, 0.0002591369880936322, 0.06932435427978353, -0.00024226760065098138, 0.00045206438759128737, -0.00033193012731079247, 0.3
16, 2, 1, 0.5675415111453751, 0.0022106183763441266, 0.4302478036181719, 6.686010870018627e-08, 0.5076297591793872, -0.5342157471721325, 0.38099912341909253, 0.39940322794300276, -0.16059765048406346, 0.1705873016926959, -0.13680132730351247, 0.24206846773494167, -0.1259357609311555, 0.4570481494313035, -0.11473384996459894, -0.0009040361934094517, 0.0006469700963655401, 0.0002156266091383978, 0.07188997677047171, 0.002214504974558076, 0.00016043202980016235, 9.90562797764911e-05, 0.3
17, 2, 1, 0.5675425941265111, 0.002209430428054702, 0.43024790858532375, 6.686011052140367e-08, 0.6056693765005923, -0.5408805449719779, 0.5620357796333086, 0.27371149531280015, -0.25955296309162196, -0.060955410961507805, -0.21709054466962502, 0.35803504751909065, -0.24142859197801197, 0.376139157790389, 0.14606607097718013, 0.0015150367814434002, 5.359763999103561e-05, 0.00039116211930366533, 0.06981863483165476, 0.0004266446204008494, -0.0001753364810735695, 0.0005711531746745567, 0.3
18, 2, 1, 0.5682850826783372, 0.0013848621297287231, 0.43032998831736846, 6.687456556285971e-08, 0.3317033525329872, -0.6484300164264919, 0.5853975406728023, 0.3907261161696015, -0.12936034937575736, 0.127304548191964, -0.1965477154584732, 0.25572995754671723, -0.21193411238024767, 0.2520029307207487, 0.171430385144621, -0.0017343223046301613, -1.5001797636233233e-05, -0.0010623003227730418, 0.0718550948655837, 0.00035433748986655756, 0.0004638384899589289, 0.0006450336369967454, 0.3
19, 2, 1, 0.5682742119271348, 0.0013900851806471928, 0.43033563601741803, 6.687479987311589e-08, 0.38160194588150426, -0.44520493065598404, 0.6473606758904598, 0.3068299775478094, -0.2049722597903701, 0.1920941701549309, -0.16488872211527422, 0.20580425528512256, -0.2818549620840411, 0.2208957484472268, -0.02087382305559505, 0.0007115349513654211, -0.0006177461824924067, 3.120653499790423e-05, 0.07157504226833057, 0.0006456914516206086, -0.00017957603870811088, 0.0005732715950157488, 0.3
20, 2, 1, 0.5672416607865348, 0.0017467482928163846, 0.43101152403487014, 6.688577874087601e-08, 0.5837710255671487, -0.3916468784793599, 0.631735808541668, 0.18917686907842188, -0.10421648589397028, 0.1042443553666432, -0.06569678770689326, 0.13700574177591002, -0.33558161185655166, 0.20643914898790322, 0.22876383511371462, 0.0010785585856428093, 0.00034637401631860184, 0.00037861234107130115, 0.06934049143381793, 0.0007080021439634113, 0.00016036713866247125, -0.00076752994461229, 0.3
21, 2, 1, 0.5672416129697635, 0.0017467431869257772, 0.43101157695745657, 6.688585426708685e-08, 0.5896846795178503, -0.47510357394019015, 0.5938507219041997, 0.2904869475345622, 0.009435106148924533, 0.06683019817120943, -0.2977805793304776, 0.15536787214203324, -0.23104665503634317, 0.09615036323409436, -0.21656048581369017, -0.0012226625004643364, -0.0009148334217765333, 0.000323633368010364, 0.06956756125363509, 0.001003281899868411, -0.001377238258575791, 0.0006302217015138337, 0.3
22, 2, 1, 0.5659437995479509, 0.0022361871125972286, 0.43181994634272686, 6.699672501044107e-08, 0.5077763724921006, -0.20469272753465256, 0.6136673824230201, 0.20526702150421575, -0.01310480746225733, 0.16718973439033222, -0.09810461113308802, 0.023174178744134723, -0.30587065728048213, 0.2431624250578983, 0.1373076027450998, -0.0008652622899707089, -0.002105151856657713, 0.0002366578143375596, 0.07030563725160828, -0.00047649770630392094, 0.00031649141562536514, 0.0003936263747778523, 0.3
23, 2, 1, 0.5662379107088044, 0.0019335571387786908, 0.4318284630086613, 6.9143755508809e-08, 0.42217284887566053, -0.3023064816498936, 0.213598215848453, 0.29490189366257163, -0.1824421904130838, 0.060406940729893534, 0.11481742236027559, 0.26789611500577326, -0.2814822592139912, 0.2835903819439304, 0.13231965053004865, 0.0010349674475534061, -0.001526699977512828, -0.0010294977533596007, 0.06883502616541376, 0.00034829017299561156, 0.001018698894932622, -0.00038575623375318983, 0.3
24, 2, 1, 0.5554820236144494, 0.006272993145222718, 0.43824143007089933, 3.55316942852706e-06, 0.3035871346806186, -0.32206128558286784, 0.3765804067522929, 0.2999447014286715, -0.07454938016436143, 0.14000493411002668, -0.08973062900749272, 0.12323768983650485, -0.2368262644191414, 0.16378501425546454, 0.054576431712575556, -0.0006179953391933287, -0.0002663873241617907, 8.480425002988388e-05, 0.06946164351610631, 0.0005831719040199117, -0.00036337523107466947, 0.00038442902109675026, 0.3
25, 2, 1, 0.5554811024312544, 0.006273613843616526, 0.4382417305556957, 3.553169433403368e-06, 0.44033800013850916, -0.3937756845428634, 0.5051263882358933, 0.3073418941622509, -0.2918885510425686, 0.0799605374074239, -0.06026002039707107, 0.2558479815503987, -0.47059816035325686, 0.2636845532471419, -0.06792172954144356, 0.0015578757143098504, 0.001069212925485767, -0.000506473450995117, 0.06800386506840977, -0.002183552873485894, -0.001546384210836596, -0.001525369504045801, 0.3
26, 2, 1, 0.5554811017269567, 0.006273613069476958, 0.43824173203413286, 3.5531694334651584e-06, 0.6042830816336512, -0.6171829459705584, 0.4912739624138222, 0.25226157608824906, -0.13049644109034286, 0.22249833054826063, 0.011408479962859142, 0.4168115281558718, -0.32519964006674373, 0.30651902316958, -0.11638937266430571, -0.0005506412980618399, -0.001187981723965686, 0.0004560695892433978, 0.07066065469034315, -0.0010771982994331685, 0.00047585245645548726, -0.0014305611752090312, 0.3
27, 2, 1, 0.5601792610508474, 0.0013689248104858656, 0.43844819651781797, 3.6176208488339244e-06, 0.36959962348765063, -0.475430080774254, 0.3377673284492076, 0.2424132299117369, -0.039760784725701284, 0.104066217598398, -0.025688717936785354, 0.28968812924215265, -0.15283311205164446, 0.3122272180689699, 0.015053658955444063, -0.0002249568768787581, -0.002625163302043294, 0.0004797365881058928, 0.06963369018573402, -0.00036548923931349956, -0.0012869191304142292, 0.0008679072481020707, 0.3
28, 2, 1, 0.5598502615190566, 0.0014289550537207579, 0.4387171641246931, 3.61930252958096e-06, 0.39761373458733823, -0.5089370207832465, 0.5068335679681916, 0.2889941104733354, 0.07501375432617438, 0.0942122827613509, -0.21133316035119126, 0.25483367218199116, -0.1915381588816793, 0.14752750899131042, 0.023289901111512183, -0.00027700005676628564, 0.0002734730345639093, -0.0012982654345705222, 0.06953337984953413, -0.0008103202397059348, 0.00036420910148811093, 2.396571024061918e-05, 0.3
29, 2, 1, 0.5549485944793606, 0.004092451628326093, 0.44095532086009276, 3.633032220577593e-06, 0.4195126199670186, -0.567375909720344, 0.44681936142848, 0.2880624921339422, -0.03397516053877635, 0.14239682113602162, -0.022967442600801767, 0.15149816982721642, -0.340782708570896, 0.23238835451150391, 0.000975011208737403, -0.000688270089851998, 0.0011577549632102667, -0.0009908920294552643, 0.07120770761011228, 0.0007130701486580714, 0.0015276703471564148, 0.0005398209379033205, 0.3
30, 2, 1, 0.5559332250400283, 0.003055498715067198, 0.4410075871043666, 3.6891405380265717e-06, 0.36394936420590024, -0.48839672195930195, 0.315330861866946, 0.0430548522891399, -0.056209558498629575, 0.08938274754444156, -0.17853019355263916, 0.2817202058195911, -0.12046007918448902, 0.301235345326413, -0.05199106342540375, -0.0015099600983680475, -0.0007395922347764928, 7.593436252646144e-05, 0.06918065659102676, -0.00040115174499822276, 0.0004565363825293819, 0.000614992107607882, 0.3
31, 2, 1, 0.5557908627272996, 0.0031217898723435843, 0.44108365820594453, 3.6891944122175983e-06, 0.3499199621701192, -0.4683056199246458, 0.5822098398762746, 0.5005871925765125, -0.16472799110320197, 0.05791823097047287, -0.268182990100561, 0.20918895346519104, -0.18493259901352058, 0.2551691879635112, 0.017267962228665005, 0.0013066936667689671, -2.4888057406960705e-05, -0.0009706911853928244, 0.06920486949393331, -0.00021117538742077474, -0.0010773061228369946, 0.0003689792632016644, 0.3
32, 2, 1, 0.5558308579613127, 0.0030728404230145685, 0.4410926092454814, 3.6923701914074114e-06, 0.49620588349726535, -0.6483607099767507, 0.2968100362459442, 0.22917858715510317, -0.07355351849545601, 0.19568828033265087, -0.2627604093607217, 0.23780895893472492, -0.2313785927279246, 0.21345514143951366, 0.08703454692364725, 0.0005459628606165797, 0.0003583276449218171, -0.00034551815173656234, 0.06970916389734559, 0.0011274945995446636, 6.831570179896914e-05, -0.00035873000423671615, 0.3
33, 2, 1, 0.554791866178733, 0.003738589218143841, 0.4414657161776179, 3.828425505200052e-06, 0.3493454087162802, -0.3934635057432636, 0.39890601565740313, 0.2998110081336228, -0.2325765122837402, -0.1325128762322294, -0.044258168047688715, 0.16258790010686047, -0.18608328766203594, 0.26938976477516724, 0.023024796729657203, -0.0016178512683541688, 0.0006511199797487999, 0.0016815046050619672, 0.07021223517170785, 0.00041879422972365715, 0.0005098617854793279, 0.0003020105509095066, 0.3
34, 2, 1, 0.5546532203589162, 0.003798667480799712, 0.44154428015758873, 3.832002695479965e-06, 0.4921139467445655, -0.607841116453214, 0.5439837415933232, 0.3218958769329037, -0.02333135898835579, 0.15405694086050586, -0.12159511752235412, -0.009918930647746316, -0.19575062895001397, 0.20088740897113894, -0.1805488903435409, -4.7296315236716514e-05, 0.001960685648575299, 0.0002321349931286909, 0.07152965573489464, 8.178627711925385e-05, 0.0006250912082178754, 0.0016110282846717651, 0.3
35, 2, 1, 0.5550051060923785, 0.0033156276667762647, 0.4416754327588826, 3.833481962505211e-06, 0.4370790502874433, -0.3195882114365836, 0.4214093156452409, 0.22264831690226528, 0.009187828242713891, 0.1941017947545473, 0.09992526884578741, 0.2891057051139653, -0.24148546118709543, 0.26397030478282213, -0.06633972185683637, 0.0005757202367491133, 0.002071689206973724, -0.0008715353021858458, 0.06836169720882808, -0.0005686726424305007, -0.0007318059245907764, 0.00030514909685124686, 0.3
36, 2, 1, 0.5545305003769002, 0.003443536267533154, 0.442022127219377, 3.836136189563771e-06, 0.2382270216477485, -0.41784824332497317, 0.6118098598811172, 0.4272852337345217, -0.10688755810742072, 0.21125459173547673, -0.18434375290743166, 0.04746350139922917, -0.0729438203874023, 0.21004109924476447, 0.0317199213312739, 0.0008620739052041384, 0.00014149375834497205, 3.335002717471678e-05, 0.06814894737256412, 0.0005105460945645466, 0.000600295141832693, 0.00037228999499801555, 0.3
37, 2, 1, 0.5211770773402368, 0.012982155046758797, 0.46571217173379575, 0.00012859587920864636, 0.3542973882075784, -0.5562773421579681, 0.38078307749716356, 0.5130691269945022, -0.16893242614153686, 0.17355685509919277, -0.06588625175986694, -0.12267262814902222, -0.09925448869013127, 0.14176252001333225, 0.1297826125790715, -0.0007196344422008095, 0.0004460727624367219, 0.0016193654739935404, 0.06960290181008942, -0.0009021970968352442, -0.000672410820995921, 0.0004160029463650664, 0.3
38, 2, 1, 0.5217012352861654, 0.01242823065649721, 0.46574193112911305, 0.00012860292822442643, 0.33167439982590174, -0.402264172458879, 0.37479574836139945, 0.2679528640343339, -0.23133562587977882, 0.1799368960058101, -0.09972277756568716, 0.2990651042707154, -0.08987955580669388, 0.2978495453415, 0.09585531774066763, 0.00014030994751611068, 0.00042293371744824796, 0.0017558339652576315, 0.07066746924302848, 0.0004660465271022226, -0.00024548644981456727, -0.001608440551134628, 0.3
39, 2, 1, 0.5209352813272702, 0.012744032833867271, 0.4661920762539177, 0.0001286095849448032, 0.2975071117340563, -0.39716005128948806, 0.5580723188603783, 0.32390095808216246, -0.16883715067981223, 0.193137500017281, -0.04122413754472618, 0.05174475646431087, -0.242983258129493, -0.03597226028016456, -0.10752854847075873, -0.0006032591393254592, 0.0011557307619846449, -0.000319809870921749, 0.07009610709543976, 0.00019452144547741555, 0.0019960694493046964, -0.0007482843283378235, 0.3
40, 2, 1, 0.5216730164584332, 0.011547343108985291, 0.46665093025878784, 0.00012871017379370106, 0.33109448934479624, -0.33127416282013294, 0.3352330398569855, 0.20160737952589622, 0.10350934126322961, 0.014361550188942118, -0.10060421421562615, 0.22841915323673634, -0.30147183438946107, 0.06880325474599165, -0.05702021615699422, -0.0009218713472783676, -0.00015636768729243182, 0.0013422813574829437, 0.07112893214521629, 0.0014986316748943718, 0.0007094063622396769, -0.0008260518984952921, 0.3
41, 2, 1, 0.36508993645586163, 0.06049425748811479, 0.5742715560946283, 0.00014424996139531478, 0.43844961802349564, -0.37006128522686565, 0.4938324404812821, 0.2233004231485487, -0.06374491236711659, -0.12148071877431174, -0.10963318981407233, 0.08318248006131737, -0.12708035753829436, 0.07021765881974955, 0.13722194689967201, -0.002216110921706512, -0.0008428592432708354, -7.140718128936606e-05, 0.06789862735352242, 0.0004832535859519719, -0.0009505108971788812, -0.0017741567910652505, 0.3
42, 2, 1, 0.3653378678094366, 0.06022491380655646, 0.5742929674310784, 0.00014425095292868036, 0.3807931708189246, -0.35933349790415814, 0.3789977230841205, 0.3422290295504064, -0.3900344922815848, 0.059170112477220184, -0.15812252234595087, 0.2779833053571535, -0.2304133491727743, 0.25449429587239586, 0.17237179551384604, 0.0030834087022833805, -0.0008499770099397536, 0.0006312754929553795, 0.07006349055978212, -0.0015575113463909397, 0.0006886294437136225, 0.0008385012210615099, 0.3
43, 2, 1, 0.35716369629013234, 0.0639534195462423, 0.5787271047502258, 0.0001557794133994237, 0.371557789942246, -0.3801324566193355, 0.3706697743506807, 0.041720232175518526, -0.05651860634027017, 0.12275536039094555, -0.07067309046230659, 0.08437054208009005, -0.212174316967937, 0.10850759636589398, -0.09322299730695648, -0.0018657356406368314, -0.002056609208849452, 0.0001198067105152495, 0.07031318639748312, -8.406871286237652e-05, 2.2799852745808424e-05, -0.001353918329027996, 0.3
44, 2, 1, 0.41528480172177124, 0.0026439535552412615, 0.5819151068106777, 0.0001561379123098798, 0.21645980226324477, -0.23632990147430757, 0.40051906523241654, 0.4135434648692279, -0.0262364526816816, 0.08272010857802867, 0.014031857677285297, 0.2350974527291537, -0.16724859154436023, 0.18585272748334908, 0.19723483743983722, -0.0007924526702812824, 0.0007686353237870765, 9.501569553018754e-07, 0.07053213549332338, -0.0017854648834383165, 0.001132996998469389, -0.0011149186284779788, 0.3
45, 2, 1, 0.36811033768056334, 0.02207467739862404, 0.6096581883016978, 0.0001567966191147233, 0.30558470256659287, -0.26431821879207207, 0.5393949322624143, 0.4095828208162235, -0.09746554847261202, 0.07624283058806533, -0.06755675917808052, 0.18731389756827319, -0.11177524238391875, 0.10715290564713797, 0.09396985447823092, 0.0005568960651663137, 3.9839608791237924e-05, 0.0013921709237146459, 0.07013114953401837, 6.429745451971296e-05, -0.000682474731966997, 0.00037984926419619425, 0.3
46, 2, 1, 0.36810912117286554, 0.022075041067883078, 0.6096590403942354, 0.0001567973650161439, 0.31697149785550377, -0.4048138282866408, 0.24091395948437339, 0.28616577626045797, -0.2447818661724856, 0.247311067616603, -0.060665024159672544, 0.20956900549917606, -0.3433804689573928, 0.16876216236892386, -0.06799005217326391, -0.002219246263303159, 0.0008712941340736247, 0.0004218047087489577, 0.07032690291575251, 0.0001023772348950546, -0.0007314833832900304, -0.0008392391657597928, 0.3
47, 2, 1, 0.36789714732765594, 0.022117570028881775, 0.6098284277028104, 0.00015685494065193525, 0.33580817078038866, -0.28167317397408853, 0.38981626699464816, 0.3486596061727667, -0.19889975131429952, 0.12280500573952553, -0.22270638490877145, 0.19511940320162316, -0.19675925737085448, 0.10716921262299509, 0.06680851983010885, -0.002051108332198261, -1.3440043226796319e-05, 0.0005805402325569454, 0.06906070011729905, -0.00086610977321635, -0.000601938930795221, -0.00028691305574819986, 0.3
48, 2, 1, 0.3509452713974247, 0.02545819388187068, 0.623420909306285, 0.00017562541441954583, 0.3733242361028285, -0.3834445386483771, 0.43717590775362253, 0.22287615725979734, -0.04389534740030604, 0.001978613276937047, -0.23450013595706626, 0.11494169702347268, 0.02074886355623784, 0.08155012109036862, 0.07752503591468149, -0.000879480344159622, -0.0007402394374301138, 0.0012958205351786727, 0.06959129753772553, 0.00020777099723371306, -0.00038098205312428457, -0.00099721484597956, 0.3
49, 2, 1, 0.2021151622219659, 0.11447770821276704, 0.6832017836431625, 0.00020534592210460096, 0.2864065482745557, -0.264196294337408, 0.4807651288317961, 0.28153257843240503, -0.05100625235427041, 0.0653976529780529, 0.03576888452226183, 0.016142460117532974, -0.05563888754269162, 0.24833857481086685, -0.0566770610758587, -0.001133934825016012, -0.0010776438123761523, -0.0011047857053270566, 0.06926835498499309, 0.0013856361339531877, 0.001948421163794889, -0.001136549841418477, 0.3
50, 2, 1, 0.20869182473486672, 0.10682193731136427, 0.6842722559622764, 0.00021398199149262322, 0.39051053423314047, -0.29933308640946027, 0.2645287030124351, 0.24077148372752047, -0.04790185514714599, 0.2268803105921299, -0.1155480868697403, 0.12311564657872238, -0.18876651163947464, 0.2541026213290341, 0.08232607936154909, -1.401670314817648e-05, 4.200874981424231e-05, 0.0006907387044448801, 0.07067509644846605, -0.001055092303384735, 0.00031867094937593877, 0.001467472193405921, 0.3
51, 2, 1, 0.21004525018554251, 0.10461939161936645, 0.6851212638280507, 0.00021409436704038857, 0.15653943022847464, -0.2562252958594108, 0.47939761097089556, 0.2697406450627583, 0.10528840443467317, 0.16230351929662024, -0.20427640523347385, 0.1850270153002545, -0.07231722108762043, 0.21837398091138516, -0.015403590854426654, 0.000369657391710414, -0.0008427019975910697, -0.0007332675877903648, 0.06963493748755703, -0.00010522121006252665, -0.0007692938294262561, 0.00045514747213267544, 0.3
52, 2, 1, 0.21544281804827572, 0.09865677655930002, 0.6856787896047655, 0.00022161578765888122, 0.19986924880472076, -0.33346629058864596, 0.1781312018899892, 0.34081974580396357, -0.10810739157027967, 0.2202163417856971, -0.18659288377716457, 0.09874740526083596, -0.2389167009016932, 0.22640713607374918, 0.18667352367632567, 0.0015359656415080579, 0.00013187838582993336, 0.000532363655148142, 0.07138476569141086, -0.00017542366663969268, -0.00017306044843648743, 0.000914121636102211, 0.3
53, 2, 1, 0.2152838079431022, 0.09868406012347163, 0.6858100905223785, 0.0002220414110475826, 0.14817859952477969, -0.3654454764716811, 0.34546452850038845, 0.3333561405170746, 0.04887565541848149, 0.2620995351592933, -0.13833281944666898, 0.11168294862527528, -0.11438637211824428, 0.27299534221970057, 0.08605001776981949, -0.0005215958188547328, 0.0007675007098801914, -0.0007409843727058413, 0.06927284796537003, 0.0017271081285709998, -0.00011341941768886633, 0.0015140400283671584, 0.3
54, 2, 1, 0.27844935540835114, 0.025698787536450166, 0.6956034540260974, 0.00024840302910132726, 0.3284991387452853, -0.360472969592898, 0.4179994719787576, 0.15996308149774296, -0.11150472259317708, 0.0807565883003184, -0.09158368695278622, 0.17470786771306931, 0.018941246031619664, 0.11417496158114013, 0.017853894910762343, 0.0005346412013163417, -0.0011496917038625052, -2.040320807970412e-05, 0.06970539569286828, -0.0005061726269534965, -0.0003305883457695803, 0.00035491746273047623, 0.3
55, 2, 1, 0.2784670936614953, 0.025631561763917964, 0.6956529351407849, 0.0002484094338018972, 0.3254654492343058, -0.3381831494233797, 0.3675219114895012, 0.3407887717089041, -0.10135435514724819, 0.14638805570640537, -0.1536829171160806, 0.30610201976668894, -0.2195287308278609, 0.19349837496844485, -0.0672553069568799, -0.0016817048492357364, -0.0007160218909168581, 0.0002474930670195755, 0.07157851278368087, -1.0317830958772377e-05, 0.0006737031455067452, 0.00031870835350623645, 0.3
56, 2, 1, 0.2786712705729165, 0.025758789477648644, 0.6953020256369122, 0.00026791431252258036, 0.10430908098807445, -0.09764210706701718, 0.25015210604184224, 0.11806008292715223, -0.265159342891898, 0.23276722043505194, -0.010034782672322185, -0.03429290925636839, -0.08549851418629252, 0.2625608709488622, 0.033442444741665925, 0.00018461546213080713, 0.00017900979494755043, -0.001686587189481331, 0.07078614202269852, 0.00022268046479066643, 0.0001598947122797582, -0.000563770217913867, 0.3
57, 2, 1, 0.28115525142586795, 0.021397368749897172, 0.6971786076459455, 0.00026877217828937905, 0.15255744568633645, -0.22892506388886263, 0.44980669002121926, 0.32864526693427687, -0.1699307618964513, 0.001175843639951113, -0.021798297491487074, 0.21028807119741239, 0.006982975568703686, 0.0849272085231793, 0.1601921421270069, -0.0006886948731592252, 0.0009705277589329385, 0.0011593863066703784, 0.07054601210282131, -0.00034422711054185216, 0.00030669165471272945, 0.001006265464011931, 0.3
58, 2, 1, 0.28102671542257834, 0.02131034433439105, 0.6972921415681834, 0.0003707986748472, 0.07506420396386097, -0.2828534422749668, 0.15818843713125902, 0.2160665513782344, -0.2136314891173207, 0.03533325011740387, -0.29011368829628076, -0.03827927455808202, 0.07406823505179383, 0.21403570388326187, -0.06123810136639056, 0.0005811477808398723, 0.0017415749563806985, -0.0008041832765159293, 0.06919919481607682, 0.00035763838892450693, 0.000601764112251222, -0.0007497069240040775, 0.3
59, 2, 1, 0.27996781323399167, 0.021798250595776218, 0.6978433457161792, 0.0003905904540528218, 0.06298722766675784, -0.23159338082053713, 0.3177194527149748, 0.4172563069897038, -0.28181887651296167, 0.08905227325652332, -0.2029048849692227, 0.04741902625390819, -0.12934797011415433, 0.14485447990294076, -0.12612038305359666, 0.0006193034937042192, 0.0003621994012730944, 0.0010168236808848093, 0.07124161048086775, -0.0020033925418512467, 1.955174216044428e-05, 0.0010297714163424658, 0.3
60, 2, 1, 0.27935054458499825, 0.022073644731569086, 0.6981844659327193, 0.0003913447507134246, 0.34386965716649553, -0.3242085378386567, 0.3773490674690691, 0.31594493853473915, -0.1409891714204104, 0.17613383468480476, -0.18098006720768584, 0.1630960082199192, -0.024195018923071732, 0.24236745788102132, 0.11601882542234021, -0.0012153611403388459, 8.801159182310805e-05, 0.0012010283024937848, 0.0706533751550462, -0.0011271666686276398, 0.0002449150342905746, -0.0019177916972756542, 0.3
61, 2, 1, 0.2793503901968281, 0.022073557293150598, 0.698184705545893, 0.00039134696412834025, 0.42325755996090014, -0.0863895373658398, 0.26358931229147864, 0.4081835848321932, -0.10443525559407721, 0.32789910544944884, -0.13462905007836912, 0.2894012416118973, -0.10489014712246378, 0.23737989794844486, -0.11959335125068442, -0.00040065072622855874, 5.522527228704574e-05, 0.00011862869228831229, 0.06840979640445818, 0.0010272185312983418, -0.001097171641655561, -0.0004734854156352358, 0.3
62, 2, 1, 0.2763379647382129, 0.0231684799697443, 0.7000722047354054, 0.00042135055663739863, 0.2190553060892845, -0.16118335465072678, 0.2842231056142967, 0.14869885871314503, -0.2313982403534675, 0.04232259076181688, 0.04740741927145797, -0.036014152150452824, -0.1606429813726913, -0.0005817392182943415, 0.2387497060421205, -0.002147325481155636, 0.0015149939934727343, 0.000980153856739761, 0.06876851572500205, -0.0012661710659980893, 0.0010254259066569142, -0.0009381349867489035, 0.3
63, 2, 1, 0.25364555004902667, 0.031183808519998763, 0.7135074046325631, 0.0016632367984114266, 0.27273716015349475, -0.32662355723506936, 0.2613220349480575, 0.2043406223821323, -0.08427653374056984, 0.04349900449155356, -0.14370952212326785, 0.0793921135728337, -0.12733752609579468, 0.009708812823712299, -0.06468033953225238, 0.0003363556297776418, 6.631201561947816e-05, -0.001542269076239716, 0.07102042748384954, -0.0002319353127255432, -0.0015370540182396244, -0.0021822066143143666, 0.3
64, 2, 1, 0.2534870466992472, 0.03128364702319436, 0.7135655145201034, 0.0016637917574549757, 0.2714462231472923, -0.27242126090080365, 0.3360907685260005, 0.35931729394979506, -0.1477601014081537, 0.1225879435332901, -0.1373090028461273, 0.2508974957384008, -0.03993941202329103, 0.20786459552251452, -0.1913002735153618, -0.0001449761326488421, -0.0006848074092974412, 3.589012703757069e-05, 0.0716192191533878, -0.0006147683806437297, -0.0010420720996024678, 0.0006064595410683418, 0.3
65, 2, 1, 0.25355296376220066, 0.02984210037240628, 0.7149361625221848, 0.001668773343208223, 0.3788671630705408, -0.26782663101437004, 0.3519289088785487, 0.32103690215424513, -0.1557190295963668, 0.0023791674292397147, -0.12952950493731352, 0.1770223525885471, -0.08449994008594633, -0.1575471743460892, 0.13639357709811384, 0.00025473995800122336, -0.00041973093530540105, 0.0016923572498528778, 0.06932986442961045, -0.0017039106419533367, -0.00019318195197781535, 0.000139433749090297, 0.3
66, 2, 1, 0.2534025953375226, 0.0299471021208338, 0.7149762376570725, 0.0016740648845710812, 0.17042258839248747, -0.1573396901872035, 0.09059190714088741, 0.35333709920955825, -0.1143086441306185, 0.08578097828790185, -0.011131509855259968, 0.2788400891288904, -0.18601488133384592, 0.13024872803620133, -0.19831247711244587, -0.0012929536357387925, 0.0005348533933867118, -0.0005664742035731617, 0.0702405004272145, -0.0003775545157706353, 0.0002907483192460588, -0.0003517766187420987, 0.3
67, 2, 1, 0.2541222187379586, 0.02613401156133812, 0.717984670167104, 0.0017590995335993215, 0.2291395010352814, -0.43191094993940543, 0.24846149569917672, 0.48368063930215, 0.013159198174812415, 0.18980766713222347, -0.04088052815873559, 0.025405446567717517, -0.1569289586734837, 0.15170304052080313, 0.19540010505883376, -0.0006811062448998752, -0.00024037702999491883, 0.00021437325746873152, 0.0692759045716532, 0.0001695946045605512, 0.0006795795403399067, 0.00032445454731916813, 0.3
68, 2, 1, 0.25733395935936754, 0.021384164448056336, 0.7194919329633642, 0.0017899432292117765, 0.1717419116738627, 0.032055344730298585, 0.3230919267415551, 0.210454087687424, -0.1258880106853509, 0.18438756058208008, -0.2759437915374665, 0.016931860918659856, -0.07537253851147589, 0.1449639271188067, 0.014032085228365637, -0.0003550621449886003, 0.0008543579139873167, 0.000829724039745963, 0.07012639743072892, 0.0002555176507145446, -0.0018717819333612575, 8.892741917349249e-05, 0.3
69, 2, 1, 0.23047955474586748, 0.03242859095472459, 0.7337366967898189, 0.0033551575095890694, 0.046761539892163584, -0.2376718632808879, 0.22485804021747063, 0.41915401999603114, -0.12572281841198507, -0.12733450028121393, -0.12087694457497303, 0.03372744259129412, -0.1575558107850656, 0.13113974701964973, -0.00748910668034983, -0.0007495296741728658, -0.00013388115874995353, -0.0006424719670575991, 0.07048799954199045, -0.0007690662506400839, -0.00026612141539252563, -0.0025732043597200905, 0.3
70, 2, 1, 0.22971256053938705, 0.032448851145673085, 0.7339639677885914, 0.0038746205263483486, 0.17354484299567485, -0.3561730695724078, 0.057764908679427206, 0.22752027569179417, 0.030275356689797417, 0.17338469811073862, -0.2253601085768401, 0.029511770545369177, -0.10447503310749, 0.1433402449039199, -0.06417357871159712, 0.00030075286148283857, 0.0006688308553483693, 0.0019038780930893315, 0.07045914127336078, -0.00033810986812266193, -0.0009381493453433975, 0.0023002667496004976, 0.3
71, 2, 1, 0.21219703414984786, 0.04011186363288503, 0.7421360212101107, 0.005555081007156439, 0.25091461216508215, -0.28817464627424955, 0.27278236940882716, 0.21932470247352817, -0.13401560099203672, 0.02899225566571444, -0.08235384950999605, 0.09297367053643311, -0.05854329807728218, 0.04869371910691406, -0.13544252361288336, -0.0016377052276899725, -0.00019624188637923416, -0.0010039830147800907, 0.07106963335623319, 0.00037691262330217623, -4.172801308134827e-05, 0.0004812346485536993, 0.3
72, 2, 1, 0.1970194198394648, 0.04344016587864216, 0.7539683580166691, 0.005572056265223938, 0.2407831224817246, -0.24931745739231115, 0.31026783525204643, 0.4362145889728518, -0.09266537937903804, -0.054298869567335005, 0.03618071014869062, -0.09477128056870401, -0.24090799419168835, 0.27985510098949484, 0.09813293572164909, 0.0012447260038858225, 8.248029330679588e-05, 0.0005279390611602775, 0.06900297227981608, 0.001880362155768933, -0.00039604965381741225, -0.0015587918341605457, 0.3
73, 2, 1, 0.19927220437665774, 0.043301995285386204, 0.7491544030555535, 0.008271397282402594, 0.33334700692062774, -0.04126118384884816, 0.08010837758265847, 0.1991777347096139, -0.17329371804891544, 0.17891335922510848, -0.10190573660998684, -0.0569956352970583, -0.0801203772764339, 0.055160672697005156, 0.07920878942404372, -0.0004262520776967896, 0.00038644267012049373, 0.00035072115665906134, 0.0700761380565702, 0.0016489660001893457, 0.0014461257147658977, 0.0015075865057895604, 0.3
74, 2, 1, 0.22082963385586196, 0.01966643301116031, 0.7512040336404214, 0.008299899492556299, 0.09668276360249324, -0.056756649720831984, 0.2071436592284898, 0.4508243964122232, -0.01875382694609188, 0.06743516150095769, -0.21977165196350149, 0.20130329275088393, -0.1503006942139137, 0.030100145693113277, 0.25375059006682416, 5.70476251352852e-05, 0.0003311012800199678, 0.00024100996046908695, 0.06934660493380349, -0.0018583944807211393, 0.00016163174309184893, 0.001087622289412221, 0.3
75, 2, 1, 0.21242228711910655, 0.023770773574583872, 0.7548613828186282, 0.00894555648768137, 0.2950809498886023, -0.23181291406743024, 0.15656419013844042, 0.34353987502925193, -0.12712982747345594, -0.0005303561473083862, -0.2006899935878655, 0.1391769066147254, -0.1649424646668781, 0.17019288497010332, -0.10127687308042892, -0.0008245311522680248, 0.002546121318231231, 0.002032148783108155, 0.06967008289310186, 0.00012597729659196672, -0.0007301950783196168, 0.0002592450774417429, 0.3
76, 2, 1, 0.20331215336187966, 0.028410582592625213, 0.7592750817946323, 0.009002182250862748, 0.23719931092358718, -0.33117930382429217, 0.283226728644241, 0.2864213531516385, -0.25874194354741453, 0.04361116103489614, -0.09467589954590097, 0.1065887207419441, -0.14469082054253485, 0.23485204206024318, 0.11935838934214846, 0.0006674903674121208, 0.000612467524195169, -5.0444049782165024e-05, 0.06981738517182483, 0.0005583647935652572, 0.0006635768482688987, 0.0005885776521376317, 0.3
77, 2, 1, 0.20642379911809214, 0.025043979964742787, 0.7595264049455417, 0.009005815971623386, 0.1501389343206457, -0.1386950731595155, 0.1330262101500751, 0.2940641369256884, -0.07947447381484637, 0.086879022217822, -0.1850067397309493, 0.14529261689178702, -0.2858245024135765, 0.21934040936545518, 0.028372554242354926, 0.0024843826535818412, -0.00047690767694207075, -4.1175400533858445e-05, 0.06856994676781766, -0.0010528274824387306, 0.0005477470298848128, 0.0015803981519790077, 0.3
78, 2, 1, 0.2045127730213291, 0.025448089420739062, 0.7602725432265561, 0.009766594331375776, 0.35690981398404437, -0.029585606507162333, 0.10138143024606709, 0.4173426234134965, -0.12193190581750449, 0.16997946104769696, -0.10760530214983514, 0.18544832878825554, -0.02108766019805758, 0.1366226665482997, 0.013149610816746093, -0.00014824819900052214, 0.00042388282557693347, 0.0016663401268271192, 0.07106234160236169, 9.616922683955381e-05, -0.002434744553945077, -0.0010895242390145782, 0.3
79, 2, 1, 0.09336747064284284, 0.04945474891760723, 0.7913119538533709, 0.06586582658617886, 0.19908796108815313, -0.30480706088933907, 0.15617287007993305, 0.3398877579931637, -0.15222715481607546, 0.0495772315003528, -0.044013641028884755, -0.07494776708383345, -0.05005167617346855, 0.1008162982741373, -0.0621332413946931, -0.0002834586398562097, 0.0016279709903062258, 0.00019657315059774688, 0.06970688412948958, 0.0003521302309887659, 0.0007824983692222415, -0.0010966370586548892, 0.3
80, 2, 1, 0.08924264158987881, 0.05033022712092548, 0.7936552698948555, 0.06677186139434031, 0.10905655328394111, -0.1775944115168339, 0.2297478697504376, 0.49322125389644034, -0.027569753393901174, 0.15579320050407935, -0.05883507805342274, 0.020879341731409116, -0.07963945867047306, -0.05514493665566842, -0.03466449674333586, 0.0009819517319360352, -0.0008544350396194224, 0.00013290049593933542, 0.07009595593054586, 0.0018244452442645314, -0.0018137251341212688, -0.002330863300713317, 0.3
81, 2, 1, 0.08898402076803603, 0.05052639471747677, 0.79067879179229, 0.0698107927221973, 0.18145630592693554, -0.12502136482373594, -0.02687596063964177, 0.44533050452121226, -0.17627463783095368, 0.2584229873961541, -0.07598830449907538, 0.15299819088934236, 0.08868112050356064, 0.016632257605819212, -0.08571341862373742, 0.000942005254640199, -0.0005571991299850323, -0.0003465645720184466, 0.06946407605549673, -0.0007953520416216128, -0.000627408821264135, -0.0006019504774666517, 0.3
82, 2, 1, 0.08885362540803955, 0.05056295124902704, 0.7907373391790288, 0.06984608416390461, 0.03361703361135866, -0.3127140380781275, 0.18397889893624558, 0.33057155531909965, -0.30561160616379296, 0.05466763474388934, -0.14817218181691436, 0.010262059869192602, -0.11353610492039781, -0.09742213808219238, 0.04064700732285891, -0.000866265441096336, 0.00024145732356846726, 0.0013689374369912904, 0.06970110614240742, -0.00034522904045962796, 0.0017387629965332173, -0.0004917025854967664, 0.3
83, 2, 1, 0.07329468582178145, 0.05543453638201362, 0.7958461728182792, 0.07542460497792575, -0.05750584935744614, -0.09806133488809916, 0.18519608180164854, 0.29744246015638004, -0.18282170874938428, 0.1334091715313688, -0.09201377749157129, 0.042609596001285624, -0.07933716903366879, 0.05357209785696397, -0.060591382257443684, -0.0007479806005822886, 0.0017432471100998592, 0.000895096834878003, 0.06862756787600548, -0.0014753176707074521, -0.0001084214192736019, 0.00039101000290776193, 0.3
84, 2, 1, 0.07079470871192045, 0.05619261003832527, 0.7940391470603361, 0.07897353418941827, 0.03674976593183229, -0.16905011376144935, 0.03943728412658898, 0.36974594188858856, -0.3036076802307323, 0.11331721004809577, 0.014117981022912928, 0.14144685780277827, 0.1460420766700591, -0.04983146933267289, -0.07543201720533285, 0.0006972062337687105, 0.0008428026761872582, -0.0012617817686643106, 0.06933981109834764, 0.00031768863162847625, 0.0012568814000854685, -8.144768453886064e-05, 0.3
85, 2, 1, 0.07178204976450873, 0.054913521332794646, 0.794233355377955, 0.0790710735247416, 0.20563134509330788, 0.029225427421970852, 0.12247720217421938, 0.027482837998385225, 0.005833152738448977, 0.15505986461691826, -0.1526603808730422, 0.09662330752688188, -0.11255604260238275, 0.01980929470431047, 0.20444008567120547, 0.0017114077587558549, -0.0007268749242175297, 0.0007236839131165056, 0.07019029638476904, 0.0005589885755528654, 0.0001894668928278723, 0.00037321288753269387, 0.3
86, 2, 1, 0.07170626751624314, 0.054933060451427235, 0.7942566930625593, 0.0791039789697703, 0.29339930917618856, -0.0947726710677371, 0.1374540459019576, 0.3898880275611918, -0.2458426391309782, 0.32100787048450286, -0.0997279191246822, -0.06718045090069494, -0.13634983866303957, -0.03592421537177243, 0.034880668377677955, -8.909186112523658e-05, 0.0006116771131619988, 0.0002346757773972209, 0.07155926219600928, 0.0019906538570741016, -0.001597827625270274, -0.0007318900335322601, 0.3
87, 2, 1, 0.06526786225112532, 0.05623597959880258, 0.7951457653136819, 0.08335039283639017, 0.2292933110519894, -0.2072905274429444, 0.07043582460546313, 0.2933347829162756, -0.11166975572606275, -0.13705044670278338, -0.12007882615783391, 0.11572124378776778, -0.05793417987644842, 0.10361656894308671, -0.16104190865068627, -0.00014130913810331716, 0.000494802911900929, -7.340289808332987e-05, 0.07000565416221488, -0.00029598474155171945, -0.0008906405969740941, -0.0004675121292277209, 0.3
88, 2, 1, 0.06431114061452926, 0.05650870537890929, 0.795732972355952, 0.08344718165060949, 0.12140993649993588, -0.15930747371202086, 0.1814235522313831, 0.22937467103528203, -0.10135935725110456, 0.05943304158661615, -0.13762611125590452, -0.128960158210582, -0.23610633696811964, 0.029075038020079092, -0.16454540242357005, -0.00011499699986255879, 0.000390116342774893, -0.0006065260044882095, 0.06972995320644018, 0.0008096475809234314, -0.0013200467866793355, -0.0006211763098893506, 0.3
89, 2, 1, 0.06184260024761366, 0.05663316128366705, 0.7959762990452371, 0.08554793942348218, 0.08156075396355127, 0.15232563635378446, 0.09960663452999301, 0.21322507738439364, -0.2216553884684725, -0.0234572579485532, -0.055129757006950844, -0.12348854564816344, -0.054559522505377545, 0.1091229309761466, -0.10613256521974794, 0.0002154015799730279, 7.840410421828742e-05, 0.00037150840801541984, 0.06903249412005297, -0.003068730094491431, -0.0013020998474558032, 0.00024222059519102423, 0.3
90, 2, 1, 0.059100484960125495, 0.05740361117877843, 0.796571214513411, 0.0869246893476851, 0.2542054168517616, -0.0314005439339591, 0.09756528227023739, 0.276991873440938, -0.23246545755162956, -0.01900931114169102, -0.09255498805748008, 0.17221101777101486, -0.03398146230300477, -0.034994884725820616, -0.08608507374857874, 0.0011598251779403337, 0.0004155524266619772, -0.0007331037743758807, 0.07021456494587244, 0.00143877130665115, -0.0001178060587208134, 0.0010946912067959908, 0.3
91, 2, 1, 0.43142231268882064, 0.027275116425115972, 0.20666247010704653, 0.3346401007790169, -0.03198550099344395, -0.16759828481297104, -0.1644487493691768, 0.2886041133520711, -0.004637968116471635, 0.13410132380676076, -0.036618575399184713, -0.043366797463523496, 0.015997668471936476, 0.2807915846524226, 0.11286468886083482, 0.0020181597024102734, 0.00034622759189186365, -0.0004802949451407176, 0.07002273835224167, -0.00041650339916685965, 0.0023719877909646535, 0.0010009503635379025, 0.3
92, 2, 1, 0.3934745427206921, 0.03318126313813347, 0.21230226046516387, 0.3610419336760106, 0.1676676741435205, -0.017405539988267077, 0.08474783072435706, 0.2611177553839526, -0.25233896127403777, 0.08592025491004461, -0.0013084696291040699, -0.15304189931662976, -0.06281677335221662, -0.030115850596567063, 0.04239647674095349, 0.0002666161460713994, -0.0006518818341057361, -0.0006320845355273071, 0.07008542120666225, -0.00035286617272852524, 0.0008702471757173367, 0.0005644997141090009, 0.3
93, 2, 1, 0.3863579523056494, 0.03442914528301793, 0.2145644592489858, 0.36464844316234685, 0.15850142041552712, -0.021973395541818035, 0.11712979740986915, 0.16615281469461782, -0.10090909936653836, 0.12267529230333196, -0.12197857028001997, 0.02318446740145253, -0.09773968346476128, -0.10441973498629106, 1.3528310955433776e-06, -0.0005900754042029434, -0.001625840443499602, 1.596046424685366e-05, 0.07083950276068603, -0.0013488527033013442, 0.00024707104181895094, -0.0012690325208326826, 0.3
94, 2, 1, 0.3854996129678234, 0.034476736384395655, 0.21504158415595598, 0.3649820664918249, 0.09520565142581068, -0.05081582645261971, 0.1258066665721471, 0.2665550091998449, -0.0015005511873908083, 0.1394606596879155, -0.3015652433880006, 0.04952150006368622, 0.06398161254017425, 0.18626376519992374, 0.04737050155045584, 0.00038824090997731267, -0.0004554612078444275, -0.0013105476971119571, 0.07022341498329868, -0.00016681433514274184, -0.001899808228132984, 0.00015372079741219426, 0.3
95, 2, 1, 0.38519032872854353, 0.03465833925050588, 0.21502121745102046, 0.3651301145699301, 0.07315522560081755, -0.006680047998445837, -0.003675849422721522, 0.23553054316244, -0.2938148222945728, 0.1217350977573057, -0.15585991778753233, 0.13530473985019562, -0.1644168614335611, 0.170072181743246, 0.020008227199457686, -0.0011691084597450067, 0.0010699207743282287, -0.0005311302010678676, 0.07007085478299502, -0.00035164513124972223, -0.0004178148716323268, 0.0007604125110995044, 0.3
96, 2, 1, 0.0999316985461674, 0.05909891002373389, 0.22803450622849858, 0.6129348852016002, 0.0231060465176808, 0.12183391260270868, -0.0695172059148818, 0.4868231390286213, -0.09331624813232157, 0.10737063570576777, -0.023402404373147688, 0.05395660123835153, -0.06893220504428725, 0.11722435019762614, -0.0942674447908993, 0.0012275734776241516, 0.0009693934228512333, -0.00012137120682983317, 0.07043587237602955, 0.0010740137570619496, 0.0013494255244842102, -0.0006772862777095394, 0.3
97, 2, 1, 0.08449977024257406, 0.05928213762457971, 0.22810897780831843, 0.6281091143245279, -0.1756325209376451, 0.02399934818952858, 0.001319244072677972, 0.2593349719377103, -0.11256419380313479, 0.19142812837386897, -0.15120841888366504, -0.12186628607891284, 0.1435682768428965, -0.008897214146809485, -0.07029274258878496, 5.4794932382153775e-05, -0.001235082569443355, -0.00020399444109527165, 0.07069934666998837, -0.00022414275166303472, -0.0010245994425492591, 0.001297663408098546, 0.3
98, 2, 1, 0.04964299209588671, 0.06256671882398787, 0.22451103369306463, 0.6632792553870608, -0.05532891192524858, -0.033093381647026604, 0.01061220178904552, 0.2616708697111575, -0.22837718330072407, 0.17674915647479236, -0.07298007458052205, 0.04918420388614818, 0.05312758360814812, 0.16761323504972742, -0.09518996049163653, 0.0003880417523441119, -0.0005385904821633653, -0.0010036177830827788, 0.07016046848757727, -0.003217139473626478, -0.0002939937248238298, -0.001124510537771058, 0.3
99, 2, 1, 0.0482088623399155, 0.06280746393899016, 0.22485808703864435, 0.66412558668245, -0.009818122807679958, -0.046308672426758235, 0.07838909968515981, 0.35963715181663397, -0.1295780289985003, 0.11350601222365538, -0.18138624679511328, 0.0773644440951768, -0.10912951922048302, -0.033767250165164346, -0.03910137498968724, 0.00026116548559433416, 0.0004702154628745842, 0.0006260721097239433, 0.06979224492167438, 0.0034737363277315128, 0.0007256068906336011, -0.0010056793617169127, 0.3
