t, Event, Policy, P(still), P(random), P(reach), P(transport), o(t), s_a 
0, 2, 1, 0.18178623914718628, 0.0666717141866684, 0.7515420317649841, 3.5458724845227607e-10, -0.6450988529789127, 0.6004683150946335, 0.7642596198446474, 0.0421719146794239, 0.20488597566435063, -0.21806127126116454, -0.3045365342456997, -0.1592495491905637, 0.18047436515270332, 0.2079471094042488, 0.045528945850494905, 0.14974053302393509, -0.1526851997397885, -0.011220050372804446, -0.013921368869486417, -0.026616871042312234, 0.0003070432451966393, -0.17896479466165438, 0.2199911451313159
1, 2, 1, 0.09646428618168053, 0.07525342738979868, 0.8282806961517291, 1.5902767917309333e-06, -0.609579077440838, 0.5742181894781453, 0.5170069644741234, 0.31263917469597385, 0.1764305323946867, -0.07884595738745437, -0.013568239122301363, -0.2664573494008338, 0.18689015325893793, 0.2882074466458876, 0.18567439939183966, 0.002194849786687391, 0.001878144820924636, 0.0016412162098967602, 0.059734638088577666, -0.0014484686141393627, 0.00029000979627201857, -2.9987889085922227e-05, 0.2199911451313159
2, 2, 1, 0.09761405711261713, 0.0739817795172157, 0.8284025842306816, 1.579139485581064e-06, -0.52444622357032, 0.5231055747394457, 0.6821440510806581, 0.36966730104001366, 0.07925031132835643, -0.03380156421008975, -0.11979065164055543, -0.2643359465289893, 0.232207174629628, 0.32963618221432595, -0.024362179744571184, 0.00046227991716478385, 0.001156267130714055, -0.0004254719022229403, 0.058495230840907055, 0.0006000333003096536, -0.0005593938080604398, -0.0008856901129533305, 0.2199911451313159
3, 2, 1, 0.12337040249727806, 0.04752801998719608, 0.8290978264460963, 3.7510694295811615e-06, -0.5871065055324983, 0.5565296218625793, 0.5592219145340128, 0.24176061026379508, 0.09906096169699338, -0.06439531334757513, -0.017540706489706025, -0.2606204338343615, 0.11672563641183382, 0.26111017946310416, -0.058676538489170794, -0.00046048438228232444, -0.0008112236305541351, 8.787963812428713e-05, 0.060842115566570786, 0.0009098423607274431, 0.0007329099302842049, -0.0027720501899527097, 0.2199911451313159
4, 2, 1, 0.12410444629562747, 0.04677444935673664, 0.8291173607610036, 3.7435866323410627e-06, -0.5092090143881133, 0.6006028516732662, 0.6947584515020772, 0.3994795602075408, -0.04789927820908102, -0.08435650079963328, 0.035328847983422375, -0.3498625444051653, 0.4027502905982111, 0.397183528221941, -0.0559755012665699, -0.0004245725467063832, 0.0009421058987846533, 0.001386419039204641, 0.05991041930640735, -0.0011171900258758634, 0.0008654023947440376, 0.0003106248757085012, 0.2199911451313159
5, 2, 1, 0.14791159616005634, 0.013920306232934365, 0.8381570828709071, 1.1014736102266748e-05, -0.5512756363024542, 0.7172394442165471, 0.6286945204884431, 0.13597845948903928, -0.11254513024613529, -0.09465552821395454, 0.015954399272383867, -0.038143408824613576, 0.1433738212595992, 0.13624705260204442, 0.08005889099126033, -0.0015235158101942565, -0.0004182234908613232, 0.0016620373623636151, 0.06181348208894198, -3.2213911010691904e-05, 0.0001874361298926538, -0.00016537315402089453, 0.2199911451313159
6, 2, 1, 0.14799847067757269, 0.013821204232186272, 0.8381693312276899, 1.099386255117679e-05, -0.6370964409462945, 0.6430063232181814, 0.6693209543164415, 0.1942102895853241, 0.07181523589199455, -0.05037691070991688, -0.12855242908476439, -0.24006710163302275, 0.3981503681809667, 0.3975333931948095, 0.002590965558355041, -0.0008809579569254569, 8.934755599509572e-05, 0.0012586312434763897, 0.05996535713386365, -0.0003034039667626029, -9.857145569398365e-05, -0.00012977183498952746, 0.2199911451313159
7, 2, 1, 0.16134260283840723, 0.00043114659952403484, 0.8382152085221559, 1.1042039912826545e-05, -0.44601262585718393, 0.3821540329183949, 0.6411980093923114, 0.32363303021674683, 0.10790602517626316, -0.05001023794264575, 0.0715104211068728, -0.19933641451173037, 0.26942139516569874, 0.2637015749983328, -0.19106932383478076, -0.0007434006095638733, 0.0005288986966299479, 0.0009113998864553942, 0.0583351656108508, -0.0005296588438315192, -0.00220383851952664, 0.0005945678669166235, 0.2199911451313159
8, 2, 1, 0.16134257377547587, 0.0004311474410831168, 0.8382152372102354, 1.1041573205743582e-05, -0.643761852696288, 0.5119794762002232, 0.7113123326682241, 0.15193147906697088, 0.18990298357705698, -0.15385741529702301, -0.20705330061338173, -0.3395291080230852, 0.2889861353708806, 0.2905345677864507, 0.08211595125421536, -0.0007502999784088074, 0.0004055460085583986, 0.0016216959062141582, 0.05993336572268548, 0.00033463159037357907, -0.00022533516246485598, -0.0017534949741061315, 0.2199911451313159
9, 2, 1, 0.16134274176132887, 0.0004310999346766461, 0.8382152579606829, 1.0900343311538766e-05, -0.658006590018194, 0.42572828001267515, 0.5454236369142313, 0.2750823227287518, 0.04507701669304033, -0.08313749277405355, -0.17003125143721015, -0.3418300435664608, 0.3126102831727921, 0.4008912985111894, -0.05342166273600939, 0.0021689425172120138, -0.0017360907551301288, 3.853574429535358e-05, 0.06131423537667065, 0.0005705999522101363, -4.074442719917824e-05, 0.001387924072932691, 0.2199911451313159
10, 2, 1, 0.15820993792388502, 0.0009756176333282379, 0.8408035899371503, 1.0854505636396315e-05, -0.254271730944678, 0.6225136611358499, 0.6980994965042029, 0.44861359670227297, 0.2606402851451476, 0.025142844055713542, -0.14076112457626253, -0.32545835487655445, 0.07168964933732491, 0.34635019585485216, 0.10247635342716958, -0.00021111117674522855, 4.152007448508706e-05, -0.0005481498568587096, 0.06085629164317623, 0.0006453152080899947, 0.0015416898031752786, -0.0012425186810742547, 0.2199911451313159
11, 2, 1, 0.1582109524096281, 0.0009748253197728643, 0.8408036914596351, 1.0530810964056612e-05, -0.5946961257539618, 0.41355326072346726, 0.6201838666662056, 0.09154523125073351, 0.1072931597027473, -0.1798549893518909, 0.01188952682228126, -0.3841275287366984, 0.1774732376162706, 0.23480571869261632, 0.03612321758325303, -0.0017184150738982526, -9.33362058339889e-05, 0.0008916267143909801, 0.06143140430593942, 0.00039190846440913366, -0.0004219569354840789, 0.0026301688610734595, 0.2199911451313159
12, 2, 1, 0.15821095261091597, 0.0009748253117131206, 0.840803692401144, 1.052967622692786e-05, -0.621891383981686, 0.5162858649860556, 0.8249848835026696, 0.10250524289016258, 0.18166229612308, -0.0644944437127584, -0.31475605009867985, -0.24069512136661514, 0.47840403713876023, 0.25015675232036133, 0.03570070385950548, -0.0006990451239725847, -0.0012564398397612365, 0.0008189673940644413, 0.06082404721515744, -0.0012176353093677976, -0.0011192965248379779, -0.0006759418259887353, 0.2199911451313159
13, 2, 1, 0.15821098883882673, 0.0009747776257165241, 0.8408037091572487, 1.052437820813923e-05, -0.5220248689340932, 0.48956926329564976, 0.5851617238296294, 0.09149337136790495, 0.21051628155077445, -0.26303203778357026, -0.15265929814392085, -0.25980405458387845, 0.31898163026696047, 0.2841275120505509, -0.0747255405794985, -0.00034936132539973956, 0.0011084698091487401, 0.0033676546824782903, 0.05920742338218722, 0.0002511307091459049, -0.0008427122510489807, 0.0026593089916948235, 0.2199911451313159
14, 2, 1, 0.15821073942851455, 0.0009748710211074923, 0.8408038699527852, 1.0519597592886988e-05, -0.4864837396675754, 0.5793579239876715, 0.6025354710874486, 0.12093844283727569, 0.06580489057963221, -0.10932145841986336, -0.21000140182194177, -0.22193806903136779, 0.20947014673360703, 0.28726557001997666, -0.023539950933084714, -0.000992581713619317, 0.0015798769160254931, 0.0014909815464364826, 0.05991442423794705, 0.0013311779538939413, 0.0007260812230734087, 0.0008530117087894853, 0.2199911451313159
15, 2, 1, 0.15819843699857603, 0.0009585441384421595, 0.8408324529195543, 1.0565943427617239e-05, -0.5270465918599212, 0.5695770559507123, 0.5919369883653649, 0.36724207535125836, 0.12399614363571503, -0.10326980072210352, -0.061435738181586465, -0.24915342802149848, 0.15217097126984358, 0.13866012815287412, 0.014655875951698993, 0.0014607072796263367, 0.00017113739750644638, -0.0019514708045600868, 0.05810630635730182, -0.0005987633209381929, 0.00025540125232080747, -0.0006985536579691368, 0.2199911451313159
16, 2, 1, 0.15855045005157967, 2.3462683031594876e-06, 0.8414366510541985, 1.0552625918575679e-05, -0.1811988992926239, 0.39904645073480605, 0.7348483751856184, 0.3447695045615304, -0.09677013550184385, -0.01787104288592898, -0.12582777268109221, -0.047533257361398906, 0.1779211866738764, 0.2775267016108002, 0.12151425790439652, 0.0007036719056392438, -0.0004049531858922251, 0.0012333610573926897, 0.06102410349978675, -0.0005389151310222051, 0.0006412976165907548, 0.0022124937433332186, 0.2199911451313159
17, 2, 1, 0.1585504473790533, 2.3471926558904407e-06, 0.8414366596869394, 1.0545741351526336e-05, -0.4453507290933204, 0.5404173614015253, 0.590788845467818, 0.25103609453621495, 0.1624786292280472, -0.12075930697975545, -0.28265603665803984, -0.20040563535320705, 0.15971240037547882, 0.3136278802364505, 0.07322200236345165, 0.0018437383862082563, 0.0001585328657763046, 0.0012433901282798874, 0.058580624673300205, -0.0012366195115462867, -3.8135996088219394e-05, -0.0009612375458531175, 0.2199911451313159
18, 2, 1, 0.15855043892519544, 2.348825505300663e-06, 0.8414366749477594, 1.053730153968801e-05, -0.3292328900492535, 0.3946792901412238, 0.5122783238552305, 0.2858647945528402, 0.07971039519377965, -0.28558630463582435, -0.13203805018509945, -0.228633172941882, 0.2912476181289324, 0.21741056498883307, 0.0852408400262684, 0.0004889456308205568, -0.00019759024249241345, -1.3305300935238272e-05, 0.058529862049113555, -0.002740678411702671, -0.0009501130762659727, 0.0020074949578868804, 0.2199911451313159
19, 2, 1, 0.15854904830353989, 2.733101224574519e-06, 0.8414376857853935, 1.0532809842082322e-05, -0.5638824945212664, 0.5066300196635293, 0.6088710722083521, 0.4009523807784114, 0.11232408356525658, -0.17322374269273516, -0.0919406557918055, -0.2569704042582595, 0.2804927020244431, 0.3232969144032388, 0.03730180205227836, 0.0015067053924852608, 0.00010942838457212024, 0.00022320315057795174, 0.06062841144120621, -0.0005524238521013344, -0.0005417151486409611, -0.00012528953655515683, 0.2199911451313159
20, 2, 1, 0.1585490888588088, 2.6743330997152468e-06, 0.8414377010717135, 1.0535736377960306e-05, -0.5246606664897528, 0.5500244800035476, 0.4272796641193066, 0.15330080532973428, 0.004813807077673982, -0.22265201731170717, 0.028414447417447652, -0.23868737579063212, 0.2906321252138014, -0.04554351126019882, 0.09846564311650595, -1.0615516250712844e-05, 0.0009296590064855765, 0.0007999559498741602, 0.06013972815316, 4.849582178259605e-05, 6.097082222269227e-05, -0.0015724884689036732, 0.2199911451313159
21, 2, 1, 0.1585241487227297, 1.1821000017115694e-05, 0.8414530050624519, 1.1025214801372023e-05, -0.5342295876138332, 0.5329440208812957, 0.48875272396633596, 0.030232397370804142, 0.16793726544443138, -0.25098547070422794, -0.11691977359296346, -0.19856388337414013, 0.13004276181800406, 0.0471249695551228, 0.0573190475129402, -0.0012860410106056046, -0.0017753452737386294, 3.424194463065466e-05, 0.059099009116271806, -0.000974732876581897, -0.0007835466966184519, 0.0002421976501361557, 0.2199911451313159
22, 2, 1, 0.15852415163134762, 1.1823334796680352e-05, 0.8414530061338727, 1.1018899982883316e-05, -0.4353325164839351, 0.44757641455204633, 0.43297072970944706, 0.09080716411704222, 0.04116368100976292, -0.22962867475505488, -0.19678927244963343, -0.22716103935335377, 0.30934657414203437, 0.22179836219911947, -0.1279625100572508, -0.0009859115043711745, 0.0002926198890550792, -0.000524562219527155, 0.06051332905006971, -0.00012357703655347063, -0.0018367891395924788, -0.0007367889127513725, 0.2199911451313159
23, 2, 1, 0.1585181833186065, 1.2760677122569496e-05, 0.841458038982066, 1.1017022204979793e-05, -0.32458362558806114, 0.5456893412520933, 0.5079888642337372, 0.1632707256720503, 0.1573898343657129, -0.0065612128836810115, -0.23352521395393538, -0.28551828028229526, 0.19790277788733102, 0.20429704130352402, 0.059616273258746376, 0.002134172985747357, -0.00046407324500344696, 9.669229501566682e-05, 0.06091771798752573, 0.0013187415080252905, -0.0004396508756014529, 0.0013893050243731343, 0.2199911451313159
24, 2, 1, 0.15851818868374318, 1.276116275149738e-05, 0.8414580572105423, 1.099294296298332e-05, -0.3275472025025385, 0.3792582289525547, 0.5293617175865768, 0.18042338218689163, 0.2253841365611846, -0.2811671118826371, -0.09686017954799561, -0.1953559356506937, 0.5054162741623022, 0.42226964945619017, 0.17839746562000608, 0.001570538038461629, -0.00026917093832696246, 0.0010788074060841045, 0.05927755161316015, -0.0006264449899211441, -0.0009948799686322891, 0.0009193448865203417, 0.2199911451313159
25, 2, 1, 0.15641124054240985, 0.0005627770910727895, 0.8430149896202236, 1.0992746293823022e-05, -0.47349753578792486, 0.5865766716316223, 0.7535143207848742, -0.15138999088274602, 0.11699225876084551, -0.06768802502681234, -0.1512204003770642, -0.0772277667616876, 0.22035346713419585, 0.22689034987062176, 0.039364534134913545, 0.0018064219754670933, -0.0009483988943058983, 0.0002205450654426461, 0.05925734290061676, -0.0007217589203153454, 0.00012973507676059104, -0.0010513753797516529, 0.2199911451313159
26, 2, 1, 0.15691358571636443, 2.4686287942662945e-06, 0.8430729905848315, 1.0955070009773841e-05, -0.35174390501137864, 0.4101786420315799, 0.35753734201595655, 0.04295449329365939, 0.1909883486756208, 0.05059148450324722, 0.016585931813326904, -0.2081675823749917, 0.40045238399410454, 0.23667504189983876, 0.09853254305819921, -0.001838833510536541, -0.0013173535972445902, -0.0019606941830054674, 0.060393613850787384, 0.0019629877088491094, -0.00031575773952220265, 0.0014160108288825087, 0.2199911451313159
27, 2, 1, 0.15688388056146518, 1.0994838594099276e-05, 0.8430936904951675, 1.1434104773342318e-05, -0.4769121779435637, 0.42458351026786456, 0.3528270876899806, 0.326615063429025, 0.1710860544211305, -0.07506704237008864, -0.1211981445872417, -0.2071330617906249, 0.31971490626863497, 0.17731245290961936, 0.026254227931875228, -0.0014897700421729048, -0.0009177942169272067, -0.00040794710062388073, 0.06046520947384733, 0.0005332164089208687, -0.00023850703479530062, -0.0007541485555942411, 0.2199911451313159
28, 2, 1, 0.1568838827842968, 1.1007583542242191e-05, 0.8430936938054412, 1.1415826719612462e-05, -0.47911277411996567, 0.4171232982992176, 0.4097959280506613, 0.09913203160534985, -0.04841674095099515, -0.4159822557934355, -0.02074260452441141, -0.28595391747021537, 0.3410296439322432, 0.10747358174821972, -0.07902901911475672, -0.00022055143593506833, -0.0001120204040154843, -0.0002748213001826979, 0.06096309740801786, -0.001172994629787173, 0.0006463819868072036, -0.00031663711284704837, 0.2199911451313159
29, 2, 1, 0.15329162521111112, 0.0008957769291834363, 0.8458038928999378, 8.704959767612075e-06, -0.3176232657691998, 0.3058105707388481, 0.38955442819817304, 0.1995845083538642, 0.1638068024415426, -0.047088472613013146, 0.008321316503673381, -0.12673420436309873, 0.30940440481748543, 0.35848957876702775, 0.11679007753152719, 0.0006082631571983314, -0.0004029498693835054, 0.0008725056383228891, 0.061421894090578556, 0.0003627594750420879, 0.00011465627391504145, 0.0018461146941212952, 0.2199911451313159
30, 2, 1, 0.1525905950570115, 0.0011883230833946395, 0.8462113459723772, 9.735887216643087e-06, -0.3477339030565164, 0.4797715760480899, 0.4327531598242194, 0.11758630084623826, 0.22068835118563399, -0.10479986491882631, -0.0362223920252711, -0.27673886103807116, 0.21102001043121973, 0.2767106698157393, 0.041580264913941636, -0.001008330544054426, 1.8541878908408253e-05, -0.0004124703202871222, 0.06020360066237136, 0.0006778122662499097, 0.00041218782571954634, -0.0010925829183444152, 0.2199911451313159
31, 2, 1, 0.15259065792313642, 0.0011881710879568567, 0.8462115443023386, 9.626686568148183e-06, -0.42628815717710583, 0.35033758061750103, 0.43155500490826587, 0.15037532162075787, 0.03117646442009171, -0.014747075632599638, -0.23286548945112157, -0.1605763144476487, 0.23408750670533593, 0.42090405518455104, 0.0741895105898521, 0.0013651883381579195, -0.0013515128396141614, -0.0014429719542325416, 0.05924800435092457, -0.0009521879998296128, -0.0018370505661990002, -0.001697311669893988, 0.2199911451313159
32, 2, 1, 0.15266543091777113, 0.0010978809444049057, 0.8462270495734375, 9.638564386480266e-06, -0.40604366557831817, 0.4969487445914245, 0.3809357094974496, 0.0748329366757409, -0.02123470714966611, -0.04314887862693413, 0.022823127632022034, -0.166881485164905, 0.20970759531238015, 0.3170406371139988, 0.14423829568935828, -0.002179672468845183, -0.00036103916615170276, -0.0002805204858156487, 0.059459208456651313, 9.480135149346436e-05, -0.000295029390084954, 0.0007910532240480948, 0.2199911451313159
33, 2, 1, 0.15279006745598805, 0.0009455973967385384, 0.8462510448608463, 1.3290286427057307e-05, -0.205282018128982, 0.25315834198098897, 0.3022968720603038, 0.20041585394979156, 0.07074868779495991, -0.0018321249823485708, -0.16146204486132426, -0.22877699998520776, 0.3079162818821274, 0.16219850135032043, -0.03790532498815194, 0.0004540452168135265, -0.001106812020427426, 0.0009481230361552059, 0.06075221480000771, -0.000993342857889877, -0.001237931705689465, 7.536903581056123e-05, 0.2199911451313159
34, 2, 1, 0.15278124297286316, 0.0009478190093818291, 0.8462575887305068, 1.334928724826367e-05, -0.46422047021525686, 0.2307007982729788, 0.4003961157139475, 0.12737330179585088, 0.18151567448169786, -0.013578652159708748, -0.18945274165304235, -0.27171920097587404, 0.18888113779302423, 0.12726577523431684, 0.04630670964032954, 0.00014848159143804776, 0.001167648353840864, 0.0005677507625776451, 0.05921588851526501, 0.00016037167878738104, -0.00048651267582025564, 0.0005072715861070427, 0.2199911451313159
35, 2, 1, 0.1527761695620173, 0.000949787372347889, 0.8462606935051162, 1.3349560518622028e-05, -0.39973499615550945, 0.4300214728822068, 0.4259204693482134, 0.25592161718817896, 0.10628896452815513, -0.08168895700507024, -0.16929181139742763, -0.3288465364951871, 0.05908896772065535, 0.22109202296719035, 0.021227274409414586, -0.0005038948456362474, -5.698466858760295e-05, -0.001117946676711281, 0.06065546577969918, 0.0005370323472585236, 0.0007134302806455926, -0.00010218466170366331, 0.2199911451313159
36, 2, 1, 0.15277615569395087, 0.0009498018266432392, 0.8462606953988356, 1.3347080570164313e-05, -0.4609269027617369, 0.4705224226228384, 0.4615713735929078, 0.30124182278870426, 0.1072692001153392, -0.14079762868658233, -0.07194242556540711, -0.4071303922772943, 0.08805722220958426, 0.26821377196727475, -0.1552607453775165, -0.0013376523931656775, 0.0005703834160986612, 0.001170018526642477, 0.062005443665203906, -0.00039990286110391863, 0.00023485099433551197, 0.0011283243007715546, 0.2199911451313159
37, 2, 1, 0.15277611573419766, 0.0009497152258214789, 0.8462608335639542, 1.3335476026697185e-05, -0.38882183605611187, 0.33073339136706154, 0.42226643185364576, 0.3858158432510114, 0.12394802042153837, -0.22879188175779513, -0.23299626998323347, -0.25420003429749305, 0.050855688124217216, 0.18566989920265384, 0.09033722250101062, 0.000531536801874602, -0.00031331053387471686, -0.0006717426133364573, 0.06157572925670536, 0.00035477106624542335, -0.0001888620767407385, 0.0005548590922277106, 0.2199911451313159
38, 2, 1, 0.15277611991605913, 0.0009497176161662141, 0.8462608417054257, 1.3320762349042112e-05, -0.19789807140465385, 0.355055885716555, 0.32723449770649904, 0.21964267051144765, 0.09503863127115815, -0.18625080598462565, -0.22915535329991804, -0.2997022192983584, 0.21828777396579704, 0.32352757411370536, 0.03141753533465827, 5.213184561830979e-05, -0.0011581536976514807, -0.00020417702007582088, 0.061080909662930685, -0.0012349903736196288, 0.001259729434270079, -0.0009767771403360922, 0.2199911451313159
39, 2, 1, 0.15277038601082366, 0.0009544968370530449, 0.8462617629006307, 1.3354251492695936e-05, -0.2623659995642237, 0.4871774030981201, 0.5157448116990954, 0.05028633720420128, 0.16589713761418823, -0.04293427374848763, -0.09762872785902647, -0.22366295095623698, 0.21128223130413412, 0.20782148008197837, -0.1375334404536264, 0.0007440881304120149, 0.0014283774981173308, 7.044897732709637e-05, 0.05887891096930512, 0.0004080705780383024, 0.0006519110705271198, -0.0002037986136629445, 0.2199911451313159
40, 2, 1, 0.15277012228227477, 0.0009534103901927391, 0.8462630192728702, 1.3448054662324826e-05, -0.3960662170450725, 0.27474042483059546, 0.24398350244939068, 0.09015591925494679, 0.14320595039386844, -0.07236035800298166, -0.2374781715823339, -0.10704625650655916, 0.04713891371127297, 0.2105061118213408, 0.010701107050744804, -0.0011817985175645496, 0.0017783394155293567, -0.0010373358074613353, 0.05914057303865994, 3.347664227449946e-05, -0.00018745127879826984, -0.0008380486808131813, 0.2199911451313159
41, 2, 1, 0.15277011904542379, 0.0009533533522392166, 0.8462630695278159, 1.3458074521184334e-05, -0.43135885261852797, 0.33146353357555824, 0.3150826283440901, 0.1836955878213072, 0.11269443808804938, -0.18771054662935152, 0.0081507869025365, -0.19226108346926457, 0.31736542219297814, 0.17778357535434916, 0.02674569090336986, 0.0013510768501134006, 0.00016244299999670003, 0.0012300350484927447, 0.06083149174752354, 0.0014859652648057662, -0.0010944032783593957, 5.696541398854428e-06, 0.2199911451313159
42, 2, 1, 0.15274554408519445, 0.0009586753704907453, 0.8462822593437175, 1.3521200597220153e-05, -0.43062534637225697, 0.5087392198587644, 0.49745348934677097, 0.20734142208637238, 0.18148213384615725, -0.26193111644285144, 0.02426568496108361, -0.17438240726217957, 0.26956707513475375, 0.12560340425332078, 0.14273176405724736, -0.0005445747381328394, -0.0013990512002757297, 0.001109626232691408, 0.05971592662481342, -0.0006520361168597299, -0.0007210419597147895, -0.00014255732939245596, 0.2199911451313159
43, 2, 1, 0.15178870436612935, 0.0009716806991076075, 0.8472255921813473, 1.4022753415744349e-05, -0.3278504143310085, 0.2799373142727233, 0.5101646849117489, 0.16004072832528024, 0.09498452648460766, -0.056056220451430196, -0.08640956993817836, -0.2541601190950606, 0.21995688508531516, 0.18321424278564338, 0.08365638535114786, -0.0012901612918504593, 0.0019493843268285787, -0.0003723522562721664, 0.061324127795736504, -0.001226999430854348, -0.0006697044486805895, 0.000735702993667745, 0.2199911451313159
44, 2, 1, 0.15123355852119072, 0.0010334040206598065, 0.8477065615781217, 2.647588002769827e-05, -0.2729348842325307, 0.221957996615825, 0.3167084342972924, 0.44600767327527197, 0.18996426036785058, -0.07823600842304601, -0.09685871564834915, -0.13184914059398606, 0.17478241643253142, 0.2108528508073197, 0.11469245674772037, -0.0012288223863143651, 0.0012904916329938537, 0.0007574218919562733, 0.058892543140581274, -0.00019690214406782318, -0.0004150261333292904, -0.00020231200020015718, 0.2199911451313159
45, 2, 1, 0.14400548307732303, 0.0012388938889596657, 0.8547264607348355, 2.9162298881883005e-05, -0.33360380457244604, 0.21836539508637545, 0.3650839823847472, 0.10077547897480674, 0.21370338744019346, -0.03282133153975773, -0.029093513599892474, -0.1165895117163847, 0.1401882309629837, 0.2010565051512153, 0.32473633770494026, 0.00011779174460928589, 0.0014299930790371148, -0.0007191445948139482, 0.06130377570890812, 0.0006635313034287461, -0.0009830068608807899, 0.00045440599323501627, 0.2199911451313159
46, 2, 1, 0.14400548415844555, 0.0012389103690105044, 0.8547264804432501, 2.912502929395354e-05, -0.3569298585739447, 0.43724221983208256, 0.2209425854352521, 0.24242472372038099, 0.09609855116430849, -0.29616157991696757, -0.2949682340931038, -0.21236783338030513, -0.041687707335139046, 0.09737430034474567, 0.021837628262709873, -0.0005970398674899748, 0.0007395586425254515, 0.0006598293092548843, 0.05878825926601381, -0.0005700795957764938, 0.0006053642948914462, 0.0015388172791120603, 0.2199911451313159
47, 2, 1, 0.1440033759595467, 0.0012405643048477128, 0.854726938833052, 2.9120902553714582e-05, -0.38140930429890013, 0.36342883577927193, 0.4806080684324664, 0.16967032713459748, -0.030891282509411623, -0.04708610199168532, -0.08617115096715641, -0.14647739555353415, 0.06683297502075143, 0.27608290006311753, -0.06253924730495028, -0.0009853158146549779, -0.0020782048460460203, 0.0014002050921944475, 0.059762624456664026, 0.0012518001154994468, -0.0007084978163109561, -0.0006338804487985187, 0.2199911451313159
48, 2, 1, 0.14400893886269256, 0.0012263270829609783, 0.854735449600979, 2.9284453367261477e-05, -0.24899669029946075, 0.1463574185548777, 0.410039018698089, 0.2520077004127594, 0.11352098994719977, -0.13829290237683264, -0.17366419694934013, -0.259028378549284, 0.30545504637965926, -0.0568072703285909, 0.10819563791354425, 0.0007699791271807681, -0.00033974767033163563, -0.0004363460092284118, 0.05927653189499334, -0.000746204113599083, -0.0010155459589839795, 0.00019255597048699178, 0.2199911451313159
49, 2, 1, 0.1440106131363233, 0.0012233166273375798, 0.8547364810405229, 2.958919581619657e-05, -0.33083256691046875, 0.2775787809838315, 0.3713132860767885, 0.2856315147333651, -0.006356466293377739, -0.02877392191792135, -0.13247382638962724, -0.11538763838859341, 0.2395519527858764, 0.02907842585601885, 0.06016028908660267, 0.0003382780982860438, -0.0013764132536209113, -0.0005380362230407584, 0.05816762982210492, 0.00039605962757624286, -0.00022172091336743308, 0.00015978459971971941, 0.2199911451313159
50, 2, 1, 0.14398540640911692, 0.0012288584063497544, 0.8547370024840409, 4.8732700492249554e-05, -0.11991235351568559, 0.3931844770593669, 0.2929930254393121, 0.23814528515475014, 0.24743844766435777, 0.09269881123778893, -0.1402831497436637, -0.26627494569092736, 0.0007228110503139984, 0.034926713187765634, -0.13186505787315803, 0.0008870567561388412, -0.0003326195158996648, -0.001217586695937887, 0.0597145235499316, -0.0002834223722751076, -0.0009542782298346453, -5.543337692512928e-05, 0.2199911451313159
51, 2, 1, 0.14396618745217657, 0.0012326163357648026, 0.8547524423258069, 4.875388625180423e-05, -0.3142347306643772, 0.3406781790968867, 0.28071477192623, 0.21920361535658883, 0.10395641587858277, -0.04754073334703738, -0.18725987753432602, -0.03223585512826719, 0.09120428467899631, 0.2919803009402191, 0.11439965610449125, 0.00021177601396306405, -0.001475472887682416, 0.00023614397466858376, 0.06015773785118651, 4.984537243361291e-05, -0.0005410418641346435, 0.0004636927819015505, 0.2199911451313159
52, 2, 1, 0.14396626195217033, 0.0012320768460502435, 0.8547527117187663, 4.894948301303435e-05, -0.20599899771695704, 0.2578164254861301, 0.27256605583790716, 0.2412304483487268, -0.04254103762757892, -0.29676814244254546, -0.07912152576644339, -0.2398394564880526, 0.25597151785436223, 0.011256824176692026, 0.12353508969890988, -0.00037403967491903597, 0.001015588510470847, -0.00033007818912918587, 0.058746925300025475, 0.000962691612775678, -0.0009436321204262783, -0.0006000591136866478, 0.2199911451313159
53, 2, 1, 0.14396642136385987, 0.0012320937710530193, 0.8547527537972627, 4.8731067824445934e-05, -0.29935620330884577, 0.1172077392150983, 0.34030324947012947, 0.23596731251642084, 0.23601780970267475, -0.17642193619468935, -0.08643676545125002, -0.213605484665991, 0.3824555155034785, 0.4741490194968354, 0.04438224011410909, -0.0003463688655631961, -0.0004551439368813112, 0.0011110847903107693, 0.060277409321850925, -0.0006780616469012547, -0.0019267788878880264, 0.00030964723768462613, 0.2199911451313159
54, 2, 1, 0.14394876246255006, 0.0012387913417322286, 0.8547634671236364, 4.8979072081222155e-05, -0.20566618537082854, 0.31850787611999987, 0.28155656611326557, 0.4212068584619867, 0.08224895820766287, -0.07427865431432756, -0.21543575602771142, -0.0874048698255567, 0.09677699421412533, 0.2352864838713852, 0.030767505220862624, -0.0021235829865723908, -0.0031506574586971066, 0.00016973101243240252, 0.06102149309222889, 0.0010992288286084727, 0.0006998481919131474, -9.529440149277495e-05, 0.2199911451313159
55, 2, 1, 0.1439462421748857, 0.0012363747079255723, 0.8547659723909792, 5.141072620962545e-05, -0.2624546043198094, 0.24844146062893513, 0.38252599407118587, 0.1805126062200509, 0.02983301894359902, -0.1968520343473278, 0.02127639156296026, -0.10646635202749666, 0.1431524040803193, 0.09049325363190802, 0.07602133233725522, -7.850719055028617e-05, -0.00015475777589233548, 0.0004800756379239277, 0.060733958293607004, -6.697717532856344e-05, 0.0010657574514831886, -0.0004760375191621047, 0.2199911451313159
56, 2, 1, 0.143935447599145, 0.0012367274065373506, 0.854776420995495, 5.1403998822652485e-05, -0.2830417978380709, 0.12410681322794656, 0.30201227145401355, 0.20721692780296994, 0.1000891459089617, -0.13884162794555954, -0.21161239596524634, -0.05457346716132764, 0.0714768588410675, 0.3136239460434404, 0.17799809337183017, 0.0016076602637003761, -0.000145805489315237, 0.0008445999016370562, 0.05939302372340949, 0.0004278813043380624, -0.00040523067603205257, -0.0002992876251176483, 0.2199911451313159
57, 2, 1, 0.1439016406792445, 0.0012407599303218093, 0.8548049799481241, 5.2619442309674034e-05, -0.3318101486188812, 0.22366327338505987, 0.18707239469854778, 0.0907752939220274, 0.16724668322568315, -0.1860160140545614, -0.12428923570058084, -0.11361077741130587, 0.10717127421346422, 0.1885098038525443, 0.19049783661802572, 0.0004876369289045085, -0.0008921186494348719, -0.0015300707627506197, 0.05888450366467977, -0.0009685605518766526, -0.0013969634608182763, -3.0567480072124427e-06, 0.2199911451313159
58, 2, 1, 0.14390155921701725, 0.0012407895424483269, 0.8548049550609113, 5.2696179623277215e-05, -0.3292494588912208, 0.2799375538671917, 0.06757160457668801, 0.2105864643617928, 0.056022401705712585, -0.21207771005755616, -0.1815498138827659, -0.12638211750608316, 0.10147535514175506, 0.13232707514781544, 0.07975112071154893, -0.0013267792280570842, -0.00022352129515568032, 0.0003341327308872414, 0.061061645059233984, -0.0003625060939734924, -0.0005702590315057202, 0.0011589420497435739, 0.2199911451313159
59, 2, 1, 0.1438870309020977, 0.0012430263974469093, 0.8548062610998673, 6.368160058795822e-05, -0.22693824242613117, 0.2893762016502378, 0.35136283281219177, 0.2985923689321022, 0.060133913962106864, -0.16732928704282454, -0.0866514503123568, -0.1985831756952589, 0.14887316176676557, -0.06280756442478812, 0.023195139206356602, 0.0010835440514031741, -0.00049719141526562, -3.998805418864809e-05, 0.06076206302835415, 0.0002544442946875116, -0.0004944633188996978, 0.0017205523297287337, 0.2199911451313159
60, 2, 1, 0.1439638875931341, 0.001141013609911852, 0.8548270550157708, 6.804378118324138e-05, -0.35004381489267267, 0.2238876583902524, 0.44881557951471673, 0.2317225169982496, -0.02848732977984365, -0.02839139144968118, -0.03181043267097583, -0.13660250292390358, 0.1334838551187914, 0.06154628281101151, 0.07582229759186485, -0.002048576776732544, -0.0010890401959462739, 0.0008158688996396611, 0.061369085958805115, -0.0013087033531726613, -0.0002320215510866953, 0.0006147434447831002, 0.2199911451313159
61, 2, 1, 0.14362567092668027, 0.0012642665735889363, 0.854971795126672, 0.00013826737305882555, -0.27883933654136484, 0.11694518116228221, 0.19926109701481626, 0.0887709887055002, 0.12744891811884929, -0.0256801666016081, -0.1175058819694258, -0.1341236526430191, -0.11279726681691855, 0.22253432336247192, 0.02884673508775325, 0.0012655618432086688, -0.0013086887713807229, -0.0006740906373990136, 0.05959490682297232, 0.0010272379087246256, 0.0004630822764418635, 0.0007890211889081471, 0.2199911451313159
62, 2, 1, 0.1436029016130457, 0.001272585799778286, 0.8549836692657046, 0.00014084332147145214, -0.24984668695670376, 0.11355343350035181, 0.2626671820468761, 0.14026197333798343, 0.08221599836383005, -0.023933299010831587, -0.12595959204352142, -0.21182271440959227, 0.04973420044501499, 0.21115108930304513, 0.037421359474237095, 0.0010683597202827408, -0.00012472488792610135, -9.534097465300733e-05, 0.05916122018660182, -9.3384874155608e-05, -0.001253772201038721, -0.0009362889966059646, 0.2199911451313159
63, 2, 1, 0.14364694990763222, 0.0009365334701469015, 0.8548939294367708, 0.0005225871854500996, -0.17199182447761588, 0.03307408710308131, 0.1833579713938864, 0.39564361982884905, 0.024595208950078273, 0.02249771901709612, -0.1464991813551129, 0.024676267061274813, 0.19535718496245846, -0.13589714450548546, 0.12474318742492227, 0.0021360438485884944, -0.0005001484941406323, 0.000490118700151116, 0.06152190024774754, -0.0001496158785300932, -0.0028075884403849, 0.001522511014235513, 0.2199911451313159
64, 2, 1, 0.14359891874905514, 0.000948292494644228, 0.8546572437267419, 0.0007955450295587546, -0.19432737337947592, 0.09365540029915667, 0.21045602253797568, 0.15815874745483302, 0.10509720624910472, -0.09494312377654585, -0.05557163509101894, -0.19781171630885191, 0.11302194754349779, 0.06506566874385386, -0.09538172968485271, -0.0010146270011277252, -0.001540543148563926, 6.389810285519511e-05, 0.06112636750305532, 0.0005570099010239767, 0.00026978584520226146, 0.0005110293399634361, 0.2199911451313159
65, 2, 1, 0.14360181072608424, 0.0009525745973852653, 0.8546402555878403, 0.0008053590886902205, -0.20649330269808502, 0.1140870201712874, 0.11338211724623848, 0.08898548643036605, 0.01677843443821312, -0.2791196200184899, -0.04480916633100589, -0.04104822303438491, 0.18162592222430923, 0.21398647851721825, 0.0021455229525350894, -6.589138042659386e-05, 0.0008733732685735773, -0.0007561954946541144, 0.06098757621392786, -0.0017171047629461085, 0.0002945250884268565, -0.0012706380143401273, 0.2199911451313159
66, 2, 1, 0.14291579618903122, 0.0014507909408294098, 0.8505315154959187, 0.005101897374220694, -0.1961536924791029, 0.04250041014446278, 0.18821794767413652, 0.06157719130790749, 0.08622647589974257, -0.008504638507114826, -0.1810555421555927, 0.030831552069776547, -0.0260137113957817, -0.10330897117650695, 0.04904599544034081, -0.00014115958041521643, -0.0013409636581774307, 0.00018427514150662033, 0.05865866231163928, 0.0005568150319949966, 0.0008736752413371369, -0.0009284807865366194, 0.2199911451313159
67, 2, 1, 0.14202475048332464, 0.0016184963678881274, 0.8507728907767853, 0.00558386237200189, -0.24529291085713187, 0.10135478317692463, 0.29243804181141175, 0.3276253829288439, 0.17943956822579077, -0.018097741617097797, -0.09588011131642626, -0.1335210088924189, 0.07209489122414948, 0.027414445952508193, 0.094453909567387, 0.0015788681307729352, -0.001308668438609842, 0.0009423465643585815, 0.05747101728787938, -0.0005656065165980224, 0.0026661347974960854, 0.0007940732254902277, 0.2199911451313159
68, 2, 1, 0.14169549659719283, 0.0017288723167820839, 0.850973000725875, 0.005602630360150145, -0.0734204276387421, 0.10447567111203226, 0.34607165240119725, 0.2710348496364965, 0.31171407719978445, -0.017922731303714988, -0.1074211130318943, -0.17808364516342606, 0.19512848430317148, 0.1483553000550129, 0.058098695380942235, 0.0007377219844118027, 0.001027122115320946, 0.0016661028213521638, 0.06077085070861042, 8.302619678036003e-05, 0.0009872385233516132, -0.000561701223605671, 0.2199911451313159
69, 2, 1, 0.14169380262031836, 0.0017303804535979878, 0.8509731182933898, 0.00560269863269387, -0.2172071825087829, 0.3140165386275418, 0.3078235680808762, 0.19088821400763498, 0.28522619819409567, -0.23541305919075933, -0.13506071126212432, 0.006356081562364646, 0.10420338548967267, 0.14727801983467548, -0.15115536994389228, -0.0011588419948169437, -0.0004948901495526248, -9.111520079878942e-05, 0.06080142783379224, 0.0005487172258072608, 0.0010502904285062589, -0.00014576002645833643, 0.2199911451313159
70, 2, 1, 0.14191617314016164, 0.0008762572431670796, 0.8465643437448898, 0.010643225871781417, -0.23339978965357605, 0.06182888160810278, 0.14288095389969674, 0.30845972495491053, -0.0669471291339947, -0.09300436924931141, 0.11116824982463554, -0.17574538908867135, 0.20194292895128546, 0.08814966594590226, -0.08630057511672735, -2.049389265682483e-05, -0.000715826218101845, -0.000901361332870034, 0.05911389606364655, -0.0019169662201731768, -0.0005020165349596277, -0.0008566367587845763, 0.2199911451313159
71, 2, 1, 0.14181290842279298, 0.0009000925870238559, 0.8466278818257958, 0.010659117164387274, -0.2421103476089878, 0.3597415197098585, 0.21043482851085735, 0.22244606881153905, 0.12250778167591514, -0.1222928687113819, -0.1289912212720909, 0.03949621183183318, 0.08921284574467485, 0.11774649171368363, 0.12240182576997527, -0.00136771069723674, 0.0005017478312459111, 0.0007288531420326519, 0.06133632827889547, -0.0008274401364449194, 0.00023420670594921276, 0.0013164828441611758, 0.2199911451313159
72, 2, 1, 0.15066597448051924, 0.007420360145818718, 0.829880119659615, 0.01203354571404702, -0.0010420723778865604, 0.12648674777296068, 0.17333490033822246, 0.11864510989813366, 0.09770768466856009, -0.20880725579327555, -0.0873222785929106, -0.057617871843148816, -0.06806718240009299, 0.2212627931244553, 0.14093887665523497, -0.0021855374044245793, 0.0015996576147380432, 0.0006093488127231789, 0.06179351383334698, 0.0005290210697488658, -0.0015564807712428559, 0.0006303959798194825, 0.2199911451313159
73, 2, 1, 0.15063605106795844, 0.007429584818945053, 0.8297669900541327, 0.012167374058963898, -0.03975266793678787, 0.22521166181976757, 0.286878930979822, 0.1881605038495358, 0.06199321432779155, -0.18958679178979693, -0.10027340259297143, -0.016949853380415526, -0.07252212619373187, -0.05375112752021037, -0.10919518494163757, -0.0004143451860833849, 0.0003411936536077818, -0.00030641750945139764, 0.060229942585538335, 0.0018362731194727106, -0.001129418898088653, 0.001784228584922512, 0.2199911451313159
74, 2, 1, 0.15063611002407407, 0.007429781035637067, 0.82976700774449, 0.012167101195798976, -0.3179832614186081, 0.2882585209582925, 0.13894264145031524, 0.04371046784069408, 0.16502018322851128, -0.2807008828382586, -0.17273164934467675, -0.21426784939557814, 0.11554230000676816, 0.15376700991015796, -0.11517139051212821, -0.0005203572963910581, -0.0003762168567981598, -0.00048112561965720353, 0.05939032022149475, -0.0011818011510638428, -0.0008600565728122229, 0.0019165867351030076, 0.2199911451313159
75, 2, 1, 0.15058983566293255, 0.007738934508345197, 0.8268560055767761, 0.01481522425194621, -0.1717019921404571, 0.08483656080571667, 0.19114026485730506, 0.11264012291380103, 0.06521042921824047, 0.0072113036619947165, -0.15674642954562928, -0.09295316081422485, 0.003213762238691742, 0.13399407359641208, -0.02446402135358177, 0.0011172951479974265, 0.0007794829525908085, -0.0005499679903053385, 0.05898792862691813, 0.00013952476506695171, 0.00013188076777230324, 0.00034266623951407295, 0.2199911451313159
76, 2, 1, 0.15058997863916126, 0.007740467161239149, 0.8268569013597634, 0.014812652839836238, -0.05128809192633155, 0.11232624735626047, 0.24847730622099048, 0.11650170031575575, 0.03209568166227857, -0.27752644094561785, -0.2822629933890042, -0.009288953052777082, 0.14697241981160758, 0.12514065922180737, 0.06806327455475361, 0.00019596995643441948, 0.0017120314059605468, -0.001205274226472541, 0.06063642502804362, -0.0008054442672939633, 0.00015466696038748468, -0.001118094766141272, 0.2199911451313159
77, 2, 1, 0.15039570585740059, 0.007774846639113323, 0.8268596761111645, 0.014969771392321607, -0.23013506740056183, 0.18643443376305596, 0.32317232594460704, 0.18634157204483998, 0.1020529673083845, -0.08303510721405225, -0.13870143272808816, -0.09676187937285377, -0.005875335442909357, 0.0017692353050818399, -0.07753685221154413, -0.0009700242471992337, 0.0008818904018456786, -0.0020227305135648308, 0.06104102773078022, 0.0006838236993474073, 0.0011565096442979462, 0.0006070585031526975, 0.2199911451313159
78, 2, 1, 0.151418365565207, 0.006691192040286813, 0.8268433381814506, 0.01504710421305566, -0.20847970893530512, -0.026509591958248424, 0.321901728883104, 0.10670971850364908, -0.06337826131932582, -0.09224029107199087, -0.08249672253096482, 0.18149649860060207, -0.11199601247302357, 0.17892538367594277, -0.07989945308331034, 0.0002228626893366219, 0.0003282198023937708, -0.0004954798620900706, 0.061109442949887405, 0.0005562852615545289, -5.685437311465429e-07, -0.001444016196225852, 0.2199911451313159
79, 2, 1, 0.15142266428741136, 0.006693416266608155, 0.8268337961917751, 0.015050123254205187, -0.14028081540860327, 0.10162101563494934, 0.11885147190175686, 0.009429904647948373, 0.17002303972103588, -0.093062597266621, -0.21038468954699496, -0.29118805287761035, 0.0932035964912578, 0.09223655991623889, 0.014319800287661466, -0.00034091924533884036, -0.00044109201156501096, -0.00010896921207756041, 0.061420969052139306, -0.0005916829249023586, 0.0009178639997408262, -0.0027358931734796166, 0.2199911451313159
80, 2, 1, 0.15086629731042456, 0.006935658545639223, 0.8270494885221281, 0.015148555621808182, -0.2493778802320059, 0.25375020011514426, 0.29877319368918726, 0.1510031945128644, 0.06648223160699351, -0.07791290495190206, -0.036886949257629545, 0.05359531516987267, 0.1310427848324797, 0.1580773450601404, 0.06284297615414437, 0.0009884396143402794, 0.00029735466286349044, -0.0004419910292023781, 0.06029535251432313, -0.0007418768437866122, 0.0008716121368859406, 0.00040419753616157056, 0.2199911451313159
81, 2, 1, 0.16080198856161432, 0.0029545713629437723, 0.7781213682987352, 0.058122071776706724, -0.00681416248530875, -0.0828167088327566, 0.10716398489409587, 0.30539841905685394, -0.0025014553752029656, -0.039554504188580863, -0.03066983348663236, -0.1064974085081023, 0.18416091025461684, 0.12164701027298512, 0.01464251376429895, 0.001109195238941044, 0.0012776685293710579, 0.0020762591691154105, 0.05920648410663093, 0.00044361876936430366, -0.0004970850731288183, -0.0005145744188210609, 0.2199911451313159
82, 2, 1, 0.1677126110678639, 0.009843652683781198, 0.6663289966448998, 0.15611473960345515, -0.02805397129380812, -0.00764594964220866, 0.06992042184517844, 0.209385309280926, 0.015815729838553318, -0.04975568806248888, -0.06406376780905308, -0.019173405668764614, -0.05317877388821669, 0.08638943658397966, -0.008803865241969279, -0.0009668450049795914, 0.0017613382444211893, -0.000291686367193738, 0.06027867351427431, 0.0008518426784478947, 0.00018342489170443486, -0.0007567861008173823, 0.2199911451313159
83, 2, 1, 0.1677678423749324, 0.010317931984547465, 0.6620762794632882, 0.15983794617723207, -0.017439095743883738, 0.1253258430502764, 0.052403926749099716, 0.2278787050226571, 0.1485836136637805, -0.022933714581395814, -0.13685577552210265, 0.09791896996335163, 0.02949862037148862, 0.11046793069168186, -0.1546284923022029, -0.00017135319408564665, -0.0003533426345500156, 0.0017082879703789737, 0.060332953700047064, 0.00033668743622232964, 0.0010572441620161452, -0.001971653303506758, 0.2199911451313159
84, 2, 1, 0.1677714163580346, 0.010311808897087011, 0.6620780745557617, 0.15983870018911642, -0.02501863490694921, 0.040739407503197135, 0.23599498513340347, 0.25275061177926833, -0.020934487812586222, -0.06902586192856244, -0.16502343490433036, 0.004347099243541363, 0.2823472910039592, 0.03019185787835333, 0.14039395687690953, 0.0004538497180773646, -0.000127319499697813, 0.00034182427662361904, 0.05958167253638306, -0.0016015876570635499, 0.0013044470972307348, 0.0005162149881099353, 0.2199911451313159
85, 2, 1, 0.19368738277047615, 0.04384235322309756, 0.5644489963454589, 0.19802126766096742, 0.0024448686910018224, -0.015607065371423557, -0.13391974941206922, 0.18643994112576845, 0.2609495565585947, -0.08439065178579705, -0.13964472168389858, -0.036282459009203384, -0.0017655660119693106, 0.13613685349532395, 0.12570747283266995, -0.0013406473152015501, -0.0011838527305023953, 0.001087462265381684, 0.059551295162157306, -0.0007643995940577036, -0.0002964287776680886, 0.0006747313626079629, 0.2199911451313159
86, 2, 1, 0.19404586455680073, 0.04387672048318926, 0.5640252111681705, 0.1980522037918396, -0.19349349425727597, -0.014507853694979, 0.19224934494684554, 0.2788101668822656, 0.05842249110695047, 0.027083357363097506, -0.05009846769214641, -0.30727923437722476, 0.07017470659906437, 0.08109487677966716, 0.20066839175694667, 0.00029482075104631303, 0.0003175245586508182, 0.0009346345720306915, 0.05868861097589919, -0.0019523148709475492, 0.0018292868435859783, 0.0015202531686656679, 0.2199911451313159
87, 2, 1, 0.1938305799546431, 0.043944181410591455, 0.5625588887709219, 0.1996663498638435, -0.19547423052873886, 0.007508235259525741, 0.12593799935783317, 0.14814432826043233, 0.241880571239931, -0.07144408823254814, -0.1087717483888249, 0.008830900853694108, 0.13163608074990324, 0.0718049069767199, -0.058638173774356664, 0.0003250681794775643, 0.0005474236111237492, -0.0005988665785789688, 0.058994114403169574, 9.60701973514686e-05, -0.0011543722756047028, 0.0006224241286156731, 0.2199911451313159
88, 2, 1, 0.19370689069747102, 0.045292911890497146, 0.5601075240683053, 0.20089267334372649, -0.0706327689093297, 0.15926766619731084, -0.03627255063542393, 0.1706790907575952, 0.20493233353455928, -0.08048455984801059, -0.2054157357122403, 0.1767856008684399, 0.022768120302173858, 0.04134161313890704, 0.02593678266844824, -0.0008727038000958377, 8.49783433708929e-05, 0.0015314070912100756, 0.06116322259882304, -8.102973875533761e-05, -0.0005431921837457459, 7.07720420006018e-05, 0.2199911451313159
89, 2, 1, 0.1735877525221488, 0.045778070008065115, 0.5594052372440006, 0.2212289402257856, -0.2548917805151696, 0.15913276737002913, 0.20990234358836718, 0.40064259328457696, 0.14966648654434586, 0.06832632650811439, -0.0049660758655298174, 0.020810903950955344, 0.20338569082445696, -0.07223222416031119, 0.024185326955502136, -0.00022009475308910277, -0.00050522787810705, -0.001391984801719713, 0.05913295145082866, 0.0014570141220714258, -2.206709403967612e-05, -0.0021686294152867707, 0.2199911451313159
90, 2, 1, 0.17359885577579134, 0.04569922293501275, 0.5591928988621367, 0.22150902242705914, -0.12636721399203316, 0.31895978485946824, 0.1487626356701986, 0.15457137647665686, -0.07690244027448498, -0.13163628761400387, -0.165102529325653, 0.019326559636364704, -0.050232203651858855, 0.019962821859450027, -0.05310541893046472, 0.0010352086564987734, -0.0003953971160843226, -0.0018262916838777924, 0.05832630170736373, -0.00019322213101843493, 0.0008332182399988614, -0.0015306815500080628, 0.2199911451313159
91, 2, 1, 0.17757692530362895, 0.05523532001886741, 0.38383604478601724, 0.3833517098914863, -0.11760217276818674, 0.01760615514111926, 0.0006948889303491357, 0.2463775085024929, 0.1053624317251017, -0.08741894503909273, -0.19572959468211812, 0.021991941048880824, 0.04057419076095069, -0.07583799522585577, 0.06257756096377123, 0.000427760546319098, -0.0010871551879775214, -0.00141920786597349, 0.06090267420908067, -0.0010470907176278296, -0.0001312574132117204, 0.0007959355383722284, 0.2199911451313159
92, 2, 1, 0.17768743389953454, 0.05537485066369262, 0.3835028448339877, 0.3834348706027851, -0.015703412189580983, -0.10566571061794498, 0.06493683586979794, 0.23718505167242765, 0.10098487551010646, -0.022908264669079637, -0.1909433346698814, 0.03880399314228618, 0.1230427321064655, 0.2065472385658885, -0.05970809084347748, -0.00042144567645528214, 0.0005228674766124585, -0.0008944715508842481, 0.061017644845399434, -0.0008646413320817805, 0.0006667998509905421, 0.0011862667317495872, 0.2199911451313159
93, 2, 1, 0.17868102142920228, 0.05613827775654863, 0.38065506106533453, 0.3845256397489145, -0.09580652765109243, -0.10286045065482226, 0.1873323967360133, 0.15003337470998454, 0.1362121395556189, -0.1574776458328211, 0.14703917741843203, 0.08759177663440668, 0.11193016107960316, 0.13540114020726063, 0.03939591492047527, 0.0004661467154091369, 0.0012407207100617545, -0.0008902663004384149, 0.06098660140360683, 0.00035707286343847426, 0.0008619152102124336, -0.0015496312754889271, 0.2199911451313159
94, 2, 1, 0.16769305575706633, 0.056893758558618814, 0.29600011005005716, 0.4794130756342577, -0.03849475784545711, 0.07237249814510327, 0.11764403746912566, 0.38204459871684016, 0.29053826694771967, -0.14755708063331446, -0.02886764743311503, -0.1390891535606418, -0.021092222209736517, -0.08872183801514599, -0.017424261365807645, 0.0009813673979150203, -0.0006728977152862371, 0.0001373295926424541, 0.06159691647372204, 0.0009076406254253085, 0.0008946826235972823, 0.0015144907256348758, 0.2199911451313159
95, 2, 1, 0.16769739773093206, 0.05689603119666474, 0.2959949550919798, 0.4794116159804233, 0.00112530880445163, 0.0929810545332799, 0.06026956566416193, 0.19749278086318628, 0.15563828621275064, -0.18628519502687518, -0.15139141347359508, -0.03794910871969502, 0.04441759803026972, 0.2601587821336815, 0.2565558750791711, -0.0007025313950071185, 0.001426212745631993, 0.00043241447991887786, 0.05953345271615841, 0.0012731253288889694, 0.0011037551676497102, 0.001504828209227935, 0.2199911451313159
96, 2, 1, 0.16771449054799092, 0.05694042482237353, 0.2959115423069765, 0.47943354232265906, -0.15508111278380074, -0.013145957198983926, 0.03345208276553363, 0.284936057892904, 0.08358487037867957, -0.02546463247171842, -0.2730986919887881, -0.11435687559971679, -0.03050288138477415, 0.078168228786359, 0.09460745908622235, -0.0018591837535283276, -0.0006688970556703135, -0.0019338188565750484, 0.06081436889418991, 0.0013465274539971397, -0.0010027236437793806, -0.0005433181775824892, 0.2199911451313159
97, 2, 1, 0.16908806954685154, 0.05765130621275455, 0.1683974965210936, 0.6048631277193004, 0.10355719044880674, -0.0581425454155385, -0.024950942475677407, 0.1808202381722554, -0.030076132197718475, -0.03153085629100778, -0.14092429586089422, -0.04158198835527139, -0.00223493213476294, -0.05675655326711099, 0.05354345374614233, 4.671883041838035e-05, 0.0003615306580883247, 0.0006766968859929446, 0.05818453524048206, -0.0007942766952303216, -0.0011955420609108683, 0.0015363451505518255, 0.2199911451313159
98, 2, 1, 0.17092115590344462, 0.05926619121449659, 0.1550095496208921, 0.6148031032611667, 0.06976811674672886, -0.058614667034197286, -0.08912984235443837, 0.22885258274764148, 0.0721042753328347, -0.04584409984150939, -0.0970130378666941, 0.029498262050108505, 0.049696920581524896, 0.10653096895839582, 0.041931277186783085, 0.0012200357755914961, -0.0011618594561800303, 0.0010219205677787508, 0.0602858945057234, -0.00034064731421583084, -0.0004103128707090939, -0.0014963880601356623, 0.2199911451313159
99, 2, 1, 0.1712856173364547, 0.06036068790536747, 0.14995715374360977, 0.6183965410145681, -0.15693173691945855, 0.14816583648795775, -0.09987697288968755, 0.15381486572703215, 0.11053248237068299, -0.2656841207125444, -0.036266299322175885, -0.06041613894337143, -0.024813178232935496, 0.20421538522636223, -0.03517233168722585, 0.0005435633595659553, -0.0027801198290032937, 0.0016494423840349207, 0.05857330185026076, 0.0023875892874577983, 0.0002844532902764866, 0.00012315572922519467, 0.22914040243263545
