t, Event, Policy, P(still), P(random), P(reach), P(transport), o(t), s_a 
0, 2, 1, 0.9372564554214478, 0.061894699931144714, 0.000536673585884273, 0.0003121554618701339, -0.7601608510983242, 0.6759654789535421, 0.5857466168367522, 0.5416600396678439, 0.10591506739252696, -0.1413915135736966, -0.15269035262824032, -0.3955112758004244, 0.32320524132132655, 0.31251175887366056, 0.029301678648352907, -0.05541577868678055, -0.012679145648488554, -0.01545126499828032, 0.0884376360127408, -0.1285828818896118, -0.00022627834689228758, 0.08267879598730149, 0.7311617257556486
1, 2, 1, 0.9359891472650711, 0.06320852634037226, 0.0005373124805682608, 0.0002650139139883797, -0.4794788033208288, 0.37084766087171905, 0.678262255644748, 0.7326949828899966, 0.07972562359514437, -0.09593116166632545, -0.14085609363759324, -0.3544396626932113, 0.37572237750026294, 0.4585797810892241, 0.05194507249798769, -0.0006038381604567386, -0.0013366164355264043, 0.0006393360678993491, 0.05934366318796336, -0.0022470202420915, 2.5863885241368585e-05, 0.0008274112752691268, 0.7311617257556486
2, 2, 1, 0.9356107354783534, 0.06384948751721334, 0.0005375693657300781, 2.207638703233455e-06, -0.6797545121782809, 0.5215954859633751, 0.6553848035257129, 0.8555046119040828, 0.273498950027408, -0.010840383488263872, 0.00028463038460497804, -0.13298092080830062, 0.12794695573315773, 0.25230950047626105, 0.09290110610523342, 0.0012049826878106605, 7.86659582009839e-06, -0.00016739534959157583, 0.06093367350663552, 0.0011512928931611322, 0.0006114647764114625, -0.0015398528483408194, 0.7311617257556486
3, 2, 1, 0.9078231666790538, 0.09162817492299552, 0.0005461942423515882, 2.4641555990068165e-06, -0.35510214085745595, 0.7562055694413049, 0.5866393635446067, 0.9310999467017538, 0.004291216918325147, -0.1874284476181388, -0.10111601924634446, -0.37807227883686473, 0.443174170849999, 0.23528685371867902, -0.01176525666087258, 0.0005671293905776131, 0.0005236078489357701, 0.0016980933586768863, 0.06126329396443131, 0.000913795790197936, -0.001247294533348373, -0.0003970029346285498, 0.7311617257556486
4, 2, 0, 0.08494421464426126, 0.9143362983885432, 0.0006525484293258712, 6.693853786965042e-05, -0.6057114348364088, 0.5951063739011205, 0.66859367872682, 0.6315060770301315, 0.04008165730508821, -0.13555348150800162, -0.020726640641300698, -0.3410894674168714, 0.10473840738869178, 0.14137006598975865, 0.16566696491511199, -0.0016563381809976616, 0.00016535533597923934, -0.0015531689215578506, 0.06098328262079615, 0.0020796371875953434, 0.0012347865685217183, 0.00044576730937530344, 0.7311617257556486
5, 2, 0, 0.08494424102445242, 0.9143363021890647, 0.0006525484429171421, 6.690834356580184e-05, -0.5477534002410025, 0.5472381391497023, 0.6129709067022857, 0.7325510343117385, 0.11134292677035376, -0.11004464029330588, -0.12205063994472835, -0.15012699151355938, 0.2326102580404837, -0.016605375863762806, -0.09434682914237354, -0.19117113710441416, 0.07144318620228232, -0.024388746551365675, 0.07682672505245641, -0.11318076212175507, -0.057440497115336296, -0.1623699716387465, 0.7311617257556486
6, 2, 0, 0.08494963990136771, 0.9143716669183924, 0.0006527919272856619, 2.5901252954258998e-05, -0.541044253408604, 0.5416367534610126, 0.6063718383058001, 0.730910481733907, 0.11142138370607775, -0.11192984623048596, -0.12323863768294982, -0.297937868092527, 0.19456417653052252, 0.1924242747156569, 0.03918529045482733, 0.014519282058317217, -0.17088346446495983, -0.0660880187197039, 0.13564107625749683, 0.013919129728108017, -0.08751554995120536, 0.11282998412752984, 0.7311617257556486
7, 2, 0, 0.08494961051445214, 0.9143718215083556, 0.0006527929572482309, 2.5775019944049694e-05, -0.5355807619296901, 0.5337349340183238, 0.5991820536717675, 0.7297101634588953, 0.11104842325583933, -0.11163798083608348, -0.12388503726661078, -0.24913735484596158, 0.3135548719168749, 0.39948197153373316, 0.0536278037062101, -0.002206957287493674, 0.00859513575135391, 0.027170962085182014, 0.16194776963782548, -0.11942407614353348, 0.047839158569885194, -0.12915000245532957, 0.7311617257556486
8, 2, 0, 0.08494719280307711, 0.9143748841333387, 0.0006528073934456514, 2.5115670138660278e-05, -0.5308535206992053, 0.5306320640560748, 0.5925480812277817, 0.7290692606860603, 0.11130192921156842, -0.1118533229681125, -0.12398995357493725, -0.1923873795878177, 0.400349055760985, 0.3535600274378856, 0.07437614293790636, -0.04348907286863911, 0.12536482692108775, 0.14697939573663138, 0.07941687403585755, 0.23085994519982114, -0.07131141058923592, -0.003415453605544581, 0.7311617257556486
9, 2, 0, 0.084946701255091, 0.9143753816221694, 0.0006528115832192307, 2.5105539520341015e-05, -0.5238482713694723, 0.5246455094974243, 0.5887338504783498, 0.7322459961474871, 0.10798319219603306, -0.11101797972871427, -0.1239696591312676, -0.38649899312434, 0.41742764670707455, 0.335126568690935, 0.0962501484452982, -0.0446838124079727, 0.06056080800690974, -0.1392628888981541, 0.21502295232228857, -0.02199704242145271, -0.06396661483472285, -0.023645839616603527, 0.7311617257556486
10, 2, 0, 0.08494583403593227, 0.9143762488311824, 0.0006528138660267907, 2.5103266858470058e-05, -0.5211356401092274, 0.5196612515614821, 0.5807414766566908, 0.732054019032038, 0.11087890644376394, -0.10998934523546564, -0.1250760597809349, -0.1029154449250188, 0.33531266515480374, 0.15763236570133785, 0.09094668368353519, -0.11121053308780493, -0.0036977716352540047, -0.0059163090751231774, 0.10652255625196853, 0.17531317163422047, 0.03976529065947399, -0.22597548139533719, 0.7311617257556486
11, 2, 0, 0.084472920244363, 0.9148479006323919, 0.0006537885221656459, 2.5390601079434756e-05, -0.5129449578294546, 0.5128488042575583, 0.5768282156194784, 0.730937167926665, 0.10954631875052454, -0.10956230558879798, -0.12407420510513338, -0.3138064677431084, 0.16412207345482918, 0.2891419765762766, 0.054520949667388796, 0.04202939391104733, -0.10439435831831764, 0.02675881024158085, -0.06961860612234988, 0.15917270939031153, 0.0685585916237043, -0.15370401070215597, 0.7311617257556486
12, 2, 0, 0.0844657250975283, 0.9148571043117181, 0.0006539198445834832, 2.3250746170139015e-05, -0.5091895371591878, 0.50725556032249, 0.5686214366046392, 0.7310654686080514, 0.11071784415258368, -0.11037646621778548, -0.12496148662306765, -0.30909595831636744, 0.1149945796596894, 0.1800062439779953, 0.02020677960228016, 0.006965789939530021, 0.042499080193730894, 0.08675425754400666, 0.028308995005370326, -0.17705429155604518, -0.18842544218035778, 0.047311999165112924, 0.7311617257556486
13, 2, 0, 0.08446834611931985, 0.9148573824720958, 0.0006539218080360841, 2.0349600548303044e-05, -0.5030176130739952, 0.5012225223990989, 0.5641521251915812, 0.730166972202649, 0.11213923480169444, -0.11206161428636763, -0.12479907065032576, -0.3456051461208869, 0.3478419001288606, 0.3852268552583119, -0.015569418805172586, 0.04051619345042667, 0.0268372549791548, -0.01623817462352919, -0.033185069389088565, 0.15554344571642217, 0.061459874042890675, 0.09987697417642408, 0.7311617257556486
14, 2, 0, 0.08440161826834372, 0.9149241196574457, 0.0006540087483710932, 2.0253325839549316e-05, -0.49887929222374305, 0.49891741952062596, 0.556824826596021, 0.7300019043141363, 0.1111721156975551, -0.11083218028188209, -0.1234643400671189, -0.27873619920477766, 0.1475508601341657, 0.2413848499905306, -0.043087133844943754, -0.11106647567200804, -0.009670595297744321, 0.05217028523327181, 0.10434848147591061, 0.020920586481361116, -0.0924569553193302, -0.09619587405550376, 0.7311617257556486
15, 2, 0, 0.08439910475152589, 0.9149266555397656, 0.0006540228582589322, 2.0216850449659708e-05, -0.4928855051625181, 0.4918898062502735, 0.5502673807901834, 0.7324970874543906, 0.11125507767844556, -0.11160683833123206, -0.12409563636753747, -0.0892593891622743, 0.21353863583715502, 0.32650021550448655, 0.03860485123242652, 0.021927782501438096, -0.0986417469058308, -0.05549198179424791, 0.0856072825403635, -0.09501530961171131, -0.12528470673231665, -0.06430856841642683, 0.7311617257556486
16, 2, 0, 0.08439099881567241, 0.9149350438712044, 0.0006540348411762703, 1.9922471946924954e-05, -0.48395870275905706, 0.4870742151833044, 0.5440451147559934, 0.7310910823794958, 0.10897437907959237, -0.11128333747253712, -0.1260110733291538, -0.06117028630762837, 0.28039147287566624, 0.20616408374485928, -0.13130846285082703, -0.047231057169295626, -0.04048612212621706, 0.03358775605278274, -0.05802760164818196, 0.07722154905535997, -0.098644367554342, -0.07047011143278019, 0.7311617257556486
17, 2, 0, 0.08430015872312341, 0.9150290047861168, 0.0006542214934648488, 1.6614997294954312e-05, -0.4824534792304168, 0.48080493384823547, 0.5398012999879944, 0.7314180996040895, 0.11070891603207193, -0.10925225989711347, -0.12411269567022065, -0.3980896303246124, 0.2401443068697922, 0.1518266705348409, 0.17584286276440683, 0.09828539160565607, -0.05718432805255306, 0.050277520228391735, 0.06723746850685018, 0.043393003738904326, 0.027943255722775756, -0.0057855043460214054, 0.7311617257556486
18, 2, 0, 0.08429645774794342, 0.9150328216418809, 0.0006542451162291031, 1.647549394639237e-05, -0.4745749486592691, 0.4733967175023775, 0.5321165118635912, 0.7307791561185067, 0.10986435651994227, -0.1114538810283527, -0.12345223303178166, -0.14091330849997466, 0.36058845451461413, 0.235935865825543, -0.047945060468998976, 0.022134298234952714, -0.06729075793847171, -0.05885673621211719, 0.04883541728674863, -0.015494294316140078, 0.021060768677810215, 0.11393927435177664, 0.7311617257556486
19, 2, 0, 0.084289326241648, 0.9150401915281803, 0.000654275488513155, 1.6206741658556174e-05, -0.46916667024593084, 0.4708055247648188, 0.5252915339315141, 0.7317655571610223, 0.11104487231566222, -0.11134063826943508, -0.1236859901439347, -0.2394169280598848, 0.36107870793132646, 0.2526023517833054, 0.08978670917704994, 0.07108410882263592, 0.06792877240746124, 0.04828050858158771, 0.06988454148846254, -0.11770977963423727, 0.038503715634166644, -0.023496010993734797, 0.7311617257556486
20, 2, 0, 0.08288511888077695, 0.9164079006161909, 0.0006819160649070196, 2.5064438125000092e-05, -0.4625986456974741, 0.46289173179984244, 0.5198244672762093, 0.7323152071188402, 0.11147366251873644, -0.1112455917122401, -0.12414435867071967, -0.05748330562507966, 0.21630901959112694, 0.3753283980733643, 0.1719525510095008, 0.1266341376019838, 0.16035326855272888, -0.21988272186304814, 0.019807202113516793, 0.047005982297279994, -0.0266746809748817, 0.059245982739581905, 0.7311617257556486
21, 2, 0, 0.08288512066339389, 0.916407945442239, 0.0006819170303425392, 2.501686402441478e-05, -0.4579864499391369, 0.45541302554138063, 0.5133550653750838, 0.7305817855253759, 0.11211517500417509, -0.11061410972780017, -0.12316478974777116, -0.2757120356040471, 0.22421674392186475, 0.34571310607421524, -0.0930281668859257, 0.06796036077620655, -0.0329257070625051, -0.1830607713745123, 0.18938967917124824, -0.11180249977038496, 0.016611947006754828, 0.0571596862734489, 0.7311617257556486
22, 2, 0, 0.08265287316197605, 0.9166434069790244, 0.0006823169596660927, 2.1402899333510033e-05, -0.4519894871851098, 0.4530521409048445, 0.5085254674347663, 0.7303042427125239, 0.11070962463073279, -0.10925722994009097, -0.12507330377163856, -0.30071937369097296, 0.13451448406673117, 0.20058014436953925, -0.08019478593439655, -0.09339085962460857, 0.0475974651942254, 0.01271829668588349, 0.08806210326903019, -0.036818916352182554, 0.017663872472237677, 0.007270650828911632, 0.7311617257556486
23, 2, 0, 0.08258123487204165, 0.9167156820509652, 0.0006824020125636363, 2.0681064429570312e-05, -0.44793839822943804, 0.4470967389345864, 0.5003101769918302, 0.7328877294654329, 0.11121885296285228, -0.11078538600354362, -0.12237236398386886, -0.36860929598382147, 0.2675552762121819, 0.033206235584605316, -0.004171128893029258, -0.0023385631734799675, -0.13586804855007578, -0.03404279865153536, 0.34700667645497074, 0.052731591282075316, -0.0365422092183373, -0.06579888886865079, 0.7311617257556486
24, 2, 0, 0.08106992307897808, 0.9182224382395733, 0.0006852538157849395, 2.238486566372181e-05, -0.44125114599799387, 0.4414966831580608, 0.49325375834224605, 0.7314840246818324, 0.11085927920028978, -0.11049199776598222, -0.12309622874252339, -0.1091540848432659, 0.06251824125382488, 0.24879158504386104, -0.1358825977067978, -0.06551388132710698, -0.00819303181018005, 0.06874100086327421, 0.027957168146129883, 0.18627092195557554, 0.03561712167902574, 0.03288090917115409, 0.7311617257556486
25, 2, 0, 0.08105589308836045, 0.9182364706756498, 0.0006852961964555612, 2.2340039534262985e-05, -0.4355488809354681, 0.4355787020918334, 0.4895911054900501, 0.7325438740897587, 0.11104716705732683, -0.11028473860770624, -0.12422044557845191, -0.10386114695390632, 0.2897776898537123, 0.21642893789119352, 0.09020090686708723, 0.03813023029111947, -0.011329288340051315, -0.07802395917398856, 0.12314061784555312, -0.035479462042483915, 0.10656255200261158, -0.04562168682803507, 0.7311617257556486
26, 2, 0, 0.07061784319637318, 0.92863953805449, 0.0007113630899656468, 3.125565917108298e-05, -0.43207946580727385, 0.43193519922361323, 0.4812289796002787, 0.7315435535294645, 0.11204587509466472, -0.11056528535495114, -0.124667586754272, -0.4723464931010051, 0.10400897030495293, 0.2535914509311218, 0.1393014404180031, -0.2680577650374615, 0.12551846847187398, 0.1512029098632089, -0.07887694961388904, 0.1857004183779348, -0.005369284768002041, 0.048133002290256556, 0.7311617257556486
27, 2, 0, 0.07061710570422731, 0.9286410853711712, 0.0007113648319345174, 3.0444092666897998e-05, -0.4243381969554769, 0.42488437267274526, 0.47703614065156097, 0.7301957517970774, 0.11112001958622242, -0.109599275457486, -0.1243030352572154, -0.2852790698620513, 0.1788105694488467, 0.12505191865377252, 0.013605261881040243, 0.10535095296144988, 0.003948135676290893, 0.047214128919687334, 0.18933945391327467, -0.02013532205986515, -0.05130593076882226, -0.1390823484460197, 0.7311617257556486
28, 2, 0, 0.07052258376675105, 0.9287278014834235, 0.0007175367785478477, 3.207797127764717e-05, -0.41865507940397995, 0.42042914307189944, 0.4697313230909052, 0.7321272404904533, 0.10981462412446745, -0.10977939990562462, -0.12279408723138793, -0.42959465197443203, 0.25696982311611005, 0.24792826549841526, 0.1520423932177546, 0.008585816610082685, 0.24957061325403304, -0.04503671439800791, 0.009059872294244663, -0.009542279432075553, -0.03972279688536099, 0.2868846580609953, 0.7311617257556486
29, 2, 0, 0.070522134567624, 0.9287282468297914, 0.0007175393789138985, 3.207922367058994e-05, -0.4124980660384037, 0.414048531765758, 0.4661192428511375, 0.7300370914845686, 0.11122724656387792, -0.1103611772813093, -0.12411966363992447, -0.1400863929785773, 0.08583276107380522, 0.30997262895108674, -0.15933623453611695, -0.2675060972914415, 0.1888579618165058, -0.11318686859911295, 0.1768031151366543, 0.17035478500648077, -0.07815853906305145, 0.09569890580638006, 0.7311617257556486
30, 2, 0, 0.07052247066612616, 0.9287282929937793, 0.0007175394886423351, 3.16968514522581e-05, -0.4078097421798474, 0.4075570057651999, 0.45774134559201735, 0.7330124808830297, 0.11100749529740284, -0.1111736611046474, -0.12397795428592773, -0.40642704388437983, 0.27685191046517565, 0.23818680273709308, -0.07003913835634343, 0.1290965385007102, 0.16577903320788656, 0.09906458099391777, -0.04265202572129841, -0.02316117557340517, -0.1730234524744792, -0.02621918631731878, 0.7311617257556486
31, 2, 0, 0.07052231932825816, 0.9287284526128238, 0.0007175399682104241, 3.168809070773281e-05, -0.40166154341853844, 0.4045449431069468, 0.4508331778221678, 0.730630861210652, 0.11075532467512128, -0.11160837266718941, -0.12340694723710047, -0.27445792121681895, 0.3569796171388203, 0.39872893319254904, 0.07687618764406567, -0.046993638451700424, 0.12342274181160191, 0.0591266453917591, -0.0106476997888157, 0.12818268418834586, -0.14605431228582774, 0.017729767282714033, 0.7311617257556486
32, 2, 0, 0.07052249711903619, 0.9287287081707847, 0.0007175405997597841, 3.12541104191679e-05, -0.3977993263561038, 0.3967292013071698, 0.44607751007245994, 0.7326344194617337, 0.11064517478156269, -0.11055919754743979, -0.12420700443445687, -0.34132395866317805, 0.08871044355996902, 0.16011636939180895, -0.07839896835627888, -0.008721375607185076, -0.13637717393159304, -0.04508850619490348, 0.0635994739637317, 0.007977155660046115, 0.20530959460090759, -0.1291572866578078, 0.7311617257556486
33, 2, 0, 0.07047094930340729, 0.9287803888886741, 0.0007176458492774775, 3.1015958641202546e-05, -0.3929431587722969, 0.3917399839549083, 0.43756634070242983, 0.7324407270611963, 0.11244047168795741, -0.11122473671435149, -0.12498561609258849, -0.16198005755926756, 0.330837446404595, 0.30524111950260313, 0.11650768320967726, 0.08853343064493834, -0.09124419160633487, 0.08135508639411823, 0.026059012712375446, -0.04228365891675299, 0.049743868152813155, -0.11617015152123644, 0.7311617257556486
34, 2, 0, 0.06997993856350233, 0.9292703925655622, 0.000718387528788537, 3.128134214701118e-05, -0.38647655183233637, 0.38554083331988154, 0.4318457058955011, 0.7311654400926448, 0.11107395433354968, -0.11442123924356673, -0.12505125158830294, -0.0823381112350757, 0.1396529230200764, 0.286133845835613, -0.11102619800446437, -0.07343813627844838, -0.0004380811714184715, 0.07850234889523916, 0.12140231970471675, -0.02163230580655234, 0.11107337093480865, -0.05088596673485076, 0.7311617257556486
35, 2, 0, 0.06964316452681002, 0.9296059880805446, 0.0007192366936466732, 3.161069899864586e-05, -0.3812372165131902, 0.3801051251945927, 0.4267310314036547, 0.732098464444051, 0.11045066072271122, -0.11053814798635656, -0.12346047677074679, 0.028347479065305436, 0.12735879578473508, 0.3506223936249374, 0.041897122052128685, -0.08776746850645979, -0.08369341051813242, 0.002465642357790224, 0.14851249244587836, 0.030067628024712523, 0.02163572894409658, -0.255522674849449, 0.7311617257556486
36, 2, 0, 0.019784656125807924, 0.9793546099889763, 0.0007795675694133754, 8.11663158024354e-05, -0.3790772157069368, 0.3747130051310181, 0.4208395553787073, 0.7305717671102111, 0.11062082002154686, -0.11050935862565862, -0.12403095649471377, -0.034856448407508234, 0.0696332827652986, 0.09603422544294285, 0.12349769594788589, -0.05826651533138415, -0.1723620384323492, 0.10344996495658627, 0.26643882037314653, -0.012111939747423802, -0.0026963833684967133, -0.006643153191552534, 0.7311617257556486
37, 2, 0, 0.010242304657629105, 0.9887817987890148, 0.0008371625138521281, 0.00013873403950403755, -0.3693907530880898, 0.36811890769866007, 0.41386911842188895, 0.7302878096305082, 0.11095466191549866, -0.11006468925206433, -0.12335185311517442, -0.2130426367412464, 0.08262287630322138, 0.025962752016134183, -0.023776376500051075, -0.1416052964874377, -0.08397711108915698, -0.15849564933201504, 0.20401294434684386, -0.123656996500802, 0.029450660720745987, 0.018336787577298785, 0.7311617257556486
38, 2, 0, 0.010254003104577351, 0.9887830546574004, 0.0008371686407049531, 0.00012577359731726133, -0.3632105364073305, 0.36405726374661773, 0.4077610033338754, 0.7316979697824537, 0.11098413396082604, -0.1099724993512031, -0.12353274494569597, -0.3164475417412621, 0.1916200219627845, 0.19432606099228997, -0.009378006544445608, -0.0231957423556012, -0.20622399950103693, 0.1881303321859709, 0.014033422140357266, 0.01181726131211591, 0.02601479532554853, 0.1561141862124202, 0.7311617257556486
39, 2, 0, 0.00022158611057923573, 0.9987914737075724, 0.0008506188083007586, 0.0001363213735476471, -0.3595954956408399, 0.35725152849117703, 0.4023149443257202, 0.7308723839937458, 0.11076698484604652, -0.11071346399061444, -0.12270896693543647, -0.14731016090665716, 0.23334722134439362, 0.0946443725848917, 0.06443283240301187, -0.15839994868874624, 0.09740905914863952, -0.06634279353461725, 0.11074383975207583, 0.08389952300358723, -0.010689713932910964, 0.03921387398104057, 0.7311617257556486
40, 2, 0, 0.00018577132781790723, 0.9988269097195758, 0.000850875077229711, 0.00013644387537648512, -0.35243116125363544, 0.35284635873618, 0.3965612909041151, 0.7300232122460713, 0.10991163560693196, -0.11118921786069043, -0.12437688287351893, -0.2596668613631871, 0.1126259743025975, 0.168730133854609, 0.08535653627525788, -0.26302915663467813, -0.09069081815734772, -0.08700316700187041, -0.0965773649855406, 0.026717355529732967, -0.056497051661249895, 0.1803875760086057, 0.7311617257556486
41, 2, 0, 0.0001914760726315411, 0.9988271781608579, 0.000850877742526699, 0.00013046802398381153, -0.34778617565439823, 0.3481390693790206, 0.3887930234812431, 0.7315988174128579, 0.11134051092873906, -0.1099578311644989, -0.1242087456002819, -0.22291794877590795, 0.11595642962589689, 0.12307930401776127, 0.05486272676350491, 0.07497813894666397, -0.00807447789210656, 0.20153051018619986, 0.17251930302160917, -0.187946978195145, 0.04621375149932423, 0.09642717447910802, 0.7311617257556486
42, 2, 0, 0.00017628580699059133, 0.9988429081919549, 0.0008508993451645546, 0.00012990665588992814, -0.34225160010182354, 0.3416345132945197, 0.38365316735552457, 0.7295817777499438, 0.1103252565937681, -0.11127511800410775, -0.12605226384898333, 0.029927278182264726, 0.10259204346422228, 0.265248507271273, -0.07148745704670909, -0.048513516592120075, 0.04444467321759215, -0.05013914588652316, -0.180957334879081, 0.0877014674536726, 0.014491877363649102, 0.00599416697024103, 0.7311617257556486
43, 2, 0, 0.00017625038264660475, 0.9988430361467338, 0.0008508991785988007, 0.0001298142920208198, -0.3358326538166211, 0.3361491855244027, 0.37437444176819124, 0.7318666532499676, 0.11236783518112745, -0.11083488931690075, -0.12206098671989977, -0.2850654795855009, 0.19825699425333956, 0.11822685115502032, 0.18395106510138856, -0.07043831200223069, 0.02460919354885259, -0.007698108580011287, 0.07830990269958263, -0.1560963008659717, 0.008500108882685431, 0.09869884410236761, 0.7311617257556486
44, 2, 0, 0.0001510651463571899, 0.9988684649885068, 0.0008509418646958042, 0.00012952800044030378, -0.3304739758030516, 0.3284297575075719, 0.37105510053917584, 0.7304050507724503, 0.1103772534796034, -0.11128301244785635, -0.12540359618214364, -0.07467528359556534, 0.09413857218647528, 0.16666115701599987, 0.11835371125598122, 0.03632500691591196, -0.06839710340131326, -0.029540070779009737, -0.23183702053136993, -0.018999877342027193, 0.13571436935436426, 0.0885265534587337, 0.7311617257556486
45, 2, 0, 7.048204878977585e-06, 0.9990134264535505, 0.0008511552591205262, 0.00012837008245005898, -0.3263676915571552, 0.32434570767006415, 0.36503560119704304, 0.7305549044930044, 0.11134670278328782, -0.11056845402144792, -0.12272722926482486, -0.14538598038356204, -0.021293813947608542, 0.0970087925243086, 0.15158444277363453, 0.16056401314881638, 0.11898127229712614, 0.07626250126683895, 0.15189513198194665, 0.035723516999074674, 0.04139107671868738, 0.06638595027922509, 0.7311617257556486
46, 2, 0, 7.66381016822961e-06, 0.9990134930502951, 0.0008511546719387891, 0.00012768846759783807, -0.32030947130011983, 0.31923192977847953, 0.35947603800039574, 0.7286657371132449, 0.11106550218182251, -0.11094144932961274, -0.12563459930028706, -0.17915276765903237, 0.15899419226776607, 0.18025694859606284, -0.056056559053752585, -0.14025703162461628, 0.04028092112353128, 0.09464687605117951, 0.01749412021842936, 0.00199838687513378, -0.0870005851060836, 0.07692846952729702, 0.7311617257556486
47, 2, 0, 7.64257597268666e-06, 0.9990135204013291, 0.0008511546731254533, 0.00012768234957279598, -0.3122213854269271, 0.31327779814608847, 0.3512821273189802, 0.7301416303022472, 0.10879356341665058, -0.11168404225337136, -0.12434511513411703, -0.08034172232067441, 0.12831737681191238, 0.29550263416199785, 0.2636998250713054, 0.02330957978981347, -0.06818293372584819, 0.03777350882510015, 0.02053936142259029, 0.04332105750925539, -0.02955356854880436, -0.17202535634951135, 0.7311617257556486
48, 2, 0, 2.6456475481435207e-06, 0.9990185697045787, 0.0008510625873020699, 0.00012772206057113717, -0.3075056516098558, 0.3083977204440487, 0.34583190234776695, 0.732164714306929, 0.11153993813024717, -0.11165330688871447, -0.12390886435182039, -0.0907768855975922, 0.08635056960984264, 0.06721726419474212, -0.0018932541220203825, 0.09219815185890691, -0.10497944829584224, -0.18229164353348337, 0.07212487892490024, -0.05254199550342642, -0.09203326273691008, 0.10726089289575325, 0.7311617257556486
49, 2, 0, 2.897534121634084e-06, 0.9990186461870184, 0.0008510617083644958, 0.00012739457049547887, -0.30338579979399505, 0.30324287822527596, 0.34030970748812867, 0.7313004639449855, 0.11189112110318518, -0.10893743581891202, -0.12427571435964894, -0.24701814896590563, 0.19957498729483028, 0.18875953860688405, -0.032980204746524015, 0.14268553201742384, -0.09637605983279637, -0.013441420603047063, -0.05571750649666113, 0.01587805903284366, 0.011134712483445827, -0.024782735963300512, 0.7311617257556486
50, 2, 0, 1.1743420081981238e-06, 0.9990204831656806, 0.0008510614483371942, 0.0001272810439739184, -0.29732203129821433, 0.29845167676987083, 0.3326124942577662, 0.7314040599068917, 0.11257570772346133, -0.11174476517681994, -0.12338343522241169, -0.1905800119057488, 0.12244902954863641, 0.10833035957581401, 0.011256711311910179, 0.054020503760286866, 0.07204540732776946, 0.03020072878570365, 0.0027049829355392575, 0.1291322301686347, 0.1151129915358928, -0.06415806326177474, 0.7311617257556486
51, 2, 0, 1.2163941240485638e-06, 0.9990205414988527, 0.000850983186047815, 0.0001272589209754317, -0.29068484728097665, 0.29178835850016316, 0.32527589494803477, 0.7312677830188479, 0.11098260437775054, -0.1111527130710576, -0.12550213148785147, -0.10719488896760958, 0.10594144448899949, 0.15914129528732962, 0.15387454174834775, 0.09217710478975026, 0.015714128471349606, -0.012954234572897677, 0.0073860407247560485, -0.01517765351133574, 0.16578624394283317, 0.00013180850630263875, 0.7311617257556486
52, 2, 0, 1.203271071908734e-06, 0.9990205783308838, 0.0008509830433753627, 0.0001272353546689517, -0.2858056643007644, 0.286937049805321, 0.32088277500318324, 0.7320914680754519, 0.10990827664534711, -0.11138347572464465, -0.1251252006009761, -0.2626780594710609, 0.2216152045881167, 0.33725428149769654, 0.10999008023061503, -0.04937163730834408, 0.13715845800511256, -0.021221283523701027, 0.037634143113781916, -0.04700639943378437, 0.09734472149629395, -0.014888758626059609, 0.7311617257556486
53, 2, 0, 1.6073818808932259e-06, 0.9990206603361818, 0.0008505116742404568, 0.0001272206076968234, -0.2806173963817236, 0.28039194176455356, 0.31454890330478386, 0.7295604331814185, 0.11142466187736429, -0.11060539172172042, -0.12495713483267956, -0.15912882667108927, 0.06402945757092872, 0.1487785087758849, -0.20056928824318318, 0.053292698074001735, 0.02635963582568397, 0.06525093440883527, 0.060197890362900006, 0.15846214132634323, 0.13774807310343168, 0.019842245114513442, 0.7311617257556486
54, 2, 0, 1.6196954892469361e-06, 0.9990207734447559, 0.0008504730802411081, 0.00012713377951370476, -0.27482257474232363, 0.27557452851358416, 0.30648468459565564, 0.7313835462549781, 0.11184478805597357, -0.11078417289240391, -0.12459075420975001, -0.05621083432364893, 0.2125346607631859, 0.12432827642574748, 0.11292702880017025, 0.11029409589540973, 0.013216419281145175, 0.013629061289927361, 0.07630196083565075, 0.040717972430083654, 0.06648925731726454, 0.006723836607195682, 0.7311617257556486
55, 2, 0, 5.487716859287944e-07, 0.9990219011900413, 0.0008504359920055206, 0.00012711404626710216, -0.270157144276098, 0.26893128168017716, 0.30182296387715274, 0.7304822286600143, 0.11015836690337122, -0.11188109727640438, -0.12364155501533236, -0.11833923992600463, 0.2180868170922552, 0.11088335598536272, -0.027885157073798694, 0.07212160746466197, -0.11006900347736433, -0.06746153677030992, -0.019415945012688528, 0.10559266947296533, -0.07131493011397913, 0.0610326158888251, 0.7311617257556486
56, 2, 0, 1.5479474068767105e-06, 0.9990212009231404, 0.0008501579639826536, 0.00012709316547002803, -0.26368891484578255, 0.26518732693056923, 0.29424476710985414, 0.7308704579297458, 0.11207304347290763, -0.1101277707366151, -0.12493285316033313, -0.13494806696336753, -0.017914842398153198, 0.09482222408369782, -0.029578945147075188, -0.02048818721184574, -0.0874476484662355, -0.030715541301935156, 0.04992831610579, -0.04069824282984074, 0.11122992463450351, -0.10700357083881629, 0.7311617257556486
57, 2, 0, 7.562993245022774e-07, 0.9990220756052788, 0.0008501229055765083, 0.00012704518982019068, -0.25764259980501025, 0.25917028641830253, 0.2897217402775239, 0.7316240002509025, 0.10972891462556571, -0.11089403197751882, -0.12548195503839976, -0.01220156054357644, 0.12770029598863386, 0.26696102966640545, 0.07365230490777235, 0.0056630575729005005, -0.02705844020861259, 0.039739244031888096, 0.08942157881340947, 0.11725422578448583, -0.06934123481709686, 0.04424084898011417, 0.7311617257556486
58, 2, 0, 1.1410877367416112e-06, 0.9990217676183551, 0.0008500458507061366, 0.00012704544320200534, -0.2518389201194984, 0.25279953463914934, 0.2835864179695238, 0.7310279161905607, 0.11194806937483308, -0.1111535124993013, -0.12339267232012471, -0.14776269598018116, 0.20841806893358558, 0.023362602132672806, 0.0984640771178454, -0.051200351049429674, 0.05094038132987886, -0.038231215026825235, 0.02485408131302811, 0.14934762701245075, 0.021440764530640886, 0.14752625333993766, 0.7311617257556486
59, 2, 0, 1.4921212593886086e-06, 0.999021769177435, 0.0008500353056448191, 0.0001267033956606391, -0.2469185443263739, 0.2463894230410742, 0.2771753168187484, 0.7320928053904302, 0.11165078835352935, -0.11148934319599568, -0.12453916873374919, -0.1317763579251906, 0.12585833923810769, 0.23908722885163175, -0.014118747941859106, 0.10455125196531685, -0.10644252802130347, 0.21643973908021383, -0.14322281183715918, -0.047698880808823715, 0.002847522081160707, 0.19452250441504493, 0.7311617257556486
60, 2, 0, 3.0944466860840343e-07, 0.9990229559189479, 0.0008500322796346489, 0.00012670235674899677, -0.24183734121396078, 0.24175409312899993, 0.27137130270513793, 0.7323924941764135, 0.11137081397340272, -0.11203363102944681, -0.12362358256522174, -0.025778861057100932, 0.21834168524350384, 0.10646102747436359, -0.05135251057415744, -0.091382638236281, 0.017347941872564738, -0.11349870149536148, 0.06005940217766435, 0.19865146341025114, -0.08777825792102498, -0.025367634175972632, 0.7311617257556486
61, 2, 0, 3.1807019005591645e-07, 0.9990229574826159, 0.0008500293514218564, 0.00012669509577220453, -0.23433088866230825, 0.23513358279648383, 0.26436682325087796, 0.7332621514756938, 0.11041512111639162, -0.11240772305417128, -0.12388805374029718, -0.14754329067987235, 0.20143112404792846, 0.2997765287515903, -0.16365258218482076, -0.005315159118873563, -0.005044142912094386, 0.15595941237956185, -0.07731055057164346, -0.06468385114276134, 0.15213842205789285, -0.10738364312918636, 0.7311617257556486
62, 2, 0, 3.441979535136266e-07, 0.9990229915915497, 0.0008499921786753433, 0.0001266720318215104, -0.23192255395166078, 0.22968278612561016, 0.25822729536078254, 0.7296966249032846, 0.11176238338121589, -0.11024618649826648, -0.1253292885395439, -0.3294288996293459, 0.2387365191330768, 0.16037024641883868, -0.1273387648081236, -0.1138845164667209, 0.07091242858636967, -0.07202923645982076, -0.12746841686455354, 0.04830339457154407, 0.16508636334017657, -0.06886286864661652, 0.7311617257556486
63, 2, 0, 4.88753039828134e-06, 0.9990248095245162, 0.0008436303283439283, 0.00012667261674150662, -0.2257285266106101, 0.22589558741332127, 0.25259287272386466, 0.7321275796206121, 0.11136694874050879, -0.10961869604738375, -0.12300900221570188, -0.0679444628024283, 0.0728997777694796, 0.03975112225090434, 0.03209151409441695, -0.037675856992893525, -0.005681622344879628, 0.0480437784244873, 0.10254761845130203, 0.16967099748280995, -0.14671163738365234, 0.014367706728673615, 0.7311617257556486
64, 2, 0, 8.4730956022324e-06, 0.9990246934464752, 0.0008402751142483273, 0.00012655834367433265, -0.22162261430288024, 0.21852023332153742, 0.24615959298153633, 0.7306547378380259, 0.11117708176990493, -0.11037681213675996, -0.12358036872537573, -0.045478871511827036, -0.16355933798722974, 0.11179025265373443, 0.1273273598635267, -0.048694480404809976, -0.114595888245666, 0.0013186936079923745, 0.05351500454898826, -0.06485177293821434, 0.22683765689484595, 0.11832208381655462, 0.7311617257556486
65, 2, 0, 5.691655399099148e-06, 0.9990333757930603, 0.0008343658307535749, 0.00012656672078700823, -0.213538313479482, 0.21329329920618528, 0.2403677335882568, 0.7311029375602212, 0.11080974246467235, -0.11038542864678716, -0.12421750989127214, -0.23127001067321123, 0.11409768297593488, 0.061554348166898865, 0.021377773979274435, 0.013195157826871497, -0.0786318767837713, -0.13780983785577552, 0.11603492894222259, -0.027763907215756372, 0.008652932217164637, -0.09795235292872422, 0.7311617257556486
66, 2, 0, 5.778224066921264e-06, 0.9990352928153052, 0.0008323688060630142, 0.00012656015456495505, -0.21010521146442565, 0.20849607215934757, 0.2333934387065507, 0.7306808243954382, 0.110374174844675, -0.10972783948869687, -0.12140302991598953, -0.14716054888849062, 0.11539670935911758, 0.16155057333587813, 0.07769633893540412, -0.04244537138519492, 0.08643691023148627, -0.07698720369770168, -0.006345865317349431, -0.05690042328010812, 0.026522925143487634, 0.0005622918536232502, 0.7311617257556486
67, 2, 0, 5.865671056829812e-06, 0.9990352785269782, 0.0008322975472257234, 0.00012655825473937982, -0.20142175611741112, 0.20324523324334276, 0.22713732422600663, 0.7331461682528623, 0.11190570239516122, -0.1100761013679866, -0.1233640615588755, -0.02903764051546307, 0.04854623821751734, 0.4077539774253728, -0.058721895079834316, 0.1887977897918692, 0.13702883657706996, -0.07024194961829285, 0.05023142473546788, 0.023544461070497368, -0.07712562105799117, -0.0020147063922092787, 0.7311617257556486
68, 2, 0, 1.1805897828779179e-05, 0.9990325322211338, 0.0008291481310938942, 0.00012651374994352219, -0.19722535655679954, 0.19809070808636603, 0.22045537304798982, 0.7326434048132635, 0.10936138171652732, -0.11169372014332979, -0.12354290751536734, 0.048210699633746926, 0.04584113784690762, 0.17829135659966133, 0.0018667254850495475, 0.271834016956077, -0.048386377987808274, -0.08329531634164865, 0.03879991078461932, 0.06661299213886963, -0.053822291237946185, 0.10150969588669365, 0.7311617257556486
69, 2, 0, 1.2070067951472385e-05, 0.9990324959868664, 0.0008289765331133825, 0.00012645741206876606, -0.191933602201507, 0.1926533716860183, 0.2139228275585993, 0.7323959783947734, 0.11172638208826817, -0.11178077430330968, -0.12562031074703145, -0.15095668067225643, 0.062366575360229624, 0.17085194264651743, 0.01597703397663395, -0.040859671153851, -0.10641041768782238, -0.07498497200795926, -0.041617164495804645, -0.09205167621196657, 0.24737652587417144, 0.04349717262014485, 0.7311617257556486
70, 2, 0, 3.726653053533167e-06, 0.9990430339178855, 0.0008268148354398426, 0.0001264245936211026, -0.18734938047798422, 0.186898277569695, 0.20819416637623597, 0.7319513312831192, 0.10800713158175215, -0.10863222818667569, -0.1232104862366642, -0.034877975109502815, 0.25193307565436146, 0.04966636359573188, 0.0048373228356413805, -0.10927851628874505, 0.0648901684286263, -0.0044928131884305455, 0.17574591896453778, -0.0211615469244959, 0.07814771669580313, -0.06321480615244167, 0.7311617257556486
71, 2, 0, 1.3164963622984861e-05, 0.9990416080070017, 0.0008188031469154519, 0.00012642388245981477, -0.1804755106034603, 0.18087569384088936, 0.20203365768042048, 0.7306323163038971, 0.10920765122780882, -0.11044097631914548, -0.1255100435732519, -0.07815261075378874, 0.035946790048729096, 0.14406059270955734, -0.14241655361822583, -0.10535048127865351, 0.05403553540364362, 0.012906141425935833, 0.09039199478011842, -0.01863846827987003, -0.0371781245773746, 0.07022559622396493, 0.7311617257556486
72, 2, 0, 2.3818038118952627e-05, 0.9990420520442521, 0.0008077027674224476, 0.0001264271502065374, -0.1761644568999054, 0.1777502452808403, 0.19641086963113163, 0.7310099523600999, 0.11054993418143595, -0.11313499127940185, -0.12296662824903655, -0.19939471185850768, 0.07518934502569667, 0.11424768487521461, -0.14466815371259562, -0.0992114029133085, 0.05457110031421085, -0.06329754622790636, -0.0017879273264233108, -0.19484882781129664, 0.09123459478738186, -0.003407909255282903, 0.7311617257556486
73, 2, 0, 2.417583991325687e-05, 0.9990424883920769, 0.0008069173392623152, 0.0001264184287476654, -0.17240799955532388, 0.16848519088381747, 0.18999999671906423, 0.7311108027403517, 0.10967965866464627, -0.10973920654967022, -0.12312395006590719, -0.028485056395076758, 0.18969816911747373, 0.20238945743979508, -0.04415513790785275, 0.08264985008339443, 0.06351087853496844, 0.011881566537306746, -0.016958564109219365, 0.042807754297642636, 0.06600151087266937, -0.21637899768486918, 0.7311617257556486
74, 2, 0, 1.7555263767107382e-05, 0.9990636558234947, 0.000792322275002772, 0.000126466637735332, -0.1627420851361504, 0.16411732305527488, 0.18562558347820438, 0.732141175670251, 0.11000627737668792, -0.110335407915607, -0.12487196593369301, -0.041074063121168146, 0.04433040376150965, 0.043295386400256396, -0.09701563580679232, 0.1328066264124414, -0.02313508114406435, -0.013399503392658519, 0.1552863416767299, -0.018188050485267605, -0.17992214864549555, -0.07089541421463873, 0.7311617257556486
75, 2, 0, 1.2113962836863295e-06, 0.9990805999430344, 0.0007916535610138059, 0.0001265350996679648, -0.15871144662199482, 0.158206364528779, 0.17841110046888017, 0.7295080028258575, 0.10972913240420519, -0.10926689024080878, -0.12553415206761814, -0.22220555610576992, 0.055490767970094404, 0.04497254589364922, 0.08777492042077077, 0.06571389540792025, 0.0345308776766659, -0.1448129410514181, 0.08184541510465011, 0.25020048852633303, -0.07333485447297375, -0.07860011122103064, 0.7311617257556486
76, 2, 0, 0.00014478567881168422, 0.9989485895687339, 0.0007800533082017735, 0.00012657144425264494, -0.15367266498025, 0.15174785605288282, 0.1723413484568595, 0.7327112754506644, 0.1113935947845813, -0.11168214250157701, -0.12380381221625696, -0.027199017620850724, 0.10525084787450241, 0.01320329649433426, 0.02801340758506629, 0.0062966898768953535, 0.03297070568400088, -0.04491958865549077, 0.012384952749845819, 0.06904497819277419, 0.03520003611697139, 0.12284035665482433, 0.7311617257556486
77, 2, 0, 0.00014547907330815483, 0.9989483179978115, 0.0007796661440586718, 0.0001265367848217225, -0.14783115270073593, 0.1487773235406598, 0.1664155011448919, 0.7317678760799705, 0.11171565660732914, -0.11147158931597183, -0.12335433021215414, -0.05388452687226676, 0.24146520418028858, 0.08836373489757918, -0.03890380771174902, -0.04588774715834189, -0.10119425943882077, 0.15808850942358985, 0.16328357290698364, -0.06658654818125878, 0.08410916226668251, 0.049803163554477656, 0.7311617257556486
78, 2, 0, 0.00012414463047742054, 0.9989707272275673, 0.0007784086104631368, 0.00012671953149218172, -0.14197732138601504, 0.14363560384847046, 0.1591683583855906, 0.7309618153762231, 0.11171381944384791, -0.11272301761090217, -0.12417241168683806, -0.09190840321262858, 0.016535959699694913, 0.19138969976913323, 0.07649182045245206, -0.08418890701624615, 0.06414482662538197, 0.02903742319862928, 0.053064725889841145, -0.005948484646189574, 0.11848076457380533, 0.021479073575709988, 0.7311617257556486
79, 2, 0, 8.13620249524741e-06, 0.9990942014753171, 0.0007707750154257044, 0.00012688730676198933, -0.1371228538701121, 0.13917158518927855, 0.15267630484885858, 0.7322942919454525, 0.11134210857880636, -0.11167652128746268, -0.12259228706558731, -0.08250663530832109, 0.07254285926206985, 0.016644555583481678, 0.12277289798691689, 0.010016537954747034, -0.10232722945493962, -0.012188115679981458, -0.000861832746508262, 0.1422713027300513, -0.03469212317733727, -0.012176185572448216, 0.7311617257556486
80, 2, 0, 0.0001986492103514579, 0.9989199478132379, 0.0007544352467186374, 0.00012696772969202007, -0.13261060689059928, 0.13140520802641356, 0.14780353149328265, 0.7295779765960712, 0.11141786944537051, -0.1110314559031618, -0.12401317161307941, -0.018659139801880765, -0.03503372768657013, 0.06524150080997684, -0.15180086522312314, 0.054026523485783774, 0.05567474464485141, -0.14132329626896029, 0.15574607315458783, 0.06544395683199451, 0.016479962616110184, 0.08600798995284108, 0.7311617257556486
81, 2, 0, 0.0001696152143085006, 0.9989531236459106, 0.0007502250759069114, 0.00012703606387387846, -0.1244831775982499, 0.12533088796222513, 0.141256904345579, 0.7307297791073595, 0.11138337042991812, -0.1120336325069615, -0.12485245693551986, -0.17582154766680666, 0.205322346494727, -0.0033416910602458326, -0.05660182660577655, -0.03360353057582789, -0.1158989552466142, -0.0714465577212502, 0.17870333464847982, -0.005835387399033049, 0.03836896927283596, 0.033557166655659484, 0.7311617257556486
82, 2, 0, 1.3449602317902712e-05, 0.9991111239495268, 0.0007482320749287948, 0.00012719437322654748, -0.12042844577718193, 0.11911316458878926, 0.13379644814754157, 0.7313629199717141, 0.10990539059876861, -0.11077432038799613, -0.12514309937952012, -0.21590406766564624, 0.09352176300470563, -0.09841991876131204, -0.0108305740199407, -0.020108041908905076, 0.12360588128101743, 0.09811143085800358, 0.03737125440715939, 0.022066576790400597, 0.048076743573696346, -0.13101447448934742, 0.7311617257556486
83, 2, 0, 7.8188741288495e-06, 0.9991226448239168, 0.0007423097351782541, 0.00012722656677611248, -0.11560848258749208, 0.11466821566882397, 0.1279244197173163, 0.7317865639681648, 0.11093645167220005, -0.1109713431147894, -0.12519023406063418, -0.09823916309699827, 0.08190037265488267, 0.02853702434185293, 0.028966777839796308, -0.06272198824604101, 0.10042136083968263, -0.10579468578426857, -0.005999144200429807, 0.04965510549086617, -0.13115846763504752, -0.00940825136166697, 0.7311617257556486
84, 2, 0, 0.00018195713945598187, 0.9989573807310036, 0.000733384018528947, 0.0001272781110113509, -0.10921539985767677, 0.10919148842226076, 0.12235560626793232, 0.7316228892005257, 0.11145369841858646, -0.11278592494902791, -0.1266257018123539, 0.055397644998818184, 0.026545622079210456, 0.029459486888768437, 0.04865781085725176, -0.021422205043004162, 0.18627958135567796, 0.0505038978371085, 0.09694443579539443, -0.03390338435020313, 0.01954596929232808, 0.035488851922335904, 0.7311617257556486
85, 2, 0, 0.00017390450453408374, 0.9989652904672657, 0.0007333246061032563, 0.0001274804220969417, -0.10528151531636173, 0.1038157282040636, 0.11515933877690554, 0.7313216668808771, 0.1099741708656851, -0.11062524601357619, -0.12479859355365552, -0.23223748981172046, 0.021975184970538575, 0.13333813470615344, 0.033441122474734006, -0.1482781440213006, -0.19602962830581416, -0.31761174943999804, 0.09774002508005394, -0.0674141540515927, 0.027516298685129538, 0.02090909867478687, 0.7311617257556486
86, 2, 0, 1.1360672276079755e-05, 0.9991305095776292, 0.0007303562400451829, 0.00012777351004970717, -0.0985533683130669, 0.09739264279472296, 0.11018685470682399, 0.731477281383779, 0.11180217863656114, -0.11176148320291782, -0.12527300372298703, -0.016796256931641173, -0.01207919527192044, -0.18084282031192744, 0.016270502510902257, -0.0807639879970302, 0.13089454124219035, 0.1197268730722012, 0.23796768689543044, 0.07080962818265088, -0.025492381567784744, 0.0030130563744902683, 0.7311617257556486
87, 2, 0, 3.0767972728781114e-05, 0.9991127934607545, 0.0007286536450223851, 0.00012778492149428795, -0.09512091358325092, 0.09270753012364046, 0.1047461377024386, 0.7321743454731894, 0.11104703084147985, -0.1082566453072106, -0.12439875706263062, -0.022246621228190357, 0.05266435998882485, 0.15241804897013148, 0.09466284874882538, 0.042095382032496284, 0.09304083037770061, -0.018445975376650322, 0.12831114262358106, 0.06283581848761945, 0.05331386348149843, 0.022979831320941155, 0.7311617257556486
88, 2, 0, 3.163405859594858e-05, 0.9991142929531306, 0.000726328601708611, 0.0001277443865648672, -0.0885722257539803, 0.08729408181208878, 0.09924899850013637, 0.7296194436683333, 0.1110701728595002, -0.10959909505076115, -0.12522516146478094, -0.19827981876991557, -0.07777161239063068, 0.12607097650872562, 0.0009700219890125386, -0.10685031452500053, -0.22124884304931572, 0.09838314064989732, 0.125755686596191, -0.021296493901945893, 0.054519400254674444, -0.056371170436491605, 0.7311617257556486
89, 2, 0, 0.0002938108895217745, 0.9988564173148368, 0.0007219753758560891, 0.00012779641978545578, -0.0816744714847974, 0.08273161417811152, 0.09092897588371071, 0.7317952290528156, 0.1099247727648264, -0.11040812222139629, -0.1249069089703699, -0.12881272298598853, 0.03492705861764757, 0.11480037690267611, -0.006651027775898889, 0.11855574266095352, 0.021334292329194714, 0.011790639639536343, 0.11193264854430054, 0.05720823689707395, -0.06433659042817148, 0.0915427744509281, 0.7311617257556486
90, 2, 0, 0.0002750305947590821, 0.9988754180561719, 0.0007217278648968179, 0.00012782348417223166, -0.07602768704276765, 0.07432067711089616, 0.08345333423444705, 0.7327348422652216, 0.11026338107254338, -0.1120281698972505, -0.1243339578357657, -0.1959374573232599, 0.15084624507760833, 0.07524992125846855, 0.11598734247443807, -0.008397853629602318, 0.08739645769843943, 0.10366999159890822, -0.0844540511261763, -0.0747565744072462, 0.013838762504126587, -0.1461128305273522, 0.7311617257556486
91, 2, 0, 0.00027033501019386563, 0.9988802220521603, 0.0007216211076559013, 0.00012782182998979488, -0.0701780368699152, 0.06844219714948468, 0.07889861458617622, 0.7317850683322573, 0.11159891097570004, -0.11113466064042303, -0.12396712940576748, 0.0894668215173428, 0.19265956103887, 0.1377683148293876, 0.11249172297317567, 0.030573571313099346, -0.16130956412707662, 0.17267200700156035, 0.08084356129489749, 0.13297905775869992, 0.0932834171763808, -0.1292508153474939, 0.7311617257556486
92, 2, 0, 0.0013822557845574986, 0.997767995916845, 0.0007203421342497079, 0.00012940616434778128, -0.06414408171845314, 0.06540329949939333, 0.07209769126062615, 0.7310775517399911, 0.11123232257693676, -0.1122359583211832, -0.12341822343304634, 0.0784726265045846, 0.0021086794276148845, 0.03699707601200965, 0.056666687183050846, -0.004592787677839816, -0.08464655761928506, -0.06871530251561107, 0.07669299287101841, -0.040839014437916175, -0.0767118976407983, 0.06302686473352459, 0.7311617257556486
93, 2, 0, 9.057793868736067e-05, 0.9990562956464771, 0.0007209356939554732, 0.00013219072087996772, -0.059337493333280214, 0.05825030311004063, 0.06661133149371798, 0.7303684498063887, 0.11102611670203504, -0.11084138944297976, -0.1225584520100417, -0.053169045653760495, 0.039568493997419255, 0.0415466868369934, 0.16434312227142506, 0.18715745443281828, 0.020905054810467318, 0.06701961122622925, 0.05354596795144777, 0.033610072873220806, -0.058853356077688976, 0.03868759258889966, 0.7311617257556486
94, 2, 0, 0.0005597858195894103, 0.9985861824355783, 0.0007202210182873965, 0.0001338107265449223, -0.05288337237236888, 0.05438265979238187, 0.060434740926158505, 0.7291777728481779, 0.11058984772834601, -0.11085177364491124, -0.12590721333425006, 0.024861315847180338, -0.01633850647261877, 0.09409202938841972, -0.026798947571099, 0.019599374171770774, 0.10620799344727087, -0.2322066982240248, 0.09344034606332326, 0.07742807764637477, -0.008116258412378272, 0.1343258974218764, 0.7311617257556486
95, 2, 0, 0.00016078102887630483, 0.9989880011093923, 0.0007161022738020631, 0.00013511558792932488, -0.04788911482765163, 0.048546228060053334, 0.05116314980893123, 0.732787878674148, 0.11011208348899851, -0.11081157613870707, -0.12501360598040023, -0.02738886307857072, 0.0010998000781101524, 0.13395542344745565, -0.10501406460699521, 0.03991489685596357, 0.14562654913821402, -0.13737768726412913, 0.19540463419484944, 0.1777237353599801, 0.0224376825265878, -0.0357057207979155, 0.7311617257556486
96, 2, 0, 0.0001636175146843412, 0.9989864649060599, 0.0007147864534693915, 0.00013513112578647965, -0.041308249019287764, 0.04185513776541649, 0.04885411440067213, 0.7300563713620002, 0.11074134814086703, -0.11070256448895459, -0.12367537700722386, 0.06713864124713106, -0.1541039816509761, 0.11631985862963645, -0.05304112432333293, -0.1590746974617977, 0.0023931025477466816, -0.15074014610389044, 0.025623033245536487, 0.11361131589557852, 0.2898064438165914, 0.02510763881820554, 0.7311617257556486
97, 2, 0, 3.341870442647678e-05, 0.9991160986394562, 0.0007147062376618906, 0.00013577641845543826, -0.036845894009758504, 0.0369512542525343, 0.04022086838569462, 0.7309156145723968, 0.11159054565137802, -0.11229271162716199, -0.12378885656821836, 0.11260656159423335, -0.005269017789846728, 0.045436982421041376, -0.0053920502451066145, 0.032197243393681324, -0.10041411653251502, -0.12398032086169486, -0.0026375241506143123, -0.07113267899924139, 0.029259891014416606, -0.0576615343967277, 0.7311617257556486
98, 2, 0, 0.00021797950651486698, 0.998933969137344, 0.000712095947096828, 0.00013595540904414268, -0.030220662248201115, 0.03140575242772114, 0.0364054621460883, 0.7322462485297242, 0.11091247055841764, -0.11143352738979731, -0.12377370517402235, -0.04487211866687646, -0.053474639310280084, 0.005018881189280752, 0.034986788951393476, -0.2142851079894105, -0.10441764340579293, 0.06885192101083035, -0.0826098392047491, -0.029230460865120527, -0.06632449364764156, 0.10055837619987881, 0.7311617257556486
99, 2, 0, 2.7090276208999998e-05, 0.999124621073571, 0.0007116130847518791, 0.00013667556546813215, -0.025928107981238124, 0.025369322186297515, 0.028755161825065167, 0.7314611901501132, 0.11042127715142087, -0.11245781790649242, -0.12513821009484122, -0.07344140570470017, -0.16920226884819425, -0.07165288269292583, 0.04763786174017885, 0.07830169160700667, -0.03230917483877786, -0.09658690972342214, -0.0243194540366519, 0.09487329274369903, -0.12578273433045356, -0.08765949999847338, 0.7319481123137269
