t, Event, Policy, P(still), P(random), P(reach), P(transport), o(t), s_a 
0, 2, 1, 0.6688864231109619, 0.01021028682589531, 0.32090333104133606, 9.432643555129516e-10, -0.5599793175165646, 0.7663801395148153, 0.6751562878435969, 0.6539021280266402, 0.044116998630382875, -0.0345906173760947, -0.1373345596030117, -0.06669750670397719, 0.4317414672722163, 0.38514266441070927, 0.030348788216069365, 0.10743562534895426, 0.14811279322059076, -0.013173297528232524, -0.060063158511933765, 0.04714866473721856, -0.10843936664682399, 0.11914746088027042, 0.8174196939425539
1, 2, 1, 0.47131837134126964, 0.010111825724334651, 0.518569801895191, 1.039204647580319e-09, -0.7657177823466966, 0.5167522423550117, 0.6448598152104148, 0.7452678884365884, 0.15311489039270282, 0.005506530396385889, -0.11137267677704858, -0.22219130476514276, 0.3664749861588932, 0.3124728114608216, -0.0475422693239736, 0.0008503395551820064, -0.0006470733632363663, 0.00023998243829605352, 0.0413192323597614, 0.00042707601991125713, 0.0003399058932716589, 0.0006666160286621086, 0.8174196939425539
2, 2, 1, 0.4713183713855866, 0.010111822537634022, 0.5185698050375749, 1.0392046475858816e-09, -0.6441048682181448, 0.5528571778347061, 0.6066884556803396, 0.6875224352699958, 0.14976632111982036, -0.270165630413329, -0.09800583463536731, -0.1838628545682715, 0.37103324134399934, 0.5326659121964796, -0.05656945631627379, -0.0007610598957538087, 0.000982371001027949, 0.0017776128399649253, 0.040345174868836556, 0.0012022832290265871, 0.0012213234834358058, -0.0011710887361459864, 0.8174196939425539
3, 2, 1, 0.4713183713691913, 0.010111821850492341, 0.5185698057411117, 1.0392046489510323e-09, -0.5340919819344064, 0.6212708249742733, 0.47031568452913497, 0.7614073107308416, 0.013475545839130776, -0.3205691222122147, -0.2171571584683721, -0.11376471593091371, 0.2757222023137157, 0.4198725283809539, -0.13732279687381946, -0.0005324703394674716, 0.0007605960332644396, -0.000588199174807444, 0.041043647305687075, 0.0016544073224972246, 0.00018364523120337653, 0.00019752856880505312, 0.8174196939425539
4, 2, 1, 0.4711326114184848, 0.010123355147108432, 0.5187440323896657, 1.0447410602398022e-09, -0.5725248982129294, 0.6048573099132311, 0.49778609834589205, 0.7980412756013088, -0.00298723257295177, 0.052036056634175806, -0.004416514292887941, -0.2759005410685662, 0.2862854889119522, 0.42833146255732196, 0.06594223102663885, -0.0004923533652787108, -0.0006092946288304482, 0.00042017777114616573, 0.03952436412086749, -0.0003358146115699226, 0.00019438342374518777, 0.000495642689731761, 0.8174196939425539
5, 2, 1, 0.47113260391882855, 0.010123338769376019, 0.5187440562670543, 1.0447410614241465e-09, -0.717990842346427, 0.4664966766695108, 0.638216232123001, 0.7975168234038249, 0.01771221232840887, -0.09411329887935481, -0.02785554590263397, -0.3938267226701141, 0.3293717607123585, 0.47334010722293146, 0.17182646402531163, -0.00023178134030371584, -0.00023350439069795163, 0.00028741792019673336, 0.03853504459446441, 0.00013438893025181456, 0.0009667353751042785, 0.0005753565867042828, 0.8174196939425539
6, 2, 1, 0.4737901629350781, 0.0062420498191358646, 0.5199677861909427, 1.0548434833767695e-09, -0.46551189121313097, 0.6081461746776713, 0.6196931334082112, 0.6373508752373244, 0.057906886311038665, 0.10295483645885076, -0.0761079096286859, -0.19249402221493153, 0.21506123280624, 0.3831566898610904, -0.015457312091674485, -0.0007439879340201232, -0.0013547580541752465, 0.0005858576292410001, 0.03976484003176321, -0.0026925094661227372, -0.0010551857489315647, 6.374274054660707e-05, 0.8174196939425539
7, 2, 1, 0.47377496062549085, 0.006243146363774173, 0.5199818919545359, 1.0561992120522793e-09, -0.3957737895993892, 0.6585604972502336, 0.6614372847335469, 0.7764938115111109, 0.036138257004608196, -0.1571860442441444, -0.08919224522259177, -0.2993483189163665, 0.2183149623764063, 0.2743357831157719, 0.12216831837646627, 0.0020147959562770816, -0.00017893054298423613, -0.001072375160261136, 0.04026054443885574, 0.0004314574125054667, -0.001057287530988849, 0.0014115672540205458, 0.8174196939425539
8, 2, 1, 0.47377483701237616, 0.0062430836568482815, 0.5199820782745764, 1.056199212307158e-09, -0.5594451126295067, 0.5848725730603449, 0.7373480425766238, 0.755619742241908, 0.18017465536165284, -0.1105315087872224, -0.24719442193526747, -0.4668920835590974, 0.26554722242716533, 0.36731960825335763, -0.020840939032861168, -0.0011757925810933177, 0.00018486072091201245, 0.001329361178172137, 0.03837193697606568, 0.00010661510659555069, 0.0002778798846030382, -0.0008304770733582225, 0.8174196939425539
9, 2, 1, 0.47375391102157627, 0.006245238703472136, 0.5200008492163158, 1.0586356990006356e-09, -0.5101158110034802, 0.6503609089393818, 0.5437865885747908, 0.821272469254879, 0.22578501813827428, -0.10250549657526146, -0.07473961217851774, -0.5108934527700121, 0.30908036199858085, 0.1782840504774061, 0.012232955918730613, 0.00013895547421763365, -0.0010055886984158611, 0.00027633403719158145, 0.0418774736703878, 0.0024988481030568882, -0.0007234041031104071, 0.0006841741040089097, 0.8174196939425539
10, 2, 1, 0.4736725367505957, 0.0059852556156492894, 0.5203422065704221, 1.063333021310751e-09, -0.7354194711220007, 0.5556190502839583, 0.5642992514647269, 0.8172435024129563, 0.15918055547369903, -0.014298227869472425, -0.22860539787944728, -0.15475475706302586, 0.23880413924454214, 0.31544358134270445, -0.04892970826057182, 0.0012050436033339304, -0.0013572033013045342, -0.00029271735943188157, 0.0421005678552959, -0.0006377525859996908, -0.00028728025117387895, 0.0008143674351863596, 0.8174196939425539
11, 2, 1, 0.4736725000209115, 0.005985239731431829, 0.5203422591843238, 1.063333022015528e-09, -0.47081928232618003, 0.4441371220791169, 0.7204310733581621, 0.6694836262663374, -0.1181608117489695, -0.09820305189455321, -0.16955059806718112, -0.3055842585069183, 0.38229087547913304, 0.3594702491619947, 0.12349965459428391, 0.00105073683686894, 0.0006543677553275945, 0.0007758886148125477, 0.039194288472588504, -0.001151776312686206, -0.0010701628072922525, 0.0015891736338355881, 0.8174196939425539
12, 2, 1, 0.4736982305321539, 0.003512737247503327, 0.5227890311286153, 1.0917275407784213e-09, -0.4100062572472968, 0.43772317809713657, 0.5948085927184026, 0.9770339008848096, 0.22165875145547248, -0.10674842592037614, -0.3239766515812746, -0.17581150656014674, 0.19762429010128701, 0.21090061593839549, -0.1610997297621075, 0.00038884265759878454, -0.0001201814857854624, 0.0003802477799803687, 0.03901500037175505, -0.00107149445186755, 0.0019072824723696366, 0.00017176989258463224, 0.8174196939425539
13, 2, 1, 0.47364974939431187, 0.003518035966582739, 0.5228322135187282, 1.1203772513877801e-09, -0.47877908765834964, 0.48019818200148673, 0.6024516240813742, 0.779836807661474, 0.2820088729256841, -0.06749895651490943, -0.1116756768253053, -0.13565969331351582, 0.17974266413328954, 0.2618184691526731, 0.04329884085129883, 2.194415168763345e-06, 0.00048052322966399475, 0.00031642994638863875, 0.04021176578354749, -0.00018319434026739246, -0.00018516243545896983, 0.00041595285721329354, 0.8174196939425539
14, 2, 1, 0.4736497035782302, 0.003518034963517669, 0.5228322603378749, 1.1203772860614134e-09, -0.3951337093042981, 0.40051229432160057, 0.6048501159397951, 0.7713250241453309, 0.317627331088459, -0.045991786713764596, -0.09160386306424545, -0.30231966096035745, 0.354943868932697, 0.35985273823313557, 0.033205634174751406, 0.0005852104111376446, -0.0015982960681379392, -0.0007095197569395008, 0.03845410358282646, 3.763585626609721e-07, -0.00010742536812026268, -0.001675498626676967, 0.8174196939425539
15, 2, 1, 0.4731635841084073, 0.00356536274462524, 0.5232710518565462, 1.2904212945314947e-09, -0.5379994233965925, 0.2605104562142099, 0.5442660594479867, 0.8114959313270086, 0.05534119208262829, -0.13943545750518402, -0.09630048454564859, -0.1992421513102674, 0.19967185387205486, 0.35730813205163436, 0.13894085211820167, 0.00022777197943807644, 1.0228426797567497e-05, -0.002061495939419585, 0.04136942824546837, -0.0007682463233765047, 0.00023560117565521636, -0.0013600380748483138, 0.8174196939425539
16, 2, 1, 0.47260941514677274, 0.0033690418923806773, 0.5240215406051342, 2.355712438431781e-09, -0.5394687181197769, 0.43514600376106455, 0.5846741457824397, 0.72653985654071, 0.07511566498868061, -0.12172050389603459, -0.22009898128445876, -0.06783021397881925, 0.04722796977563004, 0.21380821430343774, -0.07778243183291352, 0.000686052925357017, -0.0005767122465250316, 0.00033797467207792847, 0.04043987052173077, 0.00020026679181454795, 0.002491304454578044, 0.001244490692048106, 0.8174196939425539
17, 2, 1, 0.4705191863544061, 0.003971896148575781, 0.5255086797793236, 2.3771769463288744e-07, -0.29532738356735877, 0.48188869475995777, 0.4783761898275755, 0.83888828453143, 0.1063526828787303, -0.06679069068582608, -0.05207342940473978, -0.16085024029971243, 0.2126857254311557, 0.17962267703159623, 0.06968866202477178, 0.0002337152548699905, -0.0007640522156636165, -0.0011145718537284768, 0.03967688528949002, 0.00025617179198400835, -0.00022254879083623502, -0.00032097454085734493, 0.8174196939425539
18, 2, 1, 0.47051737984267156, 0.003966964663881605, 0.5255154177050184, 2.3778842832934335e-07, -0.44500826229629853, 0.5466892175172265, 0.5652707547553276, 0.6398589433223585, 0.2863037566882157, -0.11764810541231967, 0.003385296898019319, -0.08772672414922511, 0.24376196810411316, 0.13183910075138588, -0.10883416985043548, -0.0005461776892599425, -0.0004776342623549214, -0.0008653196690430555, 0.040701026520212936, -0.0009600984957133556, 0.0004990329793003764, -0.0005646904616889189, 0.8174196939425539
19, 2, 1, 0.4705170488004853, 0.003966954519321189, 0.5255157588917626, 2.3778843103880532e-07, -0.5057798058724823, 0.5411023444253923, 0.4684243536725824, 0.898799184950097, 0.1697020528799493, -0.10743223008171335, -0.14401361687515254, -0.2180608417748673, 0.16435976854979933, 0.5058421485306432, 0.024147155882342525, 0.0008213986432373902, -0.0002736825620224777, -0.0016032550133842107, 0.04012784818935236, 0.0001838933415757503, -0.0007927163200890701, 0.0011103859106501156, 0.8174196939425539
20, 2, 1, 0.4705168928599361, 0.003966951335357132, 0.5255159180162723, 2.3778843457506223e-07, -0.47874765446894385, 0.475546374154165, 0.6231066855748406, 0.7488613805902091, 0.053919732280012865, -0.19397517462189154, -0.16531183940510458, -0.1554202061472211, 0.1472523293355225, 0.38919881603844964, 0.1373080970855595, 0.0003346317275000277, 0.0012145505875547917, -0.0022392833795708096, 0.04172127230974755, 0.0006272879442965689, 1.675864420933498e-05, -0.00045892306189386815, 0.8174196939425539
21, 2, 1, 0.4689869467208432, 0.004117814873599099, 0.5268950000878427, 2.383177149138738e-07, -0.46113235460824037, 0.33304415010474714, 0.48633533791352973, 0.7024353401610022, 0.1776091944108733, -0.030646043621891904, -0.12148299773263711, -0.0906175430122645, 0.32350544646849866, 0.2851749612312954, 0.08694447048269485, -0.0006212389442329098, 0.000556911515502244, -0.0014186975056306916, 0.04026055079690852, 0.0020628409195863227, -0.00025963246369235603, 0.0006641635812749798, 0.8174196939425539
22, 2, 1, 0.46826070694568644, 0.004287153251558283, 0.5274519014632141, 2.3833954129373827e-07, -0.5342370611351794, 0.5541092695802023, 0.6945784425247539, 0.8210675397186853, 0.09946457802363626, -0.05935276368627505, 0.034241635365681145, -0.18141146085742582, 0.37588349398632875, 0.15717490210853344, 0.01695654009090546, 0.0005216579853301164, 0.0008341111259817299, 0.0008029493107012408, 0.040858948154863364, 0.0011757778267269662, 0.00011466358034488127, 0.000936557016781306, 0.8174196939425539
23, 2, 1, 0.4682595656923016, 0.004287356749941774, 0.5274528392180048, 2.3833975179463935e-07, -0.4345388275194019, 0.5635998668116657, 0.5839184984789816, 0.8844261226698681, 0.12876583789709053, -0.19918715875553814, -0.10754318901068252, -0.3255697902007562, 0.3677138732690041, 0.18173435668408883, 0.15725385827506821, -0.0009249063059098683, -0.000719229785142809, 0.0001155344580306679, 0.04148425477754377, -0.000524947759730382, -0.0013939327136609444, -0.0003550818543615676, 0.8174196939425539
24, 2, 1, 0.468179428894197, 0.004289893635808355, 0.5275304390468655, 2.3842312921251586e-07, -0.5545708363697859, 0.3941404264516832, 0.5363424815066027, 0.752986577654693, 0.1364130810993967, -0.15612422668973505, -0.19659299443011458, -0.2417557463925525, 0.14284528049231668, 0.2761913860568778, 0.030798997644702092, -0.0004316504259255072, -0.00017392953324646247, -0.0003015633412952757, 0.04013797051347285, -0.0011758639676233704, 0.0007585259912913956, 0.0010057922376649725, 0.8174196939425539
25, 2, 1, 0.46729990958639794, 0.004373126727863354, 0.5283267248247374, 2.388610013630061e-07, -0.4984479448308128, 0.48134986999807045, 0.5368161477663793, 0.8329921329012983, 0.17386203971220643, -0.017269942239136693, -0.1546116037062748, -0.2673802507114849, 0.2900244340896972, 0.21227303102986705, 0.0207110832121714, -0.0014812035508460944, 0.0007155416365295056, 0.0003215083631618301, 0.04054397930036703, 0.0003244660029210678, 0.0002007505449208076, 0.0006976875412108938, 0.8174196939425539
26, 2, 1, 0.4672104647418345, 0.004277752854417904, 0.5285115435380303, 2.3886571730912356e-07, -0.4671265082367887, 0.3203062718073304, 0.7181017845494853, 0.616164409398627, 0.1346145155269199, -0.09901986396865806, -0.1890294824014297, -0.17909440196479678, 0.20001358471465597, 0.1951122200481044, 0.014055732659672793, -0.00017999184863060674, 0.00044549509680849255, -0.0010774782486853887, 0.03890946956321431, -0.0011594958012683854, 0.001160015632180476, 7.7450761169713e-05, 0.8174196939425539
27, 2, 1, 0.4666976142655991, 0.004338555060002364, 0.5289635759140138, 2.547603847421912e-07, -0.2999105522265804, 0.35233904231960267, 0.41760580438682543, 0.6584808600839972, 0.07615246369474359, -0.04623256829931478, -0.1614437909344952, -0.4483232478652198, 0.14766972605507805, 0.19634917789246695, 0.07433445434509714, -0.0011497817102931803, 0.001368814793083414, 5.3909083725885825e-05, 0.039017536433073, -0.0017638410934910462, 3.656458401204324e-05, 0.0005925215962305531, 0.8174196939425539
28, 2, 1, 0.46687033649998766, 0.0038888285181729767, 0.5292405771212357, 2.57860603639374e-07, -0.34348270054990443, 0.29802883303582683, 0.30156370323857673, 0.6539475470674485, 0.06716335856069666, 0.0042881988999826206, -0.10581402011060352, -0.013704779963669233, 0.1831957315948861, 0.36496938748982366, 0.025439800030674514, 0.0009402332417849659, -0.0007247106334130519, 0.0008320274982058704, 0.03822444259341408, 0.0015283552498404859, 0.0018091383493966894, 0.0011632962608267652, 0.8174196939425539
29, 2, 1, 0.4668700868257021, 0.0038888158793859385, 0.5292408394291541, 2.5786575785579877e-07, -0.5439514558426316, 0.4465492970270534, 0.44700180710198884, 0.7758179847190624, 0.07882253828894416, -0.207518820247991, -0.11932798609235853, -0.17768340388329779, 0.14345491554746523, 0.3059214159009402, 0.07557018624747383, 0.0006069964232536763, -0.001391384647149228, -0.0006471481548652898, 0.03751331762329797, -0.0008974571195486723, -0.0006181957889243226, -0.0017929325318120845, 0.8174196939425539
30, 2, 1, 0.4666336503235355, 0.003911484051997502, 0.5294546059857157, 2.5963875135274034e-07, -0.40174041721541276, 0.5472855170102926, 0.3981005186645221, 0.7427521720856596, 0.015385135972513786, 0.019703510149729042, -0.10511115326605283, -0.3882530282056836, 0.20814327236620334, 0.2827525064950658, 0.037446880960386425, 0.00022732645880754228, 0.002366125904599029, 0.001038062685626107, 0.040981018975696434, -7.42833424100494e-07, 0.0014280773950073454, 0.0007405326332740872, 0.8174196939425539
31, 2, 1, 0.4666517112276453, 0.0038658444661333192, 0.5294821824425197, 2.6186370180572524e-07, -0.254083073543495, 0.31980874304525975, 0.2114332190767596, 0.6921110935283266, -0.07418814839333014, -0.12190348595515865, -0.1526176088108528, -0.18799010486201345, 0.27837842689755965, 0.27279209923165454, 0.02084589491863979, 0.0016413610406109385, -4.927423619166336e-05, -0.0011087204946080864, 0.039423381331621, 0.0012318092682365109, -0.0007868194984938362, 0.0007852954740542331, 0.8174196939425539
32, 2, 1, 0.46603373146097143, 0.004077697979163612, 0.5298880888185319, 4.817413330150405e-07, -0.42965976765554137, 0.5973090779048461, 0.4153300847646145, 0.8099100716603653, -0.009244093521537655, -0.10871849291497393, -0.11514097256789746, -0.019509360996845727, 0.19713180474887299, 0.13740041214777637, 0.029396428693792248, 0.0016560639030687586, 0.0028522430419804542, 0.0008196443692281223, 0.0405442122027083, -0.0006231608102327502, -0.0016980376190416872, -0.0009772714202373064, 0.8174196939425539
33, 2, 1, 0.4660337328093395, 0.0040776729383137575, 0.5298881125105779, 4.81741768941307e-07, -0.3616130005516944, 0.2791710029644672, 0.46987942748827854, 0.781990425117182, 0.1982898940287018, -0.2776994572056606, -0.19744244544618525, -0.2535977441554071, 0.2241477839045471, 0.17990727337772366, 0.0751501076505352, -0.0007856614719754694, -0.00032418734948784153, 0.0010814360824990613, 0.04120863716398325, 0.0002896876037661388, 0.00033141077652913085, 0.0007038286203111147, 0.8174196939425539
34, 2, 1, 0.46481839555438503, 0.004703779960436429, 0.5304564597473015, 2.1364737876963792e-05, -0.14082095071921313, 0.35905596740196394, 0.36969534761822564, 0.7391839022673616, 0.1399781590340916, -0.08581222934612777, -0.21673320234086946, -0.13045224693008323, 0.0920419636082532, 0.011287457909702115, 0.11744849019920349, -0.0006163081399171075, -0.001012598492270928, -0.0013965005588483072, 0.039375658417980186, 0.0002417959576986268, -2.782005414552866e-05, 0.0010033519369471453, 0.8174196939425539
35, 2, 1, 0.4648183829241704, 0.0047037822633816066, 0.5304564700745503, 2.1364737897749526e-05, -0.26678378039611383, 0.29313245757743556, 0.6428118068252134, 0.7187472792664834, 0.19237457918192144, -0.13242895573319563, 0.019883350086380314, -0.11135914470622373, 0.041058265660475636, 0.33053624174873725, 0.19585235411779736, -0.0024741756589035818, -0.0003578060023418346, 0.0006534976900446901, 0.039188315226480926, -0.001296759722917168, 0.0017416929520003301, 0.0012586827242355367, 0.8174196939425539
36, 2, 1, 0.4631269662101259, 0.004852758309821942, 0.5319988949245122, 2.1380555539934878e-05, -0.3497693445334249, 0.31868713359517215, 0.400312153809059, 0.9556490470925235, 0.22301815881504003, -0.017173945732976526, -0.12994542651603402, -0.12722855174751596, 0.1490663664616381, 0.3325508819366851, 0.03453184378955937, 0.0008793337076946931, -0.00036142497403095534, -0.0008429121015233434, 0.040413065802175595, -0.0003089413017612783, 0.0004855101896878918, 0.00011829697517378587, 0.8174196939425539
37, 2, 1, 0.46312696562412464, 0.00485275842160176, 0.5319988953967527, 2.1380557521015982e-05, -0.2978321065737937, 0.5435664580483653, 0.2676294244942365, 0.8450416111402614, 0.16968569746376266, -0.316306259977571, -0.21580767504894832, -0.28002994777532725, 0.15557207019000302, 0.1202901592156301, 0.039014455338044, 0.0011288337081532438, -0.000495601173224181, 0.0012921742009382733, 0.04035785367618429, -0.0014187933373030672, -0.0005062039780240167, 0.0009890427273465873, 0.8174196939425539
38, 2, 1, 0.4636778278887768, 0.003979268593168607, 0.5323215167027121, 2.1386815342412013e-05, -0.2204446195700073, 0.23740988845321614, 0.5015726921476149, 0.5507557796032257, 0.057630955864482705, -0.06451139940364285, -0.19893853595652017, -0.09219240658793246, 0.07737481609168335, 0.2406745814984878, 0.07605188118075375, -0.0009218006631470366, -0.00019227975536088786, -0.000851936204134599, 0.04097121588054477, -0.000817703307970333, 0.0018523680352458363, 0.0011281571278073332, 0.8174196939425539
39, 2, 1, 0.463662366890733, 0.003978203596965276, 0.5323380425171256, 2.1386995176245252e-05, -0.4985910461979812, 0.26258056177586087, 0.186153208841031, 0.7546169511893155, 0.12987462321011728, -0.04202562603207657, 0.10342163508645794, -0.04436806557838387, 0.18546611515131972, 0.4674895245453472, -0.0012535872446803376, 0.0005565438594447596, 0.0010309413905314965, 0.0004488065457986036, 0.04010456499749062, -0.00033734589035673936, -0.00012962729868046914, -0.00018945954394665362, 0.8174196939425539
40, 2, 1, 0.4637220233040519, 0.0036618776128413723, 0.5325947117057171, 2.138737738963561e-05, -0.4834613844363222, 0.46122562154374325, 0.4300560337341367, 0.7553134061963078, 0.22673036040030353, -0.07390999793973255, -0.20440750886224207, -0.03913189741949359, 0.2272032219659777, 0.2675983034403209, -0.032242524979619124, -0.001276342656872222, 0.0003130929764191402, -0.00036267564511354306, 0.04050914657873535, -0.00026820214698905595, 0.0001488371795212637, -3.4211371871755484e-05, 0.8174196939425539
41, 2, 1, 0.4594929555409169, 0.005693844964285785, 0.5347859266642057, 2.727283059179921e-05, -0.42416396884156854, 0.445741765945026, 0.3390574096058125, 0.8911499144979782, 0.056009957703528956, -0.09735478519552551, -0.025568655507551396, -0.27194780361174026, 0.273656340523036, 0.0924460801645747, 0.005407652404664556, -5.4684037030351936e-05, 0.0002197174584064938, -0.00040449234860215615, 0.041237354487646455, -8.876001895636073e-07, 0.0001915265180594989, 0.0011063496972782607, 0.8174196939425539
42, 2, 1, 0.45949323427098765, 0.005692916857974988, 0.534786576039288, 2.727283174949225e-05, -0.31346197217990596, 0.31820992384508967, 0.5645177188685259, 0.8383393997826355, 0.2424980137851132, -0.12923473461007226, -0.1355371160247571, -0.1414298570808177, 0.1548671517280664, 0.29080287837464025, 0.1447996490390937, 0.00083735656958545, -0.0005189733054475382, 0.00030005370260876993, 0.04114361515045065, -0.00010743385796374943, 0.00035095452517859967, 0.0019772559459115464, 0.8174196939425539
43, 2, 1, 0.3623334895919562, 0.0468578761769194, 0.5903643399719659, 0.00044429425915848794, -0.2667124581396384, 0.22979535253986164, 0.37700371927047266, 0.8107354693567379, 0.0608406308530963, -0.0493041396258431, -0.038370220482041514, -0.1993972891976335, 0.1483220895580252, 0.1150846012474851, -0.006134675011565363, -0.001582696146337885, -0.0004971480901514283, -0.0022989937381781315, 0.04053199351084855, -0.0018538646250311885, 0.0006947781741506404, 0.00037687192290734606, 0.8174196939425539
44, 2, 1, 0.3623319229047746, 0.04685834368736805, 0.590365435599418, 0.00044429780843951636, -0.21340784052710654, 0.5668650333914609, 0.38396431900540734, 0.7442215365773118, 0.10766962710331522, -0.1329261631232425, -0.13615245277520943, -0.3269637313235416, 0.23712002469983035, 0.05211306994838907, 0.14015767633771137, 3.000371528692561e-05, -0.0010506405742442802, -0.00031099127271425606, 0.041745564568537466, 0.00013350261280769944, -0.001680562825491116, -0.0009150125416898709, 0.8174196939425539
45, 2, 1, 0.3623320554885869, 0.04685773660888074, 0.5903655869067285, 0.0004446209958039975, -0.39362352017880564, 0.32325405436810006, 0.27789403153995484, 0.7244137880193099, 0.0781185564971705, -0.24229127338514117, -0.05451390308723732, -0.17509235707677073, 0.1623653325664662, -0.03356098301635076, 0.19171524060329576, -0.0009584463265261545, -0.000550136083106932, 0.00014574876747652335, 0.04085761090098452, 0.00046520274892363845, 0.001429249875958395, 9.787505570058381e-05, 0.8174196939425539
46, 2, 1, 0.36231968381048696, 0.0467846239566502, 0.5904510622044127, 0.00044463002845009986, -0.46994868161267356, 0.2683183162997476, 0.32507283203602444, 0.8762291301474651, 0.03693825766914138, -0.1092151629987537, -0.029379658361162943, -0.06692523596159597, 0.26954521284287347, 0.2050412859963823, -0.11574250487544009, -0.00015289426844192417, -0.0018980103077343355, 0.0005595513333626854, 0.0390291694902267, 0.0004646308667972022, -0.00025550536162767393, 0.0006636068449443381, 0.8174196939425539
47, 2, 1, 0.3623221180861892, 0.046766592708743705, 0.590466616450711, 0.00044467275435621905, -0.3361152532985157, 0.25160955077599934, 0.10526122394616885, 0.9302293359396788, 0.12322380813186942, -0.19042875648262672, -0.19250787333340363, -0.17105150292750743, 0.0625209477164849, 0.2644591548632461, -0.02356353374585874, 0.0005944556834730862, -0.0005361935340635234, -0.00018297872624600502, 0.040288771187424036, 0.0016983566700808968, -0.000913648597138404, 9.713250994702972e-05, 0.8174196939425539
48, 2, 1, 0.3623218223478205, 0.04676674488228314, 0.5904667483917989, 0.00044468437809744895, -0.20996175706515102, 0.22997301559658778, 0.20780100740871638, 0.6181668526087288, 0.16033259376915457, -0.16318092443955518, -0.2441796722520566, -0.18660874278033052, 0.14147348981414817, 0.04385095934378991, 0.15626378432508856, -0.00022891446574657893, -6.540059193814046e-05, 0.0010034349420318981, 0.040304606495275466, 0.0008559818770421587, 0.0010812862111453019, 0.000506383271734921, 0.8174196939425539
49, 2, 1, 0.36231377116605024, 0.04676919728850768, 0.5904723312604631, 0.0004447002849788964, -0.3295356463417532, 0.3894255814544295, 0.3166609200880416, 0.7709186112632846, -0.0555895911917101, -0.19881356395056082, -0.09105011042508122, -0.1196559730391625, 0.13758881250935726, 0.19210798907413754, -0.0203839192984121, 0.0010519150415021698, 0.0006338026733065314, -2.198642477612837e-05, 0.04098748775301535, -0.0016566864180690964, 0.00026252914615570457, -4.60400958452088e-05, 0.8174196939425539
50, 2, 1, 0.36231617882549333, 0.04676308638257076, 0.5904760340810007, 0.00044470071093528186, -0.1079210673268151, 0.5881430189026242, 0.27665136015374553, 0.9380817312287046, 0.11242262238760654, -0.12216484701002392, -0.11433447888949737, 0.05557074100888364, -0.06091853757515555, 0.3609570417428255, 0.027854858865198368, 0.0001273094931821739, -0.0018330388503057572, 0.0007885342844940751, 0.04101657175788864, -0.001962582683193322, 0.0003689644722224905, -0.00045965513190749063, 0.8174196939425539
51, 2, 1, 0.3670277543263905, 0.040087982947836706, 0.5924342520464551, 0.00045001067931768846, -0.3931978553070611, 0.3086842825548048, 0.2952034707805291, 0.7282138994882341, 0.07059166259324565, -0.040795386326774354, -0.06636154713154038, -0.16669827356728956, 0.13920132387157888, 0.2216653995986278, 0.014812979661111522, -0.0008072529470082368, -0.000473637792552859, 0.0010116467681739881, 0.038471480136728825, 0.0003205858036273743, 0.00046369746103553397, 0.000519738333736998, 0.8174196939425539
52, 2, 1, 0.3670279715479223, 0.040085685731609935, 0.5924363319091176, 0.00045001081135026327, -0.438523584082278, 0.3031313707232635, 0.43989395293776, 0.9003803290449748, 0.2635945908823075, -0.16510611359143365, 0.02892370944326772, -0.3106758264967427, 0.09379751261054285, 0.2607191531819463, -0.10638389736210482, -0.0023009618321765987, -0.00027964534842812546, -0.000676545711718007, 0.03915764970802006, 0.0008606787096936998, -0.00014705703582489315, -0.0006760655460827092, 0.8174196939425539
53, 2, 1, 0.3670283879468097, 0.040077511977804556, 0.592443906158657, 0.0004501939167287359, -0.300913501203964, 0.2573125258147, 0.3121194689888494, 0.9581688686304725, 0.16907533019621623, -0.21775449582139556, -0.15833818147817924, -0.2577350614878304, -0.04036640804091298, 0.09098946410605448, -0.07772262198746657, 0.0010622692862482662, 3.738766512493336e-05, 0.0009052906977255748, 0.04009129960383885, 0.0003231417822085117, 0.00013507612992102856, -8.101299834372058e-05, 0.8174196939425539
54, 2, 1, 0.3670278595980251, 0.04007785129746311, 0.5924440849467719, 0.00045020415773996, -0.26728450363705514, 0.38696312934699106, 0.1845712676152712, 0.7854382927530437, 0.23856452133743916, -0.10347335591074971, -0.08349547713880448, -0.058524189395709025, 0.17710405443856375, 0.16600246568651497, 0.2049772433647606, -0.0013266844022899148, -0.00039138300788769595, -0.001736725899225334, 0.041967683442439445, -7.933622110601569e-05, -0.00043145290567596264, 0.001233944893348937, 0.8174196939425539
55, 2, 1, 0.36713374056759107, 0.03980166837413575, 0.5926143455770526, 0.0004502454812205647, -0.12967254835711928, 0.24832906459387694, 0.4191185426751466, 0.9146540865228066, 0.10148486219229962, -0.11754278947659647, -0.20420761925666414, -0.15806192987312015, 0.094769524633964, 0.16631186409454873, -0.023438060185313223, 0.00012481052832545608, 0.0018083952448907487, -0.0007382372702428458, 0.04114308731629209, -0.00159206563054378, 0.0004189014021523837, 0.00021762548508599014, 0.8174196939425539
56, 2, 1, 0.3671324567327167, 0.03979486694103, 0.592621272326629, 0.0004514039996243599, -0.3075804919732221, 0.3754770225666618, 0.001412130455487226, 0.7817048253096341, 0.23877825275142933, -0.14777693565900427, -0.0560799421624671, -0.2232366077813861, 0.1174867216602767, 0.12195134727841381, -0.11548946567122535, 0.00029752589361046664, 3.1846655945817756e-05, -0.0018006263249378187, 0.04054929972278062, 0.00016138163144901655, 0.0004154388965487723, -0.000871070910275489, 0.8174196939425539
57, 2, 1, 0.3671361305789158, 0.03978739856292648, 0.5926250482709735, 0.00045142258718432546, -0.29654697989069584, 0.4152581423093615, 0.4014733236247122, 0.9525267473870069, 0.13834747095921723, -0.11999396244316063, -0.185399012329836, -0.23728975414440595, 0.002629643387934322, 0.11103910327737068, 0.021139440683319, 0.0009133835810641955, 0.000622363699199782, -0.002040194532269733, 0.03886129362609682, 0.00010113624673062161, -0.0017952592842292894, -0.0002242883784441407, 0.8174196939425539
58, 2, 1, 0.3671531529799309, 0.0396631880713523, 0.5927321502504276, 0.00045150869828930007, -0.353930262547754, 0.2839808627340554, 0.3905603193767204, 0.9022153672976945, 0.20526027791495824, -0.10805656319667574, -0.21595289414641444, -0.22075004811656496, 0.20087798582697483, 0.027337600069462908, -0.06075003685276559, 0.00035667715481493953, 0.00019222780282349486, 0.0006152433325726942, 0.04154638994748286, -2.5069587554549776e-05, -0.00046765663984492227, 0.0001835349691795199, 0.8174196939425539
59, 2, 1, 0.36715269404492, 0.039663117153055163, 0.5927326792128371, 0.0004515095891878438, -0.20561575407191382, 0.23605907248819863, 0.28263261048143873, 0.8459145709956978, 0.26910045742490274, -0.10292446465001737, -0.2363899203440784, -0.3097902704786626, 0.09331398188701338, 0.16130043497735164, 0.06649809757413945, -0.0012738163732863058, -0.0006425095671652926, 0.0012257051023455, 0.03976447423340467, -0.0008651370607999323, 0.00038635770168163737, 0.0011486788690474607, 0.8174196939425539
60, 2, 1, 0.3671526750733826, 0.03966311866082058, 0.5927326966527633, 0.0004515096130335003, -0.23815684486847255, 0.36360957615048456, 0.19394134288978723, 0.6713972638390449, 0.005180164321094138, -0.2548169441936828, -0.18440307413091736, -0.34754131521926024, -0.08971471971725517, 0.24323721122470143, -0.09884812542406146, 0.0007182503221353267, -0.0002558093745566528, 0.001948436813091673, 0.042630771173586025, 1.9972782577823058e-05, -0.00019748352067353137, -0.0001010828734807518, 0.8174196939425539
61, 2, 1, 0.36715211099382117, 0.0396633134069163, 0.5927330654359888, 0.0004515101632737167, -0.2571869998077969, 0.3131059254920422, 0.4020583289312083, 0.8376330803304486, 0.0746197617572614, -0.19456774310012345, -0.17152702474985265, -0.11795383540480335, 0.2213971968849215, 0.0879695861101304, 0.12147510087367949, -0.0008466411826384138, -0.0007565964747177874, -0.0007908293057692416, 0.03813628425168863, -0.00038052097654016, -0.0008025176474800932, 0.0009787006125357696, 0.8174196939425539
62, 2, 1, 0.3671460756470879, 0.03965757694990444, 0.5927382184773752, 0.0004581289256324643, -0.15663695048158166, 0.2184858446515648, 0.29542394380179415, 0.8710492100432645, 0.10744187168784099, -0.21995794653226888, 0.0009719242338217971, -0.10080503210139027, -0.025519969155591425, 0.07482760327760479, 0.10065485252502668, -4.689879089188925e-05, 0.001147579110685055, -7.877034285924778e-06, 0.04029104494395708, -7.015308293231961e-05, 0.00029462988396413917, 0.00042786452231999473, 0.8174196939425539
63, 2, 1, 0.3669349325585904, 0.03973234180983882, 0.5928633948473447, 0.0004693307842259868, -0.42482136053783937, 0.2917646584011528, 0.2701162271658892, 0.8639206188542203, 0.006446920753107666, -0.14592201620499873, -0.13545789563317942, -0.19450901891755373, -0.05375716155704224, 0.13197240365257618, 0.021140171461652653, 0.0010897170733198543, 0.0022832504961556276, 3.7768692223063673e-06, 0.040526261984782486, 0.0010813445791546617, 0.0013687027494505468, 0.00019028325124932304, 0.8174196939425539
64, 2, 1, 0.36698887224089216, 0.039653377289058794, 0.5928867275651721, 0.0004710229048769376, -0.25341396526092197, 0.16609597556527006, 0.2188268265711312, 0.8575523389018576, 0.18475915818024297, -0.02861419809267548, -0.09320501085177443, -0.23478573615757675, 0.026072422102266225, 0.18597453705825268, 0.11439026634127533, 0.0007816664957168366, 0.0004189108207617588, -0.0016532362863813863, 0.038117074192310765, -0.001128239482329574, 0.00012869546503764057, -0.000913233125382582, 0.8174196939425539
65, 2, 1, 0.36698802264584607, 0.039530554954889954, 0.5930102888361545, 0.00047113356310954797, -0.14382571267768074, 0.36226526076235205, 0.22538054523119372, 0.8455604425602614, 0.0024320403325467145, -0.11643391613337253, -0.2612239175771395, -0.1944813903934695, 0.21609403090402646, 0.08732415743795166, -0.11443220508962051, -0.00039109112177004466, -3.719505929835654e-05, 0.00045144703041978117, 0.03967917026047715, 0.0003733961429498813, 0.0005924830701332551, -0.00019708214623691926, 0.8174196939425539
66, 2, 1, 0.3662809620741592, 0.03997075875085267, 0.5932651648193983, 0.000483114355589976, -0.3262209142880013, 0.18007834147063426, 0.23455778415723966, 0.7246066899236226, 0.06563066844503582, -0.085623066418581, -0.08402262198445175, -0.08020969229505567, 0.21852810099003, 0.10400575753196792, 0.14969902953790376, 5.217515582396202e-05, -0.0006564941749310901, 0.00042429669855662005, 0.04245103652027205, 2.3610829348998825e-05, 0.001468630390045028, 0.0009851655348410272, 0.8174196939425539
67, 2, 1, 0.3663473046719657, 0.03984216114358555, 0.593313906506261, 0.0004966276781878007, -0.12448961753405538, 0.2662924056264936, 0.0703348248625045, 0.8922319568494925, -0.168689417686723, -0.1324845556071221, -0.14387737189110802, -0.04282525717523178, 0.0851240038148244, 0.12068814460816382, 0.03820221894575217, 0.00021313086643830683, 0.0005304887456365179, 0.00028373952694680507, 0.03978976161572843, 0.0007711463228226451, 0.00025010074426975824, -0.0020764284944908675, 0.8174196939425539
68, 2, 1, 0.36634777548193975, 0.03983715388020724, 0.5933177301154527, 0.0004973405224002279, -0.11728095830041645, 0.15845307544243353, 0.18162596929436156, 0.8027154637927513, 0.044034527490229826, -0.27912890211819147, -0.23803691330139012, -0.1644836579529457, 0.0925193850350616, -0.02204008601905303, -0.05270868172366213, -0.0004813618767133423, 0.0005504786156870299, -0.0033329049054654303, 0.04010153534282454, -0.0007954933927602061, -0.0001860032222452097, -0.0002786569637763763, 0.8174196939425539
69, 2, 1, 0.36559004412689716, 0.040320267403128905, 0.5935762014521629, 0.0005134870178109494, -0.2728097811271158, 0.13445915893813845, 0.18170354942951422, 0.844729793648054, -0.06583481793117649, -0.05729875039154618, -0.33644728570884175, -0.07127948035865402, 0.13239487478758147, -0.0178267009167119, 0.14079194117075206, 0.0010687193609702056, 0.0015087034757105798, -0.0001346340894827559, 0.03915910058814996, -0.00044625774795962694, -0.0007679746930377174, 0.0006779792010244794, 0.8174196939425539
70, 2, 1, 0.36558838279793454, 0.04029965995862788, 0.5935907125180105, 0.0005212447254270714, -0.1009657493002127, 0.19024817357223323, 0.2728556609462406, 0.7964658072805302, -0.011805655965199224, -0.20789756644182047, -0.14808981555201442, -0.023662429363207716, 0.02016007428674107, -0.041938621696349945, -0.03535323838372292, -0.0016299198707835766, -0.0010455505337413097, 0.00023197098742426544, 0.040193249796367084, 0.0010018354609903585, -0.0007540294838886346, 0.0009677176660672093, 0.8174196939425539
71, 2, 1, 0.3655882700552313, 0.04029958843585938, 0.5935908346303678, 0.0005213068785415995, -0.21895717447517965, 0.2714866087313418, 0.07658758845719885, 0.7606005924905287, 0.10456988059303811, -0.2630483282150068, -0.13279530637968953, -0.20144692965292252, 0.10736989425551306, 0.05814019299994139, -0.03119310246998001, 0.0004075727866144894, -0.0009746434963242434, -0.001103823272090963, 0.04039869338699774, 0.0001685684273775879, -0.001120517338732405, -0.00042086489248729366, 0.8174196939425539
72, 2, 1, 0.36203553092170787, 0.041938092157509536, 0.5947905747801359, 0.0012358021406467285, -0.17427519291236876, 0.2625341089291626, 0.13388567297672133, 0.910214979948087, 0.050181286461790466, -0.01227910230210646, -0.1369822590702378, -0.18104067263894463, 0.06817608060742586, 0.06932680399850191, 0.031409306970005595, 0.0017062706083133161, 0.0005321686817625978, -0.0005409015228545612, 0.039990430032151435, 0.0007793867507653143, -0.0007723807333769328, 0.001631722086535232, 0.8174196939425539
73, 2, 1, 0.36201246148191457, 0.0417689276634269, 0.5949813135543787, 0.0012372973002798713, -0.1455546228306815, 0.19610809193139758, 0.14884377509363916, 0.8302289507447449, 0.028717283125245185, -0.10108618756185743, -0.08205789902641396, -0.20906081289634798, 0.14247764392295367, 0.18272299813267626, -0.13372601505493822, -7.448400047686913e-05, -0.002379677288825353, 0.00035029344811175105, 0.039882893050805036, -0.0009973681647942362, -0.0006662951081716499, 0.0002734424319989108, 0.8174196939425539
74, 2, 1, 0.3622919475979405, 0.041001032661039355, 0.5954169842488423, 0.0012900354921779225, -0.22335037131948302, 0.21501790858920455, 0.22371749986079234, 0.9281480043486807, 0.12505976993665313, -0.12813571856466432, -0.1796953057314033, -0.15917952083001322, -0.11133816363730253, 0.09834519069696475, -0.02861099815011625, -0.0007319092642694144, 0.000764992590068534, 0.0014375935636842005, 0.04135608503911464, 0.0008908243088338456, 0.0011550888378768103, -0.00034172808947496386, 0.8174196939425539
75, 2, 1, 0.3622949895298953, 0.04098623327102723, 0.5954191108528716, 0.0012996663462059486, -0.21006995994695266, 0.2922416501910771, 0.12025279033825502, 0.9315336453179303, 0.21396232388586167, -0.1075368547808592, -0.045756854628510625, 0.05659790622763925, 0.06452766112079712, 0.0164068424975544, 0.15304532348086353, -0.0005636690959177022, 0.0002098504706523502, -0.0018901860482614223, 0.04097550715452834, -0.0001740573277989075, -3.5362872429176505e-06, -0.0003072364839450328, 0.8174196939425539
76, 2, 1, 0.3657976689654767, 0.022406926453840143, 0.5962188701755089, 0.015576534405174277, -0.05245017077351895, 0.09371755335792582, 0.13988414831884535, 0.6986889160059563, 0.27448164676622655, -0.006238954126413021, -0.09369859256238847, 0.038929429839555774, 0.04014065023907139, -0.17422325731689223, 0.017992410072839093, 0.001390828335378697, 0.001184146396328508, -0.0003362139153239239, 0.040313212772524545, 0.0010895116948879458, -0.0005421169003219534, -0.0001912098649661365, 0.8174196939425539
77, 2, 1, 0.3657976688913088, 0.02240692640988547, 0.5962188702989495, 0.015576534399856169, -0.19954883767386966, 0.22685130196231218, 0.2686167911431725, 0.6394356325245489, 0.33759279358518923, -0.07676130456120012, -0.2119792006938912, -0.2859403024637456, 0.02830021216237456, 0.13552949306923978, 0.11008413611673831, 0.00022551085884145732, 0.00021071260094072315, 3.6394152855937113e-06, 0.03815753133944921, -0.0020454214015136864, 0.00026875340715750524, 0.00043030009667895813, 0.8174196939425539
78, 2, 1, 0.3661301943407623, 0.0228938080612189, 0.5953135696715728, 0.015662427926445996, -0.02208064457596868, 0.11692229108961594, 0.07346920450191693, 0.6952479440477144, -0.0012967692996624035, -0.21965443569715734, -0.049241899727581674, -0.01680202630262593, 0.1099470466690728, 0.14167772446559568, 0.05444766770970063, 0.0011231663174303727, -0.0003672778305223685, -0.0010841314279525576, 0.042063356615609296, -0.0007301989157638998, 0.0014280141107762346, -0.0004314962181931877, 0.8174196939425539
79, 2, 1, 0.36581170698052357, 0.02248496488480859, 0.5957289136286834, 0.01597441450598443, -0.24385896371205837, 0.11363637045969406, 0.026117095654096433, 0.7130769461201857, 0.17167011407662908, -0.009549803949362067, -0.1893736388892492, -0.14687566361742702, 0.06119122893479102, 0.020015244923012366, -0.03642658407226366, 0.0009704120918461775, 0.0008804830175107297, 0.0002610688102514463, 0.03993459005893714, -0.0006514371089843526, 0.002427665622119793, 0.0005298513311163329, 0.8174196939425539
80, 2, 1, 0.36580640810730475, 0.02248623583655622, 0.5957299392837604, 0.01597741677237861, -0.12399892587468597, 0.23514646925668786, 0.055029782169412914, 0.6938769739418885, 0.10840274075121722, -0.16176817063208898, -0.11474083957962844, -0.2278145680431475, 0.11123900533030526, -0.015921941487162715, 0.0026674258010222496, -0.0003880246578545962, 0.00036481124871949356, -0.00017277417757314266, 0.038848990509406184, 0.0008358986008717968, 0.0010577095246548985, 0.0004123083988411956, 0.8174196939425539
81, 2, 1, 0.36590749917023113, 0.02230189264396026, 0.5957808460414501, 0.016009762144358498, -0.20319373296561674, 0.0011054652388571506, 0.05472074976856628, 0.7371246059417513, 0.007931897251360898, -0.24395641007966865, -0.06378621223977778, 0.19089654977865803, 0.1136932466494811, -0.02345011949342184, 0.05341592610080641, -0.000539994207421581, -0.00018532116487668266, -8.987765111845686e-05, 0.03990902267395001, 8.454034137155608e-05, 0.0002430723963398489, 0.0009859151235605144, 0.8174196939425539
82, 2, 1, 0.3659074997019873, 0.022301880733719512, 0.5957808534559121, 0.01600976610838102, -0.028615455494175025, 0.1614097891870834, 0.20004237696606672, 0.8592560947311261, 0.14086576764194836, -0.26850012628639375, -0.2094319210463659, -0.22821394995723115, 0.046561651754439146, -0.17833408109805135, -0.22407378982519638, 0.00046656372583020423, -0.0007862497320070483, -0.0008264815242490792, 0.03945217813569136, 0.0016055920928292737, -0.0005461542911662518, 0.0026239379389087856, 0.8174196939425539
83, 2, 1, 0.3658613693338924, 0.02231890955928353, 0.5958088508190419, 0.01601087028778231, -0.13830004961926254, 0.2228479064507333, 0.14488846398013985, 0.694951838391814, 0.14294264782922483, -0.0720617390145443, -0.15489855156657956, 0.039046510712475856, -0.08034935737642142, 0.20685137869184683, 0.11475653953166824, -0.0011013951719938346, 0.002156338827242096, 0.0019623380762301937, 0.0404565098661932, -0.0007063505723063151, -0.0009617862629067205, 0.0010264340216215944, 0.8174196939425539
84, 2, 1, 0.36585433928115685, 0.0223210089160438, 0.5958125318207923, 0.016012119982007172, -0.14208625033602956, 0.24876686358997943, 0.1440404846356999, 0.6236187739154266, 0.060330532776395294, -0.2042421143549665, -0.08720779472790426, -0.10898976295309823, 0.020579315476035104, 0.12626372255978788, -0.027110977520544886, 0.0015152813056784546, -0.0001467091251203615, 0.0006010241478382299, 0.04007912720984935, 0.0010318358372696109, 0.001317843865456751, -0.0005538661996287397, 0.8174196939425539
85, 2, 1, 0.36589791845637154, 0.02236384154751174, 0.5953978932553591, 0.016340346740757756, 0.011514457300454372, 0.12871467539579862, 0.18016634070735413, 0.9663496899555277, 0.30200706273285227, -0.07665558462592333, 0.012227224361863076, -0.14448528370327485, -0.09843011274759424, 0.03584575965159207, 0.05209877394410876, 0.0004971130118736997, -0.0008643261159272115, 0.0013844036866833, 0.0389201475342941, -0.0007214410085491812, -0.0015192837869839727, 0.00014646529504036505, 0.8174196939425539
86, 2, 1, 0.3658871602233066, 0.022371102500595205, 0.5953999500471852, 0.01634178722891317, -0.11614281745079524, 0.04307148098553389, 0.09844851101017968, 0.9766411916700649, 0.0031433634895629893, -0.19552730153097725, -0.17706675320672788, -0.02239357830544177, 0.20398614543843166, -0.06392479127084336, -0.0009156672816758333, 0.0018981008764213654, -0.0014773414138208253, -0.0008944256791060314, 0.041309763617168135, 0.000932129903078241, -0.0001560729641548716, -0.0005551203149813068, 0.8174196939425539
87, 2, 1, 0.34560355208269766, 0.03066751194161197, 0.6020135938039313, 0.021715342171759106, -0.06705310804311922, 0.17194356780719997, 0.06287097733847086, 0.873085610628823, -0.03622603977994769, 0.07154228551944439, -0.2285484003479789, -0.16824265610760822, 0.0312696531371985, -0.015306144469944393, -0.06093805677474399, -0.0010576665313991505, 0.0005464749963187735, -0.00224262351108324, 0.03935216571112053, 0.00045687991084819286, 0.0003064413854898303, 0.0006400587609811923, 0.8174196939425539
88, 2, 1, 0.3476319944217116, 0.027247218309718754, 0.6033871475780895, 0.021733639690480037, -0.13358362211337868, -0.05956437616176319, 0.13031016186390346, 0.7375602971011569, 0.1460887477570886, -0.12919519704115343, -0.1511562877102247, 0.08381765100154308, 0.2910723185169869, -0.05946233226607052, -0.057306970775917655, 0.0017715530212476043, 0.00031221384082834216, 0.0003089193460975174, 0.040149501710969794, -0.00020558088915305483, -0.0005255197738768396, 0.0012277146056907985, 0.8174196939425539
89, 2, 1, 0.3455831463461652, 0.028548704678229734, 0.6026731068662813, 0.023195042109323754, -0.13950778483997434, -0.14787811480217322, -0.07574683179530609, 0.7735701179096125, 0.10840382995923495, -0.010354011789099648, -0.07445676383381776, -0.14396224582029546, 0.040735762727540134, 0.06137255579935817, 0.1345739614300506, 0.00014438887873406036, -0.0007908385387961958, -0.0005371525310670222, 0.0406870884082924, 0.0013180544167338672, 0.00015781862582394613, 0.0009109546434606994, 0.8174196939425539
90, 2, 1, 0.3455932891584965, 0.02848722588415269, 0.6026300156266792, 0.023289469330671622, 0.016402943160732552, 0.20230867182293139, 0.16129001652504577, 0.8295414840131358, 0.17660043479726423, -0.1556208122882455, -0.04529000567642316, -0.07355841838972013, 0.029299960991780217, -0.08021212002102197, 0.055343575847818925, -0.00039817680551468585, -0.000532086182082533, 0.0006638142998696611, 0.04078442553799723, -0.0016972871767481517, -0.0009337943912636511, -0.0004041995178044008, 0.8174196939425539
91, 2, 1, 0.3135683904566376, 0.030491061455033417, 0.5682531430338212, 0.08768740505450777, 0.10790225715173189, 0.07378057453613948, 0.13624925836179497, 0.9129051677563371, 0.04890814305773713, 0.029751433951535854, 0.02762068710510097, -0.127732755789198, -0.07979359637068935, -0.031356848974087664, 0.027461124949466908, 0.0008549481144940911, 0.0008810773468225976, 0.0006643973645758252, 0.03933907674767885, 0.0017785145119006743, 6.161923329309522e-05, -7.626709843190325e-05, 0.8174196939425539
92, 2, 1, 0.31331060006256606, 0.027606064237524305, 0.5713002796197205, 0.08778305608018921, -0.23339344814322258, 0.1802798948517771, -0.021758282335277844, 0.8086431071556952, 0.10059601270346794, -0.03968627034616581, -0.2296009148050029, 0.008658867343364263, -0.05295209015129261, 0.10960941650553999, -0.16898247389213988, 0.0032288410492858468, -0.00016087532874695307, 0.001560839916959622, 0.03953078193612951, -0.00045392302147723103, -0.0008795244892188051, 0.0006000161106584413, 0.8174196939425539
93, 2, 1, 0.42983391133155313, 0.04853541308790959, 0.36640306554317287, 0.1552276100373645, -0.02953579243176413, 0.05654442177201385, 0.024008993831921614, 0.7732518332438082, -0.11577171269121997, 0.02707162405331327, -0.07530660686296635, -0.0565023342283555, -0.15765074981944954, 0.042590311548422674, -0.04339598578147702, 0.0028448900621733065, 0.0016437975074330622, -0.000518330730689369, 0.03999078223784241, -0.0005023632115797721, -0.000804428363673553, -0.00013063306321922956, 0.8174196939425539
94, 2, 1, 0.42983443636232543, 0.04869214907856396, 0.36624092198564057, 0.15523249257346994, 0.03982140831273832, 0.0034476541705116713, 0.11667794619672853, 0.7966399223924528, 0.23162277776222573, -0.38635647727353406, -0.25625765093348984, -0.11113643804182252, -0.05928808668705008, 0.13721368310565268, -0.15763432963687668, -0.0009562323544233094, -0.0010764002938892234, -0.0006797052003008578, 0.041334077380611255, -0.0005610011774535458, 0.0009379570763573682, 2.694978617349471e-05, 0.8174196939425539
95, 2, 1, 0.4188427666537819, 0.055038132913559655, 0.36691414198812455, 0.15920495844453392, -0.020298125083025937, -0.10562876047824572, 0.19483341347916494, 0.9071590828397932, 0.0528231363124537, -0.11549437712305806, 0.03855158081646222, -0.04022364230838295, 0.02791031468197954, 0.03383902203254159, 0.0033786885306215236, -0.0013105203790424965, -0.00029649968345036996, 0.001327665801017005, 0.03866237098460869, -0.0006256192412859303, -0.0024591404177121343, 0.00012666477686263986, 0.8174196939425539
96, 2, 1, 0.41797911415974165, 0.055455266802715494, 0.36671275975005146, 0.15985285928749146, -0.05665367106371648, -0.017880489481431373, 0.045651810758366614, 0.852843736269012, 0.14881696873570502, -0.08542968372500767, -0.0445638361431062, 0.15169395359079102, 0.014191855276024321, -0.0075772003471771794, 0.03180191526805329, 0.00016885770744386818, -0.0007094099397546782, 0.00030019066769865286, 0.04172748411504228, 0.0005407159247940881, 0.0010170614530613518, 0.0013190938836782611, 0.8174196939425539
97, 2, 1, 0.41802517776244746, 0.055639172293150775, 0.3660554960623756, 0.1602801538820262, 0.0715191846748576, -0.02112717045472908, 0.10414558806715377, 0.7922690417564848, 0.21018469540999513, -0.08196126081774134, 0.07834068002279507, -0.04281671380796682, -0.19194164031601227, 0.01635611803243161, -0.05279064134718577, -0.0012938022723250721, -0.00026294297225421177, -9.954177060048752e-05, 0.04056124571046253, -0.00010041998881069633, 0.0005519224701206618, -0.0005374363157032934, 0.8174196939425539
98, 2, 1, 0.41794578410562844, 0.05564088988370069, 0.3660571096406622, 0.16035621637000874, -0.16523603028860165, 0.028370415571349623, -0.044723910234117654, 0.8442663125140772, 0.13284144705830359, -0.04926971237075213, -0.18561331767380387, 0.13616070934929156, -0.1301242312158562, -0.10700921404978132, 0.1787005576414497, 0.0017427301151356708, 0.0004993925231804024, -0.00021099171748302357, 0.040151436755967634, 0.00023803979616147112, 0.0004540032933500112, 0.0009849911821316532, 0.8174196939425539
99, 2, 1, 0.4178765587542173, 0.05577905698734642, 0.36594856345052623, 0.16039582080790998, -0.15443429906575784, 0.1725524149031023, -0.02987598469835422, 0.8549057988585144, 0.005796318905662079, -0.0785143870432576, 0.016025044463430428, -0.043244097952284385, 0.03837491258292526, 0.13865832552294477, -0.058262845241195314, 0.0017469095829098346, -0.000373316428508643, -0.0003502112596097004, 0.040082023895710125, 0.0020929031976391465, -0.0004984061836857043, 0.0026614666630706343, 0.8000564912606697
