t, Event, Policy, P(still), P(random), P(reach), P(transport), o(t), s_a 
0, 2, 0, 0.9013968110084534, 0.013763229362666607, 0.08251520991325378, 0.002324785105884075, -0.5104751333826714, 0.6026448744947652, 0.6574425134660353, 0.045714296303592486, 0.17265147494040126, -0.011140264210176432, 0.0113675796083746, -0.3316340134039833, 0.2892077979277076, 0.24749667456728391, -0.036110746145363845, -0.02169532629834942, 0.16217782854491197, -0.11850395486848694, 0.048553392096850966, -0.11430356119472287, 0.053974600094237914, 0.10074716606681589, 0.11619940620362386
1, 2, 0, 0.9034145911616283, 0.014017935848236355, 0.08256619807294542, 1.2749171899360615e-06, -0.5689226364506634, 0.5692264510098731, 0.6379929319864835, 0.11563022506059487, 0.11048974196441333, -0.11095483725660311, -0.12419172747471152, -0.38072604917212327, 0.33811869189487287, 0.14243335152112474, 0.011094528119395344, -0.011631915489764727, -0.07290266516165049, 0.011024741816677749, -0.04924511208327727, 0.04882339725783799, -0.18773723771801892, -0.025976523692581487, 0.11619940620362386
2, 2, 0, 0.9033873854652281, 0.014018010597747972, 0.08259456450241279, 3.943461114957169e-08, -0.564279895582524, 0.5628624934732418, 0.6313747595352643, 0.1162696347072677, 0.1121489211138543, -0.11164654130405564, -0.12475133197337651, -0.38048607685284913, 0.4400139862993361, 0.5900804301096839, 0.2861308446039654, 0.04487008612514595, -0.25434283154014903, -0.09198634269031057, 0.0009346709934476283, -0.00696892411718588, 0.04918499788835518, -0.06616053912843325, 0.11619940620362386
3, 2, 0, 0.897782524135229, 0.018211850570551726, 0.08392077526954929, 8.485002467005094e-05, -0.5587376579826139, 0.5582841050740696, 0.6241211604484053, 0.11609839770499031, 0.11130085950713937, -0.11064400562660756, -0.12347941787483126, -0.3196516818034996, 0.28900946277372486, 0.20972986381651593, 0.07318105558082236, -0.05113496743336012, -0.0770945966058952, -0.07449766104365113, 0.0780965341722991, -0.010468537452691815, -0.09536136038160258, -0.024220474248641523, 0.11619940620362386
4, 2, 0, 0.7520626000516801, 0.11445557502980303, 0.13286611670468665, 0.00061570821383018, -0.5544452138789797, 0.5523132119204719, 0.6198109143252744, 0.11748815709751692, 0.11231510193959593, -0.11195674462539999, -0.12297766022572457, -0.1772447969312115, 0.4702026794548046, 0.3031781632732069, -0.03289517852517739, 0.12681586559034083, 0.0028044125195198924, -0.029083013428805243, 0.033132555710517486, 0.009765917366054377, 0.10331643937436305, 0.0931254065407349, 0.11619940620362386
5, 2, 0, 0.7524867553692326, 0.11460108622113616, 0.13290293036317932, 9.228046451785044e-06, -0.5474971165504676, 0.5472034781622129, 0.6139294584164244, 0.11592010856548315, 0.1092377050186103, -0.11186580763106684, -0.12332894281139703, -0.14511557582109053, 0.2626526209354566, -0.030948246091654807, 0.1055327865762832, -0.05557720208216312, -0.18194009882821421, -0.17188449743535467, -0.0595619632425302, -0.0887447515905598, -0.11718907830589578, -0.10545036598124109, 0.11619940620362386
6, 2, 0, 0.647117323358419, 0.20867583928792205, 0.14318214910436186, 0.0010246882492969966, -0.5397333375861716, 0.541261623432857, 0.6079993609776643, 0.11554105847712863, 0.11147726081935456, -0.10994185876331053, -0.12223366981758903, -0.29867615837559847, 0.39639964280928225, 0.038463459004035624, 0.062381461765906907, -0.04666444872776191, -0.04376656363089667, -0.0324102835191135, -0.005065153927387439, -0.026260753590972425, 0.048859386294084206, 0.020600533021941, 0.11619940620362386
7, 2, 1, 0.5556446622885695, 0.2397096729557601, 0.2022503537089122, 0.0023953110467582962, -0.5352178509644159, 0.5363286078307782, 0.6007021933982146, 0.1146583486972175, 0.1108490605249165, -0.11223827415566101, -0.1243354372114889, -0.22098293043606398, 0.20903854542503408, 0.46413281230520786, -0.10794676732627731, -0.05166500349333778, -0.021202154440795536, -0.09231442573142037, 0.08786590483616456, -0.23506842094630503, -0.04209031040370419, -0.06854604499282206, 0.11619940620362386
8, 2, 1, 0.5101153507574175, 0.24834969173380322, 0.23917181736491677, 0.0023631401438626138, -0.5145254122967262, 0.6026432631631008, 0.4509583598804888, -0.02399524528414383, 0.11222497122250008, -0.05521729979307928, -0.24841930170584003, -0.3833879232927545, 0.1824455508411663, 0.3705121487758755, -0.011069065481402995, -0.0002871635938705101, -0.00015094097715400738, -0.001105444647002385, 0.03850331107691779, -0.0007771086191245022, -0.0013899883280848826, 0.00017481221060456568, 0.11619940620362386
9, 2, 1, 0.510059147603281, 0.2483627817081756, 0.2392545193736332, 0.0023235513149101996, -0.5349718473092225, 0.4925758578633568, 0.49335845806918555, 0.16724447011135882, 0.2849697729059528, -0.03755138289127406, -0.31837811971100144, -0.2674526526031616, 0.10971461954155803, 0.33129938725235225, 0.10554577934255797, 0.0009952753266678524, -0.0001624755164843205, -0.0008609378880451268, 0.03846344106540375, -0.000857623793426902, 0.00047363140822167735, 0.001497158576860704, 0.11619940620362386
10, 2, 1, 0.4715621090965464, 0.2706786840448264, 0.2549605487608779, 0.0027986580977494, -0.6038307926333938, 0.6368325977621108, 0.49462015561917727, 0.18465864705012802, 0.10849981776987838, 0.03932902263028779, -0.025659491220750875, -0.28257063364692436, 0.3050787379669969, 0.24237188684645763, 0.1595079697426133, 0.00029361049226917673, 0.0009527322315167439, 0.0013166546720237364, 0.04028311807113959, -0.0005121557903604078, 0.0007172143923774817, 0.0005481701172979594, 0.11619940620362386
11, 2, 1, 0.47104588939918385, 0.2707161312266215, 0.25544229585213096, 0.002795683522063548, -0.4618566397958753, 0.6023306363661287, 0.5610509833934414, 0.306217498014559, -0.08332017124539257, -0.11609979278734836, -0.2757430999229288, -0.3104934047774416, 0.304121563704136, 0.3607526614637699, 0.08484230591780373, 0.0009733784083619361, -0.0025098657161926616, 0.0010696853496243116, 0.03967799161197924, 0.0007913279098829817, 0.0008574938546987946, -0.0017127684485043909, 0.11619940620362386
12, 2, 1, 0.470419726280869, 0.27113146156071416, 0.2556525041790108, 0.0027963079794059557, -0.5174951460411302, 0.46080672487781243, 0.6215005047141469, 0.017155019097712755, 0.18562708376939338, -0.17739206328612958, -0.12175706999959165, -0.34541893453432376, 0.25300018097971394, 0.11751656003910571, -0.10912520135278633, 0.000738025502815557, -0.0007957166035760567, -0.002282562746990398, 0.04189895797472589, -0.0014332989334590173, 0.0011926297764529336, 0.0002642626337060219, 0.11619940620362386
13, 2, 1, 0.46934921570497573, 0.27153999398874323, 0.25631112365092995, 0.002799666655351179, -0.4237105286083721, 0.5911882922623943, 0.5104099015756216, 0.34278341963726733, 0.18309763249182323, -0.08806478055475922, 0.14781098477161764, -0.2642867817152262, 0.2658366704886331, 0.5405999060050489, -0.05468901157677708, -0.0018745692472311181, 0.0003059656520063115, 0.0018294622451307172, 0.0410419775056793, 0.001016867603634961, 0.0010368229988396355, -0.000348727039688343, 0.11619940620362386
14, 2, 1, 0.4698413636395332, 0.27167888510763444, 0.2563279753303687, 0.002151775922463609, -0.6886695500109289, 0.5717941281917015, 0.4631671254404447, 0.11522776151098216, -0.017947758247195078, -0.04915652253364455, 0.019237804535141588, -0.30641393117603644, 0.056312194612253695, 0.20912396756797022, -0.09721321760976162, 0.0008046515234721247, -0.001372539667018604, 0.0003322258968341364, 0.04181566062229343, 8.856757282307788e-06, -0.0008368318174671133, 0.0005691458074147707, 0.11619940620362386
15, 2, 1, 0.46978031620733834, 0.27131364874240343, 0.2567400583886695, 0.0021659766615886745, -0.299718648962023, 0.4122768229685441, 0.47250363725697786, 0.16001776705433496, 0.17612401202034106, -0.1451413235236349, -0.1453747004218809, -0.2600803444455334, 0.21196219401322708, 0.2955049438344931, 0.14675739212879013, 0.0003545481581709464, -0.0018563246352069171, 0.0009165495970642421, 0.04038507233935097, -0.0004259477456177472, -0.0009835056867457588, -0.0003450547493116698, 0.11619940620362386
16, 2, 1, 0.4596418996901648, 0.2731744148329275, 0.26498531447753126, 0.0021983709993765575, -0.38972321624742196, 0.35637514917651714, 0.5834194631886411, 0.1813880778558296, -0.0543971601664204, -0.2576123662616837, -0.10485316633796268, -0.24522621448850965, 0.24142689459619224, 0.381683877702621, 0.1471827832828307, -0.00012572369413338988, 0.00019224092029426662, -0.001331565997761055, 0.03995188982100461, 0.0019680743643053144, 0.0011700242363252746, -0.0010892596444529337, 0.11619940620362386
17, 2, 1, 0.43773253158470793, 0.28484284285413664, 0.275125708666147, 0.002298916895008506, -0.6412880479757562, 0.5745814985138276, 0.6020296981095761, 0.1465585387883393, 0.18048863452710018, 0.03335088063091383, -0.1114191981699377, -0.23062789475275847, 0.166553148304395, 0.24379977257316435, -0.026871597925902695, -0.0005715011652586703, -0.00037828223334353695, -0.0001888923917279038, 0.039454808932365255, -0.0006192820859350637, -0.0016225213606673179, 0.001427033992270696, 0.11619940620362386
18, 2, 1, 0.4377819181718845, 0.28476592906153103, 0.2751519835622157, 0.0023001692043686287, -0.4797123687249686, 0.3206232803338338, 0.5592919135111741, 0.20936326964659996, 0.21044996085697681, 0.05612714719179059, -0.13535461008679722, -0.21748859259550252, 0.18437661083425977, 0.1029160757987618, 0.22643015865353516, -0.00033684965905703465, 0.0020653817715112445, -0.0009326016114240247, 0.039945206349402955, 0.0009049170552136322, -0.0006838041344426139, 0.0014302993136924565, 0.11619940620362386
19, 2, 1, 0.4253274116216846, 0.2901968846320294, 0.28212090350589286, 0.0023548002403930564, -0.5222901231174238, 0.40442616941071974, 0.5723647053612491, 0.12971209668404607, 0.04584073084340068, -0.254624859249173, -0.15672865849348858, -0.3280453722798179, 0.2785810287799324, 0.2224349391913782, 0.06712449928857984, -0.0015764076020810783, 0.0002482551112819897, -0.00011492629349531267, 0.03911421586906431, 0.0008880381336740337, 0.0007419770499368782, -0.0012481495679600339, 0.11619940620362386
20, 2, 1, 0.4252204661096204, 0.2902674473967874, 0.28215710925188164, 0.002354977241710555, -0.18662919539430609, 0.4380046621262556, 0.6638075715874092, 0.0720267689577423, 0.13733511556546057, -0.11381238488530061, -0.25583195522903457, 0.07976079571869152, 0.31921120543606746, 0.07845873976883737, -0.04845786605241724, 0.00040259672689339445, -0.002486554012007044, -0.0004582948309563827, 0.03907456085458588, -0.0002638103488409727, 0.0017667609264287846, -0.0012515487882673718, 0.11619940620362386
21, 2, 1, 0.4228429406049243, 0.29180075109683684, 0.28299830932188225, 0.002357998976356742, -0.45196771056751295, 0.4168847803388843, 0.6352632647173639, 0.10535045612173737, 0.007143003223991307, 0.08602649846835034, -0.10763851728831675, -0.3113087750223481, 0.34220040881879754, 0.13989217710394836, 0.028789852239557157, 0.0006831945918703586, 0.00045370456745304037, -0.0007871561267334054, 0.04054555416708788, 0.00013157588258643619, -0.0014972247378702093, -0.0010217830416495732, 0.11619940620362386
22, 2, 1, 0.4211418476892008, 0.2921513488974888, 0.2843627107894396, 0.0023440926238709556, -0.3565306185074909, 0.49075591907389626, 0.47909252160619886, 0.2614370592298071, 0.20335734634086694, -0.22129343226682563, -0.31939459238492607, -0.29322781293612643, 0.28839914260583577, 0.3230038671870589, -0.0304594385420962, 0.0004279421315895487, 0.00047959442613139294, 0.0005766197103110691, 0.04085333999037455, 0.00017961895640667886, -0.0014236094688814963, 0.0007859176226579367, 0.11619940620362386
23, 2, 1, 0.39888306486855607, 0.29780495526421985, 0.30090930035560326, 0.0024026795116208603, -0.44020321267579343, 0.497958972763783, 0.5568412876633998, 0.18171845397256972, 0.1294447234658495, -0.18147711593657237, -0.23532805278519914, -0.24574231723024642, 0.2912950404997793, 0.30371350047636614, -0.008027408310039657, -0.0007065040757835829, -0.00023087902400513254, 4.4674777233407794e-05, 0.04002847657366928, -0.00028962711540886165, -0.0009063824765129629, 0.00019589042160878884, 0.11619940620362386
24, 2, 1, 0.40018222552729527, 0.2964813411642762, 0.30092034339771545, 0.0024160899107130694, -0.4848742543224641, 0.45405457251267434, 0.46787696301875864, 0.19350041112541366, -0.10885278143114445, -0.14342584903670855, 0.028763229143173086, -0.3925142783740655, 0.1699368574840455, -0.05975149852677197, -0.010074512223335236, -4.098358065356192e-07, -0.0011713039050588274, -0.001044280518005726, 0.039647612816370775, -0.000655832506503423, 0.00014296888966596806, -2.3176916801235216e-05, 0.11619940620362386
25, 2, 1, 0.4246451010312503, 0.27037528000503624, 0.30242791533515495, 0.0025517036285584655, -0.43009725498174556, 0.37238014471011865, 0.5110420465742012, 0.018364636298947145, 0.03361039262776572, -0.06063695639063584, -0.11212909685615077, -0.40822169473113146, 0.1261641943554054, 0.1477599395722971, 0.162319883893225, -0.0008869768387789488, -0.0003205917628628141, -0.0007283839537149779, 0.04068895906510414, -0.001095754062820914, 0.00036263123128840003, -0.0007616958760083015, 0.11619940620362386
26, 2, 1, 0.4222660652496996, 0.27245890000244194, 0.30263725137654257, 0.002637783371315771, -0.4315874321360608, 0.5714373548883638, 0.45571061679151786, 0.16232602815612554, 0.15529990076560796, -0.20503466330429712, -0.08335696554879597, -0.0993267561814976, 0.07499760266036086, 0.13846965360743924, 0.06917896405294124, -0.00016621878521933165, -0.0009084377278587123, 0.00010044953738785654, 0.03999670501685496, -0.0008784160267960823, 0.0007655550099002586, 0.0005535044112008797, 0.11619940620362386
27, 2, 1, 0.4213376472853727, 0.2730341237646112, 0.30283558173404695, 0.0027926472159692218, -0.5749701448540508, 0.5459540459863187, 0.2957940038291471, 0.03802172941060061, 0.1950853180614862, -0.01370126649324549, -0.14079921888319252, -0.23704937487665215, 0.20178713074423044, 0.15396770828510567, 0.2328506652194135, -0.0007090812930620011, 0.0003425117498101097, 0.0017496954075619264, 0.039455544075163475, 0.0007972751927290463, -0.002010041748908532, 8.539301474649026e-05, 0.11619940620362386
28, 2, 1, 0.41988372782603295, 0.27390773082018205, 0.30335765134748965, 0.0028508900062952694, -0.4636865951177088, 0.4686004672473277, 0.35271099807106826, 0.005440983023191115, 0.07690248794195488, -0.14277959736958906, -0.14151625911039314, -0.32152507331116886, 0.18640781248134755, 0.30191202806590023, 0.05564098212348216, 0.0005364700558840886, 0.00044602289848646364, -0.000215639111270504, 0.03925845976807442, -0.0002972126257854164, -0.0008312605056815589, -0.0010572993821051043, 0.11619940620362386
29, 2, 1, 0.4195463460974802, 0.2741958715203378, 0.3033896084313717, 0.002868173950810354, -0.4520892559301982, 0.26206696594444373, 0.39346477289022586, 0.034780500904398916, 0.20451232031263852, -0.24168663778085345, -0.05124729967112562, -0.05742995692063087, 0.04593281781158389, 0.16512259716315816, 0.004737173130149391, 0.00025296612306991323, -0.0011423628732224298, 0.0013730481237616862, 0.03984048241866906, -0.0010601516151552781, -0.0027260346451208877, 0.00025864836723308205, 0.11619940620362386
30, 2, 1, 0.40011677108953764, 0.28481392129458866, 0.312145934897474, 0.002923372718399813, -0.37337423014279303, 0.5227882089679025, 0.5522597796306521, 0.11769807890758424, 0.19545607291645206, 0.040590885199868955, -0.05051589862886985, -0.04142658651790665, 0.338199655593112, 0.3316230240228349, 0.035645975522111475, -0.00046242411082725613, 0.0008944675209683275, 0.0014251446651106254, 0.039838650576362294, -0.0010892218898674697, -0.0007143415433917315, 0.0001639244140905265, 0.11619940620362386
31, 2, 1, 0.4001200161270776, 0.2848741751475876, 0.31215387768843894, 0.0028519310368959453, -0.39429337673232867, 0.34039457834173836, 0.2612844730173666, 0.03892506434839803, 0.04115651464239398, -0.11276532650932418, -0.30032180673118564, -0.10652102255720677, 0.06951693806198563, 0.15677221117225187, -0.10716463586767866, 0.0006273381951649305, 0.001093803572279123, 0.00018869257275890304, 0.03947616582526778, -0.0011774414881069175, 0.0016505200191529589, 0.001322790543995497, 0.11619940620362386
32, 2, 1, 0.3932618124764868, 0.2891982187332592, 0.3145645193975867, 0.002975449392667463, -0.5431379913717772, 0.3864697546469054, 0.4338410388794621, -0.09268851765804206, 0.16986391624168334, -0.23210080376410694, -0.14321020152377184, -0.2302171880457735, 0.26018824873114366, 0.24361056810607554, 0.08242554179072628, -0.0005827438929627346, -0.0014443502486039745, -0.00018278860784124706, 0.04050336562238254, 0.00010743815188695538, 0.0006215410822052748, -7.987103329958971e-05, 0.11619940620362386
33, 2, 1, 0.39954702941277387, 0.2821967825072714, 0.315204038516418, 0.003052149563536623, -0.29204568170994094, 0.4292370130402186, 0.5552187892713624, 0.060087612648848446, -0.006131005519791821, -0.0009234715510627378, -0.16115535148683993, -0.11445849571975113, 0.2252278632191982, 0.03446226162391064, 0.11796213034227013, 0.0005685832908136888, -0.0024811471365046773, -3.861211594754197e-05, 0.04085828866114871, 0.0011148773475938606, 0.0010357510482968187, 0.0024090675990315826, 0.11619940620362386
34, 2, 1, 0.39941038786166294, 0.2821126109433663, 0.3153878229219474, 0.003089178273023309, -0.33870532132966336, 0.3719096533697046, 0.5126919012131717, 0.10647011035904627, -0.09329512686955095, 0.004964924724435882, -0.16243889037642947, -0.21419676428690262, 0.1988489923545758, 0.033489527108340966, -0.019402184678781235, -9.031044786082427e-05, 0.00017654641034950852, 0.000333556523109245, 0.0420395769390844, 0.0005375618880929366, 0.0010024157256278002, -0.00045449348879880117, 0.11619940620362386
35, 2, 1, 0.3917573517549896, 0.2889780142872336, 0.315957137228026, 0.0033074967297509195, -0.37246920118433857, 0.32118751743774254, 0.3267750012336035, -0.1066203572072886, 0.2511897626989666, 0.13075109917274735, -0.11057397721013493, -0.16749858049728716, 0.225311057962501, 0.20203660331528228, -0.05860647575805494, 0.0008618993959519795, 0.0005256805110698919, 0.00156894229965454, 0.039280752040281294, -0.00043113457876201185, 0.0007577290473376624, 0.0012886038948973675, 0.11619940620362386
36, 2, 1, 0.39256626980588005, 0.2880260880771205, 0.31602409036557144, 0.0033835517514279353, -0.3601021045757406, 0.1758632371450219, 0.46548890537322374, 0.14110922028096023, -0.024689079365139466, -0.13163679232439418, -0.1479567499284213, -0.10467371679266915, 0.049868751827730075, -0.02076124356685276, 0.17160959966680564, 0.0004435424369728149, 8.577045293213609e-05, 0.001254445599187017, 0.04023295386462762, 0.0009727980082791133, -0.0006435903056983923, -9.822494952000756e-05, 0.11619940620362386
37, 2, 1, 0.3918263748495724, 0.2884197047038708, 0.3163438885170847, 0.0034100319294721915, -0.5668365232086956, 0.4035624166421595, 0.3583103804771263, 0.08877596651738995, 0.13366639971682592, -0.25188832897902913, -0.11148471854334299, -0.19108509299750712, 0.04430313980487073, 0.4059857643139894, -0.07465877642693611, 0.0005208970188062982, -0.0006400948962256015, 0.0008502371929296317, 0.04092431715652332, 0.000666447905686863, 0.0012770142549168916, -0.0017824091156544552, 0.11619940620362386
38, 2, 1, 0.39146815561628723, 0.2887652009537823, 0.31635145879167403, 0.0034151846382564073, -0.40338299760329577, 0.37611184485109267, 0.40239963802605583, 0.08915699664026175, 0.3327791483124757, -0.06911567263171194, -0.016571164412757057, -0.059805762159663114, 0.1851316961708107, 0.056913011537960065, 0.0746672173086736, 0.001066776177120531, 0.0014395766748367188, 0.00017757918114084115, 0.03989279228772374, 0.00025264272730884913, -3.900192543265114e-05, -0.0006747545375175348, 0.11619940620362386
39, 2, 1, 0.38957383435659476, 0.28961839647341336, 0.31726800082215717, 0.003539768347834746, -0.3792914679845317, 0.2575124440293056, 0.4398764093512179, -0.05288912444909959, 0.1041163397783881, -0.11959525204690791, -0.21688855646535582, -0.24988571796567333, 0.19559034872158337, 0.15568297396951458, 0.23320987137796095, -0.0004078730806116062, 0.0009120070380531517, -0.0006825082610133378, 0.04059738039074572, -0.0008207241140096643, -0.002947119449182289, 0.000238220310104321, 0.11619940620362386
40, 2, 1, 0.29936315373635825, 0.3737148120473635, 0.3218641963873528, 0.005057837828925477, -0.5089076780117369, 0.28956159683889116, 0.43042522056472843, 0.11160227782102217, 0.1939650310952658, -0.019104789075101845, -0.056508425605030145, -0.15779077298627997, 0.23832161286238146, 0.09929408489476316, 0.019146294049774547, -0.0005394438558865181, 8.489401569209681e-05, 0.0005214238114623289, 0.03867261861020237, -0.00037963960892867926, 0.002039659217529026, 0.0011200003121959036, 0.11619940620362386
41, 2, 1, 0.29822853751146877, 0.3740894397752902, 0.32259229851069543, 0.005089724202545598, -0.15262587556615698, 0.42776007699492113, 0.5349181850811777, 0.18665770055323838, 0.053739658360321886, -0.0750233684670651, -0.3129104347667305, -0.20869144117992566, 0.2725118405847828, 0.07393197333347021, 0.17251142946574133, -0.0006542638343534668, -0.0010593659862129803, 0.0015094844327693542, 0.04172184255904288, -0.0016238659366536496, -0.0009872525284178727, -0.0005730610939320314, 0.11619940620362386
42, 2, 1, 0.29508138188167765, 0.37611026578485274, 0.3237021667161278, 0.0051061856173417654, -0.44304012272640847, 0.2737895889346704, 0.3927532675268784, 0.08977914149417668, 0.23953695549305234, 0.047358652843984064, -0.03099631348871592, -0.04119540740026408, 0.21159623938025077, 0.41541195726160485, 0.006220803333192984, 0.0020940795747806987, -8.719685281800657e-05, 0.00013879452785020978, 0.04115818639983011, -0.002032349831923636, -0.0006343528801636826, 0.0010746604857720366, 0.11619940620362386
43, 2, 1, 0.29464969074903213, 0.3764511861150019, 0.32376896262888666, 0.0051301605070794174, -0.30851473913893396, 0.49558335229474054, 0.34090148505119505, 0.18531828017000712, 0.20459838667682168, -0.11931248602506325, -0.24915770822681474, -0.14217666771672002, 0.24877433817759204, 0.06862643492469853, 0.17198171470113882, -0.002257768161091272, -0.0011938687829588378, 0.0010772902835983022, 0.03866751622321936, -0.0004336057158405234, 0.0014398701589535417, 0.0001020256831425025, 0.11619940620362386
44, 2, 1, 0.29454771023794457, 0.3765169749134845, 0.323804209926353, 0.005131104922218005, -0.14342809872913148, 0.2978119104012315, 0.5349026531921656, 0.15918841231055234, 0.0805340154539471, -0.18623949256755332, -0.2026116763517818, -0.31831194620044867, 0.27489270892293766, 0.1407180070867579, -0.18354602900606715, -0.0005661233126960858, -0.00041735407119947453, 0.0005910194991735399, 0.0395553428526397, -0.000916484320846277, 0.000494455673637619, -0.000523661716338403, 0.11619940620362386
45, 2, 1, 0.2871160656594062, 0.38097354409727796, 0.3270418573514874, 0.0048685328918283656, -0.5858419595057573, 0.45842793040890895, 0.380739636081955, 0.008405464740852043, 0.24028551912632334, -0.17444716275838626, -0.13911323515861138, -0.2518685969053438, 0.15920848228583184, 0.32081316968018375, 0.057608084549128094, -0.0005631595890155936, -0.0006299939540066674, 0.00016248734016886243, 0.03897553442984185, 0.00015269369398904388, -0.00010019841355701367, -0.00025801564190417906, 0.11619940620362386
46, 2, 1, 0.3036477387671098, 0.35471720606358353, 0.3330972909466139, 0.008537764222692652, -0.17315641157669107, 0.4293665091232846, 0.29258888745027295, 0.25036687814416686, -0.07683463930970369, -0.14268594858526604, -0.22502276114230352, -0.32235961071666297, 0.05355801404452674, 0.22044956492426454, 0.0056520438718424045, 0.00033588264685581535, -0.0009775087539294616, -0.0002528346959345478, 0.040118440108151576, 0.0019454593828399105, -0.0010399089086252963, 0.0010022008643949052, 0.11619940620362386
47, 2, 1, 0.31731711989107836, 0.33915323543604964, 0.3335484795645348, 0.009981165108337112, -0.34830484802241723, 0.3433577544334496, 0.296314019872022, 0.36235786383710844, 0.1630672322250065, -0.03651939665200996, -0.09522929803637177, -0.20419237599239543, 0.07392864867651779, 0.07802108711199697, 0.0724489404676302, -0.0011832413873308777, 0.001369746282625409, -0.001194451119185201, 0.040675440957380016, 0.0008996993565740539, 0.0006248419622515018, -0.00035400032933324144, 0.11619940620362386
48, 2, 1, 0.31068124522102963, 0.342598189250251, 0.33587138818358797, 0.010849177345131501, -0.2896560950787713, 0.2731100106431263, 0.34237439351273496, 0.15754988787948737, 0.151320555037881, -0.06826213576907085, -0.05667379242102547, -0.23038976391710325, 0.17357118687778714, 0.2662951758853374, 0.18722445765321427, 0.0007521831066871862, 0.00019708094748663164, -0.00030214827514850665, 0.038521397986911676, -8.091439922023134e-05, -0.0007653079114983861, 0.0003357309700142253, 0.11619940620362386
49, 2, 1, 0.3108579126730041, 0.3420394590973819, 0.3360341577679432, 0.011068470461670775, -0.21556171341265076, 0.21658571807511812, 0.4071396795777355, 0.22540838220246018, 0.08052669814190253, -0.13537284241335606, -0.17828109089991157, -0.1533504825792002, 0.10797564689901422, 0.012442775917517657, 0.14036215348324926, -0.00116403479297468, -0.00011612490168135248, 0.0005417333455806224, 0.039787147268418796, 0.001694460571186883, -0.001293007643512038, 0.0010610224745579418, 0.11619940620362386
50, 2, 1, 0.20755922039986718, 0.43978829203065034, 0.3380838659871388, 0.014568621582343786, -0.1892570195271963, 0.349548091858215, 0.25566145064941853, 0.297860088105371, 0.1832091905492762, -0.05412461853063699, 0.05962691543122391, -0.13248454452395705, 0.18573564361873554, 0.2432305604027468, -0.12512288940929786, -0.0012100105767371976, -0.0005282466859665772, -0.00012184067356322233, 0.040354638752339134, -0.001608558398620635, -0.0003293782871114878, -0.000408828933903928, 0.11619940620362386
51, 2, 1, 0.20573079112714798, 0.4417589240553484, 0.3382671567490635, 0.01424312806844001, -0.5307239583845738, 0.31423953718348674, 0.3142172050508138, 0.2520627383420037, 0.13249241796094322, -0.17182844615690987, -0.22286273904345394, -0.1443061893762184, 0.23735605596861706, 0.10361795732740924, 0.011387758219388722, -0.0008352747013516156, -0.00097352840679816, 0.0001478686589272646, 0.03986825019088636, -0.0009629635289776277, -0.00217141711192089, -0.0028119011615335603, 0.11619940620362386
52, 2, 1, 0.197513526881976, 0.448161872644607, 0.3396697309065913, 0.014654869566825693, -0.41873441772507886, 0.5776691815140729, 0.3196949338935412, -0.06621112971205063, 0.16195961101580733, -0.055000713885592675, -0.08385539405439847, -0.3204684101863117, 0.1385559977874555, 0.2883036731688267, 0.008853951459084564, 0.0011513613388520185, -0.0007300555004610399, -0.00024523292216145984, 0.04072882514291379, -0.00043393722050786556, 0.000557592314924262, -0.0002017838237938085, 0.11619940620362386
53, 2, 1, 0.19805748387971123, 0.4474417573694548, 0.33975642885008517, 0.014744329900748915, -0.35618067816966037, 0.31129589068269214, 0.22311632421950342, 0.20620816057949884, 0.028865701200995166, -0.10294981419063545, -0.21194430197402694, -0.3721259568776109, 0.18155824663455028, 0.12097232989306159, -0.002571279772069221, -0.002128179083421988, 0.000657959358510704, 0.0010149017834693214, 0.04044828478724073, -0.0005509323470273013, -0.00023514446322611956, 0.0013744846204699773, 0.11619940620362386
54, 2, 1, 0.1980300468597643, 0.44738745335051133, 0.3397730188178955, 0.014809480971828944, -0.1777478396463744, 0.19417437138878757, 0.351358668228937, 0.18445253137523726, -0.02772042101869816, -0.2687247422911542, -0.1756097657457761, -0.20212444673618304, 0.023400002521916985, -0.02897292171246051, -0.09748821343019819, -0.0004338448386399017, 0.0017929480663228473, 6.286487102236719e-05, 0.037924802630445266, 0.0004925226405181729, -0.0009578956585876836, 0.0011146079076771983, 0.11619940620362386
55, 2, 1, 0.15951421274256578, 0.482896139201144, 0.3406245032852945, 0.0169651447709958, -0.16093849480164799, 0.29993395022112046, 0.3259887011832771, -0.01940512550277156, 0.05221878304643986, -0.23173468857855864, -0.07685357801365122, -0.13394001006884487, 0.15162065182717394, 0.08455587509410172, 0.0894464848194399, 0.0002364170455044626, -0.000324382196688113, 0.0005080210822822043, 0.039895794668515214, 0.00017864524099595578, 0.0003722604891667359, -0.0001501883560927306, 0.11619940620362386
56, 2, 1, 0.1535757798832525, 0.488234471205693, 0.3410704083551446, 0.01711934055590989, -0.2583208511263425, 0.3735120104004419, 0.3861642760319509, 0.11594288871821305, 0.19482429600835519, -0.12866101168066432, 0.058865011672527556, -0.10165030768580197, 0.060768103150725714, 0.3312221297774732, -0.06710409864075115, 0.002648534558717394, -0.0006306588636460742, -0.000733545051283835, 0.039595075085021116, -0.0012038997744902124, -0.00016277296238232882, 0.0011161731097263645, 0.11619940620362386
57, 2, 1, 0.15364883416535888, 0.48811925796896327, 0.34108452853833393, 0.017147379327343955, -0.3030070598070902, 0.1952199415887385, 0.2515327417678139, 0.13854020624417157, 0.10007373885870649, 0.02038054784160519, -0.2366851805301325, -0.22908111300644415, 0.005500145941216528, 0.10077247140341623, -0.004201763049876761, -0.00043046485531042045, -0.0005134508353744895, -0.000459974078745911, 0.03901048303229771, -0.0007094339124415849, 0.0017377563856659343, 0.0003683234284959793, 0.11619940620362386
58, 2, 1, 0.15759982402495268, 0.48052664761543973, 0.3422951462322273, 0.01957838212738034, -0.23753944830951973, 0.20426572995739806, 0.299420514850229, -0.0792110635811794, 0.05890924508914438, -0.12192020267325274, -0.05003100045654961, -0.2558200626488336, 0.1693407667107239, 0.12109028012952057, 0.14874165376004145, 0.0008223381998364362, -0.0008220492289536905, -0.00016458586171781087, 0.040582751657372365, -0.00037001430512281124, -0.0010163032720639682, 0.000500250677686516, 0.11619940620362386
59, 2, 1, 0.13800578123113752, 0.49599778725407095, 0.3440369578443176, 0.02195947367047403, -0.27561164341728933, 0.2495292205196929, 0.3603368357888826, 0.24749895036808622, 0.031000918325583337, -0.12472096199568032, -0.005666061506376718, -0.10928624930309186, 0.06554697068304069, 0.17214360265142686, 0.019584234740154454, 0.001708588644204856, -0.00024050636767951344, -0.001303467932290176, 0.03788342692203961, -0.0002058158124671492, -0.0008132246106192468, 0.0007035450800145633, 0.11619940620362386
60, 2, 1, 0.13485171186870026, 0.4969284019747125, 0.3442136800939563, 0.024006206062630986, -0.3288177035562594, 0.10691530745427072, 0.08252296747065549, 0.1797727326003354, 0.059733624884383066, -0.1350097522044929, -0.12160831652350212, 0.012123920341707062, 0.16346945310720234, 0.1097833320219336, -0.020827108283525513, -0.0005377077579005285, 0.00025020969099364126, -1.812644896079984e-05, 0.03944146329978146, 0.0007361906177035975, 0.00015491631593892143, -0.000569509846431588, 0.11619940620362386
61, 2, 1, 0.12446560690819572, 0.5059934826755321, 0.3451692162157638, 0.02437169420050837, -0.22602412940053002, 0.36087098537832996, 0.23677270678636883, 0.20057219968054146, 0.1875150303882664, -0.04673126395255524, -0.15886624637833688, 0.10934291996968501, 0.24776796041089436, 0.2697777192276597, -0.029624700942772364, 0.00048110647599961827, 5.481565078426807e-05, 0.0009124641179337827, 0.04037339177160746, -0.001132238829003376, 7.725572005881107e-05, 0.0011186052942487798, 0.11619940620362386
62, 2, 1, 0.13110716928005728, 0.4973623834510557, 0.3449285754045426, 0.02660187186434453, -0.14636555428690423, 0.21117503795592926, 0.12598985577254268, 0.03742901176131691, 0.0966702205147416, -0.08764035276827362, -0.029104766507604428, -0.10486007090707887, 0.0353396524998655, 0.11023082137796052, -0.07410377755945496, -7.352803059469288e-05, 0.0002454136346443501, -0.0012894204804612308, 0.03804429810270506, 0.0017344818183105796, -0.0007550327663199783, -0.0006483540919797479, 0.11619940620362386
63, 2, 1, 0.1696515644761053, 0.4517282809573062, 0.34712002195124236, 0.03150013261534625, -0.0802057477972399, 0.14224997427001662, 0.1955604387981374, -0.004401810859501998, 0.07010941860575273, -0.10690696893151219, -0.049120060519337184, -0.061044502601626596, 0.23113841738796292, 0.19926936010182303, 0.023575234987093137, 0.0009558280832937147, -0.0008318506947466373, 0.0010458965973887439, 0.03946790908638532, -0.00031383818026539597, 0.0014286238510961443, -0.0017922316838523736, 0.11619940620362386
64, 2, 1, 0.16918231201322903, 0.45041157755993244, 0.34831605828280787, 0.03209005214403054, -0.3762732089883817, 0.3236719978778973, 0.3211016820802663, 0.137866548740938, 0.08167595132920538, -0.07000433871035425, -0.07963485630214526, -0.19838539098041894, 0.012564090980464838, 0.2903583519763438, 0.058872643602864226, 0.0008743141113222201, 0.0012805615609792584, 0.0019978165031118056, 0.04019349765525555, 0.000925002781670106, -0.00026196968927898304, 7.236595407458606e-05, 0.11619940620362386
65, 2, 1, 0.1696440129504488, 0.44975719925908697, 0.3484238263475845, 0.03217496144287963, -0.3054634000387997, 0.0795059957432045, 0.3913638699568923, 0.07022342079639027, 0.21321494186897222, -0.03829736908429188, -0.19617506604613666, -0.04691460282580784, 0.07660957735057808, 0.06283906751267151, 0.039383377979887765, -0.0002484980917383418, -0.0004817138003755209, -0.0013260284696310668, 0.04100791593281746, -0.00029805198616619924, -0.0014778131608883566, 0.00011622415710988859, 0.11619940620362386
66, 2, 1, 0.264810690625556, 0.3450145714098436, 0.35196434902313256, 0.038210388941467915, -0.11926210381937374, 0.346418260469961, 0.3655630473777074, -0.02178195580086224, 0.04528395759315131, -0.04359793862876708, -0.10688450917341721, -0.06926182529850633, 0.08149446513407459, 0.10910140157602152, 0.10115335209114631, 0.0003811497044125696, 0.00043279155000062384, 0.0006555118523561901, 0.039716180699367644, 0.0004945661417210443, -0.002251579103235831, -0.0003238718139553417, 0.11619940620362386
67, 2, 1, 0.26464205127882556, 0.3451619823248173, 0.3519678775948732, 0.03822808880148396, -0.0753033634204048, 0.23501412461461196, 0.27510578286578646, 0.19367568926814557, 0.1914587955102724, -0.18602315124227425, -0.1812129465512754, -0.11131853125875953, 0.05389586000364436, 0.06478636650046699, -0.12812018114331844, 0.0005621114950956501, 0.0009595851651367263, -0.0004895622506061113, 0.040293700019436336, 0.0008564679339055333, -0.0002831012240161218, -0.00017799105261488785, 0.11619940620362386
68, 2, 1, 0.26180346690180073, 0.3477123912739443, 0.3519929627307862, 0.03849117909346887, -0.278621394316814, 0.4074177975720824, 0.2037532174259123, 0.26038961136559335, 0.003689149695023053, -0.14994016935058638, -0.1665589194668519, -0.09923771899610437, 0.03590658611369644, 0.016252059026718547, -0.0877661466387022, 0.0003483842019543423, -0.0010636122142133708, 0.001306864807686528, 0.039878290947087267, -0.0008552839500904902, 0.0004684126946003078, 0.0006775615903007367, 0.11619940620362386
69, 2, 1, 0.2734193182762275, 0.3189524078912771, 0.3493299781445551, 0.058298295687940406, -0.11847824198883736, 0.06147859370878879, 0.13811673652882955, -0.06865961197807682, 0.01702715554810953, -0.15082507203320555, -0.21103721702219094, -0.17090430908504173, 0.16224574780078, -0.049998109481420625, 0.02729434527865495, 1.0237150657856789e-05, 0.0007474415624974384, -0.0005345450776265006, 0.03970393874626542, -0.0012825097578263815, 0.0007758972440145168, 0.000994204005696581, 0.11619940620362386
70, 2, 1, 0.23675492321121613, 0.3515200360727244, 0.3499027166835894, 0.0618223240324699, -0.27846082767308783, 0.2843394832911895, 0.1807380114840231, 0.16072231159057218, 0.012589088854775499, -0.06894793402617154, -0.24260665054329547, 0.02948412971062516, 0.08616928669201566, 0.046775324163175015, 0.0018137314532680568, 0.00044973336342532245, 0.0013561431952024716, 0.00015266492813255006, 0.04061250309448357, 0.00043942539802621454, -0.0011950942743897775, 0.001395997432549739, 0.11619940620362386
71, 2, 1, 0.2504329777812785, 0.43000636359841365, 0.24098703607091315, 0.07857362254939476, -0.13431528027650258, -0.13097580312714144, 0.24340508626667287, 0.15356927562365663, 0.3462327100826568, -0.11764538845879666, -0.006988329601087684, -0.013710364901716888, 0.01570737886053185, 0.060797701340005436, 0.12673618721112212, 0.002103877885541605, -0.0009481104977981556, 0.0007190608782311369, 0.04076869547594923, -0.00025041158392449174, -0.0003311716064709757, -0.0009210572805669157, 0.11619940620362386
72, 2, 1, 0.10753795923656478, 0.5705843870857865, 0.22182908670895468, 0.10004856696869402, -0.2739742249418427, 0.11972532981621269, 0.12345794186961183, 0.15081491027970662, 0.025698191669446147, -0.10112251635613737, 0.02713541312243568, 0.08075015321497045, 0.04364649763710013, 0.08198561630530199, 0.15903573066409146, -0.0001438559473184185, 0.00030666049349198463, 1.698825965678186e-05, 0.040390084590282684, 0.0027474198843659633, 0.00022125788600925092, 0.0006562445280738588, 0.11619940620362386
73, 2, 1, 0.10771532073597108, 0.5682175008105269, 0.22260704067929138, 0.1014601377742107, -0.2074091102225523, 0.28752220762682257, 0.1741351939277162, -0.004684329911435836, 0.1104565049692634, -0.016084073639225073, -0.17113481083069665, -0.04349771566605974, 0.052474513965593064, 0.25255317909541825, 0.014187885950468585, -0.0006099502337392066, -0.00039343925316590527, -0.0007294342699921488, 0.040597687723319495, -0.0005746412982114852, -0.0014045375128168465, -0.0035005853826130078, 0.11619940620362386
74, 2, 1, 0.10740320583495815, 0.568249146526433, 0.22250270157080915, 0.10184494606779984, -0.06214925460864893, 0.1664169546546089, 0.19138726357347433, -0.05787868172011958, 0.2231911275603909, -0.24357974241846375, -0.14162196523486262, -0.15983969446107532, 0.16475691189993474, 0.04796614378738381, 0.12712105829143197, 0.0008139541005927709, -0.0009060096365805452, 0.0001757275069768153, 0.03930955872038401, 0.000544184702545108, 0.00111020316685825, 0.00015278989253557438, 0.11619940620362386
75, 2, 1, 0.10937060642050493, 0.57030372628123, 0.21694847396453354, 0.10337719333373147, -0.09503425008178218, 0.24474894168054578, 0.18614793277107367, 0.1913923602240244, 0.012780713177501003, -0.03447895996777606, -0.09018991449227183, 0.06552788171119464, 0.11495357476757292, -0.1203088851196336, -0.029657811701647628, -0.0007782093455794726, 0.0006436329761303387, -0.0004311272094441987, 0.04041047924847372, 0.0017497388208839878, -4.116859318561616e-05, 0.001240235482859055, 0.11619940620362386
76, 2, 1, 0.10874208637838312, 0.5702404136205197, 0.2172490066780336, 0.10376849332306357, -0.23471975784649973, 0.19320491027850267, 0.04514476256829103, 0.008041326934075244, 0.14877514148368298, -0.10745874544659413, -0.23628286602943388, 0.050614169195696376, 0.23376792342774885, 0.23859864133667683, 0.07119885541936026, -7.337285373835885e-05, -0.0002740787554306406, -0.00041563103994562647, 0.039761426500427396, 0.0011689206853118393, 0.0009481371611423291, 0.0002580278573135239, 0.11619940620362386
77, 2, 1, 0.07894380968377498, 0.5943602098843369, 0.2172183650560266, 0.10947761537586147, -0.1918928264605676, 0.12059877755572115, 0.024544496847347608, 0.08079321660411878, -0.056542499336664866, -0.12050570555049038, -0.08160567922565123, -0.04427445525381008, 0.15921383680323795, 0.14940170267066685, -0.017283667441257634, 0.0017960809308022758, -0.00089676378672218, -0.0006452300664427395, 0.03896520967559192, 0.0012609599215811737, 0.00047747821898342177, 0.000537029600041953, 0.11619940620362386
78, 2, 1, 0.07019041586016848, 0.6021567310425695, 0.21767399972541773, 0.10997885337184428, -0.2939887122678342, 0.1038832605448479, 0.2999099390107138, 0.11246227405482527, 0.15746505428008278, -0.1265963273910164, 0.03639168129961819, -0.13025767537955107, 0.09531083782334102, 0.25714957201017263, -0.07306426337553114, 0.0001875726764814626, -0.0003439688408592343, -0.0006730533177902879, 0.039000900061813365, -0.0008161774037585874, -0.0006725910638664209, -0.000743518630009503, 0.11619940620362386
79, 2, 1, 0.4885994224352021, 0.14635974180784506, 0.22898802282999492, 0.13605281292695787, 0.07648757342360527, 0.05224289061103381, 0.2581503288392656, 0.1386194134133927, -0.018558245124234363, -0.11393180363654401, -0.11077765370966816, -0.1448384545924731, 0.23067852694648772, 0.11360106130571752, 0.02745115127158848, -0.00039762926836853316, -0.0005189580306551595, -0.0004543068925868749, 0.04057253339854268, -0.0008816788495662083, -0.0008732258878238625, -0.0003090687116195683, 0.11619940620362386
80, 2, 1, 0.4489802000633686, 0.18320013845361582, 0.22945507937479503, 0.13836458210822053, -0.10147051507405161, 0.18159703766773821, 0.22022816466798895, 0.00794211592367582, 0.2665097768084839, -0.11362357369668163, -0.011883766138212338, 0.02363674622900941, -0.058099702381801364, 0.19448258044333147, -0.006179860334740652, -0.001580480525745579, 0.0003113923615380061, 0.0007003031372515452, 0.03962351603287975, -0.0022819361413878216, 0.0009357799189941505, -0.0007831637269999893, 0.11619940620362386
81, 2, 1, 0.4344737711013147, 0.20605859863375603, 0.2192626561807652, 0.1402049740841641, -0.1342813060978856, 0.09039734468063004, 0.09729407992672483, 0.2381410374934055, 0.03298842514832343, -0.28457090601786117, -0.05758981053901013, -0.09181526156976473, 0.08279844320322495, 0.06944253406441678, 0.0037624688324738357, 0.001234586488074163, -0.0001916382017927462, -0.0008196308431458806, 0.039389834064182096, 0.0016542759916560283, 0.0008426634670646655, 0.0014155025166029014, 0.11619940620362386
82, 2, 1, 0.40803760548030676, 0.23012825923402605, 0.21971628558368886, 0.14211784970197835, -0.03553638175823189, 0.2031919883410466, 0.2629300805659859, 0.1517103194699202, 0.19910608328655183, -0.0774539110478975, -0.13059219636192285, -0.0678450310758049, 0.013420823692084333, 0.12640830571814976, -0.007120111038295514, -0.0016084448850236023, 0.0012872982281271201, -0.0006319627753760776, 0.04027661537437195, -4.4748670549188386e-05, 0.0016400764616930374, -0.00036391927671617323, 0.11619940620362386
83, 2, 1, 0.40436178563962044, 0.23352087828275436, 0.21986683710704952, 0.1422504989705757, -0.19251332436129984, 0.170373595574494, 0.3352911436472367, 0.18592285680746828, 0.26816220601245666, -0.2029010955212495, -0.15817053843226986, -0.06584732693589068, 0.09637998791624162, 0.13374699975477153, -0.017424723251190027, 0.0021082061514782757, -0.0013976683886102966, 0.001864950523202551, 0.039336922628454625, -0.00013510186419239881, -0.0005725018768341174, -0.0007255283463763452, 0.11619940620362386
84, 2, 1, 0.4043412590749915, 0.23382432128455627, 0.21965936687123205, 0.1421750527692202, -0.25860728956839385, 0.1312024173231286, -0.01784241620195508, -0.05058965475116963, 0.1721295037346057, -0.19696026496531618, -0.3242435128988804, -0.01637552593729179, -0.08060467953957662, 0.08453832052862226, 0.043768007202672106, -0.00033754335890870114, -0.001363862750639829, 0.0007342791360766264, 0.040366142401035573, 6.171009256647665e-05, -0.0014695559564344505, 1.9459792626338155e-05, 0.11619940620362386
85, 2, 1, 0.38440113844774143, 0.25247059594347654, 0.21960419327713515, 0.14352407233164685, -0.1926135422776135, 0.1149606102425493, 0.0463160053900686, 0.2598301591738726, 0.12770771747260523, -0.2014015821468297, -0.13958494361944865, 0.12487848918442286, 0.19772915693846638, 0.08767497902044194, -0.1751928358913382, 0.0005808787964428455, -0.0006571415806782034, -0.00020227246605746728, 0.03837383479633959, 0.0009235206617968618, 0.00026900208546438086, -0.00016099233850003838, 0.11619940620362386
86, 2, 1, 0.38318156963489847, 0.25361052077222795, 0.21963021792465254, 0.14357769166822115, 0.022533201878292174, 0.17057502440076827, 0.018356334031749966, 0.14573642724745212, 0.30297733916081276, -0.18587961128225533, -0.29453260973069717, 0.07623795268256259, 0.13757311939494107, 0.18254661380896026, -0.07679164735644742, 0.0007654390047568582, -0.0009431221376496598, -0.0005896973478581732, 0.03899273055695797, -0.0015049033330511027, 0.000964975420155774, -0.00015441516963478105, 0.11619940620362386
87, 2, 1, 0.38414515607951244, 0.2974026233430707, 0.17183044388892837, 0.14662177668848858, -0.11389728850997911, 0.03491131176610104, 0.21634352518317526, 0.05612701162759352, -0.054791402628180094, -0.036410254238096296, -0.11941981775950794, 0.06950750021049232, -0.05657250212063214, 0.048612685119197425, -0.09311895375828289, -2.2875130169280947e-05, -0.0005127447032136939, 0.0014679146188945232, 0.039612859628650174, 0.00030898486172929973, -0.0006404372963913837, -0.0015377711727955583, 0.11619940620362386
88, 2, 1, 0.3791379362597186, 0.2899206468218076, 0.1701023641316907, 0.1608390527867831, -0.0930210573232713, 0.10133705383737983, 0.06649615020829971, 0.09939348624696213, 0.14974961441818865, -0.13456799121233956, -0.14955348547553277, 0.04175741971731421, -0.019030547211651712, 0.1452551071457916, 0.11259231429127721, -1.0088785230077887e-05, -0.00174154974318547, 0.0005273707775717985, 0.04077285570882984, -0.00034831436378264204, -0.0009756079966445738, -0.000548195680329063, 0.11619940620362386
89, 2, 1, 0.3791366385910839, 0.2905293056913661, 0.1694728312100678, 0.1608612245074823, -0.09279616207400301, 0.04716987913953558, 0.172270997898923, 0.0018812261488790672, 0.11706178849830162, -0.29959858090968994, -0.2893147198152008, -0.06685573444159963, -0.18276841174813083, -0.036122494733278374, -0.009778388576216752, 0.0006618085045076393, -0.0004400493284292302, -0.0013107587564864648, 0.04059038919223232, -0.002474560167206063, 0.00018638240082999926, 0.001711428751762718, 0.11619940620362386
90, 2, 1, 0.3373484242726033, 0.32828374844727365, 0.1692294580300017, 0.1651383692501214, -0.1922695693278595, 0.02629084642290024, 0.0992170364614988, 0.05959971888954404, 0.1321300077863468, -0.03251360214592395, -0.18129866166812136, -0.06601988856152549, 0.17357823316513127, 0.1702968037043667, 0.083798249336509, -0.0013743194625697474, 4.968137334444609e-05, -0.0013450319702980303, 0.03951360423074014, -0.001031587660077949, -0.00019105944816758398, 0.0009165303216455908, 0.11619940620362386
91, 2, 1, 0.3370828236126087, 0.34517996364084846, 0.15052203329652844, 0.1672151794500143, -0.17576169187685922, -0.005412327678324924, 0.005776456945167363, -0.0557194338347321, 0.2858646282466828, -0.3092796120996029, 0.004901757435220722, -0.14565740319224024, -0.043434887040999626, -0.03544670124633362, 0.1338814324418482, 0.0010326865301505505, 0.0005394852123295303, -0.0004554697658378914, 0.040732973816096855, -0.0021969330151110607, -0.00025064271765368716, -0.0017453277861831068, 0.11619940620362386
92, 2, 1, 0.3364969952670513, 0.3474668156877021, 0.14797172418947202, 0.16806446485577467, -0.019049444629788404, 0.005717391717827069, -0.02343527240953678, 0.00018463911636401598, 0.2412976315805962, -0.140538691828199, -0.12955033344920225, -0.13063334708996543, -0.08699105880785103, -0.06511189031270553, 0.08470909616618995, -0.0010834477713380186, -0.0007972841754056708, -0.0010928129737395708, 0.04084896888369532, -0.0012238909407433622, -0.0008158828640693885, 0.0007895987916611066, 0.11619940620362386
93, 2, 1, 0.3389412597989688, 0.36155537337320176, 0.11194996272922539, 0.18755340409860422, -0.08506378711331833, 0.08384142278621401, 0.1593482664527933, 0.15218357890746292, -0.018047533131178285, -0.21358097955774347, -0.08999414555611514, -0.03579314014503161, -0.019828685967346698, -0.07233833164469805, 0.29495265234479773, -0.0005841234484769708, 0.0007783889344719107, -0.0010449561850953827, 0.03973909481746101, 0.0009804239632140023, 0.0012824514509529729, -0.001039168809959572, 0.11619940620362386
94, 2, 1, 0.44461499684059047, 0.24761642522579833, 0.1070985094306618, 0.20067006850294947, 0.045485131857550286, -0.010771934186486799, 0.28028198311027874, 0.15962991291817094, 0.017379213167345652, 0.016743739870645147, -0.01317286983784829, -0.03524036870231473, 0.07173691911693669, -0.16890152301107675, -0.015991552930814043, 0.001526448172541862, -0.00022595231805422949, 0.0012668871062481769, 0.03816394801219881, -0.0025552745656929167, 0.000608722034887064, -0.0007944178162987301, 0.11619940620362386
95, 2, 1, 0.44313312784995906, 0.2488965517341827, 0.10719009666414503, 0.20078022375171334, -0.008737764957449263, 0.011528019136728667, 0.24064882346413077, 0.20976589834321935, 0.2825783627351444, -0.164322899227113, -0.23378817451086267, -0.04326060074604682, 0.05548733770529486, 0.20565741854139236, -0.025399914535282668, -0.0019029072208903565, 0.0008907490739932666, 0.0010562761406758023, 0.04026688477195055, 0.0012492855841138922, -2.9669566111057788e-05, -0.0005592007655908079, 0.11619940620362386
96, 2, 1, 0.33190109492335185, 0.3563974521362692, 0.101504523653507, 0.21019692928687184, 0.0014296310425743197, -0.04159118470859463, 0.17797233583938146, 0.09927949879405572, 0.08973736398513996, -0.1500169815647514, 0.06801346501328968, -0.05206836863701068, -0.09084297761848423, 0.13408024916797037, 0.06450482901371137, 0.0013414553622889773, 0.0014151416701950977, -0.000762982067628358, 0.03969278367455372, -0.0005038984139603285, -0.0017604626595802762, -0.0011085495472582607, 0.11619940620362386
97, 2, 1, 0.33449823657617894, 0.35037124239987766, 0.10218001375139737, 0.212950507272546, 0.03818071006336443, -0.12713602160665893, 0.3236315436500903, 0.0729372414617587, 0.17105943586454336, -0.14938712558824713, -0.14418139303179564, -0.08860459222356257, 0.023476126309627844, 0.04439746205184847, 0.10494058778599413, 0.0008233653537435151, -0.0006534649465730206, 0.00035261155730652056, 0.03938403852469407, 0.001475837870004521, 0.0005007828391683151, -0.000532774629292331, 0.11619940620362386
98, 2, 1, 0.35334154126592954, 0.3354725715218, 0.08916860911146951, 0.22201727810080094, -0.07121014623856141, 0.06456811158244162, 0.2142248453625347, 0.1617157757465247, 0.009897616792160457, -0.001560120172254087, -0.15719678065492695, 0.002586840942376531, -0.08490407759960802, -0.03166810848629943, 0.11410626889363765, 0.0007975928725436172, -0.0006824727665918878, -0.0004498472416438012, 0.039557534925103124, -0.0022816706437913366, -0.0008858571729259048, 0.0002592819055506238, 0.11619940620362386
99, 2, 1, 0.3527288042069996, 0.33443356724893264, 0.08940936796233828, 0.2234282605817296, 0.14294072643825112, -0.11636660600560567, 0.1844308242133241, 0.3007475476319921, 0.21217231769263903, -0.16886731398990348, -0.22858159018727328, -0.1009191894435271, 0.03741546663838559, 0.10812834595226128, -0.0051296293541146865, 0.0002240656237092713, -0.0014952178186374012, 0.0011216648494685, 0.04018369995119976, -0.002309208152105369, 0.00034365941992377556, -0.001221546002882164, 0.12897707288039845
