t, Event, Policy, P(still), P(random), P(reach), P(transport), o(t), s_a 
0, 2, 0, 0.674237847328186, 0.07408152520656586, 0.2494824230670929, 0.0021982023026794195, -0.48331429059423553, 0.5503271756525956, 0.6449483393223922, 0.5552706396481033, 0.13013681775084698, -0.09608781346635978, -0.09617694438431093, -0.3156783853915738, 0.25332993583323005, 0.4559781273837009, 0.06130831952963593, 0.22173099107200325, -0.10619152601304109, 0.05138394832309615, -0.00619040184058699, -0.0694294436159982, 0.028769812864984933, 0.08099680819325232, 0.6247310136460374
1, 2, 0, 0.6434330902763767, 0.08073290768169174, 0.2758306942188412, 3.3078230904429318e-06, -0.5696507687522361, 0.569912144777774, 0.6376512611541104, 0.625014489891736, 0.11097656591264385, -0.11113417779727564, -0.12418583272574005, -0.3071018930893752, 0.16124517047873999, 0.20646397247838683, 0.14424623721774263, 0.006413264473440587, 0.0364159307901971, -0.13552237900933936, 0.16512836003881376, -0.08747416720282855, -0.05989060719575273, 0.05398028681174799, 0.6247310136460374
2, 2, 1, 0.2056529995033416, 0.13609442714700606, 0.658249034229625, 3.5391200274743038e-06, -0.5627640284535285, 0.5630455693883247, 0.6330770701825584, 0.6242714404797931, 0.11181364137988162, -0.11004838999573589, -0.12379951918386434, -0.19869069345944917, 0.280637269297886, 0.38081349510475093, -0.0830711750438143, 0.10782568115086773, 0.2179659959475646, 0.10804728173021345, 0.10827974661072737, 0.09273798691632575, 0.18324480977861993, -0.07870940543782476, 0.6247310136460374
3, 2, 1, 0.028109001110775196, 0.1313207044474642, 0.8405660447459783, 4.249695782186002e-06, -0.46995207075137585, 0.5021774518360212, 0.7958859294030373, 0.6472504377172822, -0.030555149644006806, 0.00542749435215244, -0.15700486354836793, -0.38161505276078056, 0.20536070376768545, 0.5071727115462861, 0.12800261927367848, 0.0010549373598061958, 0.0015115555328859237, -6.550206827596493e-05, 0.05058875208447076, 0.0008542095781140331, 9.226909195133062e-05, 0.0005956049330743138, 0.6247310136460374
4, 2, 1, 0.05324630366745183, 0.09939173885162904, 0.8473232107027368, 3.8746778182377645e-05, -0.5270871164128393, 0.5503099297035219, 0.4962088281777285, 0.668458813593834, 0.2863629594117347, -0.16530507374092976, -0.1045413213411915, -0.27395828522044735, 0.26094984042796565, 0.36363425985960385, -0.1179977401185085, 5.5414313711676606e-05, -0.0014080232099372694, 0.0003113309991957019, 0.05259144941345815, -0.0004086503117467004, 0.0014654904682814178, -0.0011502571063345371, 0.6247310136460374
5, 2, 1, 0.02196215219422995, 0.10039628647268146, 0.8775809680480596, 6.0593285029006474e-05, -0.6731205512027414, 0.520860093243544, 0.5681269608914865, 0.8546978576412123, 0.09670644936750142, -0.005085959767776127, -0.008078300503207857, -0.3099781107450738, 0.3500551435947618, 0.25896057348633694, 0.02181623713599627, 0.0005079384634978038, 0.0006868259644643331, -0.0008415607632354894, 0.051545737231306975, -9.954752114426815e-05, -0.00038434968809034466, 0.0016154806900505712, 0.6247310136460374
6, 2, 1, 0.030041165013307992, 0.09169790139860373, 0.878194500866006, 6.643272208223883e-05, -0.521146088585575, 0.7905200110890824, 0.5830350404539436, 0.544912542697406, 0.09801454444150402, -0.13964624896411024, -0.10046477670612204, -0.26492170135941084, 0.15692608821531545, 0.28820881915378793, -0.039138764654017916, 0.0005164725910846286, 0.001234360372121927, 0.0012398164070324042, 0.04885108115267704, 0.0002695980700183265, -0.0005330652707645596, -0.0006046714344638549, 0.6247310136460374
7, 2, 1, 0.030168580369078296, 0.09154426496223965, 0.878220618872154, 6.653579652800246e-05, -0.625475026216959, 0.4878742686064911, 0.6329869534418836, 0.5842267613421013, 0.21796314376014098, -0.2988780248966947, -0.0770190596387775, -0.23884124999138162, 0.19955135147480013, 0.16816344014448456, 0.07526928227424816, 0.0005888735634016701, 7.74885508884665e-05, -0.001403823735477992, 0.050862252571920175, -0.0006944441516854916, -0.0013275696215504424, 0.0016892339334991578, 0.6247310136460374
8, 2, 1, 0.030134115412813016, 0.09153926269606245, 0.8782600809960799, 6.654089504463067e-05, -0.49868823882129903, 0.45461428952878424, 0.6585136506653542, 0.6588275518300803, 0.16808302924175575, -0.2164036606662271, -0.06314695741053725, -0.20837690947273518, 0.17916663765922552, 0.5031921147929793, 0.027286550196664334, 0.0006389084674655261, 0.0017911415858054812, -0.0009147949170726413, 0.051061032227796, -0.0002304690861427955, -0.0005992361354469289, -0.0011919617810918102, 0.6247310136460374
9, 2, 1, 0.017287886140998604, 0.090493186410455, 0.8919334671966779, 0.0002854602518684858, -0.6311145807632895, 0.4103396689129279, 0.45739810248999485, 0.588107338751428, 0.04671217495425152, -0.11452657651055494, -0.019990364369182556, -0.28114862178234346, 0.23000737911660146, 0.36089214691207594, 0.040317519099251506, -0.0001933517008085265, 0.0009247516161992288, 0.0010430923026127912, 0.05051734353241868, -0.0025114301215311153, 0.0014131036834374386, 0.0008308513329124908, 0.6247310136460374
10, 2, 1, 0.017287115368245932, 0.09049224724245239, 0.8919351747625481, 0.00028546262675357525, -0.48686664882640934, 0.5385911845069313, 0.6815884680902042, 0.6699612323604787, 0.30662268560831374, -0.07281051923801181, -0.16316273577179352, -0.368681768975685, 0.10310806755947648, 0.3456423335357289, 0.07851476055584686, -0.000788972900633244, 0.0006984260104695831, 0.0008960068053300215, 0.048942673684782736, -0.0005747822967306455, -0.0015433884773000113, -0.0017455650912235068, 0.6247310136460374
11, 2, 1, 0.01724798971671203, 0.09049318927005794, 0.8919735411123111, 0.00028527990091901516, -0.6594239502769249, 0.7502245724586455, 0.45591531690085263, 0.6191487734972312, 0.15467194282624433, -0.239832996997091, -0.029230971196101053, -0.4157116991345716, 0.42520904234100126, 0.3246095212359744, -0.03346923990890006, 0.0005662798290813112, -0.0007691120725765415, -0.00043207056988029725, 0.049353502458203, 0.0005677226643247414, 0.0002588025461631476, -0.0002097324248367161, 0.6247310136460374
12, 2, 1, 0.0172656994636447, 0.09047418248928339, 0.8919748379994152, 0.0002852800476567018, -0.4958276627920852, 0.48173227493059284, 0.6993258813251163, 0.7068659811615741, 0.08056714796366916, -0.24836232347288298, -0.13083163008616144, -0.414888299996933, 0.19275864580651197, 0.3836337460519167, -0.15406958496639356, -0.000756687718240433, 0.00048554926895577795, -0.0006755964299777646, 0.04912861947819813, 0.0019697823978680152, -0.00048327810864206417, -0.00017330646106007312, 0.6247310136460374
13, 2, 1, 0.016228753695521507, 0.09048768093392275, 0.892996348207444, 0.00028721716311181186, -0.408834146665421, 0.7152975667762653, 0.5030403020342482, 0.6763568737926533, 0.0784573840771416, -0.014071184716770813, -0.2272711075074727, -0.226767518890791, 0.3543774631878436, 0.21394135289166166, 0.010136940578823672, 0.0005361406268396135, -0.00039396308454505487, 0.001343196762153011, 0.04807071660726382, 0.0016557911694566369, -0.0012007499659630562, -0.0011649923279889126, 0.6247310136460374
14, 2, 1, 0.01623614133792312, 0.0904693489847194, 0.893007283848464, 0.00028722582889359455, -0.5198559471378623, 0.5653755947131409, 0.6521330968946961, 0.7552789103293862, 0.1516828811392364, 0.12828273493933745, -0.10280224659593876, -0.07692097424642934, 0.14820978158112097, 0.2870425108379589, 0.05384995572055331, -0.0016089723306229313, -0.00028875288138493214, -0.00016168528081136318, 0.050661002337922555, -6.396916893919131e-05, -0.001196044540495931, -0.0017039219684729801, 0.6247310136460374
15, 2, 1, 0.02033534331811818, 0.08552948110865262, 0.8938472024955475, 0.00028797307768170576, -0.4998907638551386, 0.65891745332408, 0.5379031960604188, 0.5063574749169313, 0.0343045322224938, -0.2867489418892054, 0.03856047285367612, -0.1570156405145023, 0.31668293121689073, 0.2794123248988441, 0.2233838433585713, -0.0011720784753090135, -0.00040541862406844666, 4.080659094041131e-05, 0.049617033702577945, 4.353098340753608e-05, -0.0012367631758574056, 0.0007821850157797852, 0.6247310136460374
16, 2, 1, 0.02035351412426422, 0.08551016932706043, 0.8938483357247372, 0.000287980823938192, -0.6645296367822195, 0.39563676748103666, 0.5240947194006447, 0.7508145232190542, 0.009459347997156952, -0.13622686512904708, -0.03988391229759054, -0.30084863726106703, 0.20054424040014857, 0.39387318810384275, 0.29702411426994924, -0.0002885562989143509, -0.000653738536897613, -0.0010010823130143392, 0.051112559296978125, -0.0005455472294165292, 0.0005351562026843694, 0.0007193458487451445, 0.6247310136460374
17, 2, 1, 0.021165767254600135, 0.08390669139659146, 0.894604263809214, 0.00032327753959443496, -0.5237082400580467, 0.4483458303942367, 0.5017309534553345, 0.5718631661094984, 0.11329646369495731, -0.09936040422197503, -0.1789698449290435, -0.25998261793319516, 0.14031731245137477, 0.2941594763559625, 0.05183762998823562, 0.0007237511695201256, -0.0019430117940169734, -0.0012443723140543382, 0.04934030612756471, 2.6412652303780795e-05, 0.0006373659884501908, 0.00028174901713036405, 0.6247310136460374
18, 2, 1, 0.019207646575617732, 0.08305555942912803, 0.8974010014926168, 0.0003357925026372827, -0.4543706907452781, 0.534708756038754, 0.45610024043314457, 0.6042664570692728, -0.022272589119875997, -0.20683268228089427, -0.06733466606234695, -0.21075459573122593, 0.33576183989205416, 0.27097353838120525, -0.002170916105420001, -0.0005138673423402244, -0.0012058043779730723, -0.00010242503568861569, 0.049839467266860824, -0.0006045324570622295, 0.00014151396957996784, -0.0018948385949593624, 0.6247310136460374
19, 2, 1, 0.022494583830159457, 0.0761618799229909, 0.9009456897578267, 0.0003978464890229763, -0.5839991763029833, 0.3662100336171342, 0.41461657995976997, 0.6932996674640783, 0.16133011590556995, 0.06651816446985434, -0.12589503593427637, -0.09283915616854592, 0.25591801958005334, 0.23675537077661596, -0.01810805100027458, -6.95129405184348e-05, -0.0003204764579538415, -0.00152212103185584, 0.049761246594211446, 0.00023393037091078449, 0.0005033478211706373, 0.000985967572752133, 0.6247310136460374
20, 2, 1, 0.01193573238631929, 0.07705889406059245, 0.9105724781946387, 0.0004328953584495993, -0.4443785215575349, 0.5170944983324212, 0.5213761474865869, 0.6542485077032921, 0.14738554927776787, -0.00460353133321485, 0.12661939806871433, -0.3341309474115974, 0.2576383821524876, 0.29070356336735265, 0.07485094361173708, 0.0013453830585409823, 0.0008591829617589182, 0.0008227756925482943, 0.05084979735056398, -0.00012621631382352306, 0.001993759977723935, -0.0008733692991733984, 0.6247310136460374
21, 2, 1, 0.012335864544995231, 0.07601538141241822, 0.9112080598597481, 0.000440694182838353, -0.42046255755325745, 0.43660594981542244, 0.5633130361978266, 0.5786131338800703, 0.15567353026855307, -0.11067515495140338, -0.12166062076328887, -0.24358815094548528, 0.1801926766879966, 0.28323855472044557, 0.14454983882815226, 3.6281223895645655e-06, 0.0004664546123102903, -0.0006768722536178956, 0.04900707757866542, 0.002120025804824902, 0.00013133684804270102, 0.0009476214268558326, 0.6247310136460374
22, 2, 1, 0.011075088374024602, 0.07585587455132121, 0.9126274815393268, 0.00044155553532727523, -0.2546743350153374, 0.4191205961662214, 0.6616110753464455, 0.631533945680503, 0.06547898720783918, 0.01877742618097067, 0.0979237267597762, -0.3370807049879523, 0.26991042859309566, 0.12791110658532073, 0.028832419691317297, -0.0010939471303199001, -0.0010892040566314399, 0.0023658835153265454, 0.04918315295738685, 0.00048545705634450725, 0.0007383281701205465, 0.0006760445709389919, 0.6247310136460374
23, 2, 1, 0.011880120799764549, 0.07377308372445482, 0.9139039801568659, 0.00044281531891478135, -0.39619071973425185, 0.5404001934648427, 0.5375778335201276, 0.6553839253785249, 0.10636438675422759, -0.20129243537119895, -0.21640066666342223, -0.2678555681599503, 0.3472781001428159, 0.25720248796118717, -0.010425563195248722, 9.798217084608786e-05, 0.0012308500300298826, 0.0011858151484746711, 0.05119229549076585, 0.0014858853416386563, 7.965392780774647e-06, -0.00019812627262057403, 0.6247310136460374
24, 2, 1, 0.0074644987680961275, 0.0740706900212969, 0.9179171639804701, 0.0005476472301369874, -0.47684716188313014, 0.6031762754915728, 0.27200900591432486, 0.537970389525095, 0.02784635717754428, -0.14202255051375726, -0.001485184155014907, -0.24949203159145616, 0.3282985340484661, 0.32092975602477086, 0.260686937246993, -0.0012144105964670153, -0.0020129897360536353, -0.001031387416237391, 0.051011031207726695, -0.0003054065022240073, 0.0003419265957244421, 1.0205151121779285e-05, 0.6247310136460374
25, 2, 1, 0.07507267370370337, 0.0018773757046977812, 0.9224779753990752, 0.0005719751925237338, -0.490250153069518, 0.36331701423205137, 0.5812062379400887, 0.7448806045436973, 0.08619404864302956, -0.04182714850689921, -0.041113631377193295, -0.12050641985844371, 0.11804498952613321, 0.321052246174964, 0.0742010257337978, 0.0005735223836724737, 0.0016328473492641024, -0.0005442969988319044, 0.05097003874817354, -0.00024586429911026644, 9.612629281804606e-05, 9.205627608722329e-05, 0.6247310136460374
26, 2, 1, 0.07303670801544469, 0.0018908013986842127, 0.9244757328567065, 0.0005967577291646544, -0.4058477353780992, 0.5340798378845649, 0.5584763319264822, 0.48334010542523786, -0.022772130033933746, -0.20370433295817209, -0.19100806631634165, -0.21537508130838248, 0.17759385680435763, 0.25673504690846344, 0.0884133183499842, 0.0002140127821504398, 0.0004707397114604425, 0.0004785063127401364, 0.0493751212602037, 0.002426571202477005, -0.00020296398238477272, -0.0005456824716924197, 0.6247310136460374
27, 2, 1, 0.06839968722556983, 0.0020219030511309435, 0.9289605511038237, 0.0006178586194755574, -0.6245276560574745, 0.5393147609034304, 0.33610430035740363, 0.6538933595460967, 0.1541738315543621, -0.04281581136466567, -0.18519115771582317, 0.0837846200499471, 0.2217327063419689, 0.22220038271277626, 0.1684580662197445, -0.0014241367303581103, 0.0008927433183301178, -0.0005401011561801958, 0.049568187137239886, -0.0009030881338217142, -0.0009911041190752905, 0.002422942707540603, 0.6247310136460374
28, 2, 1, 0.0683993677904511, 0.002021829020357958, 0.9289609445269815, 0.0006178586622094169, -0.5120025650894118, 0.40329673609530026, 0.6258049207139147, 0.7490646737746276, 0.1272059202409093, -0.2833932158000382, -0.25771766655977013, 0.011836922181581366, 0.236147515639234, 0.21394936672493356, -0.0363065013757316, 0.00013473267786589036, -0.0014471225646053728, -0.002140724422774842, 0.050461388922152316, -0.00044172772131669165, -0.0005488772813762145, 0.0009123223115699986, 0.6247310136460374
29, 2, 1, 0.06836312558760543, 0.0020223753877002355, 0.9289955945636248, 0.0006189044610695004, -0.4807919223886496, 0.30162999346430774, 0.4346659897610228, 0.6860162341762475, 0.05527700717084351, -0.19349392202068416, -0.11908608542949373, -0.25849028009049, 0.27550922673167577, 0.21592942384548025, -0.12839685302423645, 0.0014614689887562278, -0.0019109837250663648, 0.00041603010673285027, 0.04945127074245984, 0.0006180518520883221, 0.000413951184109601, 5.556792404120643e-05, 0.6247310136460374
30, 2, 1, 0.0683614225534327, 0.002022392876334466, 0.9289972777275344, 0.000618906842698519, -0.5343699767133521, 0.21132776533547637, 0.6440473612895533, 0.5530286667464708, 0.05045445937125122, -0.2370558000286082, -0.26174952600971046, -0.3126421368392968, 0.2422929754984895, 0.12095604937928325, -0.09472425680541502, 0.0009181246230774763, -0.0007886746713745748, 0.0009527800471776534, 0.04902117407563671, -0.0008378073898046469, 6.07308406256121e-05, -0.0006470188141157338, 0.6247310136460374
31, 2, 1, 0.05963218559925561, 0.002371119031736959, 0.9348715557988868, 0.0031251395701206047, -0.46400246296438585, 0.33770801654914445, 0.3757029070065899, 0.4702015260001103, 0.1220580024983523, -0.1607362905929126, -0.03461134606918044, -0.26459382986843166, 0.07925288181205822, 0.31330847199565887, 0.19617854416045807, -0.00111925069153779, -0.0013819985620121319, -3.47108942318079e-05, 0.04977254927520118, -0.0022416622223809923, -0.0016393204906818468, -0.00022385548358717892, 0.6247310136460374
32, 2, 1, 0.05319986804196882, 0.002542040737167255, 0.9409884276709474, 0.003269663549916522, -0.2205908973528726, 0.3281224114623013, 0.4796540457798376, 0.5488135534666787, -0.006884456240222559, -0.0885270007638034, -0.17910562265733349, -0.09508895586675555, 0.20728859102866495, 0.16167748204690371, 0.1863344830853338, 0.00018513195905678608, 0.0007165790593981543, 0.0008373529301663659, 0.04974909102388831, -0.00011386386742993034, 0.0008503976037793958, 0.00028416152969315523, 0.6247310136460374
33, 2, 1, 0.0531518609075339, 0.002540892254917194, 0.941035593440424, 0.0032716533971249694, -0.5205454046815692, 0.5480419100483653, 0.5198644931312341, 0.7026046879945138, 0.11109509776363717, -0.09704885868950934, -0.2112702088825864, -0.2681434560832164, 0.14378868071080825, 0.1833494080161711, -0.08023098066543329, 0.0008871653973746183, -0.00016725177497541995, 0.0010819084904899715, 0.05055890856535846, -9.846159314822332e-05, -0.0005010833446367333, 0.0005242803621243094, 0.6247310136460374
34, 2, 1, 0.05344005604196546, 0.0021170397945319062, 0.9411372894976057, 0.00330561466589698, -0.49925326542759346, 0.37803938099459977, 0.3978081205907672, 0.7664055827141494, 0.09441068367441845, 0.018878307662150373, -0.13722107565219022, -0.14865821541529545, 0.09497612324931518, 0.18712086335838865, -0.10996717510276058, -0.001805080103645558, -8.19229294479828e-05, -0.0007127286471348747, 0.05047740426152356, -0.00023592422863389354, 0.0013285274264389162, -0.0018567898456627828, 0.6247310136460374
35, 2, 1, 0.050987406200795234, 0.002010163451413841, 0.9436166348388391, 0.003385795508951947, -0.3268995295239933, 0.3872821618533915, 0.3723043929379856, 0.5912743595387895, 0.14966235165335331, -0.14022735184892882, -0.13338282660412532, -0.17322852730211807, 0.29048336412653797, 0.21878708603006852, -0.06158021618966605, 0.0006965992986355354, 0.0025428279954670375, -0.0011820106132861767, 0.04864973772853247, -0.0006919463382092472, -0.0017742459137656274, 0.0022447438175987483, 0.6247310136460374
36, 2, 1, 0.05018693347335822, 0.002049779351980685, 0.9443431859479889, 0.0034201012266721906, -0.47381988945122444, 0.4188927243836832, 0.4795317916682239, 0.6854837502000827, 0.10850584180347553, -0.19167910144226846, -0.007383734860455404, -0.308503485718866, 0.15709116969621773, 0.32517783019403235, 0.23748347875812623, 0.00027117500352467146, -0.0008343506506631553, -0.00052007861714181, 0.04739990798984766, 0.0001270479691854979, -0.0010026740995683246, 0.0019498047183249014, 0.6247310136460374
37, 2, 1, 0.04648573577268257, 0.002232998742593298, 0.9478043710729803, 0.0034768944117438447, -0.3449556925796524, 0.20794818214447433, 0.27989609450477176, 0.7318529644786566, 0.15279963841901079, -0.16014559468202189, -0.1667858273159446, -0.18266501258130505, 0.38508657661008855, 0.17416265135284376, 0.2075857941535324, 0.000328293382018645, -2.2258234429064983e-05, 0.0008977005640557466, 0.05106195382512545, -0.0005165412764815778, 0.000695216880236422, 4.4094913884396715e-05, 0.6247310136460374
38, 2, 1, 0.01135639866907901, 0.003367997753034259, 0.9762544867924436, 0.009021116785443132, -0.24765401839380746, 0.21851741979999728, 0.2717637397905365, 0.7018989680800259, -0.07014714067974497, -0.013512558646131378, -0.03384141386794513, -0.09949282356708955, 0.18206995978118537, 0.2587438839281309, 0.05827457662941601, -0.0003896330181532651, 0.0005702716297818684, -0.0005804607736836825, 0.050262510347873025, -0.0013122770123203712, 0.0006585538986215162, -0.00031251554718402425, 0.6247310136460374
39, 2, 1, 0.011365232590104265, 0.003360759321680779, 0.9762583345485499, 0.009015673539665113, -0.3791180549861587, 0.4218992236850707, 0.4610903480548343, 0.5699796314815476, 0.2376736227412901, -0.13803324499246514, -0.13909848614803552, -0.2785393831230095, 0.18319024220825203, 0.24839250240820715, -0.18095823980529896, 0.0014654030189356945, 0.00022550239160963183, -0.0012147731978459728, 0.04890899718759411, -0.0008870949791516085, -0.0006888838319188198, -0.0012588296746697215, 0.6247310136460374
40, 2, 1, 0.011354513481575136, 0.0033612527498460025, 0.9762765829634262, 0.009007650805152742, -0.47331699382692793, 0.5138455000230437, 0.39460052271682866, 0.7945387419068499, -0.05766835121930116, -0.23145484285864418, -0.19262216381114025, -0.2736106191246775, 0.25993479086579835, 0.15673507830656044, -0.04735930240033703, 0.0008045804479882143, -0.0007423638621524956, -0.0019092662913380094, 0.04926350354878643, 0.00039434337839166307, -0.00010798645327977975, -0.001840261466019219, 0.6247310136460374
41, 2, 1, 0.01105672316089187, 0.003068810414916756, 0.9768560110594251, 0.009018455364766398, -0.3398289128181501, 0.32042686281935306, 0.4543239811585823, 0.4848780576506154, 0.14940181140002437, -0.12869503897437934, -0.08593397302554132, -0.12748531766614274, 0.22713772600406884, 0.2626866352114058, -0.004144104273017144, 0.00018007945844886956, -0.002093058761300989, -0.0006781968187773402, 0.05020438620306583, -6.819274594771535e-05, 0.0003313610181789675, 0.00046842496414808293, 0.6247310136460374
42, 2, 1, 0.011055912948872612, 0.003068887594049831, 0.976856988632708, 0.009018210824369512, -0.4272974371600684, 0.37203020521145447, 0.36286527088592957, 0.46199318841839254, 0.27611554750817635, -0.3144830903908775, -0.13687823961175422, -0.143168958714233, 0.19151369117384048, 0.1130408507946635, -0.07484532058918318, -0.0004214616216377252, 0.0012671692265494574, 0.0008418237817474581, 0.050486276282533084, 0.00022533813338883874, -0.00032957794480401276, -0.0007215859988900053, 0.6247310136460374
43, 2, 1, 0.01043317324044514, 0.0030980139879560765, 0.9773276622692414, 0.009141150502357403, -0.4711050005661842, 0.24636751096209708, 0.44423841674813297, 0.5185611294143704, 0.10159899278340971, -0.13955394944695024, -0.02398936536084424, -0.22389982443011897, 0.08640713048597237, 0.2290131965920963, 0.04571526502813998, -0.001070299061110697, 0.0008658000277594667, -0.0005206321383697028, 0.051362009285167196, -0.0008294311541708095, 0.0020415787660231282, -0.0006836449989421064, 0.6247310136460374
44, 2, 1, 0.0008030079643962239, 0.003921582091054701, 0.9858896810868538, 0.009385728857695362, -0.3906969459952145, 0.4735723419825275, 0.31948281520124366, 0.6566192854000871, 0.13379130764217645, -0.0006124402524266381, -0.0800336489814899, -0.14769820637869377, 0.34328041134550485, 0.12821072374404482, 0.09694077977081705, 0.0001572135881474414, 0.0001512204255989634, 0.0005735364236675494, 0.05020519576751007, -0.0013037022022498728, -0.0002215643653862769, 0.0013865472007951914, 0.6247310136460374
45, 2, 1, 0.0008055940795245548, 0.003919210419245428, 0.9858903463657845, 0.009384849135445494, -0.1327951573622061, 0.4711622432920084, 0.4586257459413575, 0.5103334982641203, -0.03917855469508173, 0.0538784900216668, -0.11827825918367482, -0.23235230720712066, -0.0501744946188476, 0.25879521703451996, 0.15217286402916108, 0.0025880593706807857, 0.000882879102723976, -0.00025772912358100036, 0.05037401080673463, 0.0011904165646196506, -0.0008287991482762831, -0.0004622083063483016, 0.6247310136460374
46, 2, 1, 0.0008579563459235418, 0.003841847022733296, 0.9859203772033278, 0.009379819428015338, -0.34229671772827225, 0.2996962931329049, 0.386871194251798, 0.6771168648789132, -0.04132200117977227, -0.03137683592576281, -0.21076526632992953, -0.13448135616558063, 0.20265865141651185, 0.238871874122367, -0.18838034918538857, 0.0003230820038075964, 0.0007813625429625019, -0.0006016219333159822, 0.049519820188604305, 0.00047649866874817034, -0.00017684403567327594, -0.0004974041974517399, 0.6247310136460374
47, 2, 1, 0.0008466464202875056, 0.00384208279606043, 0.9859310080703823, 0.009380262713269845, -0.1801092054675179, 0.36704490764854486, 0.5186858096230906, 0.4981723106364053, 0.12376115185367693, -0.11780381305194057, -0.10212731604110559, -0.1197551472834802, 0.16507791586878712, 0.07739754092094378, 0.2516136991735742, 0.0004619650713315737, -0.0005801356311325626, -0.002496499155184798, 0.050461756159344465, 0.000454306164480736, 0.0006257117068914337, 0.0010156297585734342, 0.6247310136460374
48, 2, 1, 0.0008539757962848312, 0.0038127367615952536, 0.9859531151315936, 0.009380172310526439, -0.2518341644046844, 0.3387828706842835, 0.44511642733417756, 0.3178011414157574, -0.05205871254284149, -0.33308315834647984, -0.023135716669291106, 0.010284433422682659, 0.31708725605857946, 0.36104922566049624, -0.055224554857139355, -0.0014186302428817834, -0.00013810466834922346, 0.0006160611726018617, 0.05056304482946028, -0.0003263721294988459, -0.00017970321825844685, -0.00232679952180109, 0.6247310136460374
49, 2, 1, 0.0008538572104140205, 0.003812266737533637, 0.9859547005051722, 0.009379175546880232, -0.43052269287073874, 0.15862858193057394, 0.37098279586719207, 0.48511654032234264, 0.2254680751872026, -0.18332129951468695, -0.007613784771260202, -0.23891448543699215, 0.16909043922495037, 0.09262643565287448, 0.1750191162284343, -0.0005763163387108207, 0.00011147916606448571, -0.0015809670309789297, 0.051630444882755276, -0.0001675181927518761, 0.0011641625281406719, 0.0015881997420338374, 0.6247310136460374
50, 2, 1, 0.0008542600722708051, 0.003812345447779693, 0.9859567918634327, 0.009376602616516745, -0.27256878743456747, 0.2060473494997201, 0.3213035153155808, 0.5908483545115841, 0.2655333640337275, -0.2687581086293608, -0.22935919129621044, -0.20958051634435884, 0.09322766615210794, 0.20911856272922252, 0.0321002259108721, 0.0005793756595305606, -0.0005229324470617375, -0.00019056201797261628, 0.04941958364762751, -0.0010940618357210565, 0.0006105620309826051, 2.707949350505373e-05, 0.6247310136460374
51, 2, 1, 0.0006695004130306498, 0.003818900138783672, 0.9860810195094167, 0.009430579938768988, -0.18742859374554877, 0.22343531567997038, 0.43751867869385636, 0.7134275029765991, 0.15520170488537355, -0.12854886236149884, -0.12937655698013056, -0.22363391608920363, 0.0897083758533371, 0.16860563200780368, 0.004967128868606235, -0.000588198441465898, -0.000825676319794332, 0.0017191205446839574, 0.05021762691316868, 0.00041046652886489704, -0.0005826656392343906, -3.7586371758492184e-05, 0.6247310136460374
52, 2, 1, 0.00068708683580358, 0.003537586373763973, 0.9863388346143201, 0.009436492176112284, -0.1311806262331381, 0.21137737352276842, 0.39977125940297303, 0.5456687213018727, 0.04602575680163479, -0.24612305010482416, -0.11585451898586278, -0.03514276729535319, 0.20207994892883532, 0.22015948307401761, -0.002177000446656163, 0.0017631821548043428, -0.0008650273037271054, 0.0005658020382858004, 0.04908057855632408, 0.00015581368651716693, -0.0016491640831868067, 0.0004232713640134452, 0.6247310136460374
53, 2, 1, 0.0006993552846308623, 0.0034890862270442946, 0.9863563660588931, 0.009455192429431767, -0.3265115148146304, 0.4926890602098609, 0.30871856392696234, 0.5119761410530106, 0.06476100258922882, 0.03378008304219711, -0.08256096564983076, -0.22483455677200953, -0.06890225745076103, 0.0637693006956991, 0.07903842357705551, 0.0015730752374378929, -0.00042659623851178726, 0.0009501130055671768, 0.048681967468518494, -0.0006791619199514634, -0.0015928047507700876, -0.0006332078181008288, 0.6247310136460374
54, 2, 1, 0.0035833943138982305, 0.0003913335808994096, 0.9864491174895139, 0.009576154615688467, -0.15688356138504056, 0.3216061954520278, 0.24471589437942903, 0.7132763950779248, 0.11872124863479883, -0.23809618841236874, 0.05726744863643742, -0.14645037467604394, 0.020825258927280044, 0.13053098194536117, -0.06107238232091451, 0.0018310606207892824, -0.0009340864040680615, -0.0018884816155259145, 0.047584797608404464, 4.0050460862895295e-05, -0.0009452583043433403, 0.00046834301500165397, 0.6247310136460374
55, 2, 1, 0.003436756172353435, 0.00039764828241265447, 0.986593242287962, 0.009572353257272006, -0.3368995263916951, 0.3205159391558192, 0.22733939254998337, 0.4469923024897525, 0.04532239133629482, -0.09232144278808473, -0.04091718757345999, -0.27079845042157297, 0.35647505496088805, 0.27152115182871783, -0.13093697563507262, -0.0006956627957317179, 0.00012596057684908122, 0.0016635982584707158, 0.04959698485230353, -0.0015710256899271794, -0.0018537660952793876, 0.0005955564446812895, 0.6247310136460374
56, 2, 1, 0.0035241402870492627, 0.0002857251237578948, 0.9866143657979041, 0.009575768791288802, -0.31739093368363525, 0.3239227037955968, 0.38270902416923464, 0.5753089672502496, -0.09627902991970609, -0.055325490941555235, -0.044242845023007626, -0.041518813354625775, 0.12866619894874187, -0.026655497729512923, -0.05559504279087568, -0.0006831930845671987, 0.0006003667496535862, -6.258583332726028e-05, 0.05085275147977356, 0.0016690366777472577, -0.00047051869504278104, 0.00034357712145511085, 0.6247310136460374
57, 2, 1, 0.0014124333388744446, 0.00012667640458554615, 0.9879362066912006, 0.010524683565339412, -0.3445281014648214, 0.18389155963924492, 0.1891962866642301, 0.6177945390186859, 0.07893797040158475, -0.0550431498482831, -0.1305522748128103, -0.16398379374011718, 0.1451696822381126, 0.265244835877864, 0.02421746612842728, 4.5965614665733836e-05, 0.00015594479800946546, -0.0009707322746213122, 0.05100385471524223, -0.0003407648672792789, -0.0010652537641562244, -0.0003815000854941969, 0.6247310136460374
58, 2, 1, 0.00116326454175547, 0.00017714437187012964, 0.9881204864917499, 0.01053910459462443, -0.28113959872492655, 0.33606412289248977, 0.24073462851668687, 0.6389462214337123, 0.03180960144240723, -0.14594550340639825, -0.1158247793949944, -0.15688228329042272, 0.33096276474789255, -0.08661849097877612, 0.07195281946120177, 0.0006800205479523358, 0.0012235031627151633, -0.0004245676440243134, 0.05001448452706283, -0.0003358510035152459, -0.0003400842715980655, 0.0008646089579253238, 0.6247310136460374
59, 2, 1, 0.0011644654761981531, 0.00018319964022383696, 0.9882007228721604, 0.010451612011417545, -0.31154511048177796, 0.2201603981102532, 0.29412886618461853, 0.690431850081167, 0.3256168946575717, 0.15530584285818777, -0.15854934195385006, -0.16538925136963453, 0.15287102513318612, 0.17863666668364514, 0.03342020041081598, -0.0007128374419969013, 0.0007084130907799794, -0.0009828304213899957, 0.04958090223295236, -0.002549836370626506, -0.0005838013983711555, 0.001963175496139454, 0.6247310136460374
60, 2, 1, 0.0038379541055098224, 0.0001744083872867959, 0.988397730813478, 0.007589906693725496, -0.21229017162166758, 0.2564075285288739, 0.10498738511323844, 0.4789881540294763, -0.05301808338188172, -0.09382412943557109, 0.007009154891405722, -0.20134500879452638, 0.04802499155356939, 0.15133200374959413, 0.07018438917620619, -0.0007115604987671807, -0.0014221422382819317, 0.0012217983290397363, 0.049833364226845686, 0.0005438777976241929, 0.0009593838903572471, 0.0005844941729904831, 0.6247310136460374
61, 2, 1, 0.0038155964058661047, 0.00014355842926080042, 0.9884184921397164, 0.007622353025156569, -0.1022345523861613, 0.052735682223708925, 0.36716340668776903, 0.5400542801035926, 0.07482115913586687, -0.18855441423320415, -0.04457617402705483, -0.18328208975382485, 0.1653388127732506, -0.05083319221027556, -0.04517404111154747, -0.0008208390728222838, -0.0012111363620602325, 3.9661024435922366e-05, 0.04988232043063189, 0.0006364293066005413, -0.0008754038357585451, 0.0008253768712200146, 0.6247310136460374
62, 2, 1, 0.0013082653082110748, 0.00020066773709394233, 0.99032441948557, 0.008166647469124957, -0.2296755455480047, 0.06668417845672828, 0.2366754347289532, 0.7207998558139556, -0.05517678139321998, -0.07557963275722857, -0.10777084794986369, -0.054477242170520426, 0.1631407867005913, 0.16883046937037466, -0.08073133953435106, 0.0008736846184183772, -5.9316469378647975e-05, -0.0006797490213437669, 0.0514057060410941, 0.0013081631400560332, 0.00027234546516143423, -0.0016516956424335709, 0.6247310136460374
63, 2, 1, 0.0012179027804413455, 0.00017658245039692958, 0.990387989741911, 0.008217525027250667, -0.12533700524351954, 0.12222574988052508, 0.3775623464221963, 0.502280369781371, 0.031084315092357796, -0.2339813645499264, -0.00886768442900725, -0.17368797422773802, 0.10758537689746839, 0.07850494686663032, -0.020447910621377484, -0.0013826134618657678, 0.001382670106620278, 0.0016939505585970044, 0.04983813579465876, 0.0008168807439022744, -0.0008653483846781385, -0.002514760670356591, 0.6247310136460374
64, 2, 1, 0.0003516346765970001, 0.0001922297444226184, 0.9910692726640135, 0.008386862914966948, -0.3727345050212848, 0.18454676600056183, 0.2753433956643622, 0.5836806766628329, -0.004864910943360901, -0.1465063094233054, 0.032134576767467095, -0.12961347695410969, 0.1080275274379942, 0.28640268859052487, 0.060651735500328464, -0.0004256045980249697, -0.0004450548036442066, -0.00046894396831909785, 0.05038626969171352, 0.00030417594945254985, -0.0017389600627437558, -0.000707213114889904, 0.6247310136460374
65, 2, 1, 0.003601959764853466, 0.0001954982833583874, 0.9877663072362862, 0.008436234715501978, -0.14498626843241902, 0.06885056620793087, 0.3834858439320449, 0.7660679018127549, 0.20578798439830134, -0.1539522637403792, 0.009746893056587247, -0.0320151565928659, 0.10922943463633836, 0.09284391162188815, 0.08985520313737785, 7.452008639383501e-05, 0.0003071865618383276, 0.0001470620577320549, 0.049807392289603236, -0.0003729752242290784, 0.0003481057318127658, -0.00067386174483284, 0.6247310136460374
66, 2, 1, 0.0005471142575008537, 0.0003015777007051351, 0.9902316163868028, 0.008919691654991227, -0.3510565081770139, 0.07977449393713065, 0.22936470920930763, 0.5274817603788888, 0.03458859672575524, -0.06228034222850467, -0.17210526505435736, -0.09183061947102314, 0.2042913135621564, 0.19921937874108836, 0.054491272969057855, -0.000510811983166894, -0.0003109847606389528, -0.002644390846566063, 0.049519197584658996, -0.0012808789790572084, -0.0020674754837525285, 0.0007035560022157894, 0.6247310136460374
67, 2, 1, 0.00018536203671375007, 0.0002878424919525752, 0.9903177246916457, 0.009209070779688008, -0.19971230754255526, 0.297995571159535, 0.16892263461554807, 0.6700948469375269, 0.12592023697605031, -0.06258481899938234, -0.1075470138380497, -0.10607326093717448, 0.03428558281986255, 0.03169329140476561, 0.09388314325426209, -0.000415780037549093, -2.6418396039508327e-05, -0.0007996710354585002, 0.04964639522382294, -0.0015018468595686086, -0.0005582238260686715, 0.0009813053718789307, 0.6247310136460374
68, 2, 1, 0.00018574264655463996, 0.0002879168191959073, 0.9903238328773248, 0.009202507656924633, -0.15545056007349362, 0.19114788220589252, 0.2026631256686346, 0.598817287744815, 0.05749118738235741, -0.1902647100408303, -0.1664587487850907, -0.2011476255382973, 0.28270271206537834, 0.1958750627235495, -0.08511162546544965, 0.0003692810238035808, -0.0022544068234300455, 0.00020940613434759534, 0.05090892807327946, -0.0001903225621224417, 0.0006417217377748217, -0.0007494334006800982, 0.6247310136460374
69, 2, 1, 0.00014692837351632814, 0.0002892994079282112, 0.9903435139726443, 0.009220258245911146, -0.22140411673375832, 0.2656441580176342, 0.26144056718475467, 0.5646956507552612, 0.13091756098209223, 0.08997926313009881, -0.17830959490545326, -0.049207733363286495, 0.013806340058071543, 0.11536925670033302, 0.07316913506877046, -0.0014483530252051174, -0.0008210279792241447, 0.0003203664183616804, 0.050671941284614795, 0.0004633060968370631, -0.001393927981396177, -0.0005601777340193331, 0.6247310136460374
70, 2, 1, 0.000277226483900831, 5.558572638654046e-05, 0.990437625480259, 0.00922956230945361, -0.16598075042053276, 0.20194994554098528, 0.2797952061888689, 0.569002710169743, -0.02179597814409695, -0.08908588578346831, -0.08367428140331337, 0.04071257550291033, 0.17195350400021467, 0.10578872738913128, 0.10915861367657809, -0.00019521814769499793, 0.0002491755576272998, -0.0003481166840837016, 0.048643697919707955, 0.001310576381828649, 0.000918680013018798, -0.00028884899009246843, 0.6247310136460374
71, 2, 1, 0.0003873327917527355, 5.2079648360817204e-05, 0.990324883503724, 0.00923570405616236, -0.0948740639878142, 0.08916511277228471, -0.009197070566337784, 0.6114432872815418, 0.21625882729032275, -0.06837012397925553, -0.1361313064007325, 0.029756391440060703, 0.15582803119567323, 0.16710097885665118, -0.1204108609760541, 0.0002560775067924135, 0.0018231406308113634, -0.0005691563471857382, 0.04959455153129323, 0.0004639129888871295, 0.0007487790431664912, 0.0005480479873030665, 0.6247310136460374
72, 2, 1, 6.058889632273804e-05, 0.0001047427178649534, 0.9904944364665398, 0.009340231919272617, -0.20243003370348212, 0.17191328002150155, 0.1745217114261357, 0.7683395957349738, 0.2030036489167161, -0.12893637012598336, -0.049391910425545305, -0.1396609806412855, 0.2141397676174998, 0.09005332664861783, 0.08608229926891148, 0.00010629054395327155, -0.0008709344500573417, -0.00037080946393227773, 0.050981708171898885, -1.5350096382403225e-05, 0.00039787510095498564, 0.0010021125935156837, 0.6247310136460374
73, 2, 1, 4.4981367840840824e-05, 0.00010360939148589142, 0.9905193309877759, 0.009332078252897284, -0.32518522635043007, 0.15853962801144997, 0.21635351482533602, 0.6392251522882064, 0.026298298317553582, 0.08499806425233476, -0.023826449689063223, -0.15554593467248717, 0.0682981195148973, 0.10526174134399482, 0.03443275532023769, -0.0019830238456194187, -0.0017690916036259686, -0.0008825458084745455, 0.051536541183941444, -0.0008788083657030428, 0.000621114195692802, -0.000557572343134332, 0.6247310136460374
74, 2, 1, 0.00015189533899839086, 2.7884032275889758e-05, 0.9905069400921612, 0.009313280536564385, -0.2920867614259273, 0.12156377800475526, -0.03242350867899839, 0.7688324937866649, 0.21375138481168446, -0.21871357961640206, 0.041660577776388694, -0.031904061974071606, 0.20180878948226585, 0.15293609054393803, -0.03517194469179423, -0.0013301945433247854, -0.0004539785591233461, 0.00011813928119888518, 0.04988049489045714, -0.0009869274792852025, -0.0006423455720438113, 0.0007444948125110058, 0.6247310136460374
75, 2, 1, 0.009064350116971447, 0.0001228801285232886, 0.9798172564565517, 0.010995513297953572, -0.1638115860838025, 0.14222240374551162, 0.2463123671028422, 0.7188590319325725, -0.003252958129835215, -0.2170332026251672, 0.005844566767332337, -0.17575494603443, -0.020990539756514815, 0.1477565213044581, -0.1190592489123791, -0.0018263823650866867, -0.0014210394830261929, -0.0004283070067534764, 0.05051490402801949, 0.0021145972541309803, -0.0016488602044690379, -0.00033345662884444417, 0.6247310136460374
76, 2, 1, 0.00966964531899185, 0.00014400217770091953, 0.9791921870548392, 0.010994165448467994, -0.18817419518115794, 0.017743027088478414, 0.18585154080603566, 0.602779783896953, 0.23262999272370272, -0.11746490779186666, 0.0509508047496773, -0.044542571143787076, 0.11519593202636895, 0.20214637280396136, -0.19530009318915723, -0.0012473417753001376, 6.518950780827232e-05, 0.0012782552812988697, 0.05029763017693958, -9.020326589084296e-06, -0.00033295915412190547, 0.0005718214315364948, 0.6247310136460374
77, 2, 1, 0.0003323573577691043, 0.002729580906332525, 0.9843313422794058, 0.012606719456492717, -0.28612124802372724, 0.2749179919018375, -0.07474060853821499, 0.6960656278907581, 0.20714434327862047, 0.07136497389994934, -0.04457750952204067, -0.09266148926114212, 0.1697677717964598, 0.10676848298028867, 0.018772815108767237, 0.001035271879804186, -0.0019608248368854645, 0.00022839306098685757, 0.049712019857903855, -0.0013208857003996627, -0.0013844192976833957, -5.3317714423822555e-05, 0.6247310136460374
78, 2, 1, 0.00030205072079809525, 0.002731529819621465, 0.984358926481935, 0.012607492977645391, -0.3028369733875219, 0.24358207783692407, 0.10020078900855482, 0.7917427249301616, 0.2902640694154691, 0.05737825357794644, -0.185618814230662, 0.10801998363185021, 0.14113222893128152, 0.17126845727533638, 0.038598951498763835, -0.0012018115023920838, 0.000543025479425924, -3.722729969914171e-05, 0.04959196669164291, -0.0014223640446555188, 0.000612414476376705, -0.001828506927745233, 0.6247310136460374
79, 2, 1, 0.0016553289357562333, 0.0028031824336291777, 0.9823016815541067, 0.013239807076507877, -0.15036155877228358, -0.1768784661213741, 0.18168633525862177, 0.7168281453531047, 0.09673725346911212, -0.16556772796710967, -0.1617095686719597, -0.25745598169644807, 0.14131544012836444, 0.04397164624631652, 0.014557383945859339, -0.0010292485703544524, 0.0017263310353058821, 0.00048412185938276743, 0.05072396488467877, -0.00015139818666028122, 0.0005947904539545834, -0.0011869000523444487, 0.6247310136460374
80, 2, 1, 0.0001436246102599679, 0.003070671172263258, 0.9834969066139327, 0.013288797603544109, -0.14383131492453352, 0.17417728864948853, -0.047126429423351525, 0.41594010691665256, 0.07921425693147818, -0.09931780131235053, -0.10734609634526611, -0.03863069692050764, 0.24809718730120972, 0.13629710693334945, 0.095541437028546, 0.0005333590889881984, 0.0001226558828024762, -2.8815920658980755e-05, 0.04951347069817865, 0.0003343841393108234, -0.0008514450081278576, 0.0002904276107982634, 0.6247310136460374
81, 2, 1, 0.0002130275962522306, 0.0029819526239171766, 0.9835092381613646, 0.013295781618466026, -0.246765970363272, 0.10417311198617867, 0.06864056669700301, 0.3694930727170598, 0.11104318248479492, -0.09765927047349686, -0.12422579654693904, 0.04149570039401883, 0.044227670036109334, 0.10682122922509403, -0.1116909067899148, 8.315443378961863e-05, -0.0021777324454891073, 8.82224201936537e-05, 0.05038184961380918, -0.0013364966314186242, 0.0011459123433782848, -0.00043411595118746294, 0.6247310136460374
82, 2, 1, 0.0002548041150213518, 0.0029064247594126113, 0.9834406454933958, 0.013398125632170315, -0.061136542137874963, 0.25258975609795353, 0.053034529275246975, 0.5101593624787235, 0.10141748412292444, -0.10383601258927593, -0.09114018354461831, -0.21074631889374787, -0.08359789506597076, 0.027407362193720485, -0.09076682483324364, 0.0004639398966342024, 4.51849839465548e-06, -0.0007114063028475185, 0.05163098049890782, -0.001747570638059483, 0.0008543105048262207, 0.001777797643797713, 0.6247310136460374
83, 2, 1, 0.00063896148120928, 0.002912298450811146, 0.9830523156043915, 0.013396424463587934, -0.023746756986353413, -0.06580294323426687, 0.2990063776746371, 0.6177353149606506, 0.09737395894871126, -0.2734028820280078, -0.16668123197645002, -0.001096084583000667, 0.2913280383988173, 0.19580880153566677, 0.11383404848338304, 0.0008169925508789363, 0.00047338928570210233, 0.001095681609716927, 0.05014934020300153, 0.00015731441624851111, 0.0011961279501346016, -0.00010787492982268357, 0.6247310136460374
84, 2, 1, 0.0005221970861771452, 0.0029354110094366587, 0.9831403241369587, 0.013402067767427521, -0.031089706925651207, 0.0841540983350046, 0.13779100522685614, 0.6731347076120846, 0.1662054535951857, 0.03936751625370856, -0.23838336542216715, 0.05459670170446207, 0.11124359146311151, -0.11811617787016249, 0.11121464534723353, 0.0011270689064068662, -0.0002380085184321888, 0.0007532351358110749, 0.04968053476089538, -0.0007888428070597926, -0.0010198922370744964, -0.0016114729644044225, 0.6247310136460374
85, 2, 1, 0.001958301118552404, 0.0009156543512131407, 0.9836988814146882, 0.013427163115546356, -0.11289099649938775, 0.1795498126665567, -0.011388242831258166, 0.557236370460336, 0.07921325645606174, -0.1469805544834657, -0.09068160211211111, 0.11697584548060247, 0.07786711997988165, 0.13604999272470022, -0.045871821678109694, -0.0008273126170900751, 0.00034397153106991346, -0.00035816360810185684, 0.04999827603766287, -0.0002457541531400122, -0.000454591514427646, 0.0007504757606930493, 0.6247310136460374
86, 2, 1, 0.0014935957129257513, 0.0011581914921205624, 0.983875885061774, 0.013472327733179737, -0.34442008928786655, 0.07586174763291287, -0.0392582830998043, 0.6281998180311705, 0.21891524290070166, -0.08493577345123157, -0.023515357291437278, 0.0027978089675285258, 0.09922325528112377, -0.0882889100423235, 0.029461030711913284, -0.00017173159710239834, -0.0008551972136979421, 0.0012623553236108507, 0.04998258196913021, 0.0006228828737948002, -0.0004141824848307821, -0.00039728884057821476, 0.6247310136460374
87, 2, 1, 0.5729858407934733, 0.06003017436163758, 0.33326597296057026, 0.03371801188431891, 0.10223246794644529, 0.07297621050225919, 0.12521589864903168, 0.6482917121687671, 0.11349702620752693, -0.10517698043610102, -0.04040926357574727, 0.010292261693629717, 0.18506124818139652, -0.032042547754752695, 0.08877869969695093, 0.0004899745020041044, -6.566068835959051e-05, 0.000643298098421205, 0.050056916670738485, -0.0003203565086040356, -0.00015070048139805415, -0.000828499625202436, 0.6247310136460374
88, 2, 1, 0.5612505275941921, 0.05090462015502552, 0.3514917248000447, 0.03635312745073762, -0.3237549339829882, 0.04891525357588132, -0.13243710325072272, 0.6592155911952207, 0.18980438942592115, -0.165749734410115, -0.0814589701569618, 0.04905634123129975, -0.028888809847464808, 0.007139084204344004, 0.03272112778188088, 0.0018291457200545033, -0.0006475102145291711, -0.0010382877227034088, 0.047464427138239715, -0.0006225546212825572, 0.0007494162286226949, -0.0010238541532296243, 0.6247310136460374
89, 2, 0, 0.6795116911272027, 0.054296897889555225, 0.20238386200358935, 0.06380754897965278, -0.10754589661552014, -0.07669797256219933, 0.2818486886080511, 0.583995091252185, 0.22402557425994063, -0.1462594538321325, -0.14000890185597656, -0.004711471311466697, -0.023924974115096524, 0.13379290944525546, -0.07445275558506878, 0.0003107498112879263, 0.0008002664096770969, 0.000355148729507152, 0.04981543217555882, -0.0005922342835091124, 0.0007789442029761229, 0.0006751036566634161, 0.6247310136460374
90, 2, 1, 0.018853076617513287, 0.5252886353299949, 0.20076353965891952, 0.2550947483935722, -0.07548600735677989, 0.07336065727909545, 0.08460050397245769, 0.6241464824290253, 0.11193687399968748, -0.10894325547959356, -0.12620681596276356, 0.010171173957369694, 0.031333102591948214, 0.060533658572660645, 0.17725659507180389, 0.06742883557100275, 0.008068705419940201, -0.048935072475361364, 0.22842249661534691, 0.08270964542866713, 0.01430898693906651, 0.0010790359161955115, 0.6247310136460374
91, 2, 1, 0.18673825559227517, 0.16808571464290759, 0.3487184441767367, 0.2964575855880806, -0.029190595014211528, -0.13246793464308193, -0.2280709952632764, 0.6524304473076509, 0.06822800481857372, -0.08006376121066225, -0.13938358626598815, -0.0707490594578383, -0.05117008707916957, -0.030823274904139747, -0.06287120671554632, -0.001008857070575625, -0.0007522661063587867, 2.311745390210992e-05, 0.05207457041453005, -0.00016080582415026865, -0.001716426456837562, -0.0006060738939375747, 0.6247310136460374
92, 2, 1, 0.16071306930433507, 0.16985785242199944, 0.35168807296925597, 0.3177410053044096, -0.038943775079260584, 0.09473862495854904, 0.1103694036276394, 0.7618845057875767, -0.0009119589622514024, -0.11258196289126299, -0.07566628644370385, -0.12920133080457563, 0.01143487721516818, -0.01040475511702495, 0.2527887272906742, 0.000846400194423349, -0.0007602828134497448, -0.0001724954364597, 0.05155941264489524, 0.0014002546094928248, 0.00142029841651087, 0.000690928579791526, 0.6247310136460374
93, 2, 1, 0.05772810361259536, 0.1724902131663516, 0.4464541500752209, 0.3233275331458321, -0.007755146549988568, 0.15196347284478498, 0.019271720025094603, 0.6695798608373575, -0.04620253129737715, -0.009928646662913043, 0.04198290487688674, -0.005632470769788955, 0.2462005424227527, 0.047608726600330165, 0.02163824441344299, -0.0003668034271601015, 0.0014924169944447983, 0.000280198075319708, 0.04952612586405234, 0.0014759894540920153, -0.001200076163465923, -0.0004755020511590384, 0.6247310136460374
94, 2, 1, 0.06009122970936401, 0.169549800314671, 0.4484357956377493, 0.32192317433821555, 0.18442607199638097, 0.0011293099946686036, 0.10450947408477078, 0.652086550575398, 0.08599610035787131, -0.1638668286349338, -0.24602272602318473, -0.009098225090314133, 0.04636410051185045, 0.12478035030719092, -0.0403592410299332, -0.0013639923102860343, -8.030478027901391e-05, 0.002008206914388985, 0.05025674328344741, 0.0001720223972507301, -0.0013509331624504642, 0.001209052394861439, 0.6247310136460374
95, 2, 1, 0.05339520392733566, 0.16986902743127044, 0.4529467981291117, 0.3237889705122822, -0.044589325440342636, 0.2617830742225876, -0.07228623779110259, 0.6753899791862623, -0.003923379816702521, -0.12177950403707771, -0.2379543307382445, -0.022956431880474422, -0.0368885226879049, 0.09079012383755831, 0.02181305158479279, 0.001243010713121941, 0.00028301680317732193, 0.0005811460148280704, 0.047800051272274977, -0.0006133835376358858, -0.0021008640010300676, 0.0009715189461966823, 0.6247310136460374
96, 2, 1, 0.05339698954015818, 0.1698695220957909, 0.4529701973471156, 0.3237632910169354, -0.01973443016669695, 0.19293715616640245, 0.22306871018945565, 0.4297091166755772, 0.2165725100257922, -0.12949292333299178, -0.3818086244815399, 0.0690030859010839, -0.09719244613888904, 0.16882190403715983, 0.01947818618315573, -0.0002984563598620562, 0.0022657505109529848, -0.000301912191950349, 0.049419195543108925, -0.0006270952691856187, 0.0005939317652234122, 0.00034919498786975994, 0.6247310136460374
97, 2, 1, 0.051557058653247584, 0.16932456814680213, 0.453904057421203, 0.3252143157787474, 0.16484361444588766, 0.07317278504716815, -0.004772513836893699, 0.4431903610276132, 0.15709486422922586, -0.17824659428407907, -0.22038782104571433, -0.09350987728703086, -0.010515187939045195, 0.09100622109874623, 0.01107048038310253, 0.00029311166095329484, 0.0006570765136644271, 0.0008295430700119864, 0.04983295656094273, 0.0007288543474856451, 0.0005197506384566397, -0.00016558786138110563, 0.6247310136460374
98, 2, 1, 0.050735898114068596, 0.16959283542684225, 0.45678926210359283, 0.3228820043554963, -0.014857480168949912, -0.14848330898605874, -0.0600621005535781, 0.46865771656452837, 0.017823091967869076, -0.1537498945727509, -0.19344871315266304, -0.14314370525715642, 0.005587002737254351, 0.12545539697920166, -0.05051349547386051, 0.0004970395101546078, -0.000355561016685664, 3.1170957805557363e-06, 0.049725238552109696, 0.00018759361150954773, -0.0005465913041981535, -0.00024411227223241085, 0.6247310136460374
99, 2, 1, 0.010169699323687395, 0.18472395855191515, 0.4701385757170395, 0.334967766407358, -0.05050832381038759, 0.1477937897990076, -0.03574635431227756, 0.5709728389188699, 0.14198948766142216, -0.19052558277349757, -0.04110741596266494, -0.0788506975794093, 0.09036400334326329, -0.053307904499581525, 0.017449041183925436, 0.0007289102421727857, -0.0008022905020482179, 0.0007022536791212417, 0.05054806733705437, -0.00028578009092214136, -0.0005173027918761532, -6.63364943402127e-05, 0.6035731059821016
