t, Event, Policy, P(still), P(random), P(reach), P(transport), o(t), s_a 
0, 2, 1, 0.01898186095058918, 0.04556100070476532, 0.935455858707428, 1.2072559911757708e-06, 0.6126590284411526, 0.534090731227626, 0.5161949056221223, 0.28871506327309576, -0.3647182921373181, -0.15392820274724647, -0.16451109598735644, 0.21981175243408915, 0.3075433874606688, 0.38363076764512316, -0.02975043250733586, -0.1884409834385682, 0.15989274998568392, -0.0339142331862019, 0.1122871208404443, 0.13237988946602244, 0.018310199142709586, 0.07716882769297423, 0.34634258364553183
1, 2, 1, 0.005077520677649946, 0.04604345634623079, 0.9488769703309016, 2.052645217678701e-06, 0.46592988184616385, 0.5834646975875015, 0.5794408525663657, 0.3888094570357198, -0.07449216236498295, -0.3297601837824323, -0.0845536217144594, 0.2667991169002187, 0.41760149156277837, 0.4322031679816689, 0.031113044387724664, 0.0005164985828848429, -0.00028220652000300833, 0.00045281137701338407, 0.051080513268313324, -0.0023800245764267437, 0.0006560153148300458, -0.0009501139520742994, 0.34634258364553183
2, 2, 1, 0.005073875267198765, 0.046043682318056466, 0.9488803867819615, 2.0556327832542508e-06, 0.4139507066432543, 0.5299510471673342, 0.5111368554169626, 0.3495886731830677, -0.18704213093224734, -0.41332027290224727, 0.03900681661303369, 0.2930735911173966, 0.42588724057870236, 0.4052972876698523, 0.17472547802436533, -0.00011205843732147427, -0.0001209957034587781, -0.0012270825686586482, 0.04801792983318092, -0.001493876272489862, -0.0021935695526820553, 0.0002584648522572714, 0.34634258364553183
3, 2, 1, 0.004992276338147974, 0.0460466334482653, 0.9489590339582259, 2.056255360901084e-06, 0.6214658444220504, 0.48640985413517246, 0.6363196158931306, 0.28097547913087995, -0.10864790981617115, -0.10293445208204846, -0.10120822237940089, 0.4575313909916902, 0.33496443611366067, 0.49957936459822383, -0.020450118445381294, 0.0011383273470800023, 9.64263911968394e-05, 0.00020852226997411508, 0.0503443533878236, 0.0015840533695811697, -0.0008765166837707457, 0.0008379407690136704, 0.34634258364553183
4, 2, 1, 0.004992057091569028, 0.04604663490913281, 0.9489592517439359, 2.056255362103052e-06, 0.5413392476361022, 0.5188354738087275, 0.7928942326186639, 0.3842731130326367, -0.09541491473566358, -0.27366226713848996, -0.24235421473294486, 0.3098499424684801, 0.3545192749552113, 0.15666819940533433, 0.1253060975494332, 0.00042615312409526745, 0.0009242494175275333, -0.0007091957762664911, 0.04945550907228554, 0.0004578781700851337, 0.0005635303492301422, -0.00054551737320848, 0.34634258364553183
5, 2, 1, 0.003481485313105122, 0.046078748363879846, 0.9504375195930699, 2.246729945241255e-06, 0.607398522175811, 0.7279098889483702, 0.538372161215589, 0.3171674836806816, -0.03792366504158802, 0.047116634587630955, -0.18952882877842359, 0.37175251224762185, 0.2754776799034081, 0.3692202806923743, -0.07560488618603586, 0.0003034769473399025, 0.00045852856647499174, -0.001229419058121274, 0.05015988743288681, 6.074952282644289e-06, 0.0006227332329577062, 0.0006967645688186385, 0.34634258364553183
6, 2, 1, 0.0034816411582839686, 0.04607816882733748, 0.950437943259191, 2.246755187453041e-06, 0.6544064840331176, 0.37090322174403567, 0.649036919568745, 0.4631027161479125, -0.06897369942146564, -0.1365366795165949, -0.14448186741241215, 0.21361745126276982, 0.10648135773145875, 0.398354331911013, -0.09687235440024913, 0.0016299637482942333, -0.000812270508944228, 4.9592905958822836e-05, 0.05022862186296958, 0.00013589287407063855, -1.1848734528536274e-05, -0.00026915342366743783, 0.34634258364553183
7, 2, 1, 0.0034748702404002038, 0.04607842990196247, 0.9504444440996292, 2.255758008086381e-06, 0.5187809477788609, 0.5515663459418424, 0.5371939441763554, 0.23356753867692354, -0.21871861692828087, -0.18826089591844467, -0.10192282822946079, 0.26837166165494286, 0.23682454170744696, 0.2802554470997599, 0.08098552827914005, 0.00014135165861509726, 0.00012824369674343614, 0.0003030474239454093, 0.049616316731485484, -0.0011910631095329099, 0.00013891147050656922, 0.0011220470631382838, 0.34634258364553183
8, 2, 1, 0.003474784005987014, 0.04607843224407994, 0.9504445279908142, 2.255759118812445e-06, 0.5690532137721005, 0.7608126397989741, 0.6775818750482928, 0.43683166900904985, -0.2481133637308704, 0.016695330243471605, -0.12474457407309199, 0.32355684407249163, 0.31214274144120935, 0.37785556945493826, 0.10729399626644606, -0.0005022183455040543, 4.6706097085096794e-05, -0.00022302347480314795, 0.0499838094797047, -0.0004912084359384281, -8.629894361128785e-05, -6.895714181285856e-06, 0.34634258364553183
9, 2, 1, 0.003474783822095469, 0.04607843218517807, 0.9504445282344249, 2.255758301418524e-06, 0.5623950444055414, 0.455906474110743, 0.712683612243975, 0.26462845845550975, -0.15786204159890418, -0.030337679818338882, -0.23651273363555933, 0.2758068127687435, 0.0681215197730376, 0.3918261976250347, 0.07171416747807723, 0.0003187728083282763, 0.00026644339280889587, -0.00042991084473310273, 0.0491231621769567, -0.0018689565360715283, 0.00029873108554972306, 0.00045202868438195913, 0.34634258364553183
10, 2, 1, 0.0034740539805302667, 0.04607816966872243, 0.9504455204533941, 2.255897353178557e-06, 0.4456295261822083, 0.6627243277796482, 0.6433446565823066, 0.33309825089813316, -0.20531423618205716, -0.12088252332187988, 0.1503468417533768, 0.25614979346954014, 0.34470713763993305, 0.33294593517239535, 0.11446130633778964, 0.0005364993764145374, -0.0019666755194267752, -0.0007822943501623904, 0.049808937485332154, 0.0011130786172667843, -0.00041537265271360924, -0.001146105429556058, 0.34634258364553183
11, 2, 1, 0.003474044219247552, 0.0460781697116702, 0.9504455301707149, 2.255898367429653e-06, 0.4272995947657294, 0.6099443774405978, 0.4498153791120342, 0.38471871400759244, -0.22767916773547836, -0.14246621388182987, -0.3014208754241673, 0.4420628609296031, 0.1079307320368802, 0.3735251139363746, -0.03933003632974213, -0.0007606476164559734, -0.0007197495387984296, 0.0003741840524355969, 0.048780886262247816, -0.0007603256814893183, 2.483567582946922e-05, 0.0007636911150123194, 0.34634258364553183
12, 2, 1, 0.0034653318827836586, 0.046078446000317914, 0.9504539659751322, 2.256141766298197e-06, 0.6046328356785712, 0.3706797288682945, 0.6000926591107427, 0.313696979502872, -0.14171599026135687, -0.10791479680904939, -0.12697087311169208, 0.07506567264111878, 0.42233568177305986, 0.3744869110384939, 0.020611861965636486, 4.795323735682176e-05, 0.0009416984862224654, 0.0004735385994020135, 0.05035658922109545, 0.0006255082689773317, -0.0014368468362701788, -0.0002044844015927229, 0.34634258364553183
13, 2, 1, 0.0034250272900082073, 0.04608001109985268, 0.950492705329836, 2.2562803032173085e-06, 0.582505727226136, 0.38423686282622116, 0.7185237059876117, 0.38717984606197275, -0.052331068632964425, -0.18644067469657669, -0.18433785971882272, 0.31461044741808675, 0.1837167625456127, 0.44105582700879015, 0.03726486864712912, 3.585276499699269e-05, 0.001761479666384474, -0.00032308063574701764, 0.04927295522040071, -0.0012139129153064777, -0.00024069299750105445, -2.2751067298080695e-05, 0.34634258364553183
14, 2, 1, 0.003424042944899129, 0.046080022140249734, 0.9504936786298538, 2.25628499738702e-06, 0.5079758195776789, 0.6606635734320533, 0.5395259407538154, 0.5598583673395237, -0.009915417275778871, -0.16895043470281693, -0.28210617930294224, 0.4062643242162385, 0.3209782836118353, 0.42907326689820546, -0.2581130204856831, -0.0008983423890354623, 0.0022844918648323924, 0.0005139182604182692, 0.05145199547178213, -0.0009243669720181138, 0.001535945733012804, -0.0007939975489252248, 0.34634258364553183
15, 2, 1, 0.0034207902185506597, 0.04607975562549319, 0.9504971959800124, 2.2581759437492162e-06, 0.43400698054988246, 0.48981294007419685, 0.5612462691746218, 0.4692702876312766, -0.07320762454616789, -0.03319840261543673, -0.1499308200022535, 0.3047994175416739, 0.15042871074153172, 0.3290500253320102, 0.019813001183806238, -0.0006463390701439953, 0.0003397574810774579, 0.0017660301250159657, 0.049290824471181244, -3.837075231724076e-05, 0.0004465940228095642, 0.0006474472213603033, 0.34634258364553183
16, 2, 1, 0.0033922946469807794, 0.04608052402241462, 0.950524830604092, 2.350726512673708e-06, 0.4576266217832104, 0.47840983377052915, 0.5025894822729412, 0.2366132381332246, -0.171109358168956, 0.046883352949102994, -0.11666165799930936, 0.30388897470535353, 0.20692813346071662, 0.27469917791836757, 0.06268278941314395, -0.0015487836111113351, 0.00024022439775625627, -0.0012194440486208104, 0.049988860348040835, 0.001367490155003493, 0.0024062890037452687, -0.0015221704040897202, 0.34634258364553183
17, 2, 1, 0.002970435149464266, 0.046088599624853316, 0.9509385456700519, 2.419555630618755e-06, 0.3593800148779369, 0.5393500353298334, 0.5516693094861729, 0.17335334020154325, -0.057259669435029956, -0.13513369865177494, -0.21759599296106744, 0.25870759032309054, 0.1668802365961644, 0.19665687498881143, 0.0005858685875231806, 0.0010980538022821976, 0.0005024523716366885, -0.0004031034017736011, 0.04913165980822226, -0.00013230915719363102, -0.0004466842761760733, -0.0005027568212473414, 0.34634258364553183
18, 2, 1, 0.002980769667885135, 0.04596191797604388, 0.9510548411366213, 2.471219449731163e-06, 0.47031526060879203, 0.45798034470802057, 0.6057695805291747, 0.37000736424007535, -0.0920627486858128, -0.2059386307875486, 0.0954539598924831, 0.3542414576256127, 0.09785403024778465, 0.18347565645105263, -0.07247021636678816, -0.0014131034108785274, 0.0009624802534972587, -0.00018649524162423796, 0.049422124924637933, 0.0007036630878018534, -0.00017563709151664184, 0.0008163159492255223, 0.34634258364553183
19, 2, 1, 0.0025827177968656715, 0.04597061047492853, 0.9514440823611543, 2.5893670513573185e-06, 0.49571244641800083, 0.5810071444693683, 0.5315145912728696, 0.2304967477745008, -0.08226181666048696, -0.04489175861541837, -0.18875304495809986, 0.18485252646679595, 0.3057779682583762, 0.3035042297863056, 0.008461002267597773, 0.0011455539546982286, -0.0006285037352396716, -0.0007839590115548611, 0.04815358137715352, -5.903874768575278e-05, -0.000657841440263249, -0.0010860166311218744, 0.34634258364553183
20, 2, 1, 0.002727255829522369, 0.04520944404128124, 0.9520584773959102, 4.8227332861482564e-06, 0.583068633815645, 0.664562031589301, 0.5224605754588036, 0.2831008048401985, -0.04694992522969429, 0.056267321171971064, -0.03165880754159025, 0.12028055385915766, 0.2332378364611712, 0.3488709924200582, -0.01198302425573321, 0.0002335972938856535, -0.0009745059473170051, -0.0003894888986116416, 0.05042910158438787, -0.0019425393608821292, -0.00011997724479662058, 0.00156429368831392, 0.34634258364553183
21, 2, 1, 0.0033600800806562288, 0.04455458459724024, 0.9520804922933551, 4.843028748338232e-06, 0.3761281884879943, 0.3857188041673665, 0.5846567526111721, 0.35252147355478847, -0.03135162898796845, 0.06816736823021177, 0.033342852864967146, 0.28191882429101095, 0.32286608247070553, 0.339597683819896, 0.20315728135891012, 0.00046054512217222777, 0.0011466200133424269, 0.00034830386862842353, 0.05045250035751749, 0.0002067798688851125, -0.0004361023393250712, -5.341371099698348e-05, 0.34634258364553183
22, 2, 1, 0.0033599747059138126, 0.04455453369064104, 0.9520806486202433, 4.8429832017835355e-06, 0.27022394021525836, 0.334747029983968, 0.4462832939944691, 0.27380642146033224, -0.25998442788086634, -0.1902500891512632, -0.20159468736920783, 0.27123243232863636, 0.18957349729946865, 0.15930241613594615, -0.07874862248399898, 0.0013030353469226919, 0.002609850750990155, -0.000622447439794092, 0.05094568519163138, 5.237867673933394e-05, -0.00114303282109279, -0.0001915484166904098, 0.34634258364553183
23, 2, 1, 0.0024386986575723724, 0.044617302093307304, 0.9528929218285378, 5.1077420582468374e-05, 0.36818016331083947, 0.4445645690705177, 0.3821132883422956, 0.46159102390733775, -0.14691809365547417, 0.020481811029125295, -0.055944261909229055, 0.20812798215315081, 0.216166576025041, 0.2637075352852959, -0.047390558473442014, -0.0036108826536744667, -0.0001796157401590465, 0.0006288128893112262, 0.04906376911965624, 0.0002906504401565154, 0.0013187752850689293, 0.00036361890896129584, 0.34634258364553183
24, 2, 1, 0.0021418789952705195, 0.044590826012138624, 0.9532159093603118, 5.138563227910412e-05, 0.5581011365223284, 0.6421438426793163, 0.46232700691965684, 0.3279331523780769, -0.08742137893206586, -0.06354088820756623, -0.16454829792879622, 0.03600006097345561, 0.2996616297584372, 0.25775416167995435, 0.035246355469246454, 0.00010377496529896155, 0.0005388800993507511, 0.00037922339787334986, 0.052911858957328715, -0.00016867087851180144, -0.0014393701225382612, -0.0030847771429028167, 0.34634258364553183
25, 2, 1, 0.0019943932936199458, 0.044585629504104614, 0.9533681601826088, 5.1817019666611874e-05, 0.4002059846350714, 0.5494685451015737, 0.3879219715164964, 0.3049397075515889, -0.06753293532874054, -0.08671487092336969, -0.18387429366254845, 0.3105709149521069, 0.2910868600735276, 0.14042112565942722, 0.1147432555165842, -5.057127100563598e-05, -0.0008876906553259434, 0.000694685368274975, 0.05047539061759221, -0.00134089892978026, -0.0007679040241610531, -0.0003391436341248462, 0.34634258364553183
26, 2, 1, 0.002452456315505839, 0.04251821071018736, 0.9549596096559188, 6.972331838808906e-05, 0.4166043473577405, 0.4065678455999497, 0.44045001434991304, 0.2838709019938787, -0.026862970992538038, 0.054284797710130436, -0.0505933859454639, 0.22403845879350856, 0.253212373312976, 0.17170170545199295, -0.07592465130709461, -0.0007702926740791743, -0.00043730943718601816, -0.0007552825854337057, 0.05200536459433166, -0.00024294735960828003, 0.00046500059715629617, -0.00043456108381214513, 0.34634258364553183
27, 2, 1, 0.002516903855173797, 0.042433924745531704, 0.9549750440089472, 7.41273903473177e-05, 0.5324813128599428, 0.24557821086367282, 0.352362452127186, 0.3897546055803133, -0.08695965353842877, -0.05637629969262288, 0.03592906409078502, 0.24779914652954022, 0.1909595881187363, 0.25116410390032134, 0.20077397943472236, -0.000822010769939532, -0.00019815893624519962, 0.0005914962866946534, 0.04974722405017276, -0.0014309229061195534, -0.0005049568789271197, -0.0008535576779716968, 0.34634258364553183
28, 2, 1, 0.0025016693473654526, 0.04240029839337246, 0.9550238599888278, 7.417227043429697e-05, 0.6293896439320653, 0.2044646775769073, 0.5589302915646398, 0.3986177121399308, -0.16439926278225628, -0.04345368631599389, -0.035073601290756595, 0.328551823782967, 0.27349567143563724, 0.17593496096793282, 0.0038184884939036655, -0.001151026738968021, -0.00017035522177604335, -0.003058847103808615, 0.05028245056785478, 0.0005893046659304278, -0.0007378602579220168, 0.0008344530140763391, 0.34634258364553183
29, 2, 1, 0.0024968790684065456, 0.04240044026667925, 0.9550285009332778, 7.417973163637478e-05, 0.6333159315285396, 0.3478101546069482, 0.47301476475100934, 0.1556841515827393, -0.14608109009602532, 0.026752067642211406, -0.23393987400257793, 0.1565164969556137, 0.12199023157577091, 0.1927513978343373, 0.11514941500356272, -0.00010654140152539801, 0.0019397122870687719, 0.00011537151176144692, 0.04927383918519508, 0.00041526002502471687, 0.0009778553441782596, -0.0004364755572065166, 0.34634258364553183
30, 2, 1, 0.005413432170643722, 0.03531384982810224, 0.959154251748204, 0.00011846625305003596, 0.38249321204655035, 0.4111428376537633, 0.3874041201992574, 0.42539441298665004, -0.02960287743160117, 0.022087948402664304, -0.06726562822191243, 0.28436946165409926, 0.17686355837739848, -0.006701196260515951, 0.049713759004891264, -8.13261943613519e-05, -0.00020406503624419305, -0.000546290560940844, 0.049025322182299956, 0.00016784225818347308, -0.00013322513405136227, 0.000146189918355945, 0.34634258364553183
31, 2, 1, 0.005365000552474077, 0.035314184286137314, 0.9592023238942599, 0.000118491267128742, 0.34375219192519924, 0.7329690631914227, 0.472220506128276, 0.40422566194858456, -0.1677028332485341, -0.2022086971504733, -0.20164965791151862, 0.3289318413573315, 0.15429226304373156, 0.13984021529907403, -0.03980016361420354, 0.0006163137192721102, -0.0003021853089907467, -0.000998927103402927, 0.04884565042787039, 0.0006927634454794812, -0.00013577277959385964, -6.45284561190016e-05, 0.34634258364553183
32, 2, 1, 0.005449699658974796, 0.03513004974726417, 0.9593009327447477, 0.00011931784901327526, 0.22358178966830522, 0.33146311653868105, 0.4803988938090786, 0.39164649500282156, -0.07391807284353871, -0.08827238821583124, -0.045831569278901044, 0.23168247601835676, 0.26887957570275095, 0.34526166006453457, 0.055995763394373066, -0.002472590787856148, 0.0008469935469190874, 0.0007692438070234149, 0.049734231730398926, 0.000817076498565996, 0.00010244338816504557, 0.0011035509573804644, 0.34634258364553183
33, 2, 1, 0.003211107351846716, 0.031102087505255106, 0.965191463469876, 0.0004953416730221212, 0.4581136715266288, 0.6572682464420069, 0.3609241645724693, 0.541335951016657, 0.022847209042795646, 0.02950278129499919, -0.06933275507947718, 0.18162974153357278, 0.20174304736103185, 0.23766183849534034, 0.05132263518731239, 0.00103515254965794, -0.0016171962554163474, -0.0005239989196987433, 0.05094815644063357, -4.596811847498261e-05, -0.0006021668032370435, 0.001824287110766132, 0.34634258364553183
34, 2, 1, 0.003184094660367491, 0.031092676162065944, 0.9652278867352343, 0.0004953424423322941, 0.39363661824294705, 0.35945332634386895, 0.5138663672537686, 0.25792837619008174, -0.004920352721266274, -0.0953139742745768, -0.19517002349615736, 0.058824759482732206, 0.46236404894289107, 0.20228993560259304, 0.1261701874815599, 0.0003254276044960062, -0.0014494716619402625, -0.00026723436983508805, 0.04983023491837754, -0.0012083957185314322, 0.001602685525404783, 0.00024067364723176528, 0.34634258364553183
35, 2, 1, 0.003184095030241137, 0.031092671875384753, 0.9652278906550217, 0.000495342439352469, 0.4746284094398739, 0.384242716610754, 0.5142820168839941, 0.4043871743417998, -0.2397193469995221, -0.11082350493875351, -0.18444299094407307, 0.27585901476810737, -0.060586886198237024, 0.3480877534785765, 0.015010331918859626, -0.0006309511939673249, -0.0007474576670524634, 0.0007294348998968057, 0.05210947458332186, 0.0011037449095786076, -0.0007809633913278371, -0.0005168288451714881, 0.34634258364553183
36, 2, 1, 0.0013915562107374864, 0.03117483079557499, 0.9669221581285172, 0.0005114548651703832, 0.5017739699259819, 0.32021807982455175, 0.4855002944735542, 0.313555515255586, -0.06129506567690888, 0.06317121063545612, -0.01881544177988399, 0.3281772714084202, 0.17517949447221065, 0.20962578448702812, 0.005257777896029556, -0.000546575420916666, 0.0009189187781046295, 0.0007204084441433683, 0.05012537942394465, 2.5014850200464282e-05, 0.000847428757144836, -0.0008865913475597235, 0.34634258364553183
37, 2, 1, 0.0020123549875052903, 0.02805023366914076, 0.9694258725359656, 0.000511538807388322, 0.15016333625748937, 0.33482682052183615, 0.48038204300833476, 0.17980098024800617, -0.038484166678088336, -0.037769701373848975, -0.08062849018106673, 0.10469450466483629, 0.3313867633793017, -0.1538655246749996, -0.05368575536361707, -0.0004327249062738809, 0.0007080474120463984, -0.0010096515313392528, 0.049300714829401, 0.0006452736037297005, 0.0004481456548986052, -0.001317313957284762, 0.34634258364553183
38, 2, 1, 0.0020123170734180776, 0.028050231988107122, 0.9694259121355036, 0.0005115388029712307, 0.32369049451847054, 0.3412606223057589, 0.3821591876391947, 0.36455002316541796, -0.2356257324223395, -0.188934267371792, -0.28095672835692803, 0.28083612755661636, 0.17886084521476953, 0.24906378280432703, 0.05010165087346269, -0.0003329798902950659, -0.000468837568577092, -0.0013748312347187596, 0.04820291941787656, 0.0004689257033458797, -0.0021049921986207023, 0.0002553993293601019, 0.34634258364553183
39, 2, 1, 0.0005386957676133926, 0.028178583408265533, 0.9707450309274781, 0.0005376898966429217, 0.39463577844288944, 0.4665462975084159, 0.4078629012105231, 0.4145797519635931, -0.013522663613743957, -0.16009814521257354, -0.07466130551473134, 0.03759112187924023, 0.1725212346017847, 0.35609424758703845, 0.021886736974325728, 0.0010716044000775567, 0.00018624859797866325, -0.0012225151842882268, 0.04966597016981768, 0.0011333000932812346, 0.0017776868382884388, -0.00015155768000960174, 0.34634258364553183
40, 2, 1, 0.00021630704240489963, 0.028015495471713215, 0.9712270019368855, 0.0005411955489963247, 0.33093962509045116, 0.534436524489643, 0.31838557495286596, 0.32233941018147566, 0.09490943250006567, -0.023959899540870067, -0.25800704831612636, 0.2339705529215228, 0.11005932253049142, 0.20685724483200124, -0.027725805886742984, 0.00011219062965166353, 0.0009254613771340927, 0.0013973860735567109, 0.05073142859086825, 0.0002112878658191434, -0.00048480287737157556, 0.0009555260488537772, 0.34634258364553183
41, 2, 1, 0.0002163069857173389, 0.028015495473231733, 0.9712270020673899, 0.0005411954736610942, 0.5423790614723955, 0.4323047735804204, 0.4835723851577395, 0.25507589812747333, -0.2705182436262592, -0.21629720544888462, -0.2798225928393841, 0.00804021357790441, 0.26570129982058555, 0.23175909957296584, 0.05050657631305429, 0.0005404645252353473, 0.0004686533038779996, -0.001704781461305916, 0.048819936106384826, -8.612448052990289e-05, 0.0017053585003651399, -0.00023715026655402933, 0.34634258364553183
42, 2, 1, 0.0002473702502725747, 0.02774976983895292, 0.9714614378833318, 0.0005414220274426993, 0.4410262438229947, 0.6091580299724095, 0.5211090270705115, 0.3349268154722608, 0.08220348396897537, 0.008842444359861612, -0.07919903035961165, 0.07424042884042065, 0.27255696293759313, 0.2155931545795741, 0.11780831321581105, -0.0002467000455670755, 0.0008546300108693384, 0.0012077907336647195, 0.04799864138602341, 0.00026014908151043056, -0.0006272604079036883, -0.0013372485857371759, 0.34634258364553183
43, 2, 1, 0.0002634097623781504, 0.02762544373394091, 0.971573784038732, 0.0005373624649488667, 0.3333027896088033, 0.42710649385659505, 0.3422886792605491, 0.3540928158969232, -0.13908762225375676, -0.12326035421970065, -0.15621047476568944, 0.13058250696059331, -0.004236123078775145, 0.11739954498361613, -0.07775218389781849, -1.3739145712101783e-05, 0.00022377506623001648, -0.0006943785437452866, 0.04914709559154699, -0.0015822411668384242, -0.0009331841823467723, -0.0004668718035397639, 0.34634258364553183
44, 2, 1, 0.00026444546731271514, 0.027618596810004347, 0.9715792529512993, 0.0005377047713835876, 0.17016977267372888, 0.3256896767601449, 0.42393870973091985, 0.30926382839898175, -0.17261242891254208, -0.29462156825652686, 0.10221126888224638, 0.16200538129570063, 0.0727737307519826, 0.29503824230663434, -0.07184481360823998, 0.001578938002197158, -0.00041688221446939476, 0.001808106959789442, 0.05039952429663833, -0.00024032571839822792, 0.0017382869320127538, 0.00026017504567675434, 0.34634258364553183
45, 2, 1, 0.00026475913189450426, 0.02761793314767141, 0.971579595238166, 0.0005377124822681167, 0.30289337784574866, 0.29830647433832624, 0.4507627204008364, 0.32130394447614474, -0.26595460730884257, -0.01536990808463451, -0.06139449842638035, 0.19585327576015188, 0.03197955755996258, 0.3544949722538525, -0.10695120039196773, -0.0021565979809028144, -0.000642861316158327, -0.0006609766613092903, 0.05056901847062152, -0.0006383332192766043, 0.002152037352183568, -0.00014879064287901103, 0.34634258364553183
46, 2, 1, 0.00026475561974243053, 0.027617933256285223, 0.9715795986102645, 0.0005377125137078154, 0.5092928019780054, 0.35585184980878937, 0.35478900346583947, 0.37880364466510597, -0.23952210203765434, 0.08031292175211543, -0.22996264569180874, 0.15307072660991178, 0.19531741096023153, 0.26123873329891756, 0.12653584171874716, -0.0007864658833338916, -0.0007002869614906215, 0.0012966483572028815, 0.04955995057844923, -0.00025280030329878, 0.002821142759615198, -0.00047281447670775324, 0.34634258364553183
47, 2, 1, 0.0002496349593499784, 0.027617885723959186, 0.9715947711230996, 0.0005377081935912958, 0.5045004287326302, 0.3080579336463368, 0.43718435011356227, 0.24837774171972832, -0.15241571686377114, -0.23433070972418185, -0.19786651062304897, 0.03450909939307356, 0.31122139448122316, 0.10159270463118206, -0.018533217673546255, 7.414097139524987e-05, -0.0014357214335764515, 0.00019597811141474475, 0.0484170826160418, -4.443375544196014e-06, -0.000751032982025287, -0.0007310204230771015, 0.34634258364553183
48, 2, 1, 0.00026641792422381924, 0.027353895098427942, 0.9717968226987884, 0.0005828642785598514, 0.08700874419405062, 0.26093304263695094, 0.255613132032782, 0.4997784701859234, -0.09530142737652972, -0.23046436170005236, -0.10429069944339715, 0.16189038174393094, 0.17015710694272385, 0.2708160869450101, 0.04604013841896808, -0.001600742742524703, 0.000262106829104801, 0.0005958580058820277, 0.04866847726212119, -0.00018096836206913595, 0.00033796291029112733, 0.00023325378082810698, 0.34634258364553183
49, 2, 1, 0.00012419313062877, 0.027355084033443357, 0.971931508685206, 0.0005892141507217947, 0.2455355874826493, 0.4496401684879932, 0.3990177049935126, 0.3986113842589068, -0.02352912879957837, -0.18473575401167688, -0.060969930315314946, 0.141160605500011, 0.11783175651148192, 0.3124565118160654, 0.05172465112758434, -0.0024533857251556033, 0.00011656378534631798, 0.00032320045976424533, 0.049767011023512706, -0.0008874669061165403, -0.0013632257281349402, -0.0006796790088328803, 0.34634258364553183
50, 2, 1, 0.00012234747518489702, 0.026995439891757237, 0.9722856993311245, 0.0005965133019333169, 0.24405878100707082, 0.3548532941150096, 0.3042211322416266, 0.49475420106636825, -0.03324754297894801, -0.04013213990126009, -0.1707222481134389, 0.2715658818888255, 0.23499552175482794, 0.130872281431133, 0.011924630518437776, 0.00028432740530469656, -0.0004159275691602659, 0.0016065944871531065, 0.050174232306992625, 0.0005264115488207295, -0.0005233006146790777, 0.0010032712223673951, 0.34634258364553183
51, 2, 1, 9.151700342383016e-05, 0.026995683080196915, 0.9723159310206798, 0.0005968688956994822, 0.3805589433007997, 0.23308623453659633, 0.24166583545587628, 0.32831455081523125, -0.025320813250579964, -0.22988036893085426, -0.23012549624600442, 0.26474384502507603, 0.19307877831396672, 0.019933202082388645, 0.12916614373344196, 0.0015727422963053774, -0.000998292251844424, -0.0018373222259550647, 0.04972175770376565, -0.00042062864502183573, 0.0011430300991804039, 0.0004111268346714228, 0.34634258364553183
52, 2, 1, 8.977574454979473e-05, 0.026995501846044434, 0.9723172279660126, 0.000597494443393182, 0.27846579248470243, 0.2879706860070498, 0.2656483561168864, 0.2730363433144945, -0.18103309663338826, -0.059684226488918204, -0.007853775085342064, 0.2127399210925863, 0.17680624988170465, 0.20422563086018694, 0.0157397785926536, -0.0002845548792496764, 0.0004739999972787691, 0.0023876338939880226, 0.04914930957744894, -0.0010208711729853706, 0.0003064884621971476, 0.00014044566747648733, 0.34634258364553183
53, 2, 1, 0.0001852439816819401, 0.026860168319722794, 0.9723568974153993, 0.0005976902831959962, 0.3753098722896571, 0.37660566860471184, 0.43233979317849913, 0.25902503354960904, 0.13380803181108575, 0.02240405769666427, -0.12954448976113403, 0.2358076627425009, -0.11431893350590157, 0.259423905725193, 0.09093554208225277, 0.0013656263807933816, -0.0012745970866349459, 0.0004149618183386937, 0.05171902329012795, 0.00020844419367716384, -0.0005586841355314869, 0.0009366527720969454, 0.34634258364553183
54, 2, 1, 0.0001719956918888112, 0.025923661887346086, 0.9731341428101635, 0.000770199610601528, 0.28247483202914, 0.34503770201285905, 0.015234713430534397, 0.4170012004523926, 0.05800173136782334, -0.17362850070479796, -0.1326972493728519, 0.17533471996506403, 0.0404449051747481, 0.04621020299972447, 0.11162650787059744, 0.001132919327128148, 0.00042790532619759743, -0.0016938206145987848, 0.05025577916969539, -0.00028894989549223683, 0.000299555897803251, 0.0009011243656383214, 0.34634258364553183
55, 2, 1, 0.00016714437925472825, 0.02591521799374917, 0.9731472445551513, 0.0007703930718448414, 0.4123233544581873, 0.1773724478471009, 0.2524710313295318, 0.3511376221770333, 0.001924465122335839, -0.15049788008464987, -0.23737886459464858, 0.09382920831516114, 0.0036745206973814335, 0.13811898969686406, -0.012998572460241489, 0.0010308170489084245, 4.326166711698686e-06, 0.0018345912563231819, 0.05033627015569912, 0.0008329080713057971, -0.00029418427272172483, -0.0016490172526149333, 0.34634258364553183
56, 2, 1, 0.00016714560996419523, 0.02591518688557496, 0.9731472638221247, 0.0007704036823362493, 0.4624197821735227, 0.06541695938196997, 0.3041316987728854, 0.17092027016856173, -0.1312077152014876, -0.17605941785080056, -0.028833066865917058, 0.21794124146096702, 0.06278325923036705, 0.36459165680772426, 0.1541500997145508, -0.0005836372558138313, -0.00124669503192321, -9.24158725561741e-05, 0.049476884811758375, 0.0005625304104277212, -0.0014357687580260725, -0.0025880814663433132, 0.34634258364553183
57, 2, 1, 7.740980439256142e-05, 0.025921347694241776, 0.9732224627435492, 0.0007787797578163913, 0.36611686383536773, 0.4108434358880807, 0.20580049758107188, 0.1607004770878781, -0.08787577650287094, -0.2242786800237913, -0.09972942135894027, 0.26839560894350917, -0.0901805223556438, 0.1544331709827999, 0.1307340825337584, 0.0003477503483354199, -7.795410697088604e-05, -7.991511403729784e-05, 0.04961331291580341, 0.0007265740429249102, 0.001201272990404472, -0.001800601723429147, 0.34634258364553183
58, 2, 1, 0.013677209598549329, 0.004160674111076698, 0.9807673928077737, 0.0013947234826002539, 0.11401341779605345, 0.24054228454535748, 0.2520380959375642, 0.14292859135908484, -0.040013803996783316, -0.02215219188004075, -0.04129911138110108, -0.030298863042053446, 0.018099186310302894, 0.18883299429200576, -0.07967866345290023, -0.00109368204806625, 0.0006537533208542433, 0.0007486079289404983, 0.05020869602851713, -0.00041306989814485104, 0.0009378380176972541, 0.0004195984025134331, 0.34634258364553183
59, 2, 1, 0.013669271105574718, 0.004158728477174114, 0.9807769128979884, 0.00139508751926276, 0.30214532082198564, 0.35708691980031526, 0.22635595791424595, 0.23530525443103043, -0.1604261563526591, 0.10777122345118051, -0.23169959353833977, 0.07611618565992792, 0.10409861661962068, 0.21898915476143097, -0.08689905971928888, -0.0008697451569711119, 4.0727309553804605e-05, 0.00024007672011640423, 0.05171821108556492, 0.00035197626769468634, -0.0010797161659120594, 0.0004890770226935056, 0.34634258364553183
60, 2, 1, 0.013639961424390671, 0.00415984957464907, 0.980804736203145, 0.0013954527978153211, 0.2106166024249015, 0.5047366008605925, 0.25386648006028334, 0.233898438075754, -0.14714645132063725, -0.15827513970540388, -0.26872235095631963, 0.0862039459681257, 0.11001870223290919, 0.20036360978393125, 0.09505608552600155, 0.0013335746617282682, -0.0014084043892445591, -0.0013194051591827656, 0.048981378018213034, 0.0017358031371684517, 0.0029071098123057367, 0.00019397160123746322, 0.34634258364553183
61, 2, 1, 0.013419852317948419, 0.004172026536751661, 0.9809834306826629, 0.0014246904626370196, 0.1979005843073605, 0.07762012568739521, 0.2956039933588626, 0.4154036816141925, 0.15723458355951014, -0.19786201934960354, -0.11721410824130521, 0.15469279112488163, 0.05564547104335353, 0.25617429874980274, 0.14447230771340316, 0.0006275179471568659, 1.7297596441471666e-05, -0.00017241825006764604, 0.05143727853075432, 0.0018971860019221646, 0.000992521475792972, 0.0015968403471461295, 0.34634258364553183
62, 2, 1, 0.008749008201189947, 0.004372428738105281, 0.9848900533965441, 0.0019885096641607232, 0.4097536700602616, 0.2057602690163049, 0.24971730942506776, 0.2679959851916387, -0.1209529401683779, 0.007640840922671544, -0.10939398743405446, 0.27786102977423804, 0.24031145144759497, 0.15908610011656033, 0.04589766661166752, -0.0012763933662652788, 0.00021467829683617532, 0.000623182058733492, 0.049612060265407654, 0.00013850714450456118, -0.003215921002427548, -0.0001569624860207618, 0.34634258364553183
63, 2, 1, 0.008562061844217164, 0.0043799929609764695, 0.9850675121573172, 0.0019904330374890954, 0.20013011796778937, 0.20209522055074602, 0.43625223341108094, 0.4147830814852426, -0.14034451329482128, -0.1808473266780611, -0.08881213200104492, 0.11894668008327842, 0.1489901734254015, 0.13033394397484607, 0.005715503337004525, 0.0010505963834674813, 0.0001600237561113392, -0.00019754837454392097, 0.050316508249373816, -0.00070801003876288, 0.0007088283500787772, 0.0006034345319132134, 0.34634258364553183
64, 2, 1, 0.008561741508455819, 0.004379899378722787, 0.9850678306309978, 0.001990528481823548, -0.03953243547817329, 0.09239798463049839, 0.2643557207063301, 0.26200643641982324, -0.18955034038931537, -0.16643872722622183, -0.11120129290518872, 0.18977393027696499, 0.099025361726128, 0.41438350834797577, 0.07465254413074854, -0.002013242723652953, -0.000143626637584227, 0.002525148154335106, 0.050292898606388005, 0.0002997751314562068, 0.0008074832121415961, -0.00041643117079977746, 0.34634258364553183
65, 2, 1, 0.0004969984259938183, 0.004898110096209526, 0.9922939247068815, 0.0023109667709151735, 0.09763668499501929, 0.4498123242325187, 0.25405753711824675, 0.4186624514044303, -0.06276608764138603, -0.25695972355146524, -0.07537384054219501, -0.020931705925261435, 0.19427144957912218, 0.13419146244833519, 0.07103248556956367, 0.0005376113733281479, 0.0004983705806823014, -0.00015146492363925134, 0.049725799156860935, 0.0010417928667148632, 0.00034040435288918477, -0.0006233531754278384, 0.34634258364553183
66, 2, 1, 0.0004961792754425925, 0.004894141990684941, 0.9922974937985443, 0.002312184935328238, 0.29967242964188934, 0.3742379706949074, 0.16908787224010843, 0.35094035944321106, -0.2164635826368782, -0.020510719533757826, -0.11206225219285997, 0.23957729068935052, 0.2063333305345986, 0.17226935412760613, 0.014497040682973176, -0.0008285879859773196, 0.000829704165711647, -4.740359487655452e-05, 0.04878766664874017, 0.00015663267018631137, 0.0005152480301759359, 0.0007954519406513143, 0.34634258364553183
67, 2, 1, 0.0004936902692281808, 0.004890349292412756, 0.9923035024987167, 0.002312457939642447, 0.2557155055357657, 0.24821532804725877, 0.2269428898274267, 0.4792034100034862, -0.10479898884149105, -0.014365350377895237, -0.09134939929994253, 0.08206554719171344, -0.013771368162540964, 0.046528368244057094, 0.04373899086354076, -0.00020588606801915263, -0.0003513435502750219, 0.00077640174782361, 0.050872824920496273, -0.0004271415171675846, 0.0014213013756663642, -0.0011772520431644281, 0.34634258364553183
68, 2, 1, 0.00031628846321620234, 0.004883099547494739, 0.9924602644435153, 0.0023403475457737556, 0.2434569615429425, 0.1433811512060459, 0.22038037177815362, 0.4687226210306218, -0.11363351754491682, -0.20749350828592847, -0.06814194545215853, 0.14645818595389748, 0.03593663457130558, 0.05269883754780913, 0.031161882664288966, -0.00016841694330297304, -0.0005833612414175423, 0.0006328526334183114, 0.05138287712210524, 0.001209112287960261, -0.0015081377807843928, -0.0005769575991754068, 0.34634258364553183
69, 2, 1, 0.00031628755453939693, 0.004883098981091639, 0.9924602726300633, 0.002340340834305577, 0.31765082176760806, 0.1600683522146597, 0.14979584512698957, 0.26316273526365386, -0.2673624953615853, -0.037284759868718056, -0.07615113095148976, 0.46097829547602365, -0.035910514982366505, -0.019965346809241093, 0.03830290643901646, -0.0017467626510927667, 0.0003039437072091463, -9.482151082260189e-05, 0.04966425124869141, 0.0027129194622986927, -0.001500158477344832, -0.000723698157496655, 0.34634258364553183
70, 2, 1, 0.000305480461315059, 0.004881802014566666, 0.992456290257001, 0.0023564272671173082, 0.17052042661446082, 0.07416872956516637, 0.038994120037607695, 0.4695737664019422, -0.10966891974618383, -0.1050869986042166, -0.07254943828141093, 0.04131094473237466, 0.011681001381478073, 0.15524826251616167, 0.035203266894720406, -0.001240964004743828, 0.0013725661346252573, -0.000356925023877995, 0.05081083069732958, -0.0004695832049476519, 0.0017777419551899755, 0.00022180188597359057, 0.34634258364553183
71, 2, 1, 0.0002896950680775123, 0.004879264878784706, 0.992466959556235, 0.0023640804969028086, 0.18445681457849383, 0.07307082486661935, 0.12930709758819897, 0.3362388549059214, -0.12125604725955348, -0.21275617550211892, -0.063938919149799, 0.1993641627183836, 0.04312822238771775, 0.0978497677185837, 0.13996241618190183, 0.0007448708296870574, 0.00020530014996879574, 0.0001150813346024661, 0.051756920699039574, 0.0014188292444162055, -0.0006795468661429258, 0.0003301746167311562, 0.34634258364553183
72, 2, 1, 0.00028834605504693395, 0.004879314415205963, 0.9924682398233593, 0.0023640997063878633, 0.32013434262532126, 0.10084127092726805, 0.32545933448588926, 0.2687142243467861, -0.1719306176358051, -0.014495238655387054, -0.15371989053779592, 0.20539007152611238, 0.03590581217919684, -0.020338442855710646, 0.12159793183162415, 0.0013527876038149371, -0.0006784850070600229, -9.849902948008815e-05, 0.05055111151954872, -0.0003362074328393652, -0.0015937298990424064, 0.0007947987591351863, 0.34634258364553183
73, 2, 1, 0.0003022621878174955, 0.00483774968502922, 0.9924959434412101, 0.002364044685943186, -0.03580597676430306, 0.11335045933204671, 0.24648377865835247, 0.2768670676168464, -0.005667067384498026, -0.047995654889125515, -0.24148448448797702, -0.13061786376010645, -0.1099267587241893, 0.10565063964202195, -0.0011209932403715053, -0.0005026374007918117, -0.0008000705107438276, 0.00035856031896132465, 0.0500381790942146, 0.0003268135789042686, 0.0006418770486008876, 0.0006913923735719557, 0.34634258364553183
74, 2, 1, 0.00027301628730081254, 0.004835868945326067, 0.9925265490097898, 0.002364565757583396, 0.018990185480244937, 0.07594780350216745, 0.16844218756988152, 0.29650814279349247, -0.04913204389652455, 0.02522051397287788, -0.26146705465466596, 0.14415843972306236, 0.11047214441737437, -0.015434461148298051, 0.06998003724520542, 7.260987161294848e-05, 0.0009488289751913069, -0.0016855245810297626, 0.05003153240096049, -0.0013885662242864329, -0.0002903240203537903, 0.0015381526925749166, 0.34634258364553183
75, 2, 1, 0.0002730721421024346, 0.0048358664201530715, 0.9925265545518965, 0.002364506885848021, 0.07548502820903444, 0.12184109638181258, 0.19524521955102409, 0.32700991392998224, -0.18581350561728086, -0.06455110086418447, 0.07257691047552872, 0.08094121988002323, -0.017496831404762946, -0.10402708653582973, 0.34644568637645246, 0.0010953618919891282, 0.00025316086893127356, 0.0012428230689552938, 0.050019200228577296, 0.0017488380771833734, -0.0006259217309208083, 0.0009551369047475035, 0.34634258364553183
76, 2, 1, 0.00018279779013220313, 0.004823697505882555, 0.9926222606954314, 0.002371244008554004, 0.2138050815980564, 0.24228081067455012, 0.1378820706411179, 0.13267002723797688, -0.0959695479166331, -0.11568780980236751, -0.021968999015366773, 0.06093730963928438, 0.08117624998235351, -0.09818386870742923, -0.05828088362494986, 2.9218821795848636e-05, -0.00022205943786007273, 0.00010012458808233415, 0.0498666522434615, 0.001445907752146677, -0.0005339117859315785, -0.0006099399311957576, 0.34634258364553183
77, 2, 1, 0.0022519414187246877, 0.0015530330385345428, 0.9931859053897886, 0.003009120152952248, -0.08836699336402261, 0.09648355462267882, 0.17281431129075667, 0.3858995041500529, 0.05991913780140008, -0.08748914033239946, -0.03497025616630308, 0.13324862963442863, 0.06938058303161138, 0.22812509618521476, 0.1598858399681405, 0.0018726862016047348, -0.0007853930757015109, -0.0001570881085684732, 0.0502372496105572, 0.0007763168584426163, 0.00032180726151076163, -0.0007374529213903589, 0.34634258364553183
78, 2, 1, 0.002251943971063453, 0.0015529586012493686, 0.9931859609114833, 0.0030091365162039033, 0.011898854930811243, 0.241595466131696, -0.058496949813719425, 0.4505222962304572, -0.24143812151515318, -0.17136555460813957, -0.15753333764669178, 0.0842374498264161, 0.14649319203013353, 0.3641001100415374, -0.13013385949318784, -0.00038103814572108287, -0.0003153361143762144, 0.000739260219420957, 0.05232764695541466, 0.0005870881955230005, -0.00014036798306331456, -0.002386542598155194, 0.34634258364553183
79, 2, 1, 0.002263042025685505, 0.0015249546841636637, 0.9932017169520423, 0.0030102863381084974, 0.2609587694737368, -0.005336818453027137, 0.34307171767411565, 0.03025445881968567, -0.08828026302787122, -0.19192495486685357, 0.02826477417517077, -0.032886938611930226, 0.19922602464567932, 0.17171641400316973, 0.004833188305156658, 0.0014226009607238466, -0.00046203803082678753, -0.0009470230142792659, 0.04799408410358018, 0.0007635707973007166, -0.0021516608196635763, 0.0011248537202217612, 0.34634258364553183
80, 2, 1, 0.0022625889184243898, 0.0015249879575832148, 0.9932021098272714, 0.0030103132967209327, 0.24327191486910857, 0.12342734155690915, 0.09020912849633142, 0.2757736238230916, -0.27699532062953514, -0.17793906570882628, -0.1286009246041885, -0.06966293860332574, 0.04706542787047914, 0.10248138942304334, -0.0494631657672863, 0.000886315669477229, -0.0004376593039253706, -0.001138631014466049, 0.05080049084632341, -0.0001684869657140606, -0.00032941020867498943, -0.0013060935338269923, 0.34634258364553183
81, 2, 1, 0.002266816678524435, 0.0015251601075910186, 0.9931949915804313, 0.0030130316334532592, -0.07714675845014998, 0.14663603675966363, 0.12932548650886241, 0.44437455878638826, -0.1413259928983274, 0.03443267343011709, -0.20280209602145693, 0.10023068785437395, 0.07155492058081368, 0.1853624937928247, -0.04930206509834956, -0.0011764864321542573, 6.142712427518845e-05, -0.0008164675337119304, 0.049785044595821504, 7.371768390844295e-05, -0.0007752723224631301, -8.944038618047928e-05, 0.34634258364553183
82, 2, 1, 0.0022916351539638523, 0.0015440619381181513, 0.9931457107315184, 0.0030185921763996493, 0.08829400520417732, 0.039548781997233065, 0.2794604401610049, 0.13664686633305978, -0.25008578955587, -0.04920396138291303, -0.07174544419819139, 0.0478641851439982, -0.01484297880861225, 0.07088821138056972, -0.13271824486981262, -0.0004827804146137362, -0.0012809316243558592, -0.00045674855921358964, 0.0489203950982945, 0.0003114118913275432, -2.8686448104196008e-05, 0.0019430886294550449, 0.34634258364553183
83, 2, 1, 0.0022899856434499388, 0.0015416165506200825, 0.9931495937090018, 0.0030188040969282032, 0.18440122127320097, 0.15141054273089843, 0.0019012821153364446, 0.3398664627512483, -0.2051882373574339, -0.07228588746380808, -0.035443290842075356, -0.12462218348739303, -0.06396798269018175, 0.11742921881304698, -0.054011171655052426, 0.000511786305267854, 0.002446012517570314, 0.0009327653971468154, 0.047990369341682965, 0.0018336450570518481, -0.0009371438492931991, -0.0003038856549659768, 0.34634258364553183
84, 2, 1, 0.0021444397981704912, 0.0013224232312302085, 0.9935136609821227, 0.003019475988476544, 0.22475997344991544, 0.21863928213379996, 0.22448814754817556, 0.4699544603698139, -0.06791695018125612, 0.04900612333975134, -0.1764509355958781, -0.08775807300967262, 0.20478215941742844, -0.06693876292535955, -0.06311856248503002, -0.0012431975050717268, 0.0026534837111528457, 0.0016493210803912545, 0.050698076870529366, -0.00026258041521463654, 0.0007770389138673316, 0.0009086503583960782, 0.34634258364553183
85, 2, 1, 0.0021430868985102907, 0.0013219590955502805, 0.9935152353480242, 0.0030197186579150707, 0.09061418513960953, 0.3918595153289941, 0.04580363058357444, 0.3634909663342892, -0.2186361129176146, 0.012182317030343804, -0.15201897017249505, 0.3261367914166801, 0.06841652356643038, 0.09696905477088268, -0.04843565708637624, 0.0001445220023464262, 0.002090923456687672, 0.000976602864045097, 0.05154974034771418, -0.001880069072809673, 0.0015416643655188796, -0.0012523635031972081, 0.34634258364553183
86, 2, 1, 0.0021516008923316604, 0.0013234385798437237, 0.9935041953284324, 0.0030207651993922383, 0.08596647010064534, 0.13675427600468243, 0.011642635492255382, 0.295639766063678, -0.24207602381267113, -0.02861509139461691, -0.041025816800087676, -0.07279467032181204, -0.0022619181547686718, 0.028393898480558587, 0.27784776992126053, -0.0009017607751427546, -0.0022123687821282234, 0.0016973991392426804, 0.051265122281436905, 0.0018089883249633233, -0.00012490380617583414, -0.0018159895488843885, 0.34634258364553183
87, 2, 1, 0.0021322430589302555, 0.001512139943687621, 0.99327141450328, 0.0030842024941021263, -0.004883906605847621, 0.002693566152846838, 0.12580189378974055, 0.03788439328698816, -0.015945893536905887, -0.24311100574098327, -0.20318791521477614, 0.07644367535042033, 0.03747463332498286, 0.04739753474932383, -0.16634374742908023, -0.0002770790072894909, -0.00022601886017526544, -0.0003722617065573427, 0.05031643317165133, -0.0011879667356489904, -0.0001347659480874263, -0.0007692052086298806, 0.34634258364553183
88, 2, 1, 0.002129059651763236, 0.0015123145548829517, 0.9932744195190961, 0.0030842062742576053, 0.21655650722137548, 0.017340851412221647, 0.16339496128856798, 0.24102107140110376, -0.08786436088935609, -0.07760721945162627, -0.3372173135532142, -0.0569211313977104, 0.06542320837065328, 0.11674623409517762, -0.13496191055000545, -0.0021286771574659633, -0.0006767568366068237, -0.0005760828913528481, 0.04884928807648384, -0.00044963317951617255, 0.000935500329839577, 0.0002479148345388693, 0.34634258364553183
89, 2, 1, 0.0013525102535881172, 0.0018198633376338492, 0.9936222594330725, 0.003205366975705629, 0.09668533253436953, 0.060411011356856247, 0.008218506473935249, 0.09266680964202259, -0.10049540863336351, -0.10952214591202522, -0.1167438089451411, -0.03598428293995636, -0.04328551348865836, 0.07333199325378084, 0.006180315751091915, 0.00010127236887786317, 0.0012689581235428298, -0.0007811686803742583, 0.05067359319477793, -0.003008878584885968, -0.0012178027618811227, -0.0007107412487223261, 0.34634258364553183
90, 2, 1, 0.0004668039879562818, 0.0018735089571934968, 0.994446161901028, 0.003213525153822152, 0.20007807122075238, 0.17865058420025295, -0.09290124694635327, 0.39848766996889523, -0.040977983316738575, -0.2506078916452869, -0.10690317675579544, -0.05215386162379472, 0.005069142788469971, -0.08500648222608112, -0.08508643296558399, 0.00031578273783231306, 0.00040977550807849765, 0.0011287358896943987, 0.05017103285221118, -0.002541610441283978, -0.0007620025593095351, 0.0007445902503524391, 0.34634258364553183
91, 2, 1, 0.0013171061722520964, 0.0028153664643354335, 0.9911215543129819, 0.004745973050430554, 0.01193525511074527, 0.08044747729624421, 0.12364166101947707, 0.2036268142557936, -0.28116563130143896, -0.12555504583736074, -0.05996918219460057, 0.017698186743492293, 0.06248835592024776, 0.056766919300632566, 0.11317637634818864, -0.00017226957367495356, 0.00031788261685241416, 0.00020015509691027108, 0.05023677721341167, -0.0010154206907609358, -0.00040296529514828215, 0.00016690067984324788, 0.34634258364553183
92, 2, 1, 0.0025338896935294835, 0.0035519751241360146, 0.9891290054649657, 0.00478512971736883, 0.03322720090672206, -0.024818414370591825, -0.0927077191740198, 0.33060394251630465, -0.14594543380302066, -0.044639428120089565, 0.0316085126907452, -0.10852001407669784, -0.09979060396255268, -0.024124417027642862, 0.003293008578152517, -0.0009096801064919474, 0.001225623560368233, -0.0017164299019064703, 0.048961158885181655, -0.000826590515110147, 0.0001739094253208031, 0.001690953272573115, 0.34634258364553183
93, 2, 1, 0.002012946358152158, 0.0035493090125236783, 0.9896237294303264, 0.004814015198997793, 0.06386354200929244, 0.10551998493928343, -0.11547142763649605, 0.2910493469170045, -0.016793887090541526, -0.05092675636456003, -0.22308425298928397, 0.08321275834659896, 0.09121217431562516, 0.08195718960888657, 0.0916262271433552, 0.0008456039438709732, -0.0007908221060514264, 0.0010978980573917913, 0.049142364193137014, 0.0011692134779549906, -0.001073808139455097, 0.0004294840602201204, 0.34634258364553183
94, 2, 1, 0.0025160185554742825, 0.0036616513350566913, 0.9888410240932572, 0.0049813060162118795, 0.169465770610893, 0.05295484749360781, 0.12128231007899068, 0.46580249188345063, -0.03969988189300515, -0.05502504755269884, -0.06222070781993623, 0.049943037128026634, -0.009130319730144665, 0.04768218590434368, -0.0053218084082096405, -0.002896897959841247, 0.0010032231891085488, 0.001774798081126622, 0.04948322864401685, 0.0015389408355958522, -0.00011411309501149524, 0.001104006755947775, 0.34634258364553183
95, 2, 1, 0.002585514981867986, 0.0037918522412802177, 0.9886061651670003, 0.005016467609851443, 0.04949472136668721, 0.03671050986501952, 0.14003746736580966, 0.3199036020785294, -0.23751203058563747, -0.16016542640917192, 0.002853105631172759, -0.01877043672272049, -0.022662338571764758, -0.054828056719973, 0.01826548760402857, 0.001008149387600144, 0.0002870972549646292, 0.0017211169829312028, 0.0499555251712169, 0.0011686166266318982, -0.00014342655078911627, -0.0007283904725924617, 0.34634258364553183
96, 2, 1, 0.002585513145309303, 0.003791852512557819, 0.9886061680352297, 0.00501646630690313, -0.0026288277376542934, 0.13433275837624561, 0.10993683793996434, 0.0953839463222677, -0.2542468334198616, -0.09653793415539652, -0.2743909585357406, -0.056285175231422256, 0.05450739932888996, -0.14910297847321727, 0.18859748615829483, -0.0022531214030413666, -0.0014142840629629853, 0.0023774329223252293, 0.04872157809711909, 0.0004747509228262577, 4.314533655146999e-05, -0.00031835953009882393, 0.34634258364553183
97, 2, 1, 0.001713614918935048, 0.0038320473791501612, 0.9894335822804359, 0.005020755421478925, -0.04071907981290744, 0.1790310852191434, 0.005476402198358016, 0.42012054915608366, -0.04431781141633412, 0.030777590522775334, -0.16067060464368435, -0.0808859721517197, 0.04945290549775745, -0.0779071627969977, -0.1532419407068403, -0.0009520675176318122, 0.00038516916656131757, -0.00048078128526730354, 0.049255337136767545, -0.0004269297575068583, -0.0011063486427011445, 0.0018738713616056548, 0.34634258364553183
98, 2, 1, 0.033019251873139706, 0.08247227475837593, 0.8608300840100903, 0.023678389358393948, -0.003085844276851901, -0.014951961392515195, 0.0006260514181892996, 0.45448283501381237, -0.2775397740792075, -0.010280113133496305, -0.16069523810381475, 0.04031439189139169, -0.10057969571116618, 0.03973878293533584, -0.0056141724338914425, 5.8819463331027584e-05, 0.00029108169223784886, -0.001754791968652977, 0.049346166303782135, -0.0012938828193694025, 0.0009119793702305533, 0.0004513872738244365, 0.34634258364553183
99, 2, 1, 0.03302175823668492, 0.08247266452861678, 0.8608316607270706, 0.023673916507627745, 0.011127178439589061, 0.16153639982875978, 0.1896369100029812, 0.3712563013074489, -0.22587795127049373, 0.08624471673105227, 0.005140483547999408, 0.12212186899166699, -0.08494612775965374, -0.09669579624657323, 0.07897857278292023, -0.0005677980946473267, 0.0011536154006328186, 0.0008304454835958919, 0.050917346539911125, -0.001448252283411462, 0.0004229550233053707, 0.0005667048886835061, 0.34355489273886447
