t, Event, Policy, P(still), P(random), P(reach), P(transport), o(t), s_a 
0, 2, 1, 0.371734619140625, 0.003824707120656967, 0.624440610408783, 2.0863186733777184e-08, 0.5329568345611723, -0.6150537899560021, 0.7747878374539614, 1.0273479557195435, -0.07385476828292592, 0.23166444654296262, -0.025908524554388402, 0.394366324970555, -0.41825118244644094, 0.4739480013626487, -0.09725086936241185, -0.09271655288516654, 0.13049185734262214, -0.0020181548796881026, -0.046768071270621256, 0.02621176285041583, 0.28532139275637275, 0.013627118896379894, 0.9420022721932717
1, 2, 1, 0.36513461933543584, 0.005716409328901221, 0.6291489693756699, 1.959993136114102e-09, 0.7037310703308044, -0.7618255267683246, 0.7990821647547894, 0.7862782266303227, -0.18053378153579688, 0.08580322607381585, 0.008166874677895208, 0.3373914987554555, -0.36675552024712993, 0.3193340885113698, -0.1231776138532464, 0.00026321737342721916, -0.0004038757815619247, 0.0026469980581293588, 0.06938792416392806, 0.0013806139390498409, -0.000292114730666896, 0.000345426044604945, 0.9420022721932717
2, 2, 1, 0.24971353917648914, 0.020842429665694474, 0.7294375794249323, 6.451732884181216e-06, 0.6951593526966274, -0.45456834035457677, 0.5715114845066721, 1.0303609961789797, -0.12458613153766743, 0.13984855627163975, -0.10427222805312668, 0.25197972381634076, -0.1914056620585203, 0.32967628807646177, -0.004155617551427565, 0.0003165162854712574, -0.001091641070966809, 0.0009582867709541198, 0.06968769533608343, -3.919376131529576e-05, 0.00024402456367954355, 0.0011216346831707338, 0.9420022721932717
3, 2, 1, 0.24884991023111505, 0.02098416482441701, 0.7301594431416047, 6.481802863179651e-06, 0.39749842858716367, -0.4965453195731248, 0.5342662213303507, 0.9790731277706557, -0.20862298241188854, 0.18853789995375578, -0.3441141061138545, 0.2737793971661999, -0.22715895805200584, 0.28769713337009006, -0.05466871430724577, 1.4329466287491579e-05, 0.0003623184709496838, 0.0009014006720185543, 0.07190588428091343, -0.00045109996552858335, -0.00015449193811393805, -0.00022622095042477446, 0.9420022721932717
4, 2, 1, 0.24883602310466377, 0.020986903733900216, 0.7301705913421038, 6.481819332225054e-06, 0.5174346338957018, -0.49429086723801346, 0.6824110755481814, 1.0194782497425752, -0.19088779806981448, 0.10397918207403682, -0.02362291014628872, 0.42486971911371024, -0.33264587681344604, 0.2641588854828899, -0.036996527292064554, 2.3964409178234504e-05, -0.0013923022881063463, -0.0015321463116597816, 0.07047475976770953, 0.0003696091969027857, -0.00162907870931128, 0.00075799291858048, 0.9420022721932717
5, 2, 1, 0.1777866250057435, 0.022586984271427833, 0.7996192806406175, 7.110082211183984e-06, 0.49937376628713137, -0.6628827709785619, 0.5154834785252318, 1.1902559671779727, -0.2097459787929595, 0.05108339887915423, -0.21301662241682093, 0.38468342658866633, -0.18338258222767184, 0.4046420750519582, 0.06355786301830434, -0.00010461452598519081, -0.0017316726383698685, -0.0011136239605831248, 0.07021332170622879, 0.0006735901767645108, -0.00031576512627527005, -0.00020822117183490925, 0.9420022721932717
6, 2, 1, 0.15310575353895078, 0.02733889867486646, 0.8195439608316019, 1.1386954580883939e-05, 0.575459994536865, -0.4947042910464837, 0.486131152175494, 1.0282802224385388, -0.201262360330169, 0.2772176300925996, -0.1655071532333034, 0.3453777605488166, -0.2314431226338134, 0.2876307202657314, -0.020336167509334084, 0.0001539052930846371, -0.0009581429716675543, -0.0025570003162108884, 0.07007906750989153, -0.0005731333586573465, -0.00163521783047553, -0.0007156572133894629, 0.9420022721932717
7, 2, 1, 0.13831073908710956, 0.03401828012811873, 0.8276553178570502, 1.566292772159033e-05, 0.3582153261367525, -0.44378789512379413, 0.5363988028122642, 1.1322464114250128, -0.1654213855659344, 0.0847110652501788, -0.0766145737185927, 0.2618789656882973, -0.23028196324306394, 0.22553794428328153, -0.05275848681142621, 0.002917406953952376, 0.00048342422184547785, 0.0009622312684606137, 0.0700378771768171, 0.00017551443213954478, -0.0006120687216722095, 0.0013329388603091261, 0.9420022721932717
8, 2, 1, 0.11840581982737375, 0.03653731436215824, 0.845041200597098, 1.5665213370072577e-05, 0.5148508955155222, -0.4269088475621869, 0.6932079202776984, 0.9412503059163694, -0.14919086159844347, -0.018352588365823784, -0.2541705747059827, 0.3004629934542131, -0.35591419176227507, 0.09459092057704446, 0.11532819801500878, 0.0013363710362323152, 0.00017915296147373393, -0.0015835815233479877, 0.07121516993153817, 0.0001615255664706231, 0.0024060353323715625, -0.0005719560749163849, 0.9420022721932717
9, 2, 1, 0.10852833789263537, 0.03787596304288669, 0.8535725574344516, 2.3141630026362475e-05, 0.6659832396182926, -0.42715906996379455, 0.39640663372339974, 0.90070382003939, -0.07884501410946025, 0.11959227914081424, -0.12117570668798103, 0.3510815542427587, -0.24937276642848621, 0.24866133813078156, -0.0005231787822900291, -0.0009474246809852923, 0.00031760038940446627, 0.0007989058579023778, 0.07021311372149108, 0.0005858880733691466, -0.0014313902322060754, -0.00039198561601557283, 0.9420022721932717
10, 2, 1, 0.10851016517509642, 0.037879589538056105, 0.8535871039935334, 2.3141293314027625e-05, 0.3823492817091125, -0.6909868800959432, 0.6106429262397643, 0.9246143976680574, -0.21444105296345595, 0.004861475155816386, 0.01565512693357929, 0.34956308541072406, -0.2697032039332702, 0.2644032366740566, -0.010675933972123946, 0.0003293532895496306, 0.0010161167845483922, -0.0012914131541368595, 0.06879798607848556, -0.00016968846466822364, 0.0006857227716703968, -0.001054708640613943, 0.9420022721932717
11, 2, 1, 0.05217198926611473, 0.04105542986284681, 0.9067489936476413, 2.3587223397109157e-05, 0.5065785101011231, -0.508488191603467, 0.5463598103094904, 0.9310639967115169, -0.22203991813836227, 0.07044474402073393, -0.12642938927285602, 0.30382273002757115, -0.33287311261053776, 0.27906504842447705, 0.1386867124969235, 0.00038037348273566414, 0.0009728919645795618, 0.0015198184271342813, 0.06987543901065126, -0.00022056677777447655, -0.0002019399099751953, -0.0006455357355870742, 0.9420022721932717
12, 2, 1, 0.05196026300222058, 0.04101856752811618, 0.9069975822169097, 2.358725275353271e-05, 0.43977352785920554, -0.6896971073366982, 0.757916420886801, 0.898395136161772, -0.04718529237683916, 0.060483259108560616, -0.14632416878766513, 0.23275949227978193, -0.22515589738340758, 0.4581436595607526, 0.03967603205433, -0.0023533132104624705, 0.00018190371547837676, -0.0012099626526710584, 0.06907387986110705, 0.00028464540266124466, -0.0008368095416881533, -0.0017435987484482368, 0.9420022721932717
13, 2, 1, 0.05072220388574679, 0.041037310984180224, 0.908216869918298, 2.361521177485731e-05, 0.4389749720843465, -0.3534667414783737, 0.572939236024392, 1.0709876797074078, 0.0181667097770023, 0.38741930714365125, -0.25392550552292825, 0.26319417677982354, -0.2328376496129426, 0.4301622239888889, -0.028724716520889045, -0.0005921019208234722, 0.00028139148332770656, 0.00027516252020548174, 0.07041222513877662, 6.0161700039993694e-05, -0.0004988320934119754, -0.0004135001110072636, 0.9420022721932717
14, 2, 1, 0.049743978526991674, 0.04117832117952715, 0.9090540546815953, 2.3645611885903387e-05, 0.47796806042115714, -0.5204725958880112, 0.5775038661356237, 0.8689604768449275, -0.053468753746911436, 0.06843095089661573, -0.1305065936298093, 0.27115668937591036, -0.25926743427699306, 0.2715475234146747, 0.033081800173446516, -0.0011706743739626712, -0.00027758178299702025, -9.450800794885399e-05, 0.06979603123001171, 0.00025413218337718807, -0.0007544535843596032, 0.0021694949090699895, 0.9420022721932717
15, 2, 1, 0.0497135992777733, 0.04118239998186359, 0.9090803488044298, 2.365193593336305e-05, 0.46520364496145533, -0.44608264250658963, 0.38558085946993437, 1.0101464325702751, -0.1634717555780693, 0.05348891210101547, -0.3497111717310526, 0.13309560289087635, -0.30322291893785563, 0.3224160254155991, -0.01325473658381005, -0.00042774777066992216, 0.00027978966288628234, -0.0015287994183635697, 0.06821157058204386, 0.001031485454416729, 0.00036489875073531257, -0.0007433988295185097, 0.9420022721932717
16, 2, 1, 0.0481448437492615, 0.04126941980245264, 0.9105618328308941, 2.39036173916566e-05, 0.5015816551074922, -0.5295436020144398, 0.4268892732978017, 1.1233171739754264, -0.09560433120791745, 0.04774888786395386, -0.10870744897272486, 0.302435480775655, -0.18714922579538057, 0.36236228459756215, 0.10231487381214906, 0.0011111507940924168, 0.00013555806137496227, 0.00017984781340530466, 0.07179015078470494, -0.000505636473903373, -2.2764076427804665e-05, -0.00021421324216112158, 0.9420022721932717
17, 2, 1, 0.050498385183893484, 0.03884234983156696, 0.9106353555870741, 2.3909397465384428e-05, 0.39110754641942463, -0.6261548679874167, 0.4909703717964903, 0.9132418030088519, -0.006180932894661884, 0.11778722008923678, -0.2053638515051988, 0.48782994298241295, -0.17143380099705846, 0.27886004124568575, -0.09063036555212145, 0.0004940267978784744, 0.0003231001432121381, -0.0013400747478682906, 0.07106679364462849, 7.919664050765464e-05, 0.00023599230204845702, 0.0006722267259072029, 0.9420022721932717
18, 2, 1, 0.050188233008504564, 0.038979935207737966, 0.9108067257050342, 2.5106078723277297e-05, 0.4119179915026889, -0.6011511875735777, 0.3693479070455526, 1.0348434857271116, -0.18317326667728723, 0.10902520623643071, -0.05757460168405858, 0.2311462629013906, -0.22809423880573382, 0.19950287841447564, -0.011913435968934415, -0.0015190483592696273, -0.0017884836165716496, -0.0009940610700680417, 0.0697086218983857, 0.00020322441754373456, -0.002826167075105485, -0.00037135952652852513, 0.9420022721932717
19, 2, 1, 0.050127115755302876, 0.03857381149281536, 0.9112739663925475, 2.5106359334325092e-05, 0.5945268221017809, -0.5155459552634282, 0.7191048790676289, 1.0386663641541656, -0.025031422461349383, 0.03524556174107365, -0.11627355726529127, 0.2647302090897181, -0.3577420304585614, 0.16538336351323205, 0.05146889978810261, 0.0006776218865322855, -0.0002800970905045956, 0.0017624406541504045, 0.07245953971115172, 0.00018854288466010883, -0.0014153427548590008, 0.0005009991130663316, 0.9420022721932717
20, 2, 1, 0.05200982702915081, 0.010706054606833274, 0.9372589637081286, 2.515465588745674e-05, 0.5205319909638296, -0.2310062170904022, 0.6678509213746887, 0.8658073937516078, -0.06676246187278925, 0.12336788715203136, -0.11598785223491274, 0.35692870466351456, -0.02827904951994382, 0.3231818102094321, -0.004371966157048268, 0.0006552925640844951, 0.00010133043265398804, 2.0701381844078547e-05, 0.0716772747397979, 0.00015395961202395146, 0.0005167499404916315, -0.0011109020496202818, 0.9420022721932717
21, 2, 1, 0.05203083873275403, 0.010678332655076107, 0.93726567381246, 2.5154799709778887e-05, 0.3091521610567562, -0.6012068560131761, 0.5044022910498932, 0.7698861652278943, -0.09998585038091604, 0.12897462433561654, -0.10063695932408079, 0.38092874283968226, -0.20811281066379123, 0.4773808914359085, 0.05510379766575717, -0.0014669917690253516, -0.0008610425307306468, 0.0013807288040568397, 0.069335253900898, -0.0015731361773590902, -0.0006776350795020631, -0.001390297935689621, 0.9420022721932717
22, 2, 1, 0.051406026125011946, 0.010784893862914592, 0.9377837693082988, 2.5310703774760562e-05, 0.26766664574391746, -0.6245074502429804, 0.4626951054067602, 1.0353605650600355, 0.09400710702634911, 0.16231031099617432, -0.21726959638385096, 0.24620104908097593, -0.3215262085846283, 0.2775650177217404, 0.025374846815296438, 0.00030524775046731137, -0.0008732468856975084, -0.0024132604286566544, 0.07138447706464342, -0.0018977928699435668, -0.00022269609704951904, 0.002373460971862441, 0.9420022721932717
23, 2, 1, 0.04995606642708814, 0.008305099947531404, 0.9417134900897184, 2.5343535662148553e-05, 0.5223432804849862, -0.39994941035329923, 0.5778594260277254, 0.9570718060722946, 0.03577763949768993, 0.053026255457350104, -0.19770681931139575, 0.1623284402752136, -0.16562705649961146, 0.3124102784160494, 0.12730022493475995, -0.00042071501313780074, 0.001378618187652609, 0.0009838780308944616, 0.06907046786569557, -0.0015623288527065998, -0.0008621602470913576, 0.0007214803557981705, 0.9420022721932717
24, 2, 1, 0.02482801649351061, 0.013865614074791527, 0.9612568419754219, 4.952745627596474e-05, 0.37637074850230773, -0.4358997348086472, 0.299307890542641, 0.9356160061921296, -0.13794400689285807, 0.15351774414269376, -0.23256804640781228, 0.3020346639226724, -0.22250134654065962, 0.20991204370632258, 0.06979190064406778, 0.0019034641366302441, -0.002979948941358946, -0.0007688569581335283, 0.06922114092120027, 0.0011067809006752027, 0.00035990917049880203, -0.0013024707481037272, 0.9420022721932717
25, 2, 1, 0.024828967807565556, 0.013864305243929238, 0.9612571994669351, 4.952748156994679e-05, 0.32617700715726083, -0.2943454132624729, 0.5281621899909986, 0.9682740136027457, -0.06260766862986893, 0.11147550861629944, 0.04789208482297722, 0.14421549231033756, -0.2803167498533177, 0.44194206973954475, 0.047664049775088646, -0.0003980545171528207, 0.0006220908383671091, 0.0017419976454214915, 0.0710541674502698, -0.00017967708041736192, -8.549904056846747e-05, 0.00024340166499685917, 0.9420022721932717
26, 2, 1, 0.024101180850056702, 0.014035718527430841, 0.9618134898667222, 4.9610755790233926e-05, 0.2891140993863007, -0.5070413319508826, 0.4106714072737594, 1.0830706110591946, -0.24094815163138444, 0.021906397144533973, -0.25374910864655237, 0.32512971565135507, -0.3486163608447344, 0.19263560336783897, 0.03777693306048248, 0.0011144682149292731, 0.0005732141911746642, 0.0015888593369186143, 0.06883781015507494, 0.002085677491502231, -0.0005125722718280213, -0.0008721273400353663, 0.9420022721932717
27, 2, 1, 0.020062417224180736, 0.015021204430953936, 0.9648590866159478, 5.729172891753523e-05, 0.4120503495244818, -0.32496402304444966, 0.30374043365752285, 0.8144050262481531, -0.13658842833417412, -0.008976880231447115, -0.2569808737154278, 0.14677374258550557, -0.12434116225837091, 0.2911015327567451, 0.0077640255781620425, -0.0015684552953767414, 0.00040255067078648663, -0.0011777346651017974, 0.06888000858508853, 0.0003977855975455588, 5.719114176929899e-05, -0.0005455934630475862, 0.9420022721932717
28, 2, 1, 0.02004304310351302, 0.015024128662847832, 0.9648755240199776, 5.7304213661643214e-05, 0.45754210739640283, -0.49030689848459685, 0.45628455933103745, 1.0272795310461658, -0.18922015022402625, 0.0870291298440572, -0.05335101426334212, 0.2579024458300232, -0.23460041536995405, 0.28636369515873367, 0.014222517558458585, 0.00033102691393781654, -0.0011976690649370748, -0.0015482710576248944, 0.06930758116599321, -0.0008954289049835619, -0.001304037719450732, 0.0003099625376391135, 0.9420022721932717
29, 2, 1, 0.004582186428350122, 0.01651294237418032, 0.9788475014915956, 5.7369705873959766e-05, 0.452339580609798, -0.5763845555098893, 0.6030584375523171, 1.006350017524756, -0.17632875660692432, 0.05506617340526719, -0.2097049797522053, 0.29831061943406756, -0.27054838244249907, 0.19987904980318977, 0.09427326221213118, -0.00071311216565763, -0.001197557557631291, 0.0006233419182120265, 0.07115658565927488, -0.0014746828135656395, 6.598293353333193e-05, 0.00017075698304937204, 0.9420022721932717
30, 2, 1, 0.004548368906611444, 0.016329210534608334, 0.97906503537539, 5.738518339014277e-05, 0.4938216953969068, -0.394844852023528, 0.40192159753707274, 1.0347202644493632, -0.08677241843859407, 0.057639538700655524, -0.16684656875150258, 0.2687024097072731, -0.46978410130534487, 0.20428346388389002, 0.1071009190753393, -0.0009730539811924866, -0.0002192379978001687, -0.0011878152403508402, 0.06829418768710356, -0.000125567160305678, -6.874962401662139e-05, -0.001012793290079281, 0.9420022721932717
31, 2, 1, 0.0020300614025824987, 0.014835661981644271, 0.9830740410847904, 6.023553098285263e-05, 0.23155477606778968, -0.4402010345043957, 0.31506743000473036, 0.9632001017981248, -0.1270404126273192, 0.11321584427539391, -0.18700907549155737, 0.3679232620815114, -0.12318826073466096, 0.2534476702535997, 0.08598882257654973, 0.0017657429345905458, -0.00019624642600535135, 0.0022867062530326334, 0.071174170878429, 0.0004924667168727431, 0.0015942019353268558, 0.0005673489697895891, 0.9420022721932717
32, 2, 1, 0.0020337887765434354, 0.014831906169480293, 0.9830740696231638, 6.0235430812410955e-05, 0.5964110289819871, -0.4244925118657493, 0.6083188613309841, 1.1068880414595215, -0.19354996852402526, -0.00262608072749968, -0.13371125602937206, 0.3118463862482298, -0.24167176950397823, 0.3423573488712881, -0.035596148912766606, -0.0003296352939567941, 0.0021043539545044345, -0.0013206924987095292, 0.07046592618076672, -0.0006257080044461863, -0.0005147479866257439, 0.0005989118543178104, 0.9420022721932717
33, 2, 1, 0.01658528824122547, 0.00019694379625238395, 0.9831573223728153, 6.0445589706895316e-05, 0.15008718225548753, -0.3594319640289885, 0.40114466235766455, 0.8957287096868267, -0.12309598115711287, -0.07180207404117585, 0.0049249563554605745, 0.17929900580577784, -0.085803027925946, 0.2665777709398673, 0.023084875564497096, -0.0016786792996937873, 9.501918360788414e-05, -0.0022172422012367876, 0.07119408413816347, 0.000403808235966028, -0.0007814545179547227, 0.00027916893932628244, 0.9420022721932717
34, 2, 1, 0.016585367521085543, 0.0001966606772273983, 0.9831575251058366, 6.044669585040205e-05, 0.3953906010781363, -0.29781660581904423, 0.31443063399580123, 1.0747807030232959, -0.11658883669654393, 0.08416776671163693, -0.16258907584024074, 0.08502264707958447, -0.41040846526924446, 0.2489845573220369, -0.06648534349430037, -0.0008250282777288794, -0.0005267935737611363, 0.00029244425132396185, 0.07074792834419753, 0.0015851049493810384, 0.0017019207861613394, 0.0003987238124814383, 0.9420022721932717
35, 2, 1, 0.002800887098086925, 0.0007907435604698844, 0.9963462574624875, 6.211187895571022e-05, 0.4592598731785932, -0.4075421404056748, 0.411361948279888, 0.9409720731503635, -0.05898484199953389, 0.08578461989753255, -0.1527774631977356, 0.281093731837842, -0.16666711830510236, 0.32040719277018487, 0.15734422110793347, 0.0008110979764193726, 0.0017045902709445378, 0.0009577577106102212, 0.06869982796685611, 0.0011292667708652422, -9.770702237369008e-05, 0.00012573771476475276, 0.9420022721932717
36, 2, 1, 0.0007108192814934234, 0.001750356439507004, 0.9974761756993561, 6.264857964335817e-05, 0.45448749417456324, -0.30608814607853285, 0.4935414635399125, 0.9530950550905537, -0.20684229743626248, 0.26907451235528956, -0.11947466615493663, 0.1452366044407261, -0.08823321695714162, 0.15995066824993084, 0.025110738076309362, -0.00030838025740218195, -0.0007504125287345089, -0.0009544318553261651, 0.07147450382157983, 0.00010433910125695175, 0.00036861268997873673, -0.0010384240914817718, 0.9420022721932717
37, 2, 1, 0.000707331141179549, 0.001750670933023849, 0.9974793475765596, 6.265034923689768e-05, 0.24752647228439367, -0.4057866384147908, 0.37044626776566975, 0.8309812461641257, -0.16438144995495652, 0.17145951686236813, -0.2743327952576691, 0.11552669746424522, -0.04687291284483006, 0.44511084198873974, -0.016121222597057026, -0.0018244668030720473, -0.0010452072073085497, 0.0003078427408682332, 0.06919340856742519, 0.0002750150876164782, -0.00021525569697426785, 0.0014181800357538216, 0.9420022721932717
38, 2, 1, 0.0010409840367475865, 0.0014165898659972698, 0.997479796394329, 6.262970292611754e-05, 0.2764152626903084, -0.2362954843955623, 0.27766508367194404, 0.9549955132214049, -0.12350784909705012, -0.15967976204931927, -0.04392297258686043, 0.07943354745923617, -0.30845242645719173, 0.10332506691504326, -0.025859766635983973, 0.0014484947493023227, 0.000646319414554526, 0.0020457859241406885, 0.0696551540449891, -0.0002103534682757299, -0.0010127800007027669, -0.0025135798880075175, 0.9420022721932717
39, 2, 1, 0.0005835382655758571, 0.0015387140407775491, 0.9978150895158393, 6.265817780732257e-05, 0.19971491411720707, -0.2220742966859012, 0.467541064062183, 0.8246451433302756, -0.0005289406679474639, 0.016611440795978427, -0.12668406984592284, -0.04118881545776769, -0.2897841868894602, 0.18329428445530588, 0.11681367904584745, -0.0008421516766254549, 0.00176376055397535, -0.0004365180443714544, 0.06912489626358255, -2.5544883859558017e-05, -0.0008246084049406934, -0.00020265505850542692, 0.9420022721932717
40, 2, 1, 5.1889829755293084e-05, 0.001628857866705737, 0.9982566587402456, 6.259356329344314e-05, 0.3705538136762444, -0.09395531343453363, 0.41952378488612085, 0.8543460619085798, -0.24524464839325674, 0.06986618457988554, -0.29028578316926285, 0.14750740344859228, -0.06050985236553195, 0.11490356412358974, 0.14127399702585036, -0.0007191136516915698, -8.9336211810868e-05, -0.0005112831392727272, 0.0689284909646971, -0.0008649357709331524, 0.00029239232686995183, 0.00015204358159302134, 0.9420022721932717
41, 2, 1, 5.188855798796533e-05, 0.0016288586233842836, 0.9982566592457863, 6.259357284147388e-05, 0.3126576771700639, -0.16471590663649013, 0.32433660801498154, 0.8984739854348744, -0.33237632713868775, 0.2478067682351091, -0.10456569413239498, 0.1607551468531114, -0.3095916307363276, 0.3422434327492055, -0.09784222687126183, -0.0004459881939904742, 0.00036972574353114296, 0.0011276533595869498, 0.06970490988640976, -0.0001125066001079656, -0.0005786180772801787, 0.00010589756652084667, 0.9420022721932717
42, 2, 1, 2.24383031497899e-06, 0.0016314742643186713, 0.9983036979376688, 6.258396769760055e-05, 0.2600881338334512, -0.6043399478714533, 0.43814987456126114, 0.9948880735152835, 0.01255709462627983, 0.0739350830304856, -0.2182881324781679, 0.3235037866096138, -0.16314779967274717, 0.17175351440277692, 0.22243700664613802, 0.0015317843614478799, 0.00030713063596190507, 7.275118689374651e-05, 0.07158711808290294, 0.0013989523009662191, 0.00032365837482127097, 0.0005084107225685932, 0.9420022721932717
43, 2, 1, 0.00012992614925962044, 0.0015017774239032347, 0.9983055832646492, 6.271316218783159e-05, 0.2744938306526258, -0.4031901578499559, 0.2662143957109605, 0.9592108598285923, -0.0954099800415992, 0.21492364469678674, 0.0027942130188432835, 0.1416193739982585, -0.09528287541151567, 0.28656699239158423, -0.07368584164365323, 1.9706181550683552e-05, -0.0015459900251323755, -0.0009595944331699515, 0.07170326513324363, -0.00033901839160575917, 0.00046195005867193713, -0.0006720037171225905, 0.9420022721932717
44, 2, 1, 0.0004668764514324517, 0.0010905768403744603, 0.9983797524954138, 6.279421277927537e-05, 0.29930242301989424, -0.3752337629596344, 0.38677119825626044, 1.032350243935373, -0.09990346309682899, 0.1529641441985409, -0.1046035743029305, 0.2853744535572489, -0.03545623719853115, 0.1951902246384607, 0.058638981202887505, 0.00038822331042151405, -0.000687403508617421, 0.0012000059396911366, 0.06873502593255305, -0.0007535143676021497, 0.0013479697634730344, -0.0009108857975308959, 0.9420022721932717
45, 2, 1, 0.00046756377607065506, 0.0010887638850110314, 0.998380877180909, 6.279515800940554e-05, 0.32804092049143047, -0.38678830770778244, 0.4820752018207696, 0.9169503585665716, -0.14926859767710282, 0.04913950003364388, -0.15129392833760993, 0.1662182532869156, -0.18606284627105596, 0.3233454639532007, -0.04284944987982043, -0.0013223964653187835, 0.0015943614720358031, 0.0005240032263312232, 0.07065564045138259, 0.0008350736476859548, 0.0001882341655672733, 0.00047070587468854303, 0.9420022721932717
46, 2, 1, 0.0006033546662607916, 0.000909252205415268, 0.998424401215251, 6.299191307281307e-05, 0.24211680833257856, -0.4477492955622703, 0.3486716507020747, 1.178234227887398, -0.07314713942341006, 0.1096556631841517, -0.10557754756636215, 0.046719212391828635, -0.07381622861095179, 0.2724863983199682, 0.00902158320060363, 0.0010320145485456767, 0.002698595949400814, -0.0010407910396987281, 0.0702613112540986, -1.1033127961293277e-05, -0.0005970160891026456, -0.0005332591659684323, 0.9420022721932717
47, 2, 1, 0.00032058321724189086, 0.0009936583634066623, 0.9986227609808885, 6.29974384629182e-05, 0.3004960578961752, -0.3520949298588101, 0.5766062200374906, 0.94186764965251, 0.018141584137618016, 0.14229583077557592, -0.23626105353503188, 0.24943844208639257, -0.11786007105473431, 0.035758424674509626, 0.048305107044661726, -0.000345015955847285, -3.3335005062359635e-05, 0.0003699076360962891, 0.07167797182922821, 8.784160135032446e-05, 0.00035484648297440735, 0.0023488373111850546, 0.9420022721932717
48, 2, 1, 0.0009802891184346636, 0.00031628377181282144, 0.9986402084309709, 6.321867878165267e-05, 0.2708831563128486, -0.4514643703941359, 0.24082081225122157, 0.9676608359500356, -0.02783641268206253, -0.008230014867434044, -0.15330943143175307, 0.22763478250489433, -0.07348589852089263, 0.1786655433574487, 0.027260323133410664, -0.0005786552163375659, 0.0002516672881733358, 0.001993726963906455, 0.07101664883109311, 0.001431305208153334, 0.0013693560634249905, 0.0022138238560334292, 0.9420022721932717
49, 2, 1, 0.0009817421195865337, 0.0003146202941045345, 0.9986404190909306, 6.321849537837843e-05, 0.30237378956460687, -0.34691123750188446, 0.2843647960415396, 0.9060196340826888, -0.0029278862064496592, -0.02907782080453649, -0.40177115150469306, 0.29498605087164337, -0.04130610652946478, 0.17945210074426857, -0.0363703834968263, -0.00016159865732331372, 0.00030857934097305666, -0.00030779164990854177, 0.0707094791465651, -2.185536016189885e-06, -0.0014526499728622685, -0.0007760686897959987, 0.9420022721932717
50, 2, 1, 0.00022932122440483968, 0.0008069291436113829, 0.9989002599920386, 6.348963994518905e-05, 0.3195447395181305, -0.28643070319907776, 0.3144742298135076, 1.0237626061145728, -0.2129609223910509, 0.0996005729673922, -0.14791784296807645, 0.1680850674075645, -0.18139514174490853, 0.006927209244833121, 0.1285228548536069, 0.00038877984363587005, 0.0011314075332099162, -0.0008479010152380416, 0.06961971920376728, -0.00033604256348915436, -0.001530283065933612, 5.3528128671033795e-05, 0.9420022721932717
51, 2, 1, 0.00022644957400901663, 0.000807934058446226, 0.9989021152080008, 6.350115954407045e-05, 0.23640886695504598, -0.36387793203476704, 0.34790524672184664, 1.0386421264386543, -0.13599749236558042, 0.14241313319220905, -0.155318768604193, 0.15305463887878934, -0.2668977726293928, 0.33891169508104185, -0.03476976712262096, 0.0012058683387024722, -0.0003790924008807868, 2.6554179328322486e-05, 0.0718692373906547, 0.00015343456348498137, 0.001336447477906201, 0.0005575536134923408, 0.9420022721932717
52, 2, 1, 1.4557437872274685e-05, 0.0009529054357772188, 0.9989689791170225, 6.355800932810481e-05, 0.3038455407067273, -0.3153087893964225, 0.43497138915213995, 0.7946760780884488, 0.08143879249524699, 0.29583435357047116, -0.0947066933219531, 0.12819386581017672, -0.08481815510428473, 0.040503588261862844, 0.09015188588397731, -0.0008404198446642769, -0.0011432914131467849, -0.0015880216809133982, 0.07027014979948855, 0.000802933077010032, -0.00023557197569715503, -0.0016023707966398852, 0.9420022721932717
53, 2, 1, 0.00027873451085102846, 0.0006888626098154643, 0.998969596569318, 6.280631001544689e-05, 0.38211241988348077, -0.13201000498383703, 0.2666961379533849, 1.1071957223521889, -0.21916895978388365, 0.05317130173856484, -0.06065679949936971, 0.1022734449522175, 0.0807271947096524, 0.22189386231191993, -0.029428683421591034, 0.0010957812877461404, 2.29114015438137e-05, 0.0022572777050242103, 0.07129551113630282, 0.0009756517065795747, -0.00017660380418795538, -0.0005031593764506124, 0.9420022721932717
54, 2, 1, 0.00046417386480466637, 0.0004930502761682753, 0.9989799693732898, 6.280648573725726e-05, 0.31182422535351034, -0.31457041468800956, 0.5616499438690774, 0.9421293726508957, -0.1013492016899433, -0.023269172632888524, -0.09174603299887316, 0.06317435265425703, 0.000699636319593111, 0.23419623861451405, 0.06470825179025713, -0.002126802082844253, 0.001593853029702832, 4.946772360058781e-05, 0.06939690408733476, 5.231536019442569e-05, 0.0004577576828664354, -0.0010132079391699936, 0.9420022721932717
55, 2, 1, 0.00041703592596752955, 0.0004760671064014475, 0.9990437731889453, 6.312377868568319e-05, 0.3344665156360576, -0.22719133542366263, 0.25676755896158565, 1.050591547947136, -0.11721228477521776, 0.0903385912936482, -0.16764585733519133, -0.006337933836873355, -0.08338842137295435, 0.1804891045845844, 0.0366075230269296, -0.0009357047058456474, -0.0004690977106273413, -0.0011792176549771118, 0.06949269376653075, 0.00020470608439410604, -0.0013673345842530507, 0.0005946095675623318, 0.9420022721932717
56, 2, 1, 3.465597452055749e-05, 0.0005109782774620163, 0.9993912316994437, 6.313404857361706e-05, 0.329340692404825, -0.261288454643677, 0.48962829368222105, 1.0395745124971318, -0.2887456241728585, 0.25966577069001634, -0.11150428861225962, 0.04070795840318762, -0.10758015037590174, 0.23910421797577336, 0.21866277750946067, -0.0004654174173998502, -0.0007824520127189567, 0.0010149521736898533, 0.07061300861886757, 0.00043160034078489485, 0.0008930464745185761, -0.0004963305998419692, 0.9420022721932717
57, 2, 1, 3.668747355938508e-06, 0.0005308438567207641, 0.9994023379733111, 6.314942261219932e-05, 0.3636064026772183, -0.16775440230849908, 0.2752327397935557, 0.8278374152414166, -0.27798312833270444, 0.10920549813180906, -0.32875343442595784, 0.11168761493680521, -0.12516613090034043, 0.06424802655219547, 0.03570375670865068, 0.0006689471332085469, 3.989653697574143e-05, -0.001811790329827918, 0.07150822522226594, 0.0003260945346640693, -0.0008450130047163477, -0.001074288754787138, 0.9420022721932717
58, 2, 1, 1.2973836455594438e-06, 0.0005311445743387144, 0.9994044065916712, 6.315145034462085e-05, 0.4458325425280627, -0.3073595524728831, 0.31854022021325445, 0.9645873291614361, -0.19998435148205884, 0.23289508491818625, -0.14654824722004212, 0.1564507648265602, -0.1818922194922302, 0.3039873184200731, 0.13961481628811886, -0.00115913905956546, 0.0008429490559703388, -0.0008889581794714347, 0.06843180430564472, -0.0004332086458714679, -0.00047922780837044717, -0.002136856465078736, 0.9420022721932717
59, 2, 1, 1.2343140675946558e-06, 0.0005311774441973628, 0.9994044533971088, 6.313484462632771e-05, 0.25669225470963963, 0.03847792417328564, 0.28530086502299495, 1.2236315143051189, -0.16290486918090646, 0.1033194063648711, -0.3899503835227638, 0.0033015643385662986, -0.145206168613772, -0.011643975838928889, 0.02432270657085777, 6.509340679139647e-05, -0.0003557875787040365, 0.00031176244115044076, 0.0688740986673588, -7.58079935485423e-05, -0.0003295004902325725, 0.00046311903789068176, 0.9420022721932717
60, 2, 1, 1.2363603004529946e-06, 0.0005311753584154016, 0.9994044534327343, 6.313484854984474e-05, 0.25135355846884805, -0.07883371259643979, 0.1842304433822191, 0.9538978926880969, -0.020978833678045938, 0.17667800769839323, -0.1473245415814146, 0.3102872174178077, -0.27453527463797045, 0.16219524311660968, -0.16326380124096457, -0.00022217577208764948, 0.0014066991998220588, 0.0007397320972194661, 0.06933105297007228, 0.0008596384370165562, -0.0023891616568183236, -0.0012957440510787694, 0.9420022721932717
61, 2, 1, 1.7182473384451337e-06, 0.0005307089136228457, 0.9994044912152426, 6.308162379625136e-05, 0.42681054186956535, -0.16980024866998683, 0.3030771047879252, 1.218607930263119, -0.022395917857912305, -0.030887203360662686, -0.1087708419637902, 0.0823912006448124, -0.17969062010154585, 0.2566455002982323, 0.04600960634051743, 0.001903636016699702, 0.0004480824543821699, 0.0021826819736919132, 0.07029697493452554, -0.00027438456483749575, -0.0011446152998617703, -0.0006576890357902958, 0.9420022721932717
62, 2, 1, 8.823024974811298e-05, 0.0004439885114947949, 0.9994047234614492, 6.305777730791513e-05, 0.29716379015782823, -0.09127151444707808, 0.3148967329169642, 1.032123307409027, -0.1004779915280116, 0.0861351175819498, -0.009808065616417028, 0.17110137898458203, 0.07012553509436456, 0.06176140434218095, -0.08097784194423961, 0.0008322371472430735, 0.001992000950283934, 0.0005983779891782038, 0.06951820208234923, -0.0012015871428199079, 0.001721152764421581, 0.00099593561320692, 0.9420022721932717
63, 2, 1, 8.812892124766464e-05, 0.0004440634847900155, 0.9994047508565904, 6.305673737198055e-05, 0.3564663575485447, -0.1936297066085838, 0.40238129953031415, 0.9377223913424475, -0.2905093493539323, 0.17231485627365872, -0.22549354071926472, 0.07832187109251945, -0.12920830749558906, 0.14066600772351273, -0.07519452847839499, -0.0009391642778478285, 0.0009372922844660993, -0.0005978984145476614, 0.07028348348507195, 0.0010446199937917415, 0.000821269378997032, -0.0005068408491640487, 0.9420022721932717
64, 2, 1, 5.012275639110073e-07, 0.00047184882623357085, 0.999464493456855, 6.315648934757493e-05, 0.27485453864699433, -0.15940019499444533, 0.24691841352502694, 0.7869854608297949, -0.05245027154720762, 0.19719241516193056, -0.08772319864778834, 0.06724043363572506, -0.12773666632036002, 0.15152566916317428, 0.2154215116416796, -0.0010087032079794452, -0.002003219905596534, -0.001568340929737739, 0.07011088576221529, -5.0978392323299396e-05, 0.00019260621825555025, 2.499433095607283e-05, 0.9420022721932717
65, 2, 1, 1.2281302872841024e-07, 0.00047216750098721017, 0.9994645540268347, 6.315565914937548e-05, 0.160542999865056, -0.30386297340295043, 0.18123579883853091, 1.098684972141958, -0.02900912554405899, 0.27526460962093985, -0.19399529611753788, 0.0598657805158231, -0.03164247642117248, 0.034863974782310236, 0.03555008918963644, 0.00040842595144889723, -0.00032309245211353045, -0.0002516305815486482, 0.06952114915712483, 0.0008749258903746791, 0.0005299777159820456, -0.0012315359735785773, 0.9420022721932717
66, 2, 1, 2.3813370017955114e-07, 0.0004720454685396384, 0.9994645606629011, 6.315573485900905e-05, 0.17610553849436417, -0.09617973729951154, 0.18516912795312201, 0.9062040112414971, -0.08988829256258549, 0.2577967312797516, -0.1436453468066499, 0.05264913828852169, -0.05078124031279774, 0.2906914149414047, 0.004432962410744573, 0.0018114266086912086, 0.001092412719237076, -0.0004038413832216435, 0.06992772207277108, -0.0008077231288432345, 0.0006400352264900404, 0.0015841164673412755, 0.9420022721932717
67, 2, 1, 2.988483227949805e-07, 0.0004720073169312762, 0.9994645625700335, 6.313126471236885e-05, 0.19288453793997956, -0.3204226340596278, 0.14103928758987477, 0.9506589826778236, 0.07469538210211549, -0.015438774338635119, -0.23155910316124126, 0.3331510434330244, 0.000591340602439927, -0.14766450821989852, 0.04483227900378746, -0.000305123515110686, -8.011066435559829e-05, 0.0005468269297076203, 0.06885851234098347, -0.0008049902833716361, 0.0007270846996293175, 0.000563604068756752, 0.9420022721932717
68, 2, 1, 8.178097366877885e-07, 0.00047155130289672833, 0.9994646769787126, 6.295390865410064e-05, 0.07385347318752615, -0.13104116981913488, 0.2901330819549172, 1.012781042788938, -0.11352327415217711, 0.24594319164459097, -0.03965720219594959, 0.23251809811614232, -0.17349855726961616, 0.06012093717689161, 0.16436698223783802, -0.0006616314279364242, 0.0011263261004461874, 0.0009953721697377117, 0.07175066955030703, -0.0009417999141500683, 0.002493366441419166, 0.00011941238117842311, 0.9420022721932717
69, 2, 1, 7.77648272083828e-05, 0.00039456971334976787, 0.9994648070081585, 6.285845128322136e-05, 0.27609685258369326, 0.008447749975540032, 0.1592406134588476, 1.023581457049237, -0.18942852316914222, -0.024935015607827758, -0.02597088555317647, 0.3277765336033783, -0.10120786513568056, 0.20858254449968294, 0.0047535522578936494, -0.0018089326449248374, 0.0012405445409712098, 0.00018845406762380294, 0.06830177743130242, -0.000398330822905893, 0.00030947048965272175, 0.0017266451053449556, 0.9420022721932717
70, 2, 1, 3.092359729035706e-05, 0.00043316285838536323, 0.9994734576889946, 6.245585532964488e-05, -0.0337834870273648, -0.10743661890307037, 0.3374543357148301, 0.8790486891372709, 0.10333197623732775, 0.2704431403048799, -0.14742859381576634, 0.24490767510399847, -0.19618073243598863, -0.04703452626768505, 0.07936999350149958, 0.00027735081241036207, -0.000499037639919712, 0.00044452102796269696, 0.06976956886820224, -0.0006013853583853098, 0.00139355574968912, 0.0005352188278427351, 0.9420022721932717
71, 2, 1, 1.6531689186604407e-05, 0.00044001074194122987, 0.9994812762445364, 6.218132433569087e-05, 0.15930946779347432, -0.32596658872371603, 0.2174611874858278, 1.0222470658731737, -0.08582524464030881, 0.19233749651723347, -0.085991768555102, 0.06648656724386687, 0.0277029164717016, 0.16199494997755504, 0.11761884052453916, 0.00040496166945614185, -0.0006440734919761746, -0.0008960110854589941, 0.07108761908098249, 0.000689918475373141, -0.0009695604535484952, 0.001664984054755215, 0.9420022721932717
72, 2, 1, 0.050182907708474354, 0.0023011063769414336, 0.9474502814133491, 6.570450123510864e-05, -0.10747664426569584, -0.07962500725251369, 0.10784380297284675, 0.7467338102711973, -0.1816937200523881, -0.04474319287798556, -0.08759371360535424, 0.1001892714470252, -0.08779878501287763, -0.049278914488034606, -0.05473991216737262, 0.0009829795204779866, -0.0002845021740202605, -0.0021573191367920304, 0.06788889373738038, -0.00038488744830122214, 0.000327477920143704, 0.0008449196664633282, 0.9420022721932717
73, 2, 1, 0.07764681620705897, 0.005109160695590747, 0.9171774976675118, 6.652542983851586e-05, 0.23432545512296823, -0.11777794709419295, 0.130030892720603, 0.897642059888574, -0.2750655965246505, 0.10920848671101291, -0.005782845046671281, 0.0033778556004269824, 0.11948349176411086, -0.003631920923988674, 0.08083039751167219, 0.0006721959672675514, -0.0012183098598017416, 0.0007117820620044418, 0.0686783491794146, -0.0009402230190543945, 0.0009855127932449784, -0.0003274379603116158, 0.9420022721932717
74, 2, 1, 0.06364814758429087, 0.01851257009965626, 0.9177592549619046, 8.002735414820857e-05, 0.03776196965474299, -0.28632055291341907, -0.1315468502541392, 0.8569072569500215, -0.2730237427912076, 0.01147410089894968, -0.09867928025136492, 0.09108402447323391, 0.044518680124419875, 0.024330499641643234, 0.00030184144654194915, 0.0019304598547474927, 0.0017930886047501948, 0.0006574332623038384, 0.06940139282449369, 0.0005661103105697281, -0.0010978577756147268, 0.0010609014561910087, 0.9420022721932717
75, 2, 1, 0.02848596350252602, 0.032631810402650195, 0.9387392178214526, 0.0001430082733710562, 0.11897062371174301, -0.236765379686012, 0.13116576329056465, 0.9827755656413049, -0.18371548994235604, 0.08519358487230386, -0.24053737851811324, 0.16240902130406193, 0.00479337440019314, 0.12281421654637073, 0.12021001368741435, 0.0015129522370441525, -0.0005641082093846069, 0.00012288778567096198, 0.06952454149674128, -0.0002714258129728122, 0.0001761106211068189, -0.00021660525221985674, 0.9420022721932717
76, 2, 1, 0.02849701500544029, 0.03261762056069256, 0.9387423075959603, 0.00014305683790685964, 0.17841392303840237, -0.09119600936638858, 0.27512401465587943, 0.915494801658413, -0.06918487738217058, 0.16836873789052667, 0.05962775863869907, 0.13583126532309614, -0.28949235588416633, 0.1440040803609144, 0.03563031006351851, 0.0006724817360188216, 0.000622475910445285, 0.0007653998434178458, 0.07060574947923039, 0.00022193529327198383, 1.040674972498356e-05, -0.0005300566774525232, 0.9420022721932717
77, 2, 1, 0.0021701298853167928, 0.05394033237721011, 0.9436094796907462, 0.0002800580467270053, 0.12681840350697185, 0.006708337011524379, 0.22391939423834456, 0.9179342462035125, -0.1005401463451907, 0.20351140632261458, -0.19488337583532464, 0.06898034717305238, -0.16903510070088812, 0.12175999107436142, -0.023067372186456898, 0.0007552105821694799, -0.001293217920367712, -0.0002454255954659406, 0.06910455728300136, 0.0008630300640842893, -0.0008901957253177566, 0.00010507497707888105, 0.9420022721932717
78, 2, 1, 0.0020065307915585833, 0.05403335765762463, 0.9436793887491571, 0.00028072280165976907, 0.09852388093761229, -0.22792228380183546, -0.057214283709622296, 0.9330408633635887, 0.03198170626024353, -0.04334863639209261, -0.20436212782209692, 0.14581346186166716, -0.07909649818059648, 0.11992478306602257, 0.1015765163525699, -0.002647275233396658, -0.00023754058200808626, -0.0008092931846438329, 0.06973687299115197, -0.00017652184304742268, -0.0007570249710301382, -0.001411561121345965, 0.9420022721932717
79, 2, 1, 0.0023068839211980684, 0.05402510812708551, 0.94338652928248, 0.0002814786692363408, 0.10358481215238428, -0.16709134997112898, 0.1661896915087521, 1.0695124850760958, -0.12307914186720255, 0.24435454022046602, 0.0049500454003655655, 0.0656025186571578, -0.02979431721392515, 0.11462913116876523, 0.14499700853633418, 2.369099733520927e-05, 0.0002058732730082251, -0.002760883465343378, 0.07129060535568828, 2.9662137601979787e-06, -0.0007490239496179917, 5.31823854765188e-06, 0.9420022721932717
80, 2, 1, 0.0019584257759741514, 0.054338273510570086, 0.9434237323522662, 0.00027956836118957825, 0.2568646938145552, -0.07446130824850047, 0.26518361840365884, 0.9496788724609603, -0.06389999701972778, 0.020628440047886998, 0.034441806667395714, 0.12556101354892035, -0.08019351640721642, -0.03321793862092033, 0.053420493461114125, -0.0012001654319673107, -0.0004951497785800474, 0.0008964556024402805, 0.07051633399999221, 0.00018396848760810733, -0.00048569870298854716, -0.0005813331348601696, 0.9420022721932717
81, 2, 1, 0.001958518505549017, 0.05433834147875711, 0.9434237344241782, 0.0002794055915157061, 0.16749999705149296, -0.28520573118469883, 0.17471412508785625, 0.7959176303781109, -0.3386867725953972, 0.1869037490489379, 0.010642553775908836, 0.04828932879801705, -0.06676975386813201, 0.14803035825530114, -0.16952022758582705, -0.00011195612412055639, -0.0016964044914853185, -0.001752262053262189, 0.06964489463157371, -0.00023428464806281315, -0.0014675151223409028, -0.0017470809209325232, 0.9420022721932717
82, 2, 1, 0.009221203850770974, 0.05168590653875868, 0.9388145434792153, 0.00027834613125502454, 0.10320954746996036, -0.02089952160463916, 0.02447872410545131, 0.9857080501335374, -0.11594202437094374, -0.25904400752028794, -0.21196371182287263, 0.18797607508788775, 0.0018804841465037913, 0.050220316621702024, -0.04515645482721677, -0.0007451790437678822, -0.0014309226251810168, 0.0009319456814877147, 0.06923037500120546, 0.0006064777779365485, -0.0012577869104010615, -0.0009423970875972538, 0.9420022721932717
83, 2, 1, 0.009221377482299304, 0.051683947583301165, 0.9388164879392961, 0.0002781869951035767, 0.00928414103894808, -0.2908704844159541, 0.15545295721267713, 1.0205711213089432, -0.06619199294580831, 0.0014026252676592854, -0.388819597062359, 0.1296054616819741, -0.15155277924885674, 0.18402953992133017, 0.0569592565992583, -0.0006642570671773647, -0.0006251826726942989, 0.00028597082917983084, 0.06966420271351428, -0.00048505102396066485, 0.0020897693785974455, 0.0008887897949463677, 0.9420022721932717
84, 2, 1, 0.014918343471949076, 0.04597039164650357, 0.9388277513501156, 0.00028351353143169313, 0.16601303523387675, -0.2555851382393328, 0.14070205461244406, 0.9810150135105001, -0.14939851372983998, 0.11007915682252101, 0.012786992067963032, 0.08802858808216393, -0.08917814069581977, -0.00017609981908182082, -0.13203901982803548, -0.002045681011771219, 0.00014131715217034066, 0.00019182419790032663, 0.06936795446135771, -0.00036698512774737497, 0.00029001403178520674, -0.0013472768697185967, 0.9420022721932717
85, 2, 1, 0.01007118822616463, 0.048153750535131955, 0.9414801491072377, 0.00029491213146576865, -0.08020829921127462, -0.10055033137634935, -0.012471403888920984, 0.793217051915332, -0.27617015905209474, 0.17099362392106113, -0.33410768528440077, 0.20166964842204074, -0.18706258157317252, 0.20305208023149, 0.07212379118299221, 0.001659174938282167, 0.0008183777274624956, 0.00020670511553870963, 0.06987804133705745, 0.00016692640420134505, -0.0009447028952892063, 0.0007706009299758153, 0.9420022721932717
86, 2, 1, 0.010063667650779796, 0.04815623570797767, 0.9414851813718268, 0.00029491526941580697, 0.05790530316977547, 0.06540222530868958, 0.014073221791590873, 1.0667412279052275, -0.18783383777894258, 0.030385801437855475, -0.46673878410524916, 0.1637677319724427, -0.1751527666797213, 0.27348268256363745, 0.023659508627960908, -0.0003661007882780541, -0.0009452396687547511, -0.001231595169406015, 0.07092722070744134, -0.0004971389199147406, 0.0012259601269396553, -0.0003549789360359475, 0.9420022721932717
87, 2, 1, 0.010063627164437627, 0.04815626798870679, 0.9414851924227026, 0.00029491242415305733, 0.1777403890391152, -0.11220588129658501, 0.19016450465433649, 0.8729202628934152, -0.04153009562961298, 0.07034923065149265, -0.1995419264729856, 0.0051467717042547045, 0.06516123631031767, 0.26735308374195355, -0.12727623139124652, -0.0006298774487780422, -0.00027171092008330814, 0.00015172491868169848, 0.06915329946963615, -0.001113482365026571, 0.0005716989223395667, 0.0007835529772422616, 0.9420022721932717
88, 2, 1, 0.00862496513939835, 0.05114701508777486, 0.9399323638527319, 0.00029565592009485006, 0.18988921952332224, -0.0358808377350649, 0.037991455424858586, 0.8638686750537389, -0.11154358152279586, 0.19675624537973355, -0.08747280036315963, 0.08780738815024926, -0.16440519505026635, -0.17251307544813937, 0.042202610086677236, -0.0021895444192857553, 0.0011898280067198712, -0.00022946966991436768, 0.06945079955944011, 0.0015744663651207837, 1.0696788774308275e-05, -0.0008564327327201167, 0.9420022721932717
89, 2, 1, 0.007709862519829404, 0.05214463166092389, 0.9398461376584996, 0.00029936816074717517, 0.24875102818468112, -0.05865087533241812, 0.08700462455219724, 0.9794601265017542, -0.14273345542351815, -0.03497038118090623, -0.017125090561283106, 0.06557229574211651, -0.0710030437936045, 0.069881957147572, 0.017064713015299354, 0.0002825466718821814, -0.0010327428786781213, -0.0019621061557844035, 0.06948524282037534, 0.0004883044006290129, -1.0479648410633565e-05, -0.0005970318777533144, 0.9420022721932717
90, 2, 1, 0.0014591052028392112, 0.056740031198774084, 0.9414627777148113, 0.0003380858835752392, 0.08169331486219714, -0.10259867534284013, 0.15725971867322922, 0.8583800659402346, -0.014933203049965437, 0.34095149001516317, -0.11183712608603077, 0.11013576187331857, -0.17303991100476607, 0.10679723215896506, 0.09058406707197478, -0.0006030337928498113, 0.0002294466916318755, -0.001776076521227395, 0.07010014214074288, 0.00011870545815311197, 0.0015214152592779122, -0.0009953376205557884, 0.9420022721932717
91, 2, 1, 0.0013155196979721124, 0.05687069466244359, 0.9414750947552991, 0.0003386908842852054, 0.20420472672586137, -0.2652838273279693, 0.0335161780277904, 0.9196615015369242, -0.10248737736680295, 0.12274328423636356, -0.0103517314370281, 0.0897245644524247, -0.09922472714558347, 0.09698731586521162, 0.030535746992774365, 0.0002865520451412938, -0.0005449965877144252, -0.0015430885493318035, 0.07105719842741139, 0.000613678940602058, -0.0005390979638459231, 0.0007124421648188608, 0.9420022721932717
92, 2, 1, 0.03875061810482384, 0.061717062967221646, 0.8991340374650817, 0.00039828146287278974, -0.010492470417547538, -0.009889507491193949, 0.06104188245172204, 1.0167170153279057, 0.05663164980234612, 0.0007603424371300793, 0.01425539356691503, 0.16196974562876784, -0.017219501452613153, -0.016681158826148845, -0.07950464430847773, -0.001556493572261206, -0.0006065575386077131, 0.00023584260391832528, 0.0697628441373043, 0.0018094038606504051, 0.0004340075343629445, -0.00014128540764518538, 0.9420022721932717
93, 2, 1, 0.0490926550254435, 0.0623777568153927, 0.8881314549569237, 0.000398133202240158, -0.14675902314233297, -0.2033075754310258, 0.004111356642189923, 0.9969733068366862, -0.29682935886364803, 0.0047747952999626754, 0.010824196217543446, -0.11175469612681814, 0.2246368491538581, 0.02119043214950852, 0.13069865294474145, 0.00014434566891056974, -0.00030073030864756446, -0.0009210482446026164, 0.07110908457894133, 0.00039691920152502846, 0.0004660616057642745, 0.0013784460389142676, 0.9420022721932717
94, 2, 1, 0.04220978332720757, 0.06674948502202378, 0.890631310491968, 0.000409421158800581, -0.020759941379537482, 0.08269187789333926, 0.020772885007499665, 1.1051997204171466, -0.08706081637817979, 0.22899113319824238, -0.17165632347810028, -0.06712490891219988, -0.17020139136536216, 0.18867787333077263, 0.12035623501336953, 0.0008427229654469247, 0.0005349625628691477, 0.0010111726475834392, 0.06949870860624699, 0.0008941420313628975, -0.0001967649191468151, 0.0011701712255951884, 0.9420022721932717
95, 2, 1, 0.0413329295800572, 0.06726438353614467, 0.890989225340992, 0.0004134615428061832, -0.00721658524453776, -0.2119121705777382, 0.10380139469928715, 0.8200036963173764, 0.013195537713179339, 0.28293956410800203, -0.1278566338838302, 0.09691694456378544, 0.048911431892247705, 0.1604298314075058, 0.09229769714238374, -0.0015400940612214373, 0.0009096042784872872, -0.0005004609890985033, 0.07152336533048559, 0.001169678102143817, 9.656985659769115e-05, 0.00018440280401624848, 0.9420022721932717
96, 2, 1, 0.041334191610208654, 0.0672630543950355, 0.890989251397438, 0.0004135025973179786, 0.09070922824009402, -0.04252957041760456, 0.14768259475431625, 0.9992630117905182, -0.09495641636151325, 0.23256252567531574, -0.08685540476629308, 0.03475658759732124, -0.13179903191117057, 0.07545200229048475, -0.15784336588790507, 0.0009966987166994956, 0.0005814825316322357, -0.0015136134766646889, 0.06944766728708121, 0.0013200082628561656, -0.0009265053963130671, -0.0015879493155320037, 0.9420022721932717
97, 2, 1, 0.04132157863921477, 0.06727522947384988, 0.8909896889236797, 0.0004135029632556599, 0.12496403403138685, -0.1990784466369307, 0.12892244474173709, 1.0279197785785787, -0.2591614107520385, 0.12998559973146653, -0.05234160013208655, -0.20529060118452663, 0.001639105423347703, 0.10339511476584307, -0.08078797459530347, -0.0007103062378572869, -0.0014395719123672206, -0.001893722317695969, 0.06987526061604322, 0.0009101091608400794, 0.0011293541563619787, 0.0003265002885569035, 0.9420022721932717
98, 2, 1, 0.04127329776634661, 0.06760233696357229, 0.8907105122011549, 0.00041385306892613595, 0.02297720307194658, 0.07278903085756339, 0.007950842056519547, 1.0053784815818687, -0.271237830420976, -0.03151504376878915, -0.1431280790071043, 0.012919850178531173, -0.08865141270236404, -0.06514495533045703, -0.13907262879661247, -0.0008352450990313046, -0.00048550889272873577, -0.0008693171835294359, 0.06966953977540706, 0.0018138319336948913, -0.0013579664561649421, 2.9234348763520683e-05, 0.9420022721932717
99, 2, 1, 0.04085268693346519, 0.06853301421874408, 0.8901991471340134, 0.00041515171377738984, -0.044705644143756065, -0.011486900468218732, 0.15008766752254274, 0.7640827740092313, -0.1761938954355908, -0.05731577648609867, -0.15779278020251775, 0.06871368690571664, 0.021676400366380272, -0.046541202304507256, -0.07239933405890714, 0.0005616644461082771, -0.00015129019857897818, -0.000498579903698449, 0.07093309438692645, -0.00010080395894620611, -0.0004676917792681797, 0.00028320755542536515, 0.9323500063114294
