t, Event, Policy, P(still), P(random), P(reach), P(transport), o(t), s_a 
0, 2, 1, 0.08738167583942413, 0.0019862502813339233, 0.9105814099311829, 5.065896039013751e-05, -0.6704604852608994, 0.6602365650447697, 0.545642055866424, 0.1312620512290989, -0.01898828114665858, -0.27014807785293193, -0.06620077122439141, -0.3253622841741129, 0.24637319187440046, 0.3134643561757605, 0.043034097756347006, -0.12765999779498824, 0.059112961888392546, -0.006542364730234067, 0.1509917640412245, 0.20851664059200462, 0.1082582237636445, -0.04077079096471506, 0.2
1, 2, 1, 0.04955532014521396, 0.02097904169827656, 0.9294655851797221, 5.297678729297241e-08, -0.6325908497483772, 0.6771799741788156, 0.7159230592155622, 0.2625930942717334, -0.06604098899845694, -0.06073960851093215, 0.11690276804989126, -0.15286298920120464, 0.3827936147556763, 0.17237901469491873, 0.01447579296873327, 0.00015711556032549744, -0.0005734174453206964, -4.7993401702024955e-05, 0.06094262043868881, -0.0015068456387809705, 0.0011715837321378546, 0.00022416171906512118, 0.2
2, 2, 1, 0.04956280171201894, 0.020969656732324385, 0.9294674886304793, 5.29251773370605e-08, -0.6162274396281191, 0.5309262800195929, 0.5132544398745398, 0.2808852382959991, 0.1114745937540496, -0.13750166440733452, -0.27070465447928466, -0.16926027026903995, 0.2545900271450082, 0.3440848346893234, -0.04631658602772108, -0.00038311856900711253, 0.0018406874710979956, 0.001196810908344256, 0.05953827477541337, 0.0006005484203973862, -0.00041881287165989125, 0.00022744517827287335, 0.2
3, 2, 1, 0.04921390692393787, 0.02103627036182425, 0.9297497699336352, 5.278060275121236e-08, -0.6193406506808132, 0.5133322229811377, 0.7482058084984671, 0.10206613006036755, 0.14286574682838188, -0.2345718923069776, 0.00907852987618436, -0.3600257667647761, 0.22395143150114283, 0.34963632297632863, 0.06457081400027571, -0.0013839426874819943, 0.0004963749899675088, 0.00017968264282678352, 0.05962084203191849, 0.00019045449203321444, 0.001296460745804806, 0.00022923789834234783, 0.2
4, 2, 1, 0.049212588514100084, 0.021036494169122493, 0.9297508665953321, 5.0721445206656724e-08, -0.5682352102408568, 0.7104186067019318, 0.6686329708816048, 0.26161044359999336, 0.2728729064869272, 0.0884725154529968, -0.03623032976087892, -0.2941580088510557, 0.33201388094030104, 0.3361236155953332, 0.023618947025571855, -0.0016251076900924602, -0.001873336436446265, -0.0002576770024349451, 0.058737156290238055, -1.4373792163367669e-05, -0.00026564613318635536, 0.001426715987435653, 0.2
5, 2, 1, 0.04994468100664608, 0.02025875061707008, 0.9297965509893418, 1.7386942139397413e-08, -0.6634315659594477, 0.3999655066953829, 0.8210559326139151, 0.16473248935344706, 0.05171665529124092, -0.12812356911057082, 0.00981356859787046, -0.06558399916658075, 0.167797252853282, 0.32120662539122913, -0.0895467822225996, -0.0013590923455562907, 0.0003045074905612718, 0.0012144861849629023, 0.05891396993079591, 0.0002796647016801619, -0.0008511610687168489, -0.000746190448051224, 0.2
6, 2, 1, 0.04994533650964398, 0.020257792569847697, 0.929796853587394, 1.7333114496047998e-08, -0.40024561915364726, 0.6237994601154908, 0.5778375043557967, 0.09984919252271049, 0.1582136150049609, -0.15983908718817721, -0.13664222244355917, -0.19986943414311234, 0.29653214127440963, 0.24221206183724248, -0.18963113543772386, -0.0008091341839641991, 0.0007784784262387619, 0.0011754507940344063, 0.059746914707619045, 0.0017548335408053024, -0.0007616694077806153, 0.0010854759428996978, 0.2
7, 2, 1, 0.04994554533436649, 0.020257067362838624, 0.9297973699980665, 1.730472852127842e-08, -0.5638116821950276, 0.37031851493493984, 0.5491703764551208, 0.09526420770428697, 0.1362810254593158, 0.06499375172828117, -0.07954958402109229, -0.359417343804032, 0.4989408764403544, 0.43807651273061066, 0.07291870898187906, -0.00033223035595607677, -0.0008756876633750022, -8.553652248374216e-05, 0.05916980952009748, -0.0011300389177990166, -0.00037083803379248695, -0.0008383981108626914, 0.2
8, 2, 1, 0.04997380580388236, 0.020227403639014725, 0.9297987732721924, 1.728491060235655e-08, -0.5967706249737419, 0.6000083855333215, 0.4940530401858725, 0.31941794629422454, 0.1546588131402475, -0.021867702119948963, 0.0006402918185071105, -0.3186885920575015, 0.3980691541022205, 0.3745651027994069, -0.06726653013349335, -0.0010053439099399026, 0.0013501079746359777, 0.0004673804374682805, 0.06085141669902021, -0.0010772811239718428, 0.0017992338212456458, 0.0009772237124933672, 0.2
9, 2, 1, 0.04991944692057746, 0.020254299449828747, 0.9298262363413282, 1.728826569004925e-08, -0.6145220437969272, 0.5014855525600452, 0.6497506429082245, 0.26264762106432904, 0.19793921983125173, -0.3783868427503648, -0.12834999914460427, -0.2947443661809825, 0.3666557026794763, 0.21975394028410414, 0.23902784231050372, -0.00017664760175622435, 0.00037524124061438693, 0.0002883224990654135, 0.05846473552873797, -0.0013782619958059396, 0.0007754495359532686, -0.0002487897767989998, 0.2
10, 2, 1, 0.04990139889048815, 0.02026054738684748, 0.929838036571974, 1.715069035612061e-08, -0.4668393940088472, 0.5271651940659055, 0.6741025944858158, 0.2946821145912457, 0.2769768336813256, -0.1019313586715636, -0.04771967734152216, -0.13269463634731038, 0.3052790392189403, 0.16814423681368526, -0.016589687560807566, -0.0011358015442564, -0.0011450896893001783, -0.0010431943762602709, 0.05805223662427724, -0.0006944840673745096, 0.00030591675785663264, -0.0018951775503257113, 0.2
11, 2, 1, 0.04764085391709258, 0.021186857094222203, 0.9311722718710804, 1.7117604813980323e-08, -0.39182005781262025, 0.7367367986644285, 0.7436132736051216, 0.3081215642531017, 0.0771093132593702, -0.09418374272997107, 0.05560632566839663, -0.3810340959477964, 0.1482009105617997, 0.20912815813815205, 0.12591335224858632, -0.000376943932326217, -0.00030167834882914303, 0.0012690422162831053, 0.0605663797450976, -0.0007135262880572478, 0.0012141086235162473, 0.0003096507696530405, 0.2
12, 2, 1, 0.0477540183557116, 0.021045855110362676, 0.9312001087658054, 1.7768120314006012e-08, -0.6047247274417028, 0.47585912156298316, 0.5013736354455715, 0.18574053817026734, -0.02883615778705424, -0.2681275397982038, -0.11350003800837886, -0.33680603953613425, 0.16754405742274267, 0.1841676266590454, 0.03835015557858051, -0.0012121099394616182, -0.0018682591055008402, -0.000490222327029637, 0.060428207599625805, -0.0004874963179685143, -0.0012523743070171857, -0.000911235608636276, 0.2
13, 2, 1, 0.021582831455179852, 0.02990771864713377, 0.9485093945611198, 5.533656660659245e-08, -0.3138996778968813, 0.4479249589007418, 0.6274780000774695, 0.29968353792655866, 0.07126210696055396, -0.22571029148815155, 0.06773133476217268, -0.20822942158935684, 0.2647096839845473, 0.4293584312865857, 0.23763880380831517, -2.1929409338266275e-05, 0.0005749281296253785, 0.0012983119449873528, 0.06268443904951981, 0.0014296208175321938, -0.0006227060819531144, -0.0008064430108873892, 0.2
14, 2, 1, 0.021582825430203113, 0.029907719729155374, 0.9485093996977002, 5.514294135806277e-08, -0.6536622842029751, 0.5346283642698066, 0.39865441166936233, 0.01734933342005831, 0.1853300795095254, -0.23715112417152687, -0.05668685502112458, -0.20605932440193722, 0.30286021524583884, 0.26100199214686914, -0.03713139085533811, -0.0011665232591980038, 3.209139461442474e-05, -0.0012358020573789564, 0.060559025597426444, -0.0016326370980764202, -0.0006004740003240324, -0.000990685875829812, 0.2
15, 2, 1, 0.021727285606541084, 0.029742145762064034, 0.9485305095178441, 5.911355067314822e-08, -0.478679242351149, 0.396598618263405, 0.4247418726713281, 0.09210031233679991, 0.10143115138938052, 0.0782519533982841, -0.27285735165492847, -0.18218259037894752, 0.1830461900301347, 0.05987629325501391, -0.15152759877330438, 0.0013203306250545578, -0.0008302227757709177, -0.0004321247001932953, 0.05818221187551966, 0.000794202925065538, -0.0005837890355239648, -0.00010412394770675633, 0.2
16, 2, 1, 0.02173238504965479, 0.029729026462907624, 0.9485385293326226, 5.9154814946751386e-08, -0.43284035119536546, 0.37268764431491325, 0.38465329817366345, 0.355936752835298, 0.08782368081502578, -0.15094167458592261, -0.2893295233910095, -0.29108417377749574, 0.37118852543084346, 0.3037592790779945, 0.015287977184671595, 0.00023038912892691838, -0.0004137339524715903, 0.000886522464419077, 0.0604501808698939, -0.0015325802708772546, 0.0011540154008458918, -0.0024060436551114938, 0.2
17, 2, 1, 0.021732355133507554, 0.02972903471779519, 0.9485385509939924, 5.915470481344489e-08, -0.6301390255110527, 0.35628811671810257, 0.626903212020275, 0.08107536228943872, 0.294147961167195, -0.1656130179107837, -0.2326700211163099, -0.4706684807270092, 0.13892012236262807, 0.1452286172997993, 0.0995793546965205, 0.00010346557824288623, 0.00023012491085794962, -0.0015897984039266188, 0.05878616724255616, -0.0003848125282439609, -0.0031032047719390843, 0.0008845494972351051, 0.2
18, 2, 1, 0.033587578702033154, 0.011036592161830677, 0.9553749522557494, 8.768803867062694e-07, -0.3203402789605153, 0.3500990600033913, 0.5317821786388196, 0.16932012312033562, 0.08192549476265412, -0.18169013410000767, -0.11735392642787608, -0.21279568840262847, 0.21735189301378477, 0.2318227141262963, 0.19602354294823499, -0.0002687956995160389, -0.000694457951400157, 0.0005200336401701085, 0.05980212043454251, 0.00083390619280168, -0.00012523779577644807, 0.00019146622401090976, 0.2
19, 2, 1, 0.03350313190045186, 0.011065262215817733, 0.9554307213385386, 8.845451918904956e-07, -0.4122324514315743, 0.4112312755666204, 0.4543636542106987, 0.07424950489910728, 0.19095638632308098, -0.19171863425593494, -0.10505750032430446, -0.26050164833189415, 0.22927036482758406, 0.3451577960392392, 0.18773822786667713, 0.0009560961980277256, 0.0008286830085829568, 0.0012570433502442915, 0.060823425339685086, 0.00019254915424290448, -0.00042086747689695157, -0.0015680507826837816, 0.2
20, 2, 1, 0.03350320450079349, 0.011064374163925864, 0.9554315371598708, 8.841754096705896e-07, -0.5549812003376061, 0.44942712099958604, 0.5481240340920325, 0.19800526918311567, 0.0634041656545731, -0.00949872141765804, -0.06094843067266244, -0.4367155512588251, 0.2449156354071548, 0.3060576002717947, -0.09134965299014425, -0.0004965954656180869, -9.179397986377959e-05, -0.0006797993777313585, 0.06094200690639283, -0.0015849518557736325, 0.0003749032937614133, -0.0008266357274384831, 0.2
21, 2, 1, 0.03459761029859225, 0.009760587211839013, 0.9556409098115901, 8.926779785987834e-07, -0.3929938877678635, 0.4168832111410482, 0.4376757984104305, 0.12932863287763974, 0.19870161744143372, -0.04806444646563597, -0.09700350202494092, -0.24691636217542517, 0.25355298583528274, 0.44933034352621204, 0.14955266019177946, -0.0009542358814577304, 0.0010524526063903261, -0.0027376955983902987, 0.06160423287575887, 0.00039064458761850485, -0.00037990887656757664, 3.03621274090833e-05, 0.2
22, 2, 1, 0.03459265997487867, 0.009760235708729371, 0.9556462126973707, 8.916190213077182e-07, -0.582196261420421, 0.5714138902840006, 0.5363402495007438, 0.18266558455561405, 0.1579853113076323, -0.03638357238605353, -0.0023266743598004515, -0.18344489092070462, 0.2369779165367547, 0.3745395971023166, -0.010182248105212722, 0.0015749487611637376, -0.0003430741587525788, 0.000714479002219769, 0.05913123468657387, -0.0002738353711035806, 0.000607801794326741, -0.0024079178286731113, 0.2
23, 2, 1, 0.03459109319600045, 0.009760316174948925, 0.9556477010336198, 8.895954308349005e-07, -0.5456447132366226, 0.4394349835183776, 0.5905702918697118, 0.18617954018432387, 0.2812809075802953, -0.064856036323, -0.004715716120811964, -0.24713562317185506, 0.3642974560305576, 0.4136778680359428, -0.011659263024279398, 0.0022820096887133543, -0.002090439558357832, 0.00157797848519649, 0.06066182351202544, -0.00010466235375539265, 0.000972109569789022, -0.0006299779063136345, 0.2
24, 2, 1, 0.034591323805736235, 0.009759566053447388, 0.9556482205574358, 8.895833805552721e-07, -0.4584182007776813, 0.4889175255056263, 0.36752467179066334, 0.2745036791177716, 0.12673468556651352, 0.02821810865692973, -0.1406144154655447, -0.4397379912170001, 0.3941951097566325, 0.055443727015802226, 0.04465033625756496, 0.0019055344071248505, 0.00028688364780390794, 0.0018773910332763918, 0.05955571781055461, 0.0008539190711261101, -0.0016341240218878707, 7.539262316891793e-05, 0.2
25, 2, 1, 0.03550697714198885, 0.008718982009945551, 0.9557731512452851, 8.896027805298031e-07, -0.36342532730516075, 0.37868437535459215, 0.5200550082488882, 0.22607792831663093, 0.10062437755202155, 0.07259610070009608, -0.03835270679461543, -0.33424192968683647, 0.28576453112305195, 0.2888454402281681, -0.00972607374175551, -0.0012309823065640487, 0.0004800714079481861, 8.17824012212775e-05, 0.05915300059975422, 0.0010811301472358546, 0.0004214098667050044, 4.195192795431099e-05, 0.2
26, 2, 1, 0.03553202827650831, 0.008686723699964965, 0.955780358403582, 8.896199446889636e-07, -0.2866978792092612, 0.3127896182031215, 0.5457651913939537, 0.24297153294695106, 0.30030388526099383, -0.05874350979673147, -0.023245016784937268, -0.2208212775146423, 0.23847283498071495, 0.17330378146247769, -0.03042986649464786, 0.00039116608737769143, -0.00042038052195800664, -0.00033727756406901126, 0.05784611417867247, -0.0013688806181455142, -0.0006982814936811847, -0.0010137686385159694, 0.2
27, 2, 1, 0.03546981350378062, 0.008698155604722787, 0.9558311412437699, 8.896477267183728e-07, -0.3899782885979465, 0.46276758360276304, 0.6075353235494465, 0.14813866579016385, 0.1025053901099007, -0.011226345872431076, -0.22176407818995192, -0.18671371013182708, 0.3366312840335615, 0.29017036962945386, 0.09499352265443663, -6.0633568954096456e-05, -6.237750204676777e-06, 0.0012316134153964504, 0.059502106216779684, -0.0003065313463780266, 8.966044772150588e-06, -0.000287064489085566, 0.2
28, 2, 1, 0.036939557607781344, 0.007114853399397681, 0.9559446933693144, 8.956235065561548e-07, -0.41674705136583406, 0.3598299519031151, 0.5258258298711656, 0.2543556306730257, 0.08998510991412545, 0.035393485005625024, -0.0753551853129166, -0.17401725363598677, 0.20347446383166484, 0.29328209181047676, -0.03603723216918182, -0.0007601358392742483, 0.0006172471316835792, 0.0005929408067283823, 0.060272290859432864, 0.0016508356437071059, 0.001219691462697326, 0.0011083022355247005, 0.2
29, 2, 1, 0.037287985116160105, 0.006737574821700311, 0.9559735422913055, 8.977708341288012e-07, -0.45413241807084326, 0.19489489892283532, 0.5640361832255162, 0.10852063751306254, 0.0808639888866836, 0.0041315742046905465, -0.18951020379112582, -0.12047040760060472, 0.05726875475450668, 0.1373808734799235, -0.1332050876519729, -0.0001379888217419956, 0.0007752692020527181, 0.0003514286378798904, 0.061421442169200605, -0.0007262712197226098, -0.0006010894190225686, 0.00015629905291118378, 0.2
30, 2, 1, 0.03794328502647045, 0.005989203473646561, 0.9560664534911772, 1.0580087058318312e-06, -0.5937332130842199, 0.5656555023643123, 0.29378628250414723, 0.2793010013143777, 0.10160747555948384, -0.041914323437999515, -0.26430149898114597, -0.2082453694947637, 0.23181964883746292, 0.16839290488153574, 0.047973599603809126, -0.00011998890303217431, -0.0019612464595939465, -0.0004088622304743654, 0.0609037425260265, -0.0007437690476758715, 0.0010822838142668229, -0.0013574586372206241, 0.2
31, 2, 1, 0.04253718482342121, 0.00028868709876026096, 0.9571730322180697, 1.0958597488806964e-06, -0.2546686998604423, 0.21870064949422444, 0.44131870448167454, 0.1979469107277255, -0.03690974260388089, -0.046996960008357055, -0.11800803294056832, -0.30134148939731975, 0.2405150762423624, 0.2764420914218152, -0.0027068855566686504, 2.1317796779677623e-05, -5.4609935384588584e-05, -0.0001790942890673969, 0.058947002200149534, 0.0008814047300167918, -0.00035478555616068184, 0.0008893805735043037, 0.2
32, 2, 1, 0.042515085213235604, 0.0002513040830111778, 0.9572304347109729, 3.1759927803292115e-06, -0.39101879679797924, 0.3739138500666313, 0.3691865442212163, 0.2827607785349864, 0.14175925840670373, -0.125179060084063, -0.0276333937712643, -0.12355183345116076, 0.13016310249486304, 0.08858961711244473, 0.060410724335395405, -0.0011563328687053654, 0.0005583996851244253, 0.0008431784606328019, 0.06059126241259176, -0.0015482323484665174, 0.0011523808603285143, -4.842836590364618e-05, 0.2
33, 2, 1, 0.04197682444494539, 0.0005074192219609025, 0.9575125016324287, 3.254700664965378e-06, -0.4112700690044728, 0.4937525775373078, 0.5493479097796354, 0.20038848935819192, 0.1459780524042628, -0.3053736048821249, -0.09369472527651249, -0.24051440784146288, 0.0556589908660776, 0.17595956080454564, 0.08912699233660022, 0.0007091400634357998, -0.00033209857742811776, -0.001915953611640927, 0.060663442890807405, -0.0007182712657573384, 0.0005570875389798764, 0.0006637295824480102, 0.2
34, 2, 1, 0.041867389129640234, 0.0005274282488119422, 0.9576019837315644, 3.198889983474003e-06, -0.4852699028761703, 0.39482027810441234, 0.5486859886268451, 0.26794580543581575, 0.06962938006944522, -0.08552409438815697, -0.039645899850652845, -0.2871224026798698, 0.15083861809217977, 0.26984393657436023, -0.04278956969173817, -0.0007180137958296644, 0.000301335777969869, -0.00011172145614535491, 0.061306937117651436, 0.00020745682513087716, 0.002081682827188019, -0.0009213724754299562, 0.2
35, 2, 1, 0.04184776992584047, 0.0005320870533044267, 0.9576169618813329, 3.1811395222020452e-06, -0.25274677981757004, 0.6505989889154215, 0.5394595200871548, 0.2588299995251993, 0.24286447060060246, -0.1998923536065445, -0.0470119768216805, -0.1381229092098805, 0.10696352671289858, 0.19899046209136143, -0.03212466244304688, -0.0005779683320447477, -7.790845273520057e-06, -0.00010775313512517923, 0.0583724344853628, -0.0001636323509072774, 0.0007669646284705369, 0.0004406026579476521, 0.2
36, 2, 1, 0.041785891401316, 0.0005197922417392011, 0.9576904525811706, 3.863775774312125e-06, -0.23991888098618971, 0.2502767147505667, 0.3763690594621153, 0.13040867172385898, 0.11748064818139548, -0.17083931829768595, -0.13831783817199114, -0.04730278990907497, 0.22714902102956738, 0.17352294950944777, 0.08010477211295991, 0.0002140503202331757, -0.0011584171391268074, -0.0009005407412787323, 0.05992525073264395, -0.0006584618272882752, -0.0011543738023220783, 0.00012278071439593695, 0.2
37, 2, 1, 0.041785717665277465, 0.0005198525104328992, 0.9576905660374314, 3.863786858283833e-06, -0.20129954341485434, 0.3102225050052366, 0.46369178595983945, 0.09693903814275781, 0.34946310048332335, -0.03941650890068114, -0.2760597729258907, -0.2426347547827618, 0.15352850588235706, 0.07125797494589341, -0.05362233193775114, 0.0011244254188016681, 0.00035229138972991855, -0.0008089000176618996, 0.06002918873273612, -0.0013301590047639883, -0.0008331431778138062, -0.0009669446594305844, 0.2
38, 2, 1, 0.04178362768545065, 0.0005203320430791936, 0.9576921764604956, 3.863810974587079e-06, -0.37093390529175, 0.48845632902924774, 0.4211784388499754, 0.31455217223066645, -0.011954253769322376, -0.15691917773546868, -0.34998213592469096, -0.3937998672507348, 0.0802588284268811, 0.2357976746319998, 0.09182634474007358, -0.0002408494850023375, -0.0007915649405425825, -0.0011266709824165485, 0.0602598759629213, 0.0017407138565735242, -0.0006842859786747496, 0.002186454292183156, 0.2
39, 2, 1, 0.041650815829098645, 0.0006053377972998394, 0.9577371638083304, 6.6825652712088945e-06, -0.4081600049922911, 0.4735636783727088, 0.35485278452575936, 0.23166788615602968, 0.15124857149025933, -0.24589737134504466, 0.03214580007487755, -0.02846120551321709, 0.1789028910472187, 0.15124432796081444, 0.05303057867996706, 0.0002128943259176883, 0.0008709334884630116, -0.0005484026360529197, 0.06115629507946996, -0.0020033668689218376, 0.0013562954479680357, 0.0006211601515262324, 0.2
40, 2, 1, 0.019715367414234596, 0.006732077336730358, 0.9735452082323158, 7.3470167192614065e-06, -0.2364654785814046, 0.32431731829412513, 0.506796953377589, 0.2648886222438887, 0.024926595172708167, -0.15599055796890074, -0.04462654526308561, -0.2749467373961476, 0.2043192000707382, 0.3911199727408271, 0.19831000055736875, 0.0007937462254935257, 0.0003196618986723017, 0.000547012316549975, 0.05839761411089676, 0.00036015336822029724, 0.0002126220396681927, -0.00036478466732147493, 0.2
41, 2, 1, 0.01968324655851573, 0.0067485593682401444, 0.973560722565181, 7.471508063088155e-06, -0.22402107697974188, 0.29513820897188403, 0.40735623130816057, 0.09716656891621536, 0.15348005815799978, -0.26286637433251403, 0.03710167977350689, -0.16141078263732886, 0.19833732822790534, 0.12466029574281001, 0.012659980146141586, -0.0003251873440755985, -0.0020158318751864602, -0.0007408310219391618, 0.05931152148299203, -0.0008769953965115243, -0.00010069146164696874, 0.00020578774465879868, 0.2
42, 2, 1, 0.01968316920167618, 0.006748570325269449, 0.9735607888694093, 7.47160364494102e-06, -0.5040279393106817, 0.23543889833409565, 0.385626192927536, 0.2216849282460808, 0.25678270324195407, -0.16200983359417886, -0.3262073153805278, -0.10074665193794105, 0.05441199618224239, 0.26337461209545643, 0.10415695807133314, 0.0008184494660800213, 0.00023616325235518222, 0.00028336295477089364, 0.059495505852870875, -5.933537871222561e-05, 0.00018806236513812684, -0.00012659792596909355, 0.2
43, 2, 1, 0.0196807955915085, 0.0067481492341189405, 0.9735635823513208, 7.4728230517899104e-06, -0.36677392155929306, 0.4173586956851005, 0.45383387758716937, 0.18521102298681372, 0.12889042562734865, -0.010288734765083163, -0.21959117963995736, -0.1271927867767258, 0.1351188803857243, 0.06253066773994428, -0.1957287818866202, 0.00016097438119149981, 0.0016024423751169615, -0.0007427463175447147, 0.060823538296678525, -0.0006118546895206037, -0.0011741990870822346, 6.037814282937328e-05, 0.2
44, 2, 1, 0.01939078763817368, 0.006859839876499812, 0.9737418951238414, 7.477361484996179e-06, -0.25708692561159735, 0.30516991615945427, 0.6161264167467435, 0.26155613455707355, 0.23961554226540396, -0.2697836160324447, -0.20093649064093483, -0.1020748662776763, 0.1817602006013685, 0.24233086758047126, 0.17204355735168556, 0.000597805892456829, 0.0006404774363634564, -0.0010965961729160708, 0.059934750905723755, -0.001154799496603263, 0.00017108834816137176, 0.001735949146781332, 0.2
45, 2, 1, 0.01939163275098123, 0.006858241248816734, 0.9737426264467406, 7.499553461419531e-06, -0.40499508566384657, 0.2119386123817911, 0.21969493806250476, 0.22239157702179374, 0.1633738418350635, -0.1633783220882224, -0.21632590911926322, -0.09076507693839533, 0.21782636665862012, 0.13567687913148582, -0.01523994600037779, 0.00018695997663013578, -0.0004410715588394915, -0.0010675616158619253, 0.06145820326979864, -0.00019915720795350217, -0.00024241363863428708, 0.0004178491240876764, 0.2
46, 2, 1, 0.01922256492131505, 0.006888870358700025, 0.9738805511400614, 8.013579923473291e-06, -0.22602003572341695, 0.3035705933112443, 0.2910862120492427, 0.13340729702118373, 0.19157800995075033, -0.035877303344490706, -0.28861595459810374, -0.08830044538981932, 0.11198938953887742, 0.31605686656881143, 0.0019006691240208956, 0.00035093499226220677, 0.000737352900877716, 2.296017474167693e-05, 0.05939243286551128, 0.00045668054673063125, -0.00019906712204346397, -0.00010542288356284407, 0.2
47, 2, 1, 0.01922228537274912, 0.006888621178763611, 0.9738810490781703, 8.04437031701723e-06, -0.23649738757879116, 0.29772889610977926, 0.2609498192186795, 0.1867172928710674, 0.2898629379369516, -0.16075750160000607, -0.14430065820574095, -0.206988114345423, -0.024103611031926753, 0.16538557353193495, -0.04445524026574359, -0.001050955261070892, 0.0012612973955056918, 0.00015343687358295523, 0.05906012793178632, 0.002110067133048721, -0.0003067041815653485, 0.001018762700994422, 0.2
48, 2, 1, 0.013791287865769735, 0.010935796938228198, 0.9749386051008904, 0.0003343100951116797, -0.374410210085245, 0.409507829324399, 0.25887810337019085, 0.2419168185635121, 0.053945715963677934, 0.0034624429549368284, -0.1482142089868732, -0.06211824560449708, 0.06772204233318571, 0.06898922721201797, 0.21210850279273777, 0.0012729045032005939, -0.000954888763684608, 0.0010410001373918954, 0.061019538926327145, 4.647127375968588e-05, 0.0009075613199629702, 0.0005192001081822411, 0.2
49, 2, 1, 0.013791756293642536, 0.010934574104569167, 0.9749393575836778, 0.0003343120181105268, -0.2835958439781864, 0.3598279363597878, 0.29140466050437747, 0.0764203709519963, 0.259315294360578, -0.11745392788389357, -0.2618155982284957, -0.06874836477983019, 0.30617029547903446, 0.05582003495437533, -0.05518862369100193, -0.00026033803036607146, -0.000960000291615713, -0.0006905559378821697, 0.05952568088589781, 0.0002089343630103514, -9.041583274737501e-05, 0.001031248340518275, 0.2
50, 2, 1, 0.013884690063272585, 0.010779787866934377, 0.9750011189192577, 0.00033440315053542315, -0.1418425010059456, 0.30525409698843015, 0.3420493449345482, 0.2354256881149746, 0.15290490655734992, -0.07598442271594641, 0.06446692049516056, -0.17258799153655316, 0.21643475697435396, 0.25644983284878914, -0.03543696717174692, 0.00011512629176194602, -0.0009076930800350165, -0.0020878629329285966, 0.06017815452258649, 0.0021327880437505245, -0.0002829974782238525, -0.0012727399342570894, 0.2
51, 2, 1, 0.021894274725720666, 0.0020964811445864802, 0.9756554411916379, 0.0003538029380548997, -0.3529325613551696, 0.11378229604692966, 0.16979264986951503, 0.21091977217174293, -0.04690369535110874, -0.07327162950975938, -0.0790808609749776, -0.3368907433977702, -0.020816355775423977, 0.2986441750644599, 0.20710982456894844, 0.002159065294076814, 0.00023619124012056353, 0.00018005173686915242, 0.05808160237772432, -1.1778244572307117e-05, 2.6528144080468114e-05, 0.0006998916208163523, 0.2
52, 2, 1, 0.007085268481240126, 0.013403520695887933, 0.978212361687026, 0.001298849135846005, -0.3281450105241571, 0.1094623207553032, 0.32911413395486966, 0.36177080120218025, 0.1571303987073212, -0.11452875431528745, 0.023626092505138408, -0.00942137100001077, 0.06763721409559445, 0.16519604448918407, 0.3263713768936914, -0.0006505459653126226, -0.0009159631635605523, 0.0003663377673815339, 0.05890597192376316, 0.0020062241454178236, -8.440344316007904e-05, -0.0006800854163125862, 0.2
53, 2, 1, 0.00708386906785481, 0.013404281346452534, 0.9782130246507607, 0.0012988249349320585, -0.29226605168860564, 0.3809151061204715, 0.3713521555949289, 0.1544493156855265, 0.38365349843047125, 0.2041744344743046, -0.10563885283426355, -0.16619417548911114, 0.12754082279833467, 0.16298583226687371, 0.021666718070245457, -0.0010861670860584697, -0.0012903023810403578, 0.0008215864015932864, 0.0594836766933074, -0.0008673462718800437, -0.00010184136388619628, 0.00011756294968091794, 0.2
54, 2, 1, 0.006974818585570669, 0.013401061293644904, 0.9783245651017108, 0.0012995550190736806, -0.3755192878972773, 0.19737781171125712, 0.3504947850168131, 0.3684391092149538, -0.0005536536380856827, -0.011257789067042601, -0.15775694798940668, -0.15726128054763386, 0.05860031132990738, 0.24822053980059344, 0.05420276519744358, -0.0009936259501858462, -0.0001325958172223673, 0.0008036625024334821, 0.059552314015798094, -0.0019823515195919765, -0.0020312112123921774, 0.0003129852604942615, 0.2
55, 2, 1, 0.016359973467356688, 0.0023712067535263406, 0.9798665905877082, 0.0014022291914088333, -0.2561863773581692, 0.11424399044035735, 0.2524562421527208, 0.1328589657905784, 0.19377977544215802, -0.08813805965892504, 0.05295911063592777, -0.2482548175930245, 0.17866594416577128, 0.06226119543294919, 0.13307583273112514, 0.0008258928155492898, 3.60050964936659e-05, 0.0007730576799041798, 0.059296780640789394, -0.001348368614825192, -0.000310313180173556, -2.702055760972546e-05, 0.2
56, 2, 1, 0.016014641753847692, 0.0024388494290564695, 0.9801440573511392, 0.0014024514659567045, -0.34790377496504726, 0.19095664273476304, 0.39750567029342276, 0.198921629191618, 0.027921141521529625, -0.14497121300129007, -0.013105703544126258, -0.3259254233642467, 0.14366619212072812, 0.1884892648630076, 0.02372786054242916, 0.0014732682350951727, 8.306814248184152e-05, -0.0007755910350229788, 0.060829520701209075, -0.0010037091699943203, -0.00010602486194112384, 0.002750233108562368, 0.2
57, 2, 1, 0.0172498430748991, 0.0003543090320006411, 0.9809951006302101, 0.0014007472628902037, -0.0304903954563295, 0.23112326280438306, 0.39576033612323963, 0.22270674628091824, 0.001957051753089911, 0.0049210360856981605, -0.0158945184851073, -0.08499049064968353, 0.08562482286951009, 0.21696317692100786, -0.09589503371960155, -0.0010867171017218756, 0.001595092632200195, -0.001344935968075202, 0.06057061847811405, -0.0011699950052189035, -0.00039622469831157174, -0.0007780764337887131, 0.2
58, 2, 1, 0.017416570186632712, 0.00017372666787711095, 0.9810106119151613, 0.001399091230328988, -0.20162185027417268, 0.44756828552593986, 0.4330184369761412, 0.25892053888904293, 0.10259303016118741, -0.06487760546740992, 0.05014540008280919, -0.037930069473597935, 0.17522187689349772, 0.1240875695273003, -0.06369939288854287, 0.0005184517878242537, 0.0020908722306430382, 0.00035256458879421367, 0.05874912166965719, -0.0016759174720139328, -0.000575013872981932, -0.0008358223206939112, 0.2
59, 2, 1, 0.0170691991397557, 0.000362148748420445, 0.9811192230007699, 0.00144942911105394, -0.34080967916968397, 0.20581598270113877, 0.25525457658044226, 0.24677100077819766, 0.12296357611265156, -0.101353185017525, -0.0838222012862252, -0.034599937991926566, 0.06962161535174319, 0.15641486925010675, 0.16310320835843853, -0.00025476517408276156, 0.0007091949615182804, 0.0010927821019756693, 0.0594064180720975, -0.000926085279211806, -0.0005806534489370848, -0.000750950869931468, 0.2
60, 2, 1, 0.016852830786951777, 0.0004896240009639641, 0.9812075484248635, 0.0014499967872207806, -0.5180875479460074, 0.25871164272888425, 0.3318290394380205, 0.3160112002419281, 0.1530976828623118, -0.08776746240801077, -0.18359773842530633, -0.2894199045058151, 0.051531674607501, 0.1452316407014743, 0.16264162872862098, -0.0007658119330433397, -0.0010672212309817794, -0.0003534513916682986, 0.06034632502858248, 0.0008044307909639585, -0.0006616992759614002, -9.152479755603155e-05, 0.2
61, 2, 1, 0.016722833459699014, 0.0003671105862089153, 0.981455039318332, 0.0014550166357600804, -0.28750928469380677, 0.2516745240703972, 0.20780023753949095, 0.1215671762111699, -0.055278072771906286, -0.04881706094484989, -0.16876852693182745, -0.2750027976991756, 0.13693060786303451, 0.04335595630033022, -0.021073913797777975, -0.0003550760164920435, 0.0005797225329002354, -5.917202615373734e-06, 0.06019212724423366, -0.0015846976316655711, 0.000753561623720334, 5.1975922332058564e-05, 0.2
62, 2, 1, 0.016712542445874393, 0.00037326882091981797, 0.9814589102869209, 0.0014552784462849501, -0.15891594979179802, 0.3198745877696446, 0.2022369384704635, 0.08672097753829115, 0.23648557836535972, -0.23641138174287074, -0.14695229542851324, -0.21583239685968839, 0.19011064850879533, 0.0792029426637347, 0.05072060745016438, -8.967235248185304e-05, 0.0009272630038600838, -0.0005604607755135568, 0.05989808576627535, -0.0023417447616472806, 0.000785575349445384, 0.000805516641202806, 0.2
63, 2, 1, 0.016684306516215334, 0.00039275507608771567, 0.9814665813482482, 0.0014563570594487796, -0.2554990972802896, 0.2722096569853305, 0.17263791837055756, 0.2217099399170736, 0.12550286462430027, -0.2236680517524349, -0.14518417855864355, -0.04704664788168602, 0.2527471936476463, 0.08526772240560213, 0.033407367291858135, 0.0004992710695257694, 0.0003442003228870098, 0.0013639393361446208, 0.05911991137154943, 5.6628032196861165e-05, -0.0013948701386106493, 0.00015304385035591546, 0.2
64, 2, 1, 0.01659877178758056, 0.00041421995275411314, 0.9815305211735483, 0.001456487086116972, -0.22514168886453084, 0.2882916574635264, 0.4010145552349044, 0.19914856262237862, -0.001768772579420741, -0.23576447393097738, -0.1968485226319292, -0.1180203252811814, 0.18065361247265305, 0.1888935656998189, -0.07289774381070388, 0.0005197189597859927, 0.0011516686909495701, -0.0013940120090384406, 0.059067139861288566, -7.17049956153084e-05, -9.142080867348725e-05, 0.00017934126730565864, 0.2
65, 2, 1, 0.12489937765811265, 0.06167311176697608, 0.7856469593579354, 0.02778055121697598, -0.03963966088978825, 0.28404932406662403, 0.09343428601957657, 0.27606119674386087, -0.001663489642832494, -0.11014047257365941, -0.036227372699871044, -0.08478913222646897, -0.02110930035084633, -0.02777031175255673, 0.04769083550988519, 0.0017191523972841488, 0.0009108555408448085, 0.0009171619171974277, 0.059076895166867, 0.0016875579000080044, 0.0019282879371628585, 0.0010473389489924576, 0.2
66, 2, 1, 0.1548120956517503, 0.028125059021188635, 0.7864148507789082, 0.030647994548152972, -0.25429933544930633, 0.2863794318097527, 0.19378646986685627, 0.23207433665430335, 0.03621125049365019, -0.06107118132453253, 0.014245884618106563, 0.05304850526002045, 0.02714939835269984, 0.0888066958682598, 0.015899931769739813, -0.00013595433001842473, -0.0001165192369606123, -0.0003456826251987557, 0.0611692528266185, -0.0010738385223291983, 0.000961946679523103, -0.001169526039896804, 0.2
67, 2, 1, 0.1533306999800324, 0.0299708803588795, 0.7859164817339942, 0.030781937927093918, -0.01071007954059191, 0.3718481890536665, 0.11268973752077602, 0.3082208356731112, 0.17493776884772286, -0.12189486610795981, -0.18789093214242464, -0.05606172045756471, 0.1950444276434023, -0.05605656958151754, 0.07525678402013895, 0.00031044003035533705, -0.00047728394037073463, -0.0006535697955581403, 0.05913022413175391, -5.5066862364158684e-05, 0.000978935889341334, 0.002282193319805846, 0.2
68, 2, 1, 0.153139171965268, 0.03011413714593469, 0.7858859289204334, 0.030860761968363754, -0.13718424980324034, 0.2738566035557651, 0.1757661861037728, 0.010000883169056517, 0.2487794432204072, -0.06369414537176812, 0.0864094074924607, -0.10738688969757355, 0.06900923486054403, 0.1524971032624666, 0.15557174588832484, 0.00280912793530349, -0.0004918230996179187, -0.0005165032527624307, 0.06101602466380783, -0.0017188146035775034, 0.0013891058640578297, -0.0013480300261977606, 0.2
69, 2, 1, 0.15308682553005606, 0.03014516048522884, 0.7859017309474621, 0.03086628303725305, -0.372623184638489, 0.19927026322400093, 0.12572620783669933, 0.12388538428882989, 0.21327843455203954, -0.16964274434017337, -0.11002382398473746, -0.07114840559539945, 0.18041391608159055, 0.21244281885405028, 0.10333039584605848, -0.0006043786487666328, 0.0026695468967115185, -0.0019367078901529812, 0.06040241502087758, -0.00028845128709819066, 0.0004763570091122343, 0.0008416337611199528, 0.2
70, 2, 1, 0.14878738852617293, 0.03251300223632122, 0.786559333787592, 0.03214027544991394, -0.45586365289610986, 0.1216032078556174, 0.14000584824453388, 0.1948237310648152, 0.12454579188644446, -0.18482771722064578, 0.050935126005080364, -0.016174581265438203, 0.06607176131952097, 0.1460004140271928, 0.048747510076155375, 0.001899778908445145, -0.0004889352632398905, 0.0003296826469492417, 0.05999090022487845, 0.0007574902178374071, 0.0009025169037608046, -0.0010658702480910432, 0.2
71, 2, 1, 0.1488213544436238, 0.03392937774805229, 0.7848177248173878, 0.03243154299093624, 0.016291949184907728, 0.30497391763535775, 0.1488696353470999, 0.17988173820198766, 0.2868406392319408, -0.17881295758022944, -0.16031167229767346, -0.17209407004696012, 0.0994959325267868, 0.13508681058762922, 0.08380834151988906, 8.79649377543355e-05, 0.0017184908704567462, 0.000100454388586712, 0.05920536754643461, -0.0011732437778033795, -2.689921463030899e-05, -0.0008031237142453772, 0.2
72, 2, 1, 0.14868504666870594, 0.03414745174577801, 0.784725508129385, 0.032441993456130996, -0.13646513004259087, 0.15268364772105497, -0.002858283605254153, 0.1431002936675053, 0.14012213420146719, -0.18403792409726355, -0.18860130864326688, -0.14868091723232696, 0.17873526632960862, -0.03588486003681357, 0.1297174478648176, -0.00043201029746929565, -0.0008340147458369967, -0.0012055282719720876, 0.05931063737859238, 6.050879472499522e-05, -0.0009098943687164728, -0.00034568532407285463, 0.2
73, 2, 1, 0.14593264546756707, 0.035773306123652704, 0.7857871990704859, 0.03250684933829419, -0.3045386974235371, 0.384998790649966, 0.14636896808424, 0.2091504242563183, 0.06841026308358225, -0.10142936986690292, -0.07115311465122, -0.32535153522157867, 0.06063094783583726, 0.2327361968212247, 0.17251993435073634, -0.00014899017504605208, 0.0009278353053734659, -0.000835138401611475, 0.06089082033537897, 0.00196642975749966, -0.0013743885822567721, -5.3412145469835745e-05, 0.2
74, 2, 1, 0.19733878380682324, 0.014315575017247659, 0.7507688819290058, 0.03757675924692325, -0.19181217382122132, 0.086954984333767, 0.007214667659994079, 0.2977007015776173, 0.004144540645826367, -0.11978790477501096, -0.19327748480171053, 0.020785660233546166, 0.08574612851321607, 0.10369312483478044, -0.0926009681557706, 0.0009517802496818873, -0.0006640655427068609, -0.0009565156160321562, 0.05945136303600017, -0.0010281653298192517, -3.458577153809757e-05, -0.001398297524148623, 0.2
75, 2, 1, 0.037463113347362464, 0.14133281887223156, 0.7817192772158489, 0.03948479056455709, -0.10999493518866546, 0.246986554295919, 0.2342334606692426, 0.18958138827671528, 0.06541522660768966, 0.05286549894171606, -0.11962721080808998, -0.20590313583007402, 0.18399506877319535, 0.03376161154129433, 0.15447247720460955, 0.00045231329733020026, -0.0013176059959460504, -0.0003691314707365454, 0.06069417832967498, -0.0017493669498709241, 0.0010310495602725439, -0.0004806279684642269, 0.2
76, 2, 1, 0.12240968824741084, 0.048116401886913546, 0.7894616007717884, 0.040012309093887304, -0.06911912037560794, 0.20402151849893838, 0.2796296461353923, 0.28889538246878366, 0.14990796652036495, 0.05367780114138256, 0.05951708720526139, -0.0006164764885263297, 0.23368005993197247, 0.22232006838149854, 0.0858412196140246, -0.0009205904756143157, 0.0002834374529283151, -0.00037402464106246725, 0.05915670765599333, 0.00047097269825334984, -0.0006687491487516123, 0.00023196822644160368, 0.2
77, 2, 1, 0.1489341515662101, 0.05156381111171102, 0.7588683861884157, 0.040633651133663046, -0.11386397703619326, 0.1401454482014225, -0.031948992118592326, 0.06903439690557558, 0.030594888698804057, -0.016656837586149865, -0.18121477894091514, -0.18647351391198722, 0.0361038553418192, 0.016220860124181592, -0.09570814929788672, 0.0026263895319048095, -0.001415623171848671, 0.0008970821416282384, 0.0597676910957929, 0.0011994031307180982, 0.0013026317616089875, 4.627067158574109e-05, 0.2
78, 2, 1, 0.1482834516201827, 0.051911843544297204, 0.75873406870846, 0.04107063612706008, -0.024696589769057087, 0.2770016054742525, 0.06340643647073896, 0.1516927964173948, 0.13086170487482093, -0.2163666001405129, -0.2040447018287015, 0.10621815802025918, 0.19013101650886416, -0.030125464363230735, 0.09505752925782394, -0.0006983946018568686, -0.0008743607238701183, 0.000554223698682806, 0.060727637242770284, -0.00048204275567681465, 0.0007149496693033465, 0.0009047307241881755, 0.2
79, 2, 1, 0.14633561604604411, 0.053694587571900904, 0.7587527984961971, 0.04121699788585786, -0.17191718483842094, 0.17266118883928333, 0.10091959617370519, 0.2260060961349141, 0.0452379063459318, -0.27020621137798273, -0.1903164125218108, -0.1488346568492911, 0.12827127775592645, -0.004076758934515368, 0.17366814997573948, -0.002549137410305077, 5.8055689671782126e-05, -0.001053658202463306, 0.059821826351552844, 0.0005730262237826808, -0.0005245576831533817, 0.001284595177193047, 0.2
80, 2, 1, 0.14649190205003382, 0.053451332380102676, 0.7588188033516778, 0.04123796221818565, -0.24877012716229602, 0.1192506792453691, -0.03241074208327923, 0.21516810597871644, -0.02915149154949832, -0.21997047953255305, -0.03857567204657775, -0.24663588512866874, 0.16707225089766248, 0.043511532043239196, -0.03361632160632101, 0.0001229712671209834, 0.00046615436713792134, 0.002151814215792946, 0.05939802441264865, -0.0005013843939239528, 0.0013294847370263114, 4.852408500584736e-05, 0.2
81, 2, 1, 0.15193501881773516, 0.04645205796198142, 0.7599632372092285, 0.04164968601105488, -0.17038113246616055, 0.15816293842431026, 0.2059670201988931, 0.23606413255421238, 0.1507098343183013, 0.034767290724121214, -0.16115132338393298, -0.1855957132477387, 0.018935802814599684, 0.13006871205179976, 0.015548308897550423, -0.0005715474246421163, -0.001806774213931519, 0.0002512149818863381, 0.0603956086043919, 0.0008270693340764057, -0.000897125535263614, 0.0004057364630955009, 0.2
82, 2, 1, 0.17994347054552098, 0.013403401156704577, 0.7638244078959003, 0.04282872040187411, 0.03879169551425532, 0.20776530968631368, 0.0848068082531801, 0.22399553733361915, 0.1215197645410685, -0.10696522023727964, -0.16375611900993628, -0.00173470642353587, 0.27237264193206806, 0.0015650688773585554, 0.03895672947629865, 0.00030900961211269, -0.0009516765439125833, -1.180801142698206e-06, 0.0600572456657971, 0.0002907323491317151, -2.281746562842042e-05, 0.0013549129578399352, 0.2
83, 2, 1, 0.18318009593537302, 0.01326569981066012, 0.7585664954223476, 0.04498770883161942, -0.10865788209602459, 0.14376100004123668, -0.03701091954252493, 0.1105830619909491, 0.06420677558468273, -0.15708733250388093, -0.09004040534700879, 0.13826401633277632, 0.06263519107306847, 0.05146420700572004, 0.02268371478714702, -0.00014673479080259765, -0.00014590646778577497, 6.770604349792154e-05, 0.05954539381052202, 0.000664528717627499, 0.00010383728945008867, -4.6544983239180375e-05, 0.2
84, 2, 1, 0.16069695132548187, 0.0648710707978773, 0.7144229685815305, 0.06000900929511035, -0.13673981271244076, 0.08951186532095211, 0.0029515852906617512, 0.2066426446053528, 0.04686992001767844, 0.031662211756831884, 0.0094866177244592, 0.10236837340153389, 0.13093758995829619, -0.027629922912086637, 0.09292091766868946, -0.0005600838878312877, 0.00018229774474467714, -0.0001410833179469472, 0.05977047087400948, 4.3522417398824225e-05, -0.0001140671770322371, -7.144054672609389e-05, 0.2
85, 2, 1, 0.19865556293971387, 0.1562455241727195, 0.5758763369483538, 0.06922257593921279, -0.0816731947233629, -0.16238575058024524, 0.18754536420960358, 0.2452827294536048, 0.1464961089766389, -0.15806125885702954, -0.2546583085779895, -0.010445699635034588, -0.054922097336553025, -0.03385453767072666, 0.06298872105028938, -0.0010074093758554573, -0.0001823359918005908, -0.0010812900220504612, 0.061030892932705125, -3.681352799261772e-05, -0.0011903648453694738, 0.0008473949259390004, 0.2
86, 2, 1, 0.1991466357893997, 0.15565767859160495, 0.5759598422734121, 0.06923584334558322, -0.11200205486281331, 0.03291731028916191, 0.0785981575911775, 0.14608264787990674, 0.1553704529816661, -0.12377035660450422, -0.24610881467532572, -0.2475336852004734, -0.1282371059784286, 0.053097778171129116, -0.05814581964067915, -0.0011443294312623495, -5.926243317403878e-06, -0.0008063510286626192, 0.05935691028537832, -0.0018764538482358446, -0.0007870733109262871, 0.00242580417533799, 0.2
87, 2, 1, 0.2128617808660321, 0.14558786727299222, 0.5654977908075475, 0.07605256105342817, 0.04127057446342258, 0.20587205674165623, 0.17319460900385789, 0.17012448412236197, 0.16695624964163094, -0.09096551826578014, -0.03773336641183446, -0.02834963848833184, 0.13261628458430572, -0.0386420008919001, 0.0367605559666408, -0.0013362887155567841, 0.0009689594633239282, 0.00048416320152701276, 0.06008772029630072, 0.000345510311297096, 0.0010375191111689412, -3.52197102671497e-05, 0.2
88, 2, 1, 0.21599186964864847, 0.14599495152276631, 0.5619204334358039, 0.07609274539278148, -0.12116674407307712, 0.10841584581200929, 0.16097762323626136, 0.39551346248121977, -0.06886706711928166, -0.11869653297353258, -0.24535116653960629, -0.1329478868203547, 0.10015232473040832, -0.011470450634379075, -0.14960287207208312, -0.00018453362196440594, 0.0017751020417100037, -0.001998683963469007, 0.0608114485410867, -0.0011040605649212222, 0.00033240538864232744, 0.0006355667479740756, 0.2
89, 2, 1, 0.2858872161101741, 0.054213630099009674, 0.5701679332252514, 0.08973122056556489, -0.1102386344371645, 0.15643695155480236, 0.07490643970106763, 0.1673790737410788, 0.15701925153059434, -0.03223056240464989, -0.12173362783454152, -0.05024774407131927, -0.14973722537750161, 0.07458883707518356, 0.03492247479956947, 0.0015080060185098244, 0.00015701675537232562, -0.00043065843381035065, 0.061804267074968354, -0.0005188615218514878, 0.0004683363854048166, 0.0008651041996309962, 0.2
90, 2, 1, 0.286595035581628, 0.054409770556361564, 0.5692351326407904, 0.08976006122122013, -0.14715142748776222, 0.2037223937959532, 0.1205762715876972, 0.20412246052091737, 0.07251748033798229, -0.0033424610947833553, -0.2626919214204513, 0.07670640384771629, 0.19750124226190705, 0.059509828492869274, -0.07452883086405386, -0.0010229695768938203, -0.00023015688386329147, 0.0010805805058762398, 0.06136349726420677, 0.0007584422339284786, 0.00031289590027762674, 0.00029679507010406614, 0.2
91, 2, 1, 0.29938434373237593, 0.05885396343689794, 0.5470096102400284, 0.09475208259069771, -0.1110716942268335, 0.11131019949852125, 0.02764835052088076, 0.24958678050811645, 0.17878940910253135, -0.11585604058631178, -0.15780084753898277, -0.016783085463390184, -0.0009016878855089728, 0.057821949771580325, -0.04285429394283542, 0.000876460718232888, -0.0010954249782711592, 0.0003189401927323868, 0.0597930941510561, -0.0005181825561909315, 2.0912435244209006e-05, 0.0007060714662801084, 0.2
92, 2, 1, 0.299988659000178, 0.06236449372396501, 0.542134001536537, 0.09551284573931994, -0.08688019343626203, -0.02660358137464177, 0.04487304867359386, 0.1288324569505191, 0.2242880602930486, -0.08348599906523804, -0.24660050417460785, -0.033255462432400976, 0.07273989896309259, 0.08698807755918465, 0.03946014091130277, 0.001461958608335786, -0.0002821354799262748, 0.0001035840862621071, 0.060265868152443704, 8.6847209848157e-05, 4.330251789675371e-06, 0.0006381123108321451, 0.2
93, 2, 1, 0.03961856545230347, 0.21295400571806555, 0.5309282083031767, 0.21649922052645426, 0.05495637779188236, -0.0401382424370821, 0.023510482003266803, 0.39048542126495045, 0.004603980050160028, 0.1407245336245723, -0.07435776236359097, -0.005792816623782527, 0.05798315301068944, 0.11639551580355403, 0.2697686295690309, 0.0005057038528939013, 0.0015025656921658168, 0.00018295149644330242, 0.059682609906856046, -0.0010583254747161296, 0.000933507821960731, -0.002168872355184627, 0.2
94, 2, 1, 0.11489176298883723, 0.10306380086850772, 0.5416316927697696, 0.24041274337288543, 0.13471797323694204, -0.0577044739486961, -0.09035478664521658, 0.08798886125829382, 0.16973187481469743, -0.1300543115375199, -0.16471481227712625, -0.04231593641489616, 0.007938147690122072, 0.22521642564494657, 0.04646722870863372, 0.000619685304439512, 0.0012642033579880376, -0.001091024321121255, 0.058821996877810034, 0.0004320994737432001, 0.0013548300978299455, 0.0003592766093292248, 0.2
95, 2, 1, 0.13087461701659217, 0.10777236416382274, 0.5180134620142336, 0.24333955680535144, -0.06676163094267021, 0.05679208483124074, 0.06974895384437345, 0.2188594247117785, 0.014678645775285826, -0.211814739342147, -0.028894838431695945, -0.07981400378370994, 0.12634711599844722, 0.08855792414200217, -0.09015203712386421, -0.0005718875140325148, -0.0010823314021512376, -6.898529617593323e-06, 0.05859500371768611, 0.0016250444741303458, -0.00028734397879998357, 0.001231552894295131, 0.2
96, 2, 1, 0.1776291697290732, 0.07257142024456857, 0.5009205925953862, 0.248878817430972, -0.20270686088283313, -0.07236041500633619, 0.1497821888774476, 0.261242534511199, -0.039899986584413474, -0.07142311399149248, -0.1531788853075977, 0.1303637992410894, -0.007623401503256083, 0.03714586965399273, -0.004331836113005204, 0.0008089483046564011, -0.00047321836435914894, 0.0004298151105414555, 0.06067014246239161, -0.0009734047047363536, -0.00012141444529621662, 0.0008729163481900231, 0.2
97, 2, 1, 0.17442612653099243, 0.07537455573785647, 0.5010928756406123, 0.24910644209053884, -0.15249220081435566, 0.09280714464621743, 0.26902102104490616, 0.17520561812221053, 0.06294563852959516, -0.010502712233693746, -0.1956383840115235, 0.02807036444875429, -0.11018925786582338, -0.11296168345628639, -0.0400946561841473, 0.001870361469789051, -0.00047382783511910117, -0.0009966871289891236, 0.061475892340026116, -0.0004033022412109663, 0.001677698621626092, -0.0008117277954706183, 0.2
98, 2, 1, 0.17526742420288824, 0.07611915857872954, 0.4993587074293743, 0.2492547097890079, -0.1778426436598261, 0.12992726655340475, 0.07175392972296271, 0.21879515351420603, 0.16690657620746946, -0.15251912194372705, -0.273829656179577, 0.12731753682399385, 0.20582926440430005, 0.0016961712906154668, 0.01443475632496528, 0.0007122230006681759, 0.00043126426777769574, -0.0010065164291705579, 0.06015798593010073, -0.00017777824629019746, 0.0009873692536599967, -0.001433342528953096, 0.2
99, 2, 1, 0.22410625638609907, 0.14737559961909014, 0.35183855676867304, 0.27667958722613767, 0.05469139505400041, -0.12471983440481442, 0.06285365722466162, 0.15201814478209014, 0.24001433976339345, -0.09219178445973787, -0.017583276814793703, 0.05758064996623156, -0.09496943627611643, -0.1782463951779892, -0.14519970765501675, 0.00021764091539652197, -0.0001373528096516473, -0.0007509588426607331, 0.060510688617712194, -0.00036542256429272963, 0.0005276600795873218, 0.00026447117709529064, 0.2
