t, Event, Policy, P(still), P(random), P(reach), P(transport), o(t), s_a 
0, 2, 1, 0.013218683190643787, 0.011232792399823666, 0.9755460023880005, 2.4787259462755173e-06, 0.5950505440281241, 0.6268315935268202, 0.5568685453456024, 0.15776991983500696, -0.1612501314480697, -0.24432578201169433, -0.06253086595030707, 0.25676314048470716, 0.2004924489376041, 0.34366664004339526, 0.08457912954130709, -0.007981773859562707, 0.03155531328700082, -0.020338117805780757, -0.11020068306256994, 0.08347083836492661, 0.016689581557583613, 0.01139094926676831, 0.2
1, 2, 1, 0.00955038928497837, 0.011254433252340608, 0.9791926986665589, 2.4787961220804703e-06, 0.49996739919374883, 0.6391607411581455, 0.5834924735582336, 0.36475563986823734, -0.04504472160266162, -0.0042350993932041, -0.2796784177898312, 0.27259509147689737, 0.3612314735736298, 0.36238542331583445, 0.26289634597365813, -0.0008043489526182917, 9.76248495934853e-05, -0.0007001447237231656, 0.09400004175986693, -0.0017822785336673926, -0.0013685620259598762, -0.00020585641966521014, 0.2
2, 2, 1, 0.009527196731905585, 0.011084381701135128, 0.9793859427903154, 2.4787766438478444e-06, 0.7086104189435198, 0.5613952887425602, 0.6181462252141026, 0.22661245732374682, -0.1898291747265494, -0.05787983943094074, -0.024395703353663645, 0.3892315676024495, 0.3537840530755284, 0.1871694388059632, 0.04464794637354445, 0.0021252584555981396, 0.0018694867345842782, -0.0011873275995972468, 0.09539376844639087, -0.00025802973667611226, -0.0014598765291615624, 0.0009696696792272504, 0.2
3, 2, 1, 0.009512763965607103, 0.011084540762076836, 0.9794002164956834, 2.478776632678707e-06, 0.590330816883341, 0.6909778507344209, 0.747908509334505, 0.03524012080079297, -0.08759163851147572, -0.22574925834077053, -0.22141869618005386, 0.16745779454256476, 0.22274653147948395, 0.4667027895429195, -0.014289277671784029, -0.0015708757418192853, -0.00044771464483857397, 0.00026530804720357543, 0.09398666803343042, 0.0011264376261024048, 0.00038885013989593755, -3.160932347808802e-05, 0.2
4, 2, 1, 0.006318491014217063, 0.003675300975775596, 0.9900037293585736, 2.4786514338278286e-06, 0.5007589206744465, 0.47355133973046637, 0.7419244675188921, 0.4198673554864431, -0.043652516053222276, -0.01999444441196423, -0.12360025866395527, 0.3029303064571971, 0.39083159736783923, 0.1695962135293176, -0.040310041105750524, 0.0006823742500627139, 0.0012281869910705442, -0.00043713288598464927, 0.0928181699568789, 0.00028256982668216455, 0.0008095839746111333, -0.0004387145463450747, 0.2
5, 2, 1, 0.0018121692029100492, 0.002423258101264619, 0.9957620903794374, 2.4823163879616867e-06, 0.3900937507313052, 0.6640100846261747, 0.6040307279655395, 0.2654519979071419, -0.05330922975883621, -0.020840405396194018, -0.06638633297903243, 0.13008984166629906, 0.3695740176144611, 0.2749556510241792, -0.08167204124986929, -8.789419772372807e-05, -3.613068711956412e-05, 0.0009780015817070357, 0.09539116032880417, 0.0007641767054530226, -0.0004789379858354399, -0.0010173087805959251, 0.2
6, 2, 1, 0.0017925651512011953, 0.002418466574276572, 0.9957864859581016, 2.4823164207366097e-06, 0.6149569871874623, 0.4770729924534932, 0.5947498559632663, 0.3201269077136155, -0.18512076004411912, -0.09546642104353645, -0.17163641043838243, 0.1443234041589631, 0.3501232753707072, 0.43435874334746005, -0.08178125883892087, -0.002027495816181891, 0.0010407470865021569, 0.0009272970953444641, 0.09463044755360024, -0.00022948669339448912, -0.0005386944008106164, -0.0012042864736352148, 0.2
7, 2, 1, 0.0016561587024683214, 0.0024188072397851304, 0.9959225516154963, 2.482442250244788e-06, 0.6093275172619153, 0.47216011174293493, 0.5555575909298681, 0.2007961546066878, -0.20617672737411014, -0.08202967237208939, 0.009506829785011429, 0.34813295977796227, 0.26741690810025565, 0.29008121250827373, -0.002925774949381771, -0.0007759663015263045, 6.312300368351413e-05, 0.00023805266299116597, 0.09422152579125079, 0.0010859508782572447, -0.000293600698479049, -0.0009400050760359678, 0.2
8, 2, 1, 0.0012144547359745981, 0.0024272882317488763, 0.9963557739246744, 2.4831076021094797e-06, 0.4708443941710857, 0.4879206396854353, 0.40732463881660835, 0.10198800606632927, -0.20805695071073588, -0.08155192415698723, -0.19505970086229843, 0.3867002412777342, 0.3213263831490682, 0.1972563116171837, -0.07475032162948432, 0.0007470990634290465, -0.0016936450242018611, 0.0005081370476436133, 0.09434991396893841, 0.0014719021333182264, -9.174130218998189e-05, -7.0876828912842e-05, 0.2
9, 2, 1, 0.001130534332451239, 0.0024284346104220954, 0.9964385479234146, 2.4831337121866758e-06, 0.39973959636805806, 0.5733506940980388, 0.5422550443465479, 0.3379422278069308, -0.2688286845953617, -0.013536775540693113, -0.2002643814343859, 0.2494187375373766, 0.19117750954967277, 0.37356714598714325, 0.02116478713838828, -0.0008704271944514977, -0.001098109328677652, -0.002550559442455909, 0.09334667714372091, -0.00024313401217766376, 0.00028531964005400353, 0.0011419705043187946, 0.2
10, 2, 1, 0.0008245553633302567, 0.002433889363011469, 0.9967390703594479, 2.4849142105021497e-06, 0.4238721278865131, 0.5451030685229987, 0.374526247826129, 0.18513978329166275, -0.21608628056296314, 0.02992851935851073, -0.23120730768788897, 0.3700761032221015, 0.23001809070187917, 0.2290691253646248, -0.0050772127935596436, 0.0021413619821289494, 0.001710058981445696, -0.000489519735702937, 0.09550104283175534, -0.00040600587470411033, -0.0004623058703130455, 0.0015905742393578872, 0.2
11, 2, 1, 0.000769597773162163, 0.0024352600360243244, 0.9967926567045542, 2.485486259348463e-06, 0.37990475521721534, 0.6311184604035434, 0.5522984714021916, 0.23737363858003507, -0.25704259352385816, -0.056583139114601964, -0.030333051148987787, 0.31162687316124493, 0.1875032222997181, 0.22862564566608684, 0.06461420861928999, 0.00167875845243, -0.0004190266865390157, -0.00047227019909059774, 0.0962224615082843, -0.0013734728254871788, -0.0007659399080002188, 0.0016756865205588213, 0.2
12, 2, 1, 0.00018830926445359707, 0.0023464222946802667, 0.9974623778704619, 2.89057040429467e-06, 0.4502302927212042, 0.5283761203490133, 0.32225235223619175, 0.28530856552551737, -0.09187628581920051, 0.010145541849983819, -0.035334666335665364, 0.1877240292546618, 0.35128383222705634, 0.2682083058421903, 0.01005217779830019, -0.002123134867043226, 0.0012339814144793982, -1.118971243086104e-05, 0.09515135307483921, -0.0004300012168938724, -0.0002865964131043603, -0.0004436743164226521, 0.2
13, 2, 1, 0.00019671848703028714, 0.0023294066137126436, 0.9974709843131168, 2.8905861403401477e-06, 0.5865366506474139, 0.5608008786617302, 0.6368176774615821, 0.22438133479550518, -0.0640569222975543, 0.011074447766312145, -0.012510049276312718, 0.07283585206521433, 0.2790711252215886, 0.34675688984567793, 0.17194273960908618, 0.000842914268818877, 0.0011290217545537901, 0.0007308125861249233, 0.09606578675531169, 0.0012736253585167866, -0.0015777161265033881, 0.0010243532178032585, 0.2
14, 2, 1, 0.00019356807877880865, 0.0023292952013867856, 0.997474246135196, 2.890584638514483e-06, 0.6022455113495425, 0.4900759142046767, 0.5428981167345007, 0.12599701099719704, -0.14867880063894293, -0.0077791974422417145, -0.22343167842986245, 0.225599609192152, 0.006288527956595802, 0.4069826297525756, 0.09757855812457945, 0.0009337978597618949, 0.0005698005242675178, 2.383055381181239e-05, 0.09432663410777273, 0.000629620867084471, 0.0025654971284525398, -0.00029869969371579643, 0.2
15, 2, 1, 0.000832999027945874, 0.0016300705776130188, 0.9975340323159327, 2.8980785083971723e-06, 0.3331021823643974, 0.6194154024167705, 0.36360949364986783, 0.25367483431375604, 0.07589439174756207, -0.1163617777850074, 0.05929338828955273, 0.22894583444851868, 0.23690322346726092, 0.45153326681428424, 0.05147834003657421, 0.0007332872853097869, 0.0007905399886139168, 0.0008528323824803562, 0.0956947743071458, 0.0013671456451069153, 0.0010834327154678732, 4.41629711653432e-05, 0.2
16, 2, 1, 0.0007114345772745577, 0.0016029629757502307, 0.9976827075313754, 2.8949155998479282e-06, 0.40099781449816546, 0.4371033174888558, 0.49984324949912295, 0.3665183535769678, -0.1553157550259677, 0.06232969503150254, -0.26868434068660463, 0.12551273754388184, 0.2914017063890563, 0.26828800499004696, 0.049504469643482006, -0.00012182328459615704, 0.0015594427642487562, 0.00045743017335215467, 0.09506687191467153, -0.0006054392452973926, -0.0008299033340041885, -0.00022582067710022463, 0.2
17, 2, 1, 0.000707920872131185, 0.0016017714054820534, 0.9976874128193932, 2.894902993587141e-06, 0.43148145312356156, 0.500052615654519, 0.6165086324970007, 0.36509982065282653, -0.08844860713721034, -0.15366004276399636, 0.06174738075858253, 0.3485274192894282, 0.3081867036605291, 0.3537099677497532, 0.013637992582450709, -0.00024896372522530786, 0.0008352628361123474, -0.001034061229628734, 0.09588188594834032, 0.0006526555907873185, 0.0006547472432745834, 0.0013466837577055866, 0.2
18, 2, 1, 0.0004914042790520317, 0.0005620468483600395, 0.9989436511696465, 2.8977029415474295e-06, 0.455956689091676, 0.365483682150224, 0.5640132132298421, 0.15786322885099835, -0.005155302523293126, 0.15141867167298245, -0.068557505847292, 0.268085806729062, 0.1364445351572357, 0.17233243704727813, 0.009136850047950881, -0.000294492642865172, -0.0007702337163551773, 0.00046796343892912043, 0.09387693846796025, -0.0016109017385531194, -0.0015415947408606062, 0.001206674467194044, 0.2
19, 2, 1, 0.00023295887754838746, 0.00025077592168699177, 0.9995131163738014, 3.1488269633221604e-06, 0.4910012369339533, 0.47240365813249374, 0.423762452792601, -0.014257283194884795, -0.0012199786872022055, -0.1099330037787084, -0.1032325318236654, 0.13329472869995881, 0.04960232260449482, 0.27281104160911157, 0.020444393106345084, -8.468232944811804e-05, -8.15826594027603e-05, 0.0008240766130672018, 0.09361592524446952, -0.0003329505007765046, 0.0003640368002422264, 0.0004301372779056295, 0.2
20, 2, 1, 0.0002329049916506504, 0.0002507737148568148, 0.9995131728704458, 3.148423046686864e-06, 0.6474219585901999, 0.406572523335725, 0.5257969799062175, 0.06480024231287267, -0.3140697744879653, -0.14034475009078928, -0.2384481718646226, 0.25748907890493716, 0.06256910349997642, 0.2839993050088122, 0.1632438957789662, -0.0004464563081644819, -0.0005381264867917283, 0.0004888757633887242, 0.09369627348025013, -0.0004336314883653616, 0.0002537275362064632, -0.0005879976370388518, 0.2
21, 2, 1, 0.00022172775287636736, 0.00024373096587524003, 0.9995313968236693, 3.1444575790793586e-06, 0.4257745966190581, 0.5867844436995439, 0.5511017972356859, 0.3018070690142184, -0.10950325254760014, -0.05027479319094621, -0.13729219159084363, 0.23284757650095872, 0.30336855620349934, 0.11181034765213489, -0.14526705808894405, -0.0006368685305179415, -0.00034966550338687876, -0.0013529520175405755, 0.09336231818795517, -0.0009025957581225942, 0.0013851895965881612, 0.00024740472323159175, 0.2
22, 2, 1, 0.00022858196001655928, 0.00017311960601528242, 0.9995951538614996, 3.1445724686037613e-06, 0.33768600647628305, 0.40810847881602264, 0.6294852463190274, 0.11381983772006513, -0.0742342716604074, -0.2537759204690112, -0.04404907778641885, 0.17540856462165774, 0.1568192659760408, 0.22812323832384682, -0.011769320577153153, -0.0023938952213286846, -0.00019110535625831555, 1.2689982115894335e-06, 0.09693288217132985, -0.0011041505862706593, -0.00013346345973787617, -0.00037674574732419325, 0.2
23, 2, 1, 5.909330065528506e-05, 0.0001749702942487923, 0.9997627918271189, 3.144577977055988e-06, 0.5201938901728355, 0.3955656157643088, 0.603592951463279, 0.1752467927774191, -0.01098098104708981, 0.02403288915561095, -0.15906223249574256, 0.10115698208061141, 0.3963230787243967, 0.4343077917923132, 0.1728412245898276, 0.00010844978596295159, 0.0006618349466828894, -0.0005141981317370963, 0.09418479630694435, 0.0011108854073351086, 0.00045029390430348815, -0.0016171186482346021, 0.2
24, 2, 1, 6.016112612158988e-05, 0.00015799194726689463, 0.9997785868213598, 3.2601052517722433e-06, 0.46871864711163147, 0.5196018668630812, 0.3661364733477027, 0.17564638416768036, -0.15596833894567727, -0.18629975266053322, -0.062447874162593495, 0.1851888260603022, 0.11408521959383049, 0.1637305967874827, 0.08863587464064819, -7.610487843967449e-05, 0.0008674670632138534, 0.0002180122198962648, 0.09498769563365908, -0.0010359266051327488, -0.0002145339200834118, -0.0006861955552984352, 0.2
25, 2, 1, 5.967415292106086e-05, 0.00015799177137633158, 0.9997790739704798, 3.2601052227398422e-06, 0.32272362287652356, 0.41090483832511804, 0.6240302224136764, 0.23426367283363475, -0.12544102718286176, -0.07460617161081025, -0.09527281894597928, 0.42059332526419, 0.22676890589729087, 0.29933330907016376, 0.25468809036506873, -0.0011408706857978998, 0.0013177996878469542, 7.332149294378304e-05, 0.09412063197769717, 0.0011891373561825447, -0.00023484001453125543, -0.0014253481970246521, 0.2
26, 2, 1, 5.416118214522126e-05, 0.00015792732473888415, 0.9997846517510763, 3.2597420394775085e-06, 0.4403182666354121, 0.3143422781501958, 0.29388322947846623, 0.243447541677536, -0.16863417704990247, -0.0672921473746623, -0.2322188753936984, 0.322446861483512, 0.06137592593411998, 0.25114308533989627, 0.03297321720196455, 0.0005230719034256421, 0.001685455123443605, -0.00025684796206628063, 0.09624019731632354, 0.0003601464617573262, -0.0007540489534070597, -0.000660152411663766, 0.2
27, 2, 1, 5.416170592338516e-05, 0.00015787550073465218, 0.9997847034015271, 3.2593918148011575e-06, 0.3762094954665741, 0.39229005938088696, 0.6542083873073052, 0.1380123338726787, -0.14130171762855465, -0.2939796211281771, -0.01650380200037791, 0.30338631828847784, 0.2792736759878155, 0.20615306544539255, -0.08736316143405798, 0.0010440364541572803, -1.1724126439926042e-05, 0.0005077325488205707, 0.09412367391149276, -0.0007424502584381293, -0.000376954949695446, 0.0008823309099187055, 0.2
28, 2, 1, 2.0630549457143606e-05, 0.00015496935205165194, 0.9998211484722291, 3.25162626210567e-06, 0.4209798644829732, 0.3144751640371474, 0.33840463129056664, 0.2851905766564056, -0.07104615830956298, 0.007058238123867922, -0.2717330806106372, 0.20665301114869705, 0.2090118961205345, 0.24356934434689376, -0.030632503008761174, -0.0012862499583262386, 0.00047292445518913145, 0.0007858177565340088, 0.09605249713589323, 0.0013983972732069258, -0.0006478144290241803, -0.0006857047649152296, 0.2
29, 2, 1, 1.529311927788484e-05, 0.00015353739607019775, 0.9998279179634402, 3.251521211779904e-06, 0.41740805801454267, 0.3656592320333822, 0.4026822791725018, 0.382102100608682, -0.02759244052751686, -0.11175811798421234, -0.23673324066162546, 0.23681528628992296, 0.5148167209443263, 0.17899297553847104, -0.05265447853029829, 3.1649465874654814e-05, 0.0013565009906345178, -0.0002477291174851402, 0.09495093753929404, -0.0010134615963932091, 0.0008619915951486075, -0.0008402032614703249, 0.2
30, 2, 1, 1.519975526697894e-05, 0.0001504827113124408, 0.9998310658548981, 3.2516785223436476e-06, 0.5213961288845471, 0.38101363412766265, 0.2778530288250143, 0.3821441204058603, -0.17590624384141912, -0.10871065796654981, -0.1148989463439712, 0.371567955188641, 0.19666918521278703, 0.284236318627774, -0.041150313670054714, -0.00030220503498424, -0.0018430955901844088, 0.0019125156649627696, 0.09654287578132566, -0.001108395763069829, 0.001472408451361649, 8.672467970995346e-05, 0.2
31, 2, 1, 7.363845190399695e-06, 0.00015057242293569693, 0.999838806955551, 3.2567763228060084e-06, 0.3673768828822149, 0.4365585252928145, 0.35261634495327837, 0.20880050096652095, -0.19018313407361628, 0.07617124682406881, -0.13974071239858105, 0.2344833963729452, 0.07572011689869074, 0.2851802421364374, 0.1558515820074025, -0.0002062185171018437, -0.0004855917771646589, -0.0013605275549084734, 0.09532438035383661, 0.000973043143089857, -6.785919272529239e-05, -0.0006310363702353636, 0.2
32, 2, 1, 6.810988285607869e-06, 0.00014877278579300722, 0.9998411604803747, 3.255745546572895e-06, 0.4998467364135643, 0.42150750352656485, 0.4533977518840614, 0.07878795506207428, -0.08372926912258974, -0.14493641583986477, -0.19287058558804332, 0.15181032251735302, 0.3079129258996648, 0.23677600842685415, -0.06582804911309034, 0.00019721957486669108, -0.0006035294505201068, 0.0011330166839872773, 0.09737993769603169, -0.0013860581933784301, 6.89129874911202e-05, -0.000658166435712802, 0.2
33, 2, 1, 0.00012930554478424145, 1.4541147450914868e-06, 0.9998658389978147, 3.4013426559878473e-06, 0.3621558857919384, 0.24343344782806345, 0.32806235086213487, 0.2398718100375762, 0.18488874877531852, -0.015356969818783229, -0.0019440795187968928, 0.13117435165055583, 0.18729090182928726, 0.28234851521951615, 0.06431708905896942, 0.0018053781118106311, -0.0023108258419561635, 0.0023114675785775663, 0.09678162646892428, 0.0004282141246112951, -7.522662375531648e-06, -0.0015327643975593034, 0.2
34, 2, 1, 0.0001292796922249661, 1.4096373428961979e-06, 0.999866009025019, 3.3016454131415445e-06, 0.34895915340087486, 0.27030648155106, 0.4767223933146335, 0.10964734078158482, -0.24864635153441728, -0.22491397697428755, -0.08052123149333015, 0.25623376527240743, 0.2508200450328183, 0.30287577278301175, 0.05696123063641585, -0.00014085547726150563, 0.0009694324207424621, -0.0016448239797022875, 0.09508043339648724, 0.00033541097143278113, 0.0007668385457957098, 5.21753386693497e-05, 0.2
35, 2, 1, 4.197076773633012e-05, 3.6315375978646904e-06, 0.999951100275941, 3.297418724741518e-06, 0.4300647775346529, 0.3538691881939372, 0.4023955109878178, 0.112027063707459, -0.11921687771498005, 0.10485694522309226, -0.23259595933957655, 0.15322276412965335, 0.18056183512138937, 0.2679916325201161, 0.05553841968675381, -0.0015160942619691976, -0.00033093724812779344, -0.0003093950257100843, 0.09418417319855207, 0.00042636470482750884, 0.0010079253730477672, -0.00022088702368343007, 0.2
36, 2, 1, 4.1846703073277635e-05, 3.6325798399318777e-06, 0.9999512306591296, 3.2900579572039206e-06, 0.39353162129945757, 0.29773571134344357, 0.4182460214405642, 0.11872010242169188, -0.2920067127968669, -0.15068463077147193, -0.1924075872095181, 0.3893152321564249, 0.2893817692272168, 0.14216482815145623, -0.037640957389984186, 0.0011856139712288479, -0.0001163374499384756, -0.0005853856014855976, 0.09553935995241553, 0.0007954967514314839, 0.0005538180311005993, -0.0003001463476067071, 0.2
37, 2, 1, 1.5719693827299135e-05, 4.433427948251724e-06, 0.9999765553995571, 3.2914786674265014e-06, 0.3651077196062705, 0.3441935821515301, 0.3778558713435742, 0.359868006997878, -0.01156032734942498, -0.08347565843574425, -0.08479063618152606, 0.19399043462398108, 0.20874299496011153, 0.4244687543933597, 0.047609773303942206, -0.0012574338999160105, -0.0006968041917281127, -0.00011997885761914338, 0.09656739198090686, 8.352760900459616e-05, -0.0004014861652915567, -0.0004043639538927655, 0.2
38, 2, 1, 1.5708416039280266e-05, 4.411149003354352e-06, 0.9999766049753327, 3.27545962466279e-06, 0.3931241980414261, 0.38436102184659526, 0.3882178161191896, 0.24164558374511708, -0.2725694972133763, -0.09835147353633598, 0.0816918784654697, 0.21017531100836528, 0.18125904193051584, 0.17075961769873133, 0.1256157364253942, -0.0018009982143155517, 0.0005392356716807822, -0.00011021025176965833, 0.09519100552388562, -0.0001750928086266683, -0.001672644213725301, 0.0016540461817245993, 0.2
39, 2, 1, 1.569534859916586e-05, 4.407281274147139e-06, 0.9999766297219914, 3.2676481353230424e-06, 0.2954255832498466, 0.47224886676113265, 0.409541435214836, 0.16203720457740034, -0.2399054521939507, -0.02016669191970799, -0.03048025875638103, 0.29938519836433264, 0.049131600138798096, 0.04022826755911013, -0.07436268557512402, 0.00038241806350782696, 0.0003020310415185367, -0.00014898219643032096, 0.09513285525310249, 0.0008213441498624563, -0.0005845007004409454, -0.002504020069602331, 0.2
40, 2, 1, 1.566844426771445e-05, 4.407614681970326e-06, 0.9999766566086176, 3.2673324326695448e-06, 0.2764822302663455, 0.3757765076682824, 0.5143798110329508, 0.2775579522894279, -0.3286405409490695, -0.1348509864871556, -0.186091461459873, 0.32450324685012566, 0.07163721351271513, 0.2608573451546148, -0.030063990532986105, 0.0010090792903893696, 0.00014623367985201898, 0.00017058853226600644, 0.09515352963838324, 0.000989707117583864, -0.00015082366476795115, 0.00035132666215368914, 0.2
41, 2, 1, 9.346429665266074e-06, 4.611171439016437e-06, 0.99998270981888, 3.3325800157220563e-06, 0.35512026605506664, 0.39361751917685217, 0.1969666202395929, 0.2822172089826168, -0.18474636439403808, 0.043187554515373594, -0.11371444759533592, 0.2130081365285445, 0.013288032448714926, 0.21136279361168536, -0.01336601438824014, -0.0009068249590084036, -0.0002618502228780575, -0.0004526169840510166, 0.09584784415530709, 7.891784941250617e-05, -2.9498937706119527e-05, -0.00044039932156464027, 0.2
42, 2, 1, 9.346339865562893e-06, 4.605757100968845e-06, 0.9999827517618661, 3.296141167309174e-06, 0.31442549430811123, 0.4133655992896282, 0.41378128340163967, 0.1716961652070812, 0.12370603103737454, -0.2687920196452626, -0.2815819591510249, 0.1103823989070988, 0.23712915958281738, 0.19106148787074106, 0.07882797256868909, 0.0016359096255368702, 0.0008335841379998523, 0.0003295114030241211, 0.09592984454731215, -0.000805912253702797, -0.0020231671473691106, -0.0007360069064799464, 0.2
43, 2, 1, 6.963660816223937e-06, 3.8103619811907717e-06, 0.9999859818770108, 3.244100191860888e-06, 0.3121922812020178, 0.3905982657881246, 0.38460606318550367, 0.2834718081108661, -0.13004370237670976, 0.0831367380893048, -0.19758353919316254, 0.17544869282125758, 0.20695161537445092, 0.2746307542113655, -0.08532987750499382, 0.0009628995142610033, 0.002584335997108611, -0.0003799330732335899, 0.09549052293046224, 0.00028116945333920976, -0.0014725659903158446, -0.0015378437036747887, 0.2
44, 2, 1, 4.029797477531149e-06, 3.862890646999521e-06, 0.9999888632418451, 3.2440700304177773e-06, 0.3232274767040148, 0.3691847761481658, 0.4554714212862434, 0.11728411313366738, 0.13327710205640142, -0.06841394459169434, -0.14358901947513286, 0.21879629228620803, 0.13970805195298683, 0.406185265129995, 0.09380508796267621, -0.0006340726704542056, 0.0011162468390133863, 0.0002518671482740612, 0.09430687713350364, 0.001482851475420592, 0.0015197689218339788, 0.0027867327597779026, 0.2
45, 2, 1, 4.029723172143127e-06, 3.857438030198945e-06, 0.9999891192865016, 2.9935522961506683e-06, 0.44002973826069647, 0.30974459593761583, 0.458332288484414, 0.19255070027706306, -0.31829293239216244, -0.18996895595213975, -0.23473426102144032, 0.28641798806449625, -0.020714354677701375, 0.1886992422614368, 0.07224462305857246, 0.0002773501686798404, 7.097098636482191e-05, -0.00024105049175367183, 0.09511765088779027, 0.0016529739514915408, -0.000409208782087235, -0.0017373518294446979, 0.2
46, 2, 1, 3.2996275500350696e-06, 3.840121065168741e-06, 0.9999898811005672, 2.97915081760397e-06, 0.33149263093971665, 0.2693862552426838, 0.39378804032643283, 0.24253930463628529, -0.09221311335614167, -0.21615132443756133, -0.18994317839840408, 0.23425927838751393, 0.06148832309041739, 0.13857747236325488, 0.0005432699118847778, 0.0008480488979863863, -6.534983539901719e-05, -0.0003071036838270904, 0.09437992914451454, -0.001931119559432951, -0.00023701813515192971, -0.0005322634294430813, 0.2
47, 2, 1, 2.700914900507944e-06, 3.3598166787375194e-06, 0.999990961152597, 2.9781158237154394e-06, 0.18245476761114532, 0.13939501354890213, 0.21195728730545346, 0.03240471866631382, -0.13658186279249415, -0.1878033227418266, -0.13988390105263698, 0.3142388251934945, 0.252831346047675, 0.16760462628158423, -0.020553034836601015, 0.0012040669308320347, -0.0007018741877980921, 0.0005984967271520376, 0.09574614632849894, 0.0016498750387007987, 0.00029332500295127333, 0.0008322700195290302, 0.2
48, 2, 1, 2.6817063916892355e-06, 3.1736203986867185e-06, 0.9999911846889631, 2.959984246516915e-06, 0.3087153543646813, 0.3488108429970801, 0.47352466236563756, 0.3150910282075306, -0.07148646518410694, -0.07207046327499705, -0.18239043088691792, 0.05811503682511685, 0.1509403354976706, 0.13614493170806252, -0.06692963374269248, 0.0005767088487237642, -0.0006218387609840135, 0.0009693258400808068, 0.09605772764441661, 6.821450168877067e-05, 0.00034105036563248243, -0.0009813788268938034, 0.2
49, 2, 1, 2.774933667125674e-06, 1.5223646288700903e-06, 0.9999927049161211, 2.997785582844209e-06, 0.4459829354949704, 0.3613027105207317, 0.18939498007214586, 0.3181964065913258, -0.21609896012202623, -0.08424826205258376, -0.006085347833169519, 0.34744768946999915, 0.17947150808973034, 0.10705916314221073, 0.0897656495479772, 0.0011195015121565175, 0.0004486342400935628, 0.00043809012389482433, 0.09521315067782099, 0.0014168858614091347, -0.0020904073804391765, 0.0014078067960096427, 0.2
50, 2, 1, 2.831130816936069e-06, 9.70110115159291e-07, 0.9999931952859327, 3.003473135234138e-06, 0.263441761133711, 0.2521294854391409, 0.3106854696453093, 0.1769048734447191, -0.14323769793906, -0.1856561833224288, -0.05289327775600394, 0.0873800676110312, 0.08487108387656095, 0.20224463798115125, 0.04963063914676191, 0.0005292538250495103, 0.0009670732780726274, -0.0005233466708977142, 0.09587547365300005, 0.00010709377365877346, 0.0006983344055445342, 0.0006032868928663469, 0.2
51, 2, 1, 1.6738445867977275e-06, 9.26274039519211e-07, 0.9999943888233502, 3.0110580235391718e-06, 0.21283719283938313, 0.2600105239808546, 0.2836858053103558, 0.2645748267722678, -0.13122558466942397, -0.06672430703511056, -0.052629874132969136, 0.07506844741033233, 0.22970291581636748, 0.269623525062448, 0.033751746833294315, 0.0009881156939896445, -0.0006974561340621318, 0.0004106728584710685, 0.09482737713590889, -0.00045279163570812614, -0.0006184965029788832, 0.0003004076889766736, 0.2
52, 2, 1, 1.673636288961136e-06, 9.096502033561935e-07, 0.9999944146105764, 3.002102931466587e-06, 0.31266634037212604, 0.4581992618859185, 0.30977790110306785, 0.13900613538495693, -0.27537243123058963, -0.08404840810579381, -0.06207427912303023, 0.15607852392189348, 0.09266798077884955, 0.22817077637934804, -0.07525913375129471, 0.0014717057786333774, -0.0003782718647841085, -0.001460380474587937, 0.09480079467106925, -0.001033614025239503, 0.0010006354988899022, -0.0016243370344170803, 0.2
53, 2, 1, 1.7249153001341779e-06, 7.524280447904903e-07, 0.999994525727524, 2.9969291310047217e-06, 0.271735464266699, 0.38740432932593755, 0.3290403649084767, 0.29002178583825805, 0.04832345192393541, -0.12045269640813316, -0.06590212212536022, 0.4033301402994297, 0.16120251564192795, -0.06113926358884871, -0.06822226484031353, -0.0005302009330587319, -0.0016716921028817702, -0.0008939562344030462, 0.09440137197412155, -0.00010132625557351664, -0.0016346607368845742, -0.0015119617681715815, 0.2
54, 2, 1, 1.948162717934737e-06, 4.992516433405146e-08, 0.9999950074476173, 2.9944645005125035e-06, 0.30047026988710523, 0.33740612055824715, 0.4470760488686393, 0.10292111207014329, 0.055686191953159936, -0.21877108138043075, -0.07485312520133185, 0.14733130171970485, -0.016012924630626802, 0.15673156808890368, -0.0975197802608572, -0.0015277455508468287, 0.0013042904462162623, 0.0010675069216839659, 0.09568274431161741, 0.000246907015695619, 0.00016745730982700507, -0.001500126875852745, 0.2
55, 2, 1, 7.827672962274911e-07, 9.395234330780402e-08, 0.9999961413195846, 2.9819607758790873e-06, 0.35827059859119315, 0.2997864746840401, 0.32147612270439857, 0.3177463985038448, 0.05055539000969576, -0.1433229438610274, -0.20951430604391924, 0.12587022875377418, 0.10361194967450153, 0.151690578201784, -0.0583410851420465, -0.0006864817581954652, -0.0006184666551176134, 0.0004200255568441483, 0.09452052801028935, 0.0019141591675784872, 0.0017994810540368817, -0.0020539403880322923, 0.2
56, 2, 1, 7.823286968230808e-07, 9.3976770981455e-08, 0.9999961424373915, 2.981257140505484e-06, 0.16036489894802736, 0.27372163438669583, 0.3251869235767851, 0.09810582563837053, -0.11798159264962424, -0.22710538286182214, -0.2620922363352879, 0.24122244328207856, 0.14282139398907426, 0.3232611112399633, 0.09604659111631904, -0.0008041819344738887, -0.000839186252122357, 0.001246440146193378, 0.09490259983948478, -0.00035116512779915946, 0.0006534267875982008, 0.0006588842411777325, 0.2
57, 2, 1, 6.373817289454092e-07, 5.036032345933891e-08, 0.999996357736802, 2.9545211455956617e-06, 0.374633017778084, 0.21175445699229445, 0.3180397705285821, 0.2524283400110706, -0.15050251495999228, -0.07037624932976042, -0.008024531966025395, 0.1471653945023955, 0.12982115119286855, 0.15689640437716618, -0.003787972937241335, -0.0012365013620404468, 0.0007083585309336206, -0.0001595611528253173, 0.09309081758151594, -0.0006435869335380994, -0.00034900971761626356, 0.00023874092163665996, 0.2
58, 2, 1, 6.338052081419764e-07, 2.625178288546932e-08, 0.9999963869254248, 2.9530175841771936e-06, 0.34454743137289573, 0.29832317857091295, 0.31262478270733685, 0.22875340137670297, 0.03477092075680717, -0.14292856902597414, -0.12241619521049336, 0.05577587600870291, 0.16726748202408478, 0.31070736604382476, -0.14978099689182592, 6.807020865963099e-05, -0.0005288259950844925, 5.535934666015193e-05, 0.09541889797844298, 0.0004698134387846784, 0.0006484122705932561, 0.0017221041272690244, 0.2
59, 2, 1, 1.4107310430612684e-06, 1.160218850005439e-07, 0.9999954789150206, 2.9943320513224317e-06, 0.07001408323664134, 0.1446963340665138, 0.24394379378449335, 0.18454115177241556, 0.030935117844266325, -0.1669241427557559, -0.07735902079503842, 0.13683806372004162, 0.046316967983396705, 0.2656720075137585, 0.14697296382616384, -0.002024841198888921, -0.0008261240228686347, -0.00022406754768772346, 0.093950645093623, -0.0009848665265995231, -0.0007839742723718013, 0.0013486719504846305, 0.2
60, 2, 1, 1.410960215904355e-06, 1.8804978705045957e-07, 0.9999955709435125, 2.830046484468739e-06, 0.12803533961472321, 0.3450536150845386, 0.2096860543689229, 0.259104130811562, -0.1031115509866781, -0.04240779126310312, -0.4175457630832128, 0.011824243869284934, 0.16782355247514108, 0.0986461811807224, -0.1600486952884895, -9.35059300558673e-07, 0.0008558775581176778, -0.0002619024832405643, 0.09476083040380563, -0.0006029614885882184, 0.0008586687136945455, -0.0007074655055030012, 0.2
61, 2, 1, 1.3650618617903344e-06, 1.948082376401853e-07, 0.9999956090855453, 2.8310443553178383e-06, 0.13849690489864175, 0.23556370416218342, 0.286686225864133, 0.37301087906218966, 0.04270158217440119, -0.015672104683404697, -0.23843691954119323, 0.20714842957606291, 0.2228821702267359, -0.004911310908965616, 0.19070102091032995, 0.0009816575807307468, 5.702097281133178e-05, -0.0011731814605871595, 0.09544149434565814, -0.002264701306980787, -0.0005393456114585248, 0.0003465522541999678, 0.2
62, 2, 1, 0.019507049040405764, 0.02172301779104277, 0.9315146201209418, 0.02725531304760954, 0.13160333111049288, 0.18351906439005683, 0.145073143387703, 0.2818882463856368, -0.005199214336407354, -0.054859951872009205, -0.10293837780747357, 0.1631938291458614, 0.12518980316833253, -0.05016006729803202, -0.028073475005478788, 0.0005180270108831177, -6.833859818587011e-05, -7.219978457076101e-05, 0.09592328883051923, -0.0004935085315107814, -0.00022871545655843008, 0.002032427431910236, 0.2
63, 2, 1, 0.019508635223664333, 0.021794443253671095, 0.9322375183008111, 0.026459403221853507, 0.3500134416580985, 0.32397414755038884, 0.42284019356445535, 0.1529128525038002, -0.38458026048720584, 0.05752255216019644, 0.013908366912245373, -0.04148139267633803, 0.21062669680043858, 0.18352456463265238, 0.13050696267182277, -0.00083177678276699, 0.0009683231947602087, -0.0018545393806268066, 0.09566917078234037, 0.0003638857085652996, -0.0013959483396952259, 0.00030767659767502574, 0.2
64, 2, 1, 0.0507941351417549, 0.032178288281998306, 0.8905877376520903, 0.026439838924156515, 0.19150406441791773, 0.20619276514843624, 0.25343601583221476, 0.23332092181334207, -0.028203044756822615, -0.2086808937944225, -0.059828605242518464, 0.00884888637706276, 0.12187385676416954, 0.06842866839589842, -0.056222915263213755, 0.0011761891057029445, 4.9157119530403855e-05, 0.00018533897641206704, 0.09392621126625908, 0.00041271679079325107, 0.0010503857701032802, -0.0010858664956690993, 0.2
65, 2, 1, 0.05053008706730354, 0.028599834268947105, 0.8945383960948734, 0.026331682568875938, 0.05220219318874049, 0.28239030555333755, 0.2885642503626591, 0.245259192259265, -0.05279051503060707, -0.15337949793410774, -0.19354142279643236, 0.06472869765436237, 0.2683649578326547, 0.14783959960429408, -0.09409662184916001, 0.0009555718942320134, -0.0007374658153393471, -0.0007104740580182597, 0.09454924936469009, -0.00027292007116429425, -0.0005577553267166718, -0.0006834816059379016, 0.2
66, 2, 1, 0.05056365204942076, 0.018659025098275984, 0.904712036244839, 0.026065286607464287, 0.32540557610934717, 0.3240695450903422, 0.22590872803203849, 0.2654438085669334, -0.08029955248554815, -0.06933925931536403, -0.2445850480956077, -0.04945806925800074, 0.21997265297677723, 0.1328178714302109, -0.058819401745322665, 0.00023453600017362056, -0.0014763697515857489, -0.0003217986252250716, 0.09408215274030354, -0.0007458406434078623, 0.0005548379949571195, 0.00026094154146827223, 0.2
67, 2, 1, 0.055020056873476296, 0.0023807965620744093, 0.9165103214411836, 0.026088825123265706, 0.2956670986390317, 0.1076505607735172, 0.21291384567215058, 0.21241826613177425, -0.012499136186946657, 0.007391036643504312, -0.1452399927552847, 0.07824234760589213, 0.02511055476178168, 0.30236817216598044, -0.09880825386124178, -0.000835350014148736, -9.008326871874707e-05, 0.0004008149325770041, 0.09659279322274597, 0.0007464391362652232, 2.8803826650546404e-05, -0.001996827247834791, 0.2
68, 2, 1, 0.05603101357271469, 0.0007647394146027245, 0.9223413487051607, 0.020862898307521895, 0.08641276448187304, 0.29417068427918264, 0.4133336811131417, 0.17033617713578436, -0.07693762233590803, -0.1277909844749981, -0.100651473928891, -0.0961570110305002, 0.05988007384531502, 0.14835817415462968, -0.06228722237811957, -0.0018653299461927671, -7.88048694182395e-05, -0.0007411470913293367, 0.09485452923343246, 0.00028348448841387095, 0.0019597034072117363, -0.0012912130854813746, 0.2
69, 2, 1, 0.056082764543224986, 0.0007838497493518775, 0.9244824886411003, 0.018650897066322877, 0.3384829988326684, 0.29991577216198734, 0.3696880282695311, 0.3049857209476997, -0.26583345673001885, -0.161567416874276, 0.03174181081208514, 0.013599076220657601, 0.10378048606834893, -0.028231618621051325, -0.03221824638751643, 0.0007424811119904125, 0.00012471771920881904, -0.00014567812857015888, 0.09461426099263272, -0.00038050963360924, 0.0005421792346794482, 8.821247469928832e-05, 0.2
70, 2, 1, 0.042369055823535354, 0.0017408543494656739, 0.9359639283335065, 0.019926161493492453, 0.36458523412349403, 0.14155608173121026, 0.2105829986998365, 0.35854220159644773, -0.004844120387147077, -0.05819583951205389, -0.07035707108525517, 0.11308821153702098, -0.02923396443667111, 0.07742207721969704, 0.010981030899999782, -9.888381458288551e-05, -0.00026435987043273455, 0.0007135371589998972, 0.09470497473160956, -0.00026498954089461564, 0.0008918430021677866, -0.0004310458922636382, 0.2
71, 2, 1, 0.03721068139260644, 0.0015805714239607355, 0.9425225754983871, 0.018686171685045758, 0.1598147279038975, 0.13904448113187545, 0.2764795423982445, 0.2841702230640908, -0.19134961114487087, -0.05546651959361106, -0.034996159505116774, 0.11457091907625838, 0.07969934874514614, 0.1345403453500667, 0.03184697607552167, 0.0004658049824633469, -0.00018755106651876277, 0.00010661827583904585, 0.09687831022632662, 0.0004912551541128011, 0.00018070552968833836, 0.0003531957422594705, 0.2
72, 2, 1, 0.03307309858678635, 0.0015240644848624788, 0.9452337044004976, 0.02016913252785347, 0.3021741094477169, 0.1865009982069619, 0.21115729847911563, 0.12197642047698713, -0.08500519266153446, -0.05389998041533208, 0.03235742053650052, 0.20733459244229677, 0.07617780836301662, -0.02682901692721449, 0.037734847867623766, 0.00039554268790191764, -0.00013421753939549637, -0.0017529108327369782, 0.09591090563650495, 0.00022278872886858395, 0.0006423204617106864, -2.9106742882359844e-05, 0.2
73, 2, 1, 0.03350038258382517, 0.004321720028190522, 0.9292773029706577, 0.03290059441732662, 0.16194236811406454, -0.12333679037388741, 0.06157228102565608, 0.336822676882917, -0.16455065627215665, -0.15887218988520685, -0.0031586957110246285, 0.21496855292204278, -0.03795620184534759, -0.12385732653595208, 0.03963368890411232, 0.0004919277487289483, -0.0007221862752924142, 0.0003451744255393935, 0.09336005215614832, 0.0001734973547860794, 0.0019857321466167474, -0.0016562095121242736, 0.2
74, 2, 1, 0.03324304073291749, 0.0006312870668910937, 0.9393251944864794, 0.02680047771371207, 0.39502484624988493, 0.148886874107707, 0.31812815633759256, 0.1678516258088522, 0.021814133856428365, 0.00786784735509336, -0.1453610191857213, 0.0732067012322595, -0.08371238186385502, 0.050598754442281436, 0.04251336282517245, 0.00015103190768279583, 0.001629978749204525, 0.001308462319659203, 0.09261162252794268, 0.00026040587937535217, 0.0002224573977872258, -0.0008510721982266566, 0.2
75, 2, 1, 0.0020848656429932316, 0.005709539200123133, 0.9613933646564604, 0.030812230500423324, 0.33669973675184517, 0.1637127947939741, 0.2479439812787474, 0.123132034716178, -0.05149193156704464, 0.09716835015917158, -0.03950535078886071, 0.030105533370164687, 0.16684058440641397, 0.024615900751879506, 0.0148377728396162, 0.0010131259160583502, 0.00033855462213784783, -0.00019484520538856496, 0.09457799094710063, -0.0004178874127873366, 0.0004341502757273014, -0.0006036267981574298, 0.2
76, 2, 1, 0.0020927660994622807, 0.005154644930287535, 0.9619609377566223, 0.030791651213628028, 0.33649335799601887, 0.13576940935654108, 0.24832164171029397, 0.24148403124317158, 0.04589989333661115, -0.14578611012228854, -0.23502195958668975, -0.10064445996645661, 0.20701306091506608, 0.17038789242317637, 0.19126089898535906, 0.00031960970555018316, -0.00039369582383109796, 0.00043473847261540015, 0.09651795339627593, -0.0005061180118691916, 7.842877489577214e-05, 0.0015001589163759009, 0.2
77, 2, 1, 0.0022106468662908873, 0.0044845218514557505, 0.9652639017423634, 0.02804092953988985, 0.1148360914924728, 0.1844499916985655, 0.3055745168997456, 0.29387041966800787, -0.20842401178043515, -0.05156974453265519, -0.1474882849256427, 0.08130771196784585, 0.01179939437157459, -0.08470304781024031, -0.16687049059437392, 9.040462764122863e-05, -0.0004892111357338976, 7.263554721032389e-05, 0.09474018748939135, -0.0024405594951104645, 0.00033211022065065865, 0.0005636325778927315, 0.2
78, 2, 1, 0.002197384839364503, 0.0036354429647870974, 0.9662878596292128, 0.02787931256663559, 0.3364883811489355, 0.29501431479306417, 0.1280289622225818, 0.25462424846403353, -0.1724737768735555, -0.04424279395527262, -0.2475320153517524, 0.02187758827974557, 0.0410767868369509, 0.02728688561861401, 0.03600324998093248, -5.4849444841396144e-05, 0.00015002457364798744, -0.0006974407303224398, 0.09409439900803182, 0.0005896079495955528, -0.000719624844244297, 0.0002718573503224178, 0.2
79, 2, 1, 0.008845761321717884, 0.05110485774413724, 0.8743230775908526, 0.06572630334329232, 0.002777440017028998, 0.258545048505184, 0.2073827986145081, 0.02876920189455483, -0.0612157697229192, -0.3156366708110644, -0.07836743799615238, 0.14966827259886353, -0.009718103683727487, 0.03799900660854879, -0.010627346925680268, 0.0018723663309801002, -0.0004524349837583353, 0.0015791467403534873, 0.09391973258330463, 0.001785941393441251, 0.001061972115176937, 0.0009577645195071772, 0.2
80, 2, 1, 0.03151272259912929, 0.007824304301241845, 0.9400004459250839, 0.020662527174545035, 0.23512118974310808, -0.15609736342483288, 0.2569848013494945, 0.12965579568575417, -0.09504975407333356, -0.029218213624949883, -0.009497262934344008, 0.006378076684360601, 0.07872328921691843, 0.06257016524918277, 0.0011386659596732338, -0.00036189886557988986, -0.0001940144908557437, -6.200693302362183e-05, 0.09467754256717474, -0.0004396704633689368, 0.0007550747662674737, -0.0004251816847499804, 0.2
81, 2, 1, 0.017335007899049588, 0.0038123265225050128, 0.9613970003806862, 0.017455665197759162, 0.09471952765150826, -0.009152736384348015, 0.2154633696431362, 0.1564728836067289, -0.03209129473108626, -0.14239765549229097, -0.0888346503729392, 0.09754034887186477, 0.29011856572180433, 0.17793306725164532, 0.012591377218918055, -0.0006389473640668383, 0.0004070944466830611, 0.00016171722295507852, 0.09702829180528567, -0.0004965116146816197, 0.0002366427480942505, -0.0014135633357546527, 0.2
82, 2, 1, 0.018480790679506646, 0.007807966784771044, 0.9571491492582259, 0.016562093277496456, 0.10912180286129498, 0.1476497353811033, 0.14814056946224236, 0.28062832362598356, -0.06392668621935979, -0.06072644337279019, -0.2070053286125471, -0.06475471604474298, 0.2058736349250266, 0.11327845841361724, -0.13373209032950722, 0.00039474083779685303, 9.868011048135532e-06, 0.0013144702873509697, 0.09433914854404202, 0.001819430556226908, -0.0016274125459345133, -0.00016049609077755425, 0.2
83, 2, 1, 0.020907098268378672, 0.011240380503998053, 0.9397978197917254, 0.02805470143589779, 0.1288249297813519, 0.17729007832364632, 0.03809091462040225, 0.27310823463468914, -0.021343884887137832, -0.07066997427974724, -0.18395825485135756, 0.14408834696260317, 0.059130294363492195, -0.055652047645832946, -0.021872179050246805, 0.0010352490547314115, -0.0005763322481605185, 0.0015291842686496525, 0.09449960281135927, -0.0012932102998768481, -0.0005052803069025592, 0.0005937836335378155, 0.2
84, 2, 1, 0.021221201464954754, 0.00704501788450977, 0.9347870506293456, 0.03694673002118984, 0.090018896690696, 0.23512003845964796, 0.03906822478735067, 0.2764371199163419, -0.1811615641703903, -0.08315282827481382, -0.04985287742507242, 0.22633565463349306, 0.11274985099732868, -0.05450610618479851, 0.04337594162760934, 0.0015080132039616172, -0.00042278025083633135, -0.00044477947126547615, 0.09437280603693912, 0.0009773548056106703, -0.000328587689738493, -0.0003083209987503747, 0.2
85, 2, 1, 0.021224762400740258, 0.006879535659418349, 0.9349696773127995, 0.03692602462704201, 0.027880601921233872, 0.20316314266799074, 0.1225951833787369, 0.20179268927682345, -0.20563760181693605, -0.12791495897939384, -0.12203568307845117, 0.226932408641135, 0.0775865263940027, 0.18740458276810865, 0.04179716025620072, 0.00018163356216042357, 0.0011481409210620228, -0.0005002526229017265, 0.09725275799834282, 0.0006189799841677876, -0.0008953096472019938, -0.0012496864362834582, 0.2
86, 2, 1, 0.022423804466195615, 0.0034905897444205518, 0.9370094499293844, 0.037076155859999564, 0.12062617629636656, 0.09783315409961438, 0.18895896189782838, 0.3553679918051967, -0.06761213580120293, -0.07783933652423547, -0.17047998899709654, 0.013593953840032702, -0.10129502354255815, 0.03879492982006079, -0.11830003622003696, 0.0010194331541342274, 0.0007872674725074863, 0.0005922830620869409, 0.09464685034840167, -0.0002137408485835786, 0.0019331857789431322, -0.0005476914595186973, 0.2
87, 2, 1, 0.020904845420664016, 0.0034026130627926917, 0.9370147910512543, 0.038677750465289075, 0.23150603605409903, 0.19911577223924937, -0.06743145761682376, 0.16794218312955986, -0.07091164465900301, -0.08181430948341598, -0.1847342360387713, -0.004900931614208454, 0.19958008892597628, 0.023340913226142956, 0.13640634407955504, -0.00023130605389037163, 2.5678318202676882e-05, 0.0018446667020525173, 0.09452367014212197, -0.0006356715677326286, -0.00016455043847692294, -0.0010479671881872567, 0.2
88, 2, 1, 0.020949901839114243, 0.0051551422310477, 0.9255367764906925, 0.0483581794391455, 0.142746284392865, 0.24010488201180352, 0.06263019462663913, 0.18980421533647385, -0.25318617066830806, -0.210376485394544, 0.024375484941447877, 0.16493297401227153, -0.0840986068613381, -0.03196959892653363, 0.12365101998035528, 0.0017693387015140529, 0.0012288353014507133, 0.0011572896539635816, 0.09409028756635496, -0.00115622614124213, 0.0005737965429647879, 0.0007156812486720602, 0.2
89, 2, 1, 0.022006484170943787, 0.020797816134474043, 0.9016394308810161, 0.05555626881356615, 0.04391848147667714, -0.02709338824443964, -0.01712106034287424, 0.3108040642535944, -0.14399710654686124, -0.1692230227343547, -0.18108806968277538, -0.09654096632589951, 8.548842300765137e-06, 0.1413298547162289, 0.10998486572578788, -0.000536251367945907, 0.0011311293344921116, -0.0009425244139526582, 0.09638894861555558, -0.0001994760053151344, -0.0011339036559906382, -0.002444000124917543, 0.2
90, 2, 1, 0.022164089562018905, 0.02103388380259569, 0.9021454767777856, 0.05465654985759985, 0.019436695498278624, 0.12748757665943453, 0.23110644235602926, 0.2683063324997291, -0.14103007351211555, -0.2633323136670799, 0.142220136189936, 0.16373279556529, -0.0725577344570967, 0.18098341421285444, 0.038498236467340345, -0.0014378025938918382, 0.0003206007875346268, -0.0012229360075179051, 0.09674135169010085, -7.938163172275431e-05, 0.0003728141370259834, 0.00026549509049618615, 0.2
91, 2, 1, 0.022350852533519483, 0.017848657497772938, 0.9058920720421298, 0.053908417926577815, 0.0714082361507171, 0.2609469122418707, 0.1424181580628153, 0.17748640190460335, -0.15607132762392753, -0.047603571390007184, -0.17442036808715272, -0.1355000303182378, 0.004868831476115015, 0.22102354073182964, -0.08513161553589903, 0.0007892233221187645, 9.28882753657359e-05, 0.0003655470694946711, 0.09270796480076042, -0.00037939442797392395, 0.0003584512281652178, 0.00030776368742145116, 0.2
92, 2, 1, 0.02471396909932456, 0.24167313834698942, 0.050143510163433234, 0.6834693823902529, -0.06424564197655458, -0.05942304177017606, 0.04013537603912508, 0.24249254213269583, -0.2593497805381552, -0.16035807040550074, 0.03425455161564859, -0.06953028484253887, 0.08930807761447304, -0.12743202207233054, -0.02245593015824273, -0.000856394993919885, 0.0004202991042131082, -0.0005371382991109789, 0.09389621857595618, 0.0005831781062020873, 0.0004152218434948939, -0.0005677519006061386, 0.2
93, 2, 1, 0.024715943937041383, 0.24171195929887992, 0.050573388162664545, 0.6829987086014142, 0.243990869789717, 0.09494806080909662, 0.08615132264011728, 0.18780019453496277, -0.27347363483243187, -0.17366387259098448, -0.11639808098687918, -0.03292727822592874, -0.02860296399398189, 0.06278215706516192, 0.21638605755130022, -0.0010459934256245545, -0.0011313138580179905, 0.001991481367185393, 0.09652780712868808, -0.000446515365239233, -0.00011450765366516839, 0.0005124157956340228, 0.2
94, 2, 1, 0.08122567161482717, 0.17138735386888843, 0.0941018461414917, 0.6532851283747928, 0.1287375790525047, -0.03557591534614245, 0.11812759265154522, 0.3917165459058098, -0.058529027999146846, -0.12100743026124205, 0.04528322297119132, 0.1145324848652706, 0.0836494362570083, 0.12958325892743203, -0.03364051545291999, 0.0003360651276124873, 0.0003754196926104789, -0.00016686248343063666, 0.0944670087808169, 0.0012046037435071806, 4.888755890995724e-05, -0.0005184066022293617, 0.2
95, 2, 1, 0.08357672742342136, 0.22941449403651876, 0.030828433837826297, 0.6561803447022336, -0.0004813530164705093, -0.009773877601140507, 0.09573527491415687, 0.3828075636579981, -0.18274930450958574, -0.23222786318564417, 0.08045734048325177, 0.01833070545778421, -0.0020659913883531804, -0.13000398351904446, -0.09685953566837728, 0.000732016082903465, 0.0008733824365413851, 0.0017500678110314346, 0.09568805013606536, -1.710022420510292e-05, 0.0010405444039466357, -0.0002471071428355264, 0.2
96, 2, 1, 0.09408036118253486, 0.14055187913546666, 0.10771087284839098, 0.6576568868336076, -0.05744694924368639, -0.026568180647614636, -0.039755096233725244, 0.10854237209766202, -0.030074291109365138, -0.09945528150942323, -0.1945309512937527, -0.029765933085981876, 0.14526114394069128, 0.13566788410838976, -0.00046498502746746895, -0.0003044505170487468, -1.0722797686301656e-05, -0.0004846772844064595, 0.0960233496456334, 0.00032768306779191694, -0.000982594685606562, -0.00013962709508450938, 0.2
97, 2, 1, 0.09486154925772494, 0.14688765150917643, 0.06386394143496525, 0.6943868577981335, 0.00614135942812849, -0.09026629326253914, -0.017884105028707954, 0.250011453396938, -0.20020893983067758, -0.19173797836361564, -0.07372909000176328, -0.16274922646765996, 0.06118785611555601, -0.08896730871827023, 0.035893928668236055, -0.003076662960258978, -0.0021526491891335283, -0.001357716970826634, 0.09450604402298976, -0.0006612967758713675, 0.0010789832199563057, 0.0009047752104763574, 0.2
98, 2, 1, 0.10397461338726435, 0.21773424004659986, 0.04983458311565687, 0.628456563450479, 0.13455387651815165, 0.15977989490441044, -0.008882789052107033, 0.18934307021906374, -0.1693789534128476, 0.004516403660958934, -0.09707074064075569, -0.16709246957860444, 0.03714954833957913, 0.061484118371759565, -0.15680284373203465, -0.0006278044391131379, -0.0011463204041903606, -0.001744886412858544, 0.09471524642723697, -0.0010318019373215697, -0.0017250418667787005, -0.00012914512055632973, 0.2
99, 2, 1, 0.10753799168154012, 0.21813613411586621, 0.05639704602104306, 0.6179288281815506, 0.29906010377825265, -0.041506761479905785, 0.029251046632461676, 0.29766266830027877, -0.12401233925647397, -0.23182056699736142, 0.10388865739777106, 0.04038601086824227, 0.07508473183449663, 0.03468367451674527, -0.20917671215054973, 0.0008784955685291389, -0.0007892529798034503, -0.00021897781177248433, 0.09519434570174903, 0.0008677931256778638, 0.001666064024708512, 0.0010155139485177685, 0.2
