t, Event, Policy, P(still), P(random), P(reach), P(transport), o(t), s_a 
0, 2, 1, 0.8017606735229492, 0.026701051741838455, 0.17153821885585785, 5.2286699414594295e-09, 0.6690040584857968, -0.5590412097698342, 0.654822118925763, 0.37360429144581475, -0.025134772039486865, 0.2117174428053698, -0.059421049436202245, 0.23789362493263622, -0.23695994840811455, 0.40859403211002865, 0.16917176869043354, 0.02584650096177246, -0.1540841665342735, 0.08653540827019468, 0.22260966862536904, 0.16355834940938732, 0.1367704735265212, 0.003330452195152242, 0.3
1, 2, 1, 0.8038348236286611, 0.018594029692263096, 0.17757113598049606, 1.0698579702693625e-08, 0.5775002534587932, -0.3573657944696439, 0.5600361753861542, 0.35512809414478136, -0.21781992318144106, 0.059824854627096635, 0.005205392977635848, 0.17977398969655561, -0.21816312173959443, 0.31988313967525894, 0.09694753851580344, -0.0026366416161218388, -0.001778600795734691, 0.0006199448479361637, 0.02758188333336875, -0.0007727265518229807, 0.0010896142829299308, -0.0006411577447231431, 0.3
2, 2, 1, 0.8038396301691864, 0.018575442400890346, 0.1775849167313318, 1.0698591431779142e-08, 0.5719516485163264, -0.7983818662305213, 0.6627163993269152, 0.24604122165177067, -0.1369896621822543, 0.181463072620737, -0.13926262692226607, 0.27720093465395695, -0.3410259822555054, 0.35876849483627493, 0.03989234995280367, 0.0019342681383834354, 2.305381436524927e-05, -0.002125700055938864, 0.029149855490893134, -0.00035046658691987085, 6.73532427684997e-05, -0.0010054356638511328, 0.3
3, 2, 1, 0.7986321263040937, 0.014880345685450398, 0.18648751736382893, 1.064662689529782e-08, 0.42704616752729196, -0.504753004568754, 0.6142956552719848, 0.28036274965071173, 0.12107424094167345, 0.1352490525860932, -0.18673626808715302, 0.08849989103169138, -0.3842889756213494, 0.33129720798830753, 0.20599327019279898, 0.0009188429746248316, 0.00041859191366907546, 0.0006487108165964759, 0.028847569121552303, 0.0001286145746590529, -0.0004017813169222041, 8.406710993896792e-05, 0.3
4, 2, 1, 0.7986321540094238, 0.014875229345680484, 0.18649260638365725, 1.0261238396979186e-08, 0.6642100408395553, -0.4317564461290944, 0.6680789250931319, 0.2938687946688722, -0.3027220958996928, 0.23084250250256783, -0.2822779016399811, 0.23161790304395852, -0.281729827608432, 0.1472466488640556, 0.14441906481110905, -0.0002597650136478903, -0.001310482668004547, 0.0012495617058703573, 0.02907058971217748, -0.0010223025260959156, 0.0002773771332556383, -0.0003250981025863213, 0.3
5, 2, 1, 0.7986374467631864, 0.014867753310424328, 0.18649478966506283, 1.0261326479487497e-08, 0.572345959682061, -0.4127016785064253, 0.6615919173447173, 0.3217040305977144, -0.16365494967563785, 0.0729875747584792, -0.05146977361753029, 0.20800823009379318, -0.2738904670148775, 0.35613552224195116, -0.08105433934369406, -4.867631658654971e-06, -0.000789563108097052, -0.00045061428256548236, 0.030681232002287766, -0.0007153601483200793, -0.00091921686942652, -0.001559255695570348, 0.3
6, 2, 1, 0.7986375647966317, 0.01486738645709842, 0.18649503848493215, 1.0261337813157567e-08, 0.5871102958306118, -0.49859721236743904, 0.5433009563003468, 0.23906167187532837, -0.21655181893050085, -0.06262393797916818, -0.12724890818010662, 0.319229314362469, -0.3344639455701618, 0.4481938298822522, -0.19939382466209524, 0.0016005873932821494, -0.00019023010324497014, 0.0004933558710509329, 0.02947182962185298, -0.0016457417167779504, 0.0003416455588891966, -0.0009229102495782666, 0.3
7, 2, 1, 0.7986234689970735, 0.014867609776250878, 0.1865089109292371, 1.0297438521567307e-08, 0.6395907188187742, -0.6426582195051013, 0.44568390053327056, 0.2981363531851423, -0.13366677186044076, 0.09528673941920736, -0.18882339650574678, 0.32417294022373944, -0.12454245261280279, 0.3512273658974369, -0.0963263813903981, 7.384097815505652e-05, -0.0005186772529553946, 0.001615435386500758, 0.028439982127417458, -0.00022591518741191656, 0.0019734073480256993, -0.0007790051995223385, 0.3
8, 2, 1, 0.798506059551045, 0.014846532645133529, 0.18664739750598056, 1.0297840901882631e-08, 0.465902787684744, -0.42858459314074526, 0.6006262409292226, 0.42834415779228624, -0.11275151107718928, 0.007001576592964187, -0.26912599509001006, 0.39014888248548407, -0.3110808374869141, 0.24251109436522236, -0.025042827700339238, 0.0003601972636538043, 0.0014407632852875627, 0.00022527147603454265, 0.02955021697741419, 0.00012189830127597078, 0.0001951370924625834, -0.00023092976474147706, 0.3
9, 2, 1, 0.7850732027633737, 0.014847119990224639, 0.20007966694855478, 1.0297846994725623e-08, 0.6458122453257203, -0.40683656549103386, 0.7509568784015866, 0.4017191481863735, -0.007163388965599737, 0.04428530078269086, -0.2842880907209575, 0.29775427804942833, -0.41818779756680646, 0.30301292669278357, 0.1763460198336177, 0.0005282675141271918, 4.8481033718558706e-05, -0.0011856610790925792, 0.0289024696516672, -0.0012209773133879669, -0.0010943045202847477, 0.0013883482836266597, 0.3
10, 2, 1, 0.7888588555936302, 0.004628252126187669, 0.20651287665597454, 1.5624207675443823e-08, 0.5603572510247471, -0.5140572083297638, 0.49067782301036766, 0.4774102417326584, -0.17942333751389622, 0.09609663236369188, -0.12175327330173011, 0.30323529343574995, -0.35170529294310526, 0.2960204201240984, -0.008001697809423603, -2.2211356767379336e-05, -0.001562882237644793, -0.0010367961682425841, 0.030392705120531487, 0.0003109000665895212, 0.000842867786274935, -0.0009492021140481497, 0.3
11, 2, 1, 0.7887714927313334, 0.004622897121175057, 0.2066055945200657, 1.5627425745756452e-08, 0.47023586263373485, -0.5053418598745159, 0.5599079119790791, 0.34308257750312465, -0.12595629825809962, 0.0003308477992908232, -0.2521740428751281, 0.2718131709803955, -0.2789449240867431, 0.3015313983379332, -0.03024701080820625, -0.00232764633045864, 0.0006814713552394799, 0.0002636593779683903, 0.029192870528496107, 0.0004649484953656425, 0.0005732136572262466, 0.0006731114424919097, 0.3
12, 2, 1, 0.7887714992246271, 0.004622888642010111, 0.2066055965059377, 1.5627425169170954e-08, 0.37646384376922537, -0.5183938321286876, 0.5967319412423067, 0.3566446554853385, -0.1875424036456758, 0.276771152062108, -0.120081876836113, 0.292257984959707, -0.39697627917322426, 0.38343446194807357, -0.23052274136608686, -0.00048081342434115723, -0.00043134344105424867, 0.0005508233586773475, 0.0299626634311972, -0.0016272075017208728, 0.0004280358606104969, 0.0011457787503271958, 0.3
13, 2, 1, 0.7887714818106902, 0.00462186528322325, 0.20660663727425346, 1.563183311582359e-08, 0.48453430967028865, -0.3528802063387718, 0.3936653277685975, 0.3267985194617971, -0.21427255728652916, 0.05489375171327634, -0.23235374763919667, 0.2535500096270489, -0.2851964195882609, 0.33742130036090723, -0.08484916673296487, -0.0015290557221638254, -0.0005302217861483775, 0.001668302231703583, 0.031257829272801, -0.0022867438528500457, 0.0014798912947510481, 0.0011463268509057391, 0.3
14, 2, 1, 0.7887006772631013, 0.004614376545350925, 0.20668493055643533, 1.563511246446996e-08, 0.4844773165848989, -0.6171691719451033, 0.5965984139271843, 0.24058981397240725, -0.0627524181389861, 0.11601667383316597, -0.21054411564229522, 0.1503318294597718, -0.23501683911335042, 0.3083935845878022, 0.022378257841292354, 0.000939719547157408, 0.0006798631133328435, 0.0008184806777702714, 0.029977323606438667, -0.00026458372994281484, -0.00036985867986658586, 0.0011857738342460947, 0.3
15, 2, 1, 0.7824390493015239, 0.004531312060852475, 0.2130296227954136, 1.5842209936758338e-08, 0.3800165858435918, -0.42835335315485795, 0.6860187761226837, 0.3476303926655465, -0.0643898804401215, 0.07652972867423283, -0.1580719360382704, 0.19922583242423392, -0.23371760542540748, 0.12969089188194385, 0.11283022480773122, 9.806913577391666e-05, 0.0008004852099865358, 0.00019125181124135792, 0.029557584513836062, -0.0002456716951073905, -0.00010890000072343801, -0.0008570709331429319, 0.3
16, 2, 1, 0.41638041200693926, 0.007701332256682915, 0.5759182369846504, 1.87517274559979e-08, 0.3848951560314756, -0.3727502408963743, 0.5972903009039343, 0.11663140015478654, -0.06295879063805188, 0.0305950937097041, -0.26504503455202627, 0.44057297299944737, -0.20492621436502728, 0.1476551401128948, 0.05710467237009627, -0.0005881600612489146, -0.000887106369190528, 0.0004378158832464924, 0.028954729872714212, 0.0007886242453698951, -0.0005595612257033911, 0.0022117654855297753, 0.3
17, 2, 1, 0.41637180873884017, 0.0076996127658561534, 0.5759285597434917, 1.8751812036283514e-08, 0.5640129742903699, -0.40794546167630735, 0.5274417052229962, 0.2582208657489662, -0.04256895971219341, 0.16983577112176204, -0.29497089135428817, 0.06396755087151981, -0.18857356113785162, 0.35554073813650927, 0.18530405708904646, -0.0014059547731182342, -0.00045688952274828, -0.00012236211001059145, 0.0315167851910481, 0.0025101678558930368, -0.0007710387851226673, -2.3122008364524568e-05, 0.3
18, 2, 1, 0.41628815599923225, 0.007699648559648064, 0.5760121766816833, 1.87594365098094e-08, 0.33789324306922347, -0.5170361130372347, 0.5390557246322412, 0.17110694772348772, -0.16244941905156846, 0.18288360569656165, -0.13216895552037838, 0.48513598828977783, -0.18096128642026116, 0.2143792743426444, 0.08494320231848693, 0.001364211548678433, 0.0013296371953978882, -0.00020110748240786464, 0.02996575825920173, -0.0002874524501447461, -3.097002543650991e-05, -0.001543903064045804, 0.3
19, 2, 1, 0.4162881650887411, 0.007698655388396787, 0.5760131607634358, 1.875942617545708e-08, 0.43262342859757885, -0.3843973557162276, 0.7438498048080902, 0.45052448774930054, -0.4283803231981139, 0.10775414331813116, -0.09449381550533291, 0.15574141421102966, -0.23877083570555366, 0.3891483870877168, 0.043108617520855784, -0.0003231607425170066, -0.0006633676111818333, -0.0006520769757814599, 0.028765397989735608, 0.0002707195228635356, 0.0014454819962271491, -0.0004116402331263407, 0.3
20, 2, 1, 0.4162848134658713, 0.00769864632504172, 0.5760165214320464, 1.8777040596420475e-08, 0.4768686967502537, -0.32286971825876903, 0.45508642029839913, 0.039422072211074966, -0.14401890924601896, 0.22689709070960856, -0.16601188215593204, 0.024373457956336653, -0.24759797209715115, 0.21854658352052345, 0.1951510494068273, 0.00046059132179971935, -0.000847263827474634, 0.0004247189652789718, 0.030796558501048316, 5.2231595078707924e-05, 0.0002076269925228125, -6.797496931629543e-05, 0.3
21, 2, 1, 0.39028742963691043, 0.007713520459477516, 0.6019990202469662, 2.965664586588689e-08, 0.4432520653314594, -0.43308706320405077, 0.42434984930098085, 0.3015219809744326, -0.10874522369713449, 0.048923917528787456, -0.21727248381534747, 0.34421473243662526, 0.0029047950221507525, 0.22041258652828005, 0.27083368325592594, 0.0007382246957457345, 0.0012924395478294969, 0.00010346360180520171, 0.0306805570287347, 0.0012919821900678513, 7.594494021075995e-05, -0.0009933397618096698, 0.3
22, 2, 1, 0.39039583998344635, 0.007578042442157321, 0.6020260199246953, 9.764970114501677e-08, 0.4054816188536511, -0.6332307646067402, 0.34927359059944885, 0.3248119438811252, -0.18073426716594093, 0.14220985957412108, 0.10635656927748163, 0.20929459750370166, -0.15611550574388217, 0.32917040231921174, -0.014309449923975731, 0.0020491244544090857, 0.0012586085052708098, 0.000752060479002019, 0.030479608716489165, 0.0008645665559639934, 5.681793907771217e-05, -0.00014050910547963737, 0.3
23, 2, 1, 0.3816063759512378, 0.007467802600219343, 0.6109257235559672, 9.789257567701016e-08, 0.2344326013724316, -0.5739689772464496, 0.5341803914604929, 0.4043978121259692, -0.07094906154767869, 0.15302881076199484, -0.15228609624045258, 0.23157920186663006, -0.3343021971683132, 0.29690994404401966, 0.23908232964640833, -2.6400751080371347e-05, 1.8579513541021115e-06, 0.0007638512525888541, 0.03031911441144184, -0.001660663525513938, 0.0006580533390509239, 0.0002823549772113998, 0.3
24, 2, 1, 0.30619774295316665, 0.008186520117378276, 0.6856145572551359, 1.1796743191936586e-06, 0.3494952288777516, -0.5392469650869844, 0.4813743642319316, 0.2940418595021267, 0.03479903054652722, 0.12477329261880007, -0.1642935099897406, 0.28851080209370694, -0.150751438705649, 0.07426242483003584, 0.15870676021924718, 0.00015544003845858844, 0.00052789417814667, 0.0004679596591724045, 0.029048707785635213, -0.0003495332138214025, 0.0004895908272789088, -0.0001772511724635202, 0.3
25, 2, 1, 0.3062017125906201, 0.008097947522764508, 0.685699160202972, 1.179683643574296e-06, 0.35439170977640255, -0.4530972908921062, 0.520393665254761, 0.25695193700767244, -0.3178483503377555, 0.10527899289262561, -0.16881342299651983, 0.25692663062905996, -0.32867485103433275, 0.3146662449996813, 0.016480773391685206, 0.0005389119434948844, -0.0011668780366390747, -3.6551124804489464e-06, 0.030688375803710866, -0.0010927815778752489, 0.0009088188153970004, 0.0011639738977346583, 0.3
26, 2, 1, 0.3062016806214058, 0.008097951428151453, 0.6856991882665341, 1.179683908683305e-06, 0.4287406978244067, -0.5002345417161088, 0.4910055196012916, 0.4935860567296547, -0.1773140697256367, 0.1250970215148139, -0.16659321056524726, 0.19300857793012713, -0.18514681190131607, 0.22092264804464645, -0.18233176950223584, 7.735042164660641e-06, 0.0016360371999980037, 0.0013686865112669754, 0.029165563091279278, -0.00011547777637658293, 0.0017649654121336307, 0.0007071649144986966, 0.3
27, 2, 1, 0.29981602603663193, 0.008098981113759438, 0.69208381309851, 1.1797510985856631e-06, 0.5617574369998838, -0.4342512687961791, 0.5465183516989848, 0.12265270307535366, -0.0799913353315563, 0.12020357605418322, -0.19419147289689914, 0.23839991839863267, -0.27883644434861365, 0.3795791535828581, 0.1465906277829331, 0.0008521366090405299, -0.0008115153050827931, 2.7989972093325485e-05, 0.030185318343877453, -0.002240795524571791, -0.0009078304399367145, -0.001972729610059416, 0.3
28, 2, 1, 0.29981862006386734, 0.008092834216756285, 0.6920873649293466, 1.1807900297092062e-06, 0.6019717947740714, -0.46642724714831696, 0.45745853658000957, 0.35259590368033866, -0.23385618938935634, 0.21728591634021974, -0.0037231341942578046, 0.2408800460531868, -0.2498064897444964, 0.1358387704705358, 0.10029107597015245, 0.00012808665714132873, 0.0007307462523970361, -0.0004993678013901049, 0.0282258264997771, -0.0009433360712729728, -0.002292067672714579, -6.831401927544822e-05, 0.3
29, 2, 1, 0.30055224946194276, 0.0065638412944052284, 0.6928826942044102, 1.2150392418818112e-06, 0.39204112952199016, -0.3607758514279086, 0.4799879090517716, 0.2731866354932073, -0.063649537251556, 0.07588446522643792, 0.0354560014486893, 0.15660850392788833, -0.1726761967809376, 0.2556584609741261, 0.15277169713506797, 0.00014872564089776736, 0.0009021917740936966, -0.0001327782873914709, 0.030313823701867075, 0.002010174973403905, 0.0017628731853552345, 0.0005495088371943892, 0.3
30, 2, 1, 0.29979451476559116, 0.0053198875196500215, 0.6948843609764283, 1.2367383306726582e-06, 0.34816797981787995, -0.2980195134063184, 0.34517866409737846, 0.18469301148049933, -0.10116242097472736, 0.09988111893674478, -0.2085687887637743, 0.08441849143281044, -0.30496181836692077, 0.28021974314633114, 0.14411896240701508, 0.0008853389719532749, 0.0006616299792784592, -0.0007537970140191945, 0.030788486259128955, -0.0004656520309476623, 0.001483114226196679, -0.0006646183397650683, 0.3
31, 2, 1, 0.29979451552300423, 0.005319882542472841, 0.6948843651961879, 1.2367383351263131e-06, 0.38359624281120974, -0.2746115877442434, 0.41341119692202355, 0.1764239763121385, -0.28129688062856684, 0.17598843689335414, -0.07460477115342838, 0.39213013810596886, -0.15927376595253495, 0.45317197325869135, -0.04670660807210114, 5.885308803616004e-05, -0.0006328647777593576, 0.00123531763852682, 0.031088166279543805, -0.00010589109473566845, 0.0009932529748708555, 0.0022106763584870274, 0.3
32, 2, 1, 0.2997946028465067, 0.005319415118767519, 0.6948847452149512, 1.2368197744942786e-06, 0.3122086752961639, -0.411067207094702, 0.4224506121742375, 0.1792479873058009, -0.28015805068252714, 0.2690087802900646, 0.048198015680229654, 0.06746971709521458, -0.1585554437048065, 0.3130749741589676, 0.09994085137041916, -0.0004068361109138578, 0.000797973077330545, -0.0010296985968773187, 0.031028360337186582, 0.00024004817626245624, 0.0003622608749407967, -0.0004793314226650982, 0.3
33, 2, 1, 0.2986880994162573, 0.005335048280103416, 0.6959756153888323, 1.2369148069979512e-06, 0.41666859261044953, -0.3676577320814308, 0.6373753129114772, 0.357593348038181, -0.0462730655475046, 0.1841050601980781, -0.23089501566633824, 0.06629732932202415, -0.29624386676151976, 0.15795265190718716, -0.03947507894062035, -0.002091442253524112, 0.001081250782087268, 3.866590500459388e-05, 0.02963532646749979, 0.0003489168633443621, -0.0019357971240683094, -0.00017260775788975713, 0.3
34, 2, 1, 0.29537129937925194, 0.005120137142370661, 0.6995073265631254, 1.2369152520555298e-06, 0.34096018353640173, -0.3662617566619297, 0.7387093601378723, 0.3906559809677634, -0.10250987759497283, 0.06817985964716726, -0.16953569209645686, 0.20576356912606522, -0.4000515394614793, 0.22162869499282684, 0.11256558186659142, -0.000548856403137049, 0.0006155600006735413, 0.002253981219853069, 0.031400100420332415, 0.001141376149362965, 0.0008866492423784758, 0.0006409390881791241, 0.3
35, 2, 1, 0.2957519776638359, 0.004608934144794254, 0.6996370203194853, 2.0678718846901495e-06, 0.2876007154813417, -0.3388094493537151, 0.39802583408405473, 0.34047803794000975, -0.23810199297054807, 0.06729452250033605, 0.0394645994981017, 0.21312778712849595, -0.0873492920287807, 0.17142145496710537, -0.0252905434488813, -0.0007187569428973868, 0.001252039224172457, -0.001281281497943239, 0.030190547859027445, 0.000689064064497054, 0.0008790939343615763, 0.001662114153227455, 0.3
36, 2, 1, 0.2957519777907305, 0.004608913056861276, 0.6996370412820675, 2.0678703406743684e-06, 0.34789757853939973, -0.41932015549213303, 0.5393824002322646, 0.42432438521905513, -0.31688917200500155, -0.019562483624958583, -0.3076931465705318, 0.20557051094178402, -0.19886066815415515, 0.15035055593743074, 0.018361621753592516, 0.0009079071299296574, -0.0009216944574198908, -0.001322716592999329, 0.030097278981585616, -0.00013740856944011696, 0.000445535381185446, 0.0011338670121986772, 0.3
37, 2, 1, 0.2948287397712587, 0.004655299664618668, 0.700513795225421, 2.16533870170547e-06, 0.6126080110802105, -0.42331458291958307, 0.45196823536667663, 0.3846854748493973, -0.04306683109149131, 0.13366167749600982, -0.18698553495189477, 0.13160872650739758, -0.05104990290302269, 0.15823940914764653, -0.040249644537862915, 0.0011000521877260467, -0.00045648587123510843, 0.00024285080472280016, 0.0305423485448096, 3.732273771802911e-05, 7.316253307170851e-05, -0.00020201791997433329, 0.3
38, 2, 1, 0.2949338559896597, 0.004147181480113673, 0.7009149606565384, 4.001873688297391e-06, 0.23456967971020398, -0.4246864370249848, 0.2745473638400582, 0.4604015510890017, -0.19288018335651236, 0.10749264296004854, -0.21794905938737194, 0.24114820487779073, -0.2101649259697115, 0.028460623862165968, 0.052554433962602544, 0.0004608438513168737, -0.001157189869471735, -0.0006747817015826142, 0.030018313048300167, -0.0018672873900779908, 0.0005683347428102968, 0.0003501530918494349, 0.3
39, 2, 1, 0.2949254114238481, 0.004140452277681978, 0.7009301239718666, 4.012326603392658e-06, 0.323830235777472, -0.33468047286741703, 0.34947915946092767, 0.2772224094843548, -0.10274022380219072, 0.1437705160326755, -0.05781250290106996, 0.18600723552709847, -0.3162255056304729, 0.1713711428333631, 0.08966453948416064, -0.0006747515762209576, -0.001114454484771418, -0.0024539916601777996, 0.02981958363333067, 0.000649345598543602, -0.0004926153543294891, -0.00030056552187478723, 0.3
40, 2, 1, 0.2949255406910676, 0.004139310459090198, 0.7009311364593072, 4.012390535122088e-06, 0.3017894480076603, -0.45056974805670674, 0.3532374916935604, 0.27173005320411586, -0.2130450460361537, 0.209917207085239, -0.12505349723977618, 0.2566811865168711, -0.31216164114251166, 0.24112561334105811, 0.08701887178053266, -0.0019493881255451162, -3.149753603512548e-05, -0.00038616851405470076, 0.02965697402545478, 0.0005143143342354173, 0.0008800429784826588, -0.00011239544959038537, 0.3
41, 2, 1, 0.29469262883170083, 0.004131274372272611, 0.7011720387005145, 4.058095512002488e-06, 0.42696920763907353, -0.407044966697228, 0.3366517093062649, 0.40478604362129955, -0.08202811818881521, 0.048631769815703704, -0.1066569484739706, 0.1512103121295294, -0.2922321745945523, 0.3030048740932627, -0.0097406877028091, -0.0004131753762167588, 0.0025208843560839272, -0.0005230051942444427, 0.029286646244000902, -0.0009956779922895226, -0.0003055772969776572, 0.0006414688684630746, 0.3
42, 2, 1, 0.2908080041447225, 0.0040905282069653645, 0.7050942218317207, 7.24581659150185e-06, 0.4244404170292553, -0.3911984619976355, 0.34469806508486805, 0.3120995700259793, -0.07468076617667944, -0.13426442233571761, -0.09284490441481294, 0.20285058459243702, -0.20415716786420454, 0.16006883364174881, 0.1440235916926106, -0.00022509740501540265, -0.0015885204737232962, 0.0006134535384682983, 0.028474859671386632, 0.00034089439397551227, -0.00024479210460453345, -6.44813976164035e-05, 0.3
43, 2, 1, 0.2908076856817878, 0.004090533885145074, 0.7050945351530219, 7.245280045315896e-06, 0.4828459466216641, -0.529387894679651, 0.30885956231685807, 0.25036928238678674, -0.16178903745940032, 0.2082937007541017, -0.16957399540688883, 0.1868493366993244, -0.05623797088038614, 0.19571055127168366, -0.036089374310857056, -0.0006164210735322493, -0.0009136694637416644, 0.001178988447318905, 0.027656035172046615, -0.00022524876859736587, 0.0010420427734163262, 4.128461374020405e-05, 0.3
44, 2, 1, 0.2907405686598758, 0.0038890209530830456, 0.7053596786793045, 1.0731707736696179e-05, 0.40820838168389617, -0.38791522689229774, -0.06663438731577669, 0.19317248407507406, -0.01183875849406323, 0.04495660335484873, -0.1794100911214169, 0.12852384255111324, -0.35374537188275224, 0.10502634753457149, 0.22778456074113845, 2.843600340199684e-06, 0.00050922313834438, 0.00028597398719273296, 0.031469431586045114, 0.0019592076317119433, -0.0011909357127598472, 0.0011477460845592826, 0.3
45, 2, 1, 0.2907215892716878, 0.0038227622491146113, 0.7054447414032086, 1.0907075989064439e-05, 0.32503880749361275, -0.32939916283539444, 0.3403242456235648, 0.3396723515232267, -0.05428199522964807, -0.015168478576358257, -0.04221108814164357, 0.2017181942910405, -0.08981824402966647, 0.20668953777024987, 0.06478997635694561, -0.0006068403756508621, 0.0002180089767948814, -0.00042903925582612833, 0.03179184994294347, -0.00035078625629878803, 0.00038616146603046725, 0.0006273228603506494, 0.3
46, 2, 1, 0.28843343276794653, 0.003918468998180671, 0.7075413865058101, 0.00010671172806275635, 0.37562942806620103, -0.3404023214098889, 0.16649659951949142, 0.1544297492739412, -0.04285747617616463, 0.0007155847416589811, -0.19759015823838083, 0.09439031134494713, -0.164092465834279, 0.07347969578011866, 0.04436180225764811, -0.0018274671678653164, 0.0010973284720721015, -0.001417428279301688, 0.03131626880892279, -0.0007584343551427582, -0.0005046488897536825, 0.0007733283451588713, 0.3
47, 2, 1, 0.2884334662838704, 0.003917550606823102, 0.7075422723189083, 0.00010671079039821068, 0.27170835807413307, -0.2198678839127443, 0.31563495691382387, 0.3212823249573457, -0.2618214844571921, 0.12343056763014652, -0.28454227141925215, 0.15167240448492775, -0.1812254667339988, 0.14640951210688108, 0.011817119586243291, -0.0008120504831392891, -0.0012131975137942889, -0.0005153108765300838, 0.031068464285360742, 0.00043471811430720894, -0.0005503095689208805, 9.332837563699785e-05, 0.3
48, 2, 1, 0.2884206415300726, 0.003918450474947, 0.707551849229344, 0.00010905876563647018, 0.20274099180835536, -0.25912101916863334, 0.12594381931650056, 0.41938820646480013, -0.09454842235676512, 0.31904644337335175, -0.04313938393451975, 0.18286126811685408, -0.1421517176295592, 0.1469233341253707, 0.06320163235723912, 0.00010687278806254888, 0.000970805806064852, -0.0014048124910062767, 0.03023799017298153, -0.00037319125134956604, -0.0025031129767365654, -0.0011159391552863236, 0.3
49, 2, 1, 0.28854531904973985, 0.0017240882960883985, 0.7096214578284764, 0.00010913482569531552, 0.30137153792641114, -0.08555169877132407, 0.3588298805632489, 0.230604272062121, -0.12012867901235758, 0.05650220045679327, -0.13995274261882823, 0.06844559581717924, -0.0016556312084745172, 0.2725125111280896, 0.19003754903611494, 0.0011268051299645097, -0.001331135558184505, 0.0006205531797472067, 0.03344172371987406, -0.000273122951829038, 0.00025141343309920285, 0.0004618569823468169, 0.3
50, 2, 1, 0.2884282731284459, 0.0017245273825475397, 0.709738057310686, 0.00010914217832068396, 0.32974597196248495, -0.40108029625178565, 0.2806947950804682, 0.4452850100152455, -0.07289424239510603, 0.2636457580719413, -0.330058295866209, 0.24564280830402252, -0.15246364417761582, 0.04059658941777069, 0.24059152086209257, 0.0006821583017013898, -7.518380835850461e-06, -0.0006225031368044546, 0.030818900050258946, 0.0013329866338802035, -0.0007657633893375782, -0.0012411511712135666, 0.3
51, 2, 1, 0.2884283289443876, 0.001723905248766723, 0.7097386235759205, 0.00010914223092509084, 0.2313605373475882, -0.3464567916495415, 0.4078012157187711, 0.32074945824274176, -0.14134663272199352, 0.08673922463028196, -0.1878688208876511, 0.31525110282002833, -0.2980041499174632, -0.05296427788560478, 0.1546311932800836, -0.0008608814335732146, -0.0006352735093407473, -0.001427294509047009, 0.03139789178023601, -0.0009306911212092732, 0.0006901112911302786, -0.0007962251209440603, 0.3
52, 2, 1, 0.2836588070647155, 0.0017250124931442895, 0.7145070379924181, 0.00010914244972210151, 0.18078250158691375, -0.2812194564289728, 0.5261208547500068, 0.37187310936262563, 0.031181006612162186, 0.21821714977206003, -0.22242309009342875, 0.19917058915908875, 0.030368344677853987, 0.24143549402371461, 0.26257953009009594, -0.0011582323863336805, -0.000487271765506709, 0.0020190187160931614, 0.030042508444495485, 0.00021984941411834057, 0.0006150828916655482, 8.851858082944342e-05, 0.3
53, 2, 1, 0.28371864656623186, 0.0016247446661784386, 0.7145473561897173, 0.00010925257787236754, 0.2086905071288526, -0.4185105033434934, 0.37159009488090894, 0.2591837309175875, -0.13175371937036554, 0.18995234640826025, -0.11612668283343919, 0.191479725484644, -0.1112367412279954, 0.10894489128155735, 0.013608234762263837, -0.0009459174831178733, -0.0003243503087508719, -0.0008821304363312826, 0.030471912812673946, 0.00040080743587077273, 0.0009599937379649443, 0.0007644472426006539, 0.3
54, 2, 1, 0.28371769345980224, 0.0016247648701625858, 0.7145482872818884, 0.0001092543881467995, 0.216433153937089, -0.46079012478876413, 0.380394307472067, 0.3639072859385483, -0.16651118091815403, 0.21321548039687893, -0.11929313185259025, 0.2009434281446585, -0.11159740262041595, 0.13601728630297802, -0.04008305067914395, 0.0001761954606491353, 0.0012073707547491483, 0.0009897987078545797, 0.028394860792652753, -0.000562288484349245, 0.0005212348992329941, -0.0007346959982302857, 0.3
55, 2, 1, 0.24298087188404055, 0.002024061254074009, 0.7548850042394505, 0.00011006262243499446, 0.3680375232591241, -0.35247038239360845, 0.38281052039030017, 0.08954976171487541, -0.01904211795373606, 0.03561556130984435, -0.2939720667354725, 0.10133541386175819, 0.06107265932556551, 0.11923210103760992, 0.08043783911371774, 0.0008813536662669408, 0.0006382173468721913, -3.159186875549684e-05, 0.02848590681781647, 0.0007654043459306533, -0.000852292607471887, 0.000492052607877835, 0.3
56, 2, 1, 0.24265142721059765, 0.002009135369717863, 0.7552293616439615, 0.00011007577572301426, 0.19646839354496834, -0.25295438429290173, 0.40973409785307063, 0.2944872229307036, -0.15851667243919482, 0.0533786058485195, -0.12528161399289137, 0.24280028586143407, -0.008314178844638542, 0.23243491259867377, 0.09544765773543978, -0.0004477131754926965, 4.069901264514711e-06, -0.001458452307126849, 0.02944849505022229, -0.00028322209382717885, -0.0002584437089517259, 0.0006176966683613591, 0.3
57, 2, 1, 0.2404858803277916, 0.0008442977376610253, 0.758557877612907, 0.00011194432164034588, 0.23840797082307738, -0.1961394147345969, 0.3396243698447079, 0.2183263865126, -0.022369064674203975, -0.024351432656319495, -0.13285938861328156, 0.061489467083663374, -0.27559274827026553, 0.2029883888650083, 0.018355627087592596, 0.0005896123753630876, -0.0008263830034612389, -4.58222865753188e-05, 0.030718930769695514, 0.0027753221128859187, 0.0004126534637404795, -0.00043096326230078377, 0.3
58, 2, 1, 0.240467269490579, 0.0008459138962913896, 0.7585746690294504, 0.00011214758367908717, 0.4397019373458403, -0.1946434619711109, 0.27500090137153793, 0.26020987392747996, -0.12623425869516458, 0.2019722507985983, -0.20074756315999012, 0.08524381074031158, -0.18327668755984278, 0.08709268754030038, -0.033292656301783, 0.0006762963647142746, 0.00027664942783819436, 0.0006033059629597139, 0.02982904044620636, -2.597051991844759e-06, -0.0007031654726379741, 0.0010209373522009403, 0.3
59, 2, 1, 0.2401461581357722, 0.0008468370628608764, 0.7588948568866755, 0.00011214791469149066, 0.3392705982016907, -0.23922672070936724, 0.41648760925396316, 0.4264074980625173, -0.1396233512385054, 0.06939463318278827, -0.3640445862944958, 0.18603895073008658, -0.08280519212797635, 0.2020158693595539, 0.08745642623460217, -0.0002969877082695361, -0.0005539168901459461, 0.0007772822286021412, 0.029674244073676647, 0.0005469049108668977, -0.0011364773980619728, -0.001172433475508146, 0.3
60, 2, 1, 0.24052767277699288, 8.37018091758585e-05, 0.7591226509327392, 0.0002659744810920079, 0.15298993693288582, -0.26540873918446434, 0.2401212783448056, 0.2132198243945796, -0.10520142258274941, -0.14939211364706023, 0.02962397249887856, 0.0810224375932251, -0.07115060517024341, 0.09159936339877549, -0.0070470363795859196, 2.404105437014966e-05, -0.0005294031236975213, 0.00045558020614473163, 0.03018704766004469, 0.00010446643257091875, -0.00014503701279708765, 6.36840321592581e-05, 0.3
61, 2, 1, 0.23697670908054996, 0.00039511472939203897, 0.7623325412982844, 0.00029563489177368985, 0.29808567864919844, -0.2080369241417738, 0.26126458490000914, 0.3242842016688111, -0.10781456225466972, 0.1436922701935074, -0.20917298147524863, 0.16034263178548266, -0.11945885785981544, 0.0798408022746311, 0.011653002206187394, -0.0007673953715285479, -0.0008712872857582139, -0.0003292181097134639, 0.0290348316355779, -0.001190911946761231, 0.0014400341966097486, 0.0007496624079783924, 0.3
62, 2, 1, 0.23697049987023003, 0.0003953928028860638, 0.7623384641060706, 0.0002956432208132995, 0.3700364174258146, -0.2669874757074969, 0.44131227903173464, 0.23051676086523334, -0.09577926487834394, 0.1591734410982325, -0.047129389424217905, 0.23936432281929942, -0.061215059785105864, 0.06322593858742562, 0.03662579789436647, -0.000946241676934216, -0.00039556187394776995, -0.0013494890499220868, 0.02956787573884444, 0.002393298328522213, -0.0002175857902484668, 0.0014934336154640584, 0.3
63, 2, 1, 0.23691960438882936, 0.00017611780699974927, 0.762603219036405, 0.00030105876776593415, 0.17244154942892234, -0.38838864167853904, 0.2887502161282746, 0.13432041740468703, -0.054895061437029026, 0.001575049608081125, -0.07831516211430253, 0.1657776705118227, -0.17251257814475449, 0.0731386476809987, 0.09256943577552412, 0.0013484292149138694, 0.0011729826885836729, -0.00037804255479353667, 0.030148147144237865, 0.0015475842896348995, 0.0010800073729634436, -0.0003917370721282966, 0.3
64, 2, 1, 0.27738837876974276, 0.009694712415243712, 0.7018631285631326, 0.011053780251880984, 0.23846460990930468, -0.11511853749489653, 0.0715296856798148, 0.3135641053267686, 0.07356218307829551, 0.1240470400827663, -0.041543244985728214, 0.10064832408682838, 0.08479744864112218, 0.03173785847912567, -0.020286388909619604, 0.0006554178734639336, -0.00015913850067473455, -8.424851589954006e-05, 0.03141824515384776, -0.0005734587395885416, 0.0009134563637193845, -0.0007394655117438591, 0.3
65, 2, 1, 0.2788563447021408, 0.007738391512021236, 0.7021864849712262, 0.01121877881461188, 0.16710663639106504, -0.18578903682232678, 0.2343894391065234, 0.3363340568857803, 0.009935805473562365, 0.030821880830112735, -0.10863904155259463, -0.046447487047501346, -0.12936302037580671, -0.11979209593300674, 0.025236907147673848, 0.0013754374780723555, 0.00031612212987012123, 0.00020065357460812228, 0.029437033671997636, 0.00047020767423403605, -0.00025983152965640286, -0.0001536554475122383, 0.3
66, 2, 1, 0.27939673282720895, 0.006962606511626929, 0.7024028551119345, 0.011237805549229722, 0.2964750535703534, -0.34304132332305787, 0.2578474991837045, 0.23028027000972565, -0.2480372775135277, 0.10466400811827196, -0.04101931803403199, -0.019629988647469253, -0.20671478906361962, 0.15161218686471797, -0.061764802293520694, 4.343289097485243e-05, 0.0019505929123277105, -0.00010460040683361426, 0.03083912729356452, -0.0011266383301759947, -0.001552055306052126, 0.000701054954266769, 0.3
67, 2, 1, 0.16271495885197884, 0.0076846347924020494, 0.8183324500915475, 0.011267956264071581, 0.2813648716916271, -0.1437004528749113, 0.33863408165649583, 0.3389287233944972, -0.07480088892866743, 0.09297401939690768, -0.13306961819854787, 0.08667101193591724, -0.09844000194732593, 0.2816826949775306, 0.055824798178156367, 0.0004558997510353081, 0.0007008694241518215, 0.001055823521281891, 0.029641608607014397, 0.00024586021262128243, 0.00022583712971360864, 0.0006711524548766782, 0.3
68, 2, 1, 0.07069352150167356, 0.006327975220922031, 0.9116303487005918, 0.011348154576812581, 0.07905095393924463, -0.2720164008108412, 0.30315865235110184, 0.28249827049545023, -0.012635314704978251, 0.07935166478457789, -0.18493393866501462, 0.1747807526439217, -0.1920354151476064, 0.17304886543794176, 0.04197239911328137, 0.0013117215924196154, 0.0001888241580357628, 0.00014421612449153502, 0.02987145009444509, 0.0011705691922441618, 0.0003842176110936575, -0.0007991838723366814, 0.3
69, 2, 1, 0.07081785074606477, 0.005965821897669096, 0.9118681688922728, 0.011348158463993306, 0.14925201924795178, -0.1762854142937682, 0.31992026272186197, 0.28084266597113433, -0.12556908051849688, 0.19870142767267246, -0.013467974350062417, 0.13504108411065913, -0.2276457166142552, 0.2338741673029369, 0.1662363889353443, -0.00028446262939839714, -7.535337242073296e-05, -0.00106627778911269, 0.02946229110172958, 0.0004152547819654116, -0.0005716511691276499, 8.150869404614338e-05, 0.3
70, 2, 1, 0.07083412820400053, 0.005944351572943372, 0.911873348488668, 0.011348171734387983, 0.22453475905418893, -0.32815751162919204, 0.20961454127231427, 0.2744257547609919, -0.11644025878692048, 0.008963572368514017, 0.21589009249542954, 0.085459436631659, -0.1653884180559972, 0.28799157728341285, 0.04300117347879657, -0.00041556261394215023, -0.0002908301020125621, 0.0004930854405599954, 0.02932474528198553, 0.00037737993623238183, -0.0003542334550219721, 0.0002605795118956505, 0.3
71, 2, 1, 0.06996566655564561, 0.006008052860403013, 0.9126570302572345, 0.011369250326716842, 0.23186930096632813, 0.04277886252454697, 0.2232427418280445, 0.3411494849682847, -0.08070469390822624, 0.12373069311880378, -0.0676150788441802, 0.1022067252676728, -0.13428313185926338, 0.23126843329363175, -0.04915672544090416, -0.00048642672990000896, -0.0004316397692332271, -0.0006400374134090539, 0.03037961496501798, 0.0007717283113335155, -0.0002508909887279014, -0.0002953948290310266, 0.3
72, 2, 1, 0.06426536836191198, 0.004814210878193431, 0.9184563391529046, 0.01246408160698992, 0.12743127108999697, -0.08525280929760949, 0.20798412509306594, 0.2980411245445037, 0.03833427957667666, 0.03856707790769481, -0.06191361988000689, 0.14202081632469687, -0.1290298206670508, 0.03117999900950883, 0.09150268997506725, 0.0007625508197095846, 0.0002098277526031523, -0.00096264156236498, 0.03081701540654897, 0.00013045286314973417, 8.483650705522384e-05, -0.0009062043085991996, 0.3
73, 2, 1, 0.06426947145831154, 0.004810920840839543, 0.9184554142925404, 0.012464193408308469, 0.17959942392122977, -0.14166719743156175, 0.1354295017167415, 0.18204282682866474, -0.1630359276380809, 0.06613042371321572, -0.08485076110033123, 0.013625991395869485, -0.008350774804750983, 0.18371898324516084, -0.21458387586914163, -0.001635782391871345, 0.0009808521173958044, -0.0009961283784707211, 0.029465521375064963, -0.0005618805480107396, -0.0008640898795554961, 6.602611902706176e-05, 0.3
74, 2, 1, 0.06426941641353426, 0.004811620605417234, 0.9184546705957083, 0.012464292385340237, 0.3024577803127824, -0.10122570083102103, 0.2190505699089896, 0.30307157141685376, -0.1461862725476369, 0.263801606150205, -0.09112785984985147, 0.08614228354847543, -0.011111935894823888, 0.06770584632419696, -0.08761775573912925, -0.0003747679584278702, -0.000359758282515879, -0.0020549175839612447, 0.031155851543307262, 0.0005851894890247935, -0.00041074424703374513, 0.0016293645008021457, 0.3
75, 2, 1, 0.06471547416409185, 0.004195785620122646, 0.918610084472608, 0.012478655743177549, 0.07579314512433309, -0.17857264884183557, 0.1400899892176199, 0.28405861899355145, -0.17163479089034422, 0.08407623976063669, 0.017411876881991483, 0.14513427259782358, 0.06651346563459667, 0.23603078755470558, 0.04563001709075202, -0.0007328222769055254, -0.00025902196279960785, -0.0012636276700270781, 0.02780274984356231, 0.0009386531177516278, 0.0006414905472167704, -0.0012978656122667926, 0.3
76, 2, 1, 0.06469252474930291, 0.004197726601804914, 0.9186318376614024, 0.012477910987489783, 0.31370741694979565, -0.1619296560613137, 0.328919110739901, 0.35281402421317093, -0.06395141219002567, 0.22857328860622822, -0.1515417887259394, 0.008004712253613832, 0.025935813271878338, 0.11017167182133662, -0.02872302695578057, -0.0005563921800225334, 0.00019788961240328873, -0.0009557539204188683, 0.03114810228830846, -0.0002320871994379281, -0.0010368324029395861, 0.0005679295834302618, 0.3
77, 2, 1, 0.06590027458403272, 0.002215025872771982, 0.9189884111026034, 0.01289628844059193, -0.028476749466958752, -0.21023038565248794, 0.02689941470454511, 0.4184666294904279, -0.17953131312692236, 0.05392997268601949, -0.20546558927501696, 0.04831706385582681, -0.1198943785040055, 0.158071845804114, 0.018185834320569562, -0.00046433534403338736, -0.0019401556254495006, 0.0008104339534168064, 0.029137625033875965, 0.0005718625733502866, 2.138948827220545e-05, 1.0542974844735812e-05, 0.3
78, 2, 1, 0.06522812641359209, 0.002243294382164697, 0.9195807218994165, 0.012947857304826716, 0.2745931806092254, -0.0432574998262226, 0.09920719180352847, 0.3940350507982093, -0.03926423960541352, 0.028644797982305358, -0.1559712373831989, -0.06350366940964525, -0.05585269263421605, 0.04728444980642661, 0.11972350797742906, 0.0008546506747802746, -0.0009459498290179978, -2.7961312445425637e-05, 0.027927049822481433, 0.00012087405307813464, -0.0010176153427724115, -0.00026871345131892555, 0.3
79, 2, 1, 0.06578728052262467, 0.0023195164900655374, 0.9175012458390105, 0.014391957148299378, 0.17464252162206662, -0.005140407595976337, 0.0740563026624097, 0.3186160986379557, -0.1346131710567494, 0.04334428558044755, 0.014036458973133704, 0.15203406530320823, -0.10802562862920781, -0.05759571676388575, 0.10145256073234621, -0.0010961237184114385, -0.0009066050204821297, -0.0020581460005574615, 0.02952017988068249, 0.000863767779563354, -0.0023800597571119594, -0.00032355199175329856, 0.3
80, 2, 1, 0.06579772452919046, 0.0023020056425213154, 0.9175082261321816, 0.01439204369610659, 0.16301703889632344, -0.1853813396379699, 0.22601133370791765, 0.2657028415666518, -0.21675899453493103, 0.10834809256176163, -0.173245857857802, -0.17078112668212211, -0.020644396438944744, 0.10797984034001969, -0.09804211653904014, -8.04318899042411e-05, 0.0025082310610147693, -0.0021755096141851697, 0.030367181310970198, -0.0014479335475662178, -0.0012831770123704447, -0.0007829255916079138, 0.3
81, 2, 1, 0.007302221411363502, 0.0061023780900026315, 0.9720960219027852, 0.014499378595848506, 0.05349478490428078, -0.06907355589144258, 0.19894925508515143, 0.2424366151624827, -0.08681347943689442, 0.18505321925739204, -0.3038125656534363, 0.09779395645320323, 0.04762745141989092, 0.09578764513945498, -0.014125050817058568, 0.0004140344034718409, 0.0006732655967011564, -0.002008808500771109, 0.029239773841265852, 0.0003061190037337316, -0.000412899120248189, -0.0012687319068551252, 0.3
82, 2, 1, 0.007649155731965426, 0.004268129919762052, 0.9735006867776379, 0.01458202757063462, 0.02239472154251563, -0.20906041413633297, 0.2148981971442919, 0.26859501056179236, -0.22844307754672005, -0.03061769285330689, 0.042932001462358385, 0.059723004351013145, -0.0695126466646534, 0.18649659316729786, 0.1510819451272974, -0.0015858251907232307, 0.0016347504187217148, -0.00023875029776910883, 0.027931906109916783, -0.000760883974557145, -0.0008633073236634561, 0.0007169200778689108, 0.3
83, 2, 1, 0.01023725824504851, 0.004906312800754468, 0.9678168127193267, 0.01703961623487021, 0.09773285167791827, 0.02071031136495598, 0.06685185338992221, 0.37172832895768604, 0.0646195011579191, 0.3539025568579786, -0.15644616054201932, 0.052745389106168536, -0.040795876433211045, 0.03985301159657277, 0.2465332742826692, -0.0004488907611370582, -0.0009341457677719863, -0.0013137933113189202, 0.030992949400377758, 0.00023589352053238945, -2.7314353600718628e-05, -2.085351131069513e-05, 0.3
84, 2, 1, 0.010237227976781355, 0.00490387697929595, 0.967819197334324, 0.01703969770959872, 0.1775208824615675, -0.16021296413494246, 0.07319696202579362, 0.22659509807670855, -0.06719202983611665, 0.16705368333485357, -0.10879994245155289, 0.17838320753614154, -0.19135719762143863, 0.14721285765272402, 0.21040103776561242, -0.0009451258566571992, -6.011901468440596e-06, -0.00010458001644998191, 0.030008832538675784, 0.00016987215606985623, 0.0014873499535775843, -0.00032010259822449436, 0.3
85, 2, 1, 0.010818526060612189, 0.005025805251017847, 0.9668608209865945, 0.01729484770177543, -0.03296946373511789, -0.15654159822049749, 0.07564628948805732, 0.3659772313510371, -0.09584966958875289, 0.1450730258958494, -0.1838592336382388, 0.05377266339852146, -0.046189731562211275, -0.028588265174584772, 0.050648386523561205, -0.0013363638129903718, -0.00027787707180819263, -0.0008414997931895646, 0.030506301328408786, 0.00012379695405492823, -0.0006022369797827902, 0.000748404411074011, 0.3
86, 2, 1, 0.010801571879277544, 0.005034474084403261, 0.9668513748957722, 0.017312579140546847, 0.12990521429608243, -0.004925333093456619, -0.02800119976026245, 0.35573499424084487, -0.04907174063539268, 0.03994031808839978, -0.2395384587801436, 0.08177877795412432, -0.23919806802000756, -0.08456573892080277, 0.016598131344771637, 0.0005877844780325908, 0.0007775944881724136, 0.00042083710277012577, 0.0303924713838429, 0.0002140968743322107, 0.0009040157377131553, 0.0013464699804893747, 0.3
87, 2, 1, 0.010801444283927614, 0.005034470877829908, 0.9668514997499483, 0.01731258508829417, 0.18399045398413288, -0.14305563347531977, 0.09371095717384315, 0.22038797957976808, -0.10023566426826658, 0.15664635920317285, -0.29305620348553346, 0.1764875804116685, -0.09390971673365567, -0.05053380768956717, 0.09678741314252415, 0.00045494865273339803, -0.0007280935569438465, -0.0007301798395005013, 0.030786528397808682, -0.00020059561584067, 0.0007584805057553234, 0.0018595417243079473, 0.3
88, 2, 1, 0.011002621502070677, 0.004434195265165397, 0.9671273245291797, 0.01743585870358411, -0.039115110065326454, -0.24990842190439883, 0.06056806208255485, 0.24672246471302292, -0.2702799400581017, 0.07985124238643429, -0.11011050225115633, -0.024203879577445735, -0.13611169436252585, 0.17065539424689663, -0.04019269909676147, 0.00016633936679714333, 0.0017487117396477602, 6.635926239094833e-05, 0.030639524524715557, 0.0014183472963488824, 0.0018965919262900505, -0.0002629729340319359, 0.3
89, 2, 1, 0.011002700780520833, 0.004434216615440754, 0.9671270959721492, 0.01743598663188933, 0.007460235553597339, -0.295239487046014, -0.01343313816531293, 0.3738662550904676, -0.22506533075967655, 0.0727869523863884, 0.0015861804692616887, 0.020334880834284537, 0.006982179618376672, 0.03218251990253627, 0.27258456147603244, -0.0021405487412241445, 0.00031196799847932517, -0.0005715914160799152, 0.030051963584211878, 0.0006584129391724193, -0.0007843440504601026, -0.00013107049163134257, 0.3
90, 2, 1, 0.0058326848010836225, 0.004833819452796001, 0.9716872071742598, 0.017646288571860676, 0.17304377031176893, -0.042898568487309205, 0.02153004400526821, 0.38643233253928305, 0.003997216782187096, 0.1592906791534677, -0.17069708947675546, 0.19547367150869738, 0.04003621566837885, 0.21603791112349838, 0.10653686620951741, -0.0005455644696085319, -0.0005281397767058343, 2.336769832403215e-05, 0.029993536324493596, 0.0007554549799072588, 5.110540056331468e-06, -0.0011845046271772273, 0.3
91, 2, 1, 0.02294945809819076, 0.0023497699295686038, 0.9474228626798066, 0.02727790929243404, 0.07959271542702737, -0.060900398130625956, 0.038620579170954704, 0.45017993294393355, -0.016332738237378398, 0.06360379165903653, -0.018396024046808578, 0.0313176856854782, -0.06818628285923331, 0.05981843623290749, -0.0005836055785480194, 0.002001209517978502, 0.0009457080122737274, 0.0007904735971739669, 0.02872104162853223, 0.0015670808660837184, -0.000916725059103669, 0.00021079282516436618, 0.3
92, 2, 1, 0.023092842075273182, 0.002381522608757066, 0.9472467695417728, 0.027278865774196998, 0.04557500314758039, 0.042661188752824056, 0.20965763554169686, 0.2448967284911035, -0.0773030543330506, 0.1625030992552174, -0.08617703636040033, 0.17755078125426665, 0.12517644007307185, -0.012830485862254997, -0.23934523758940074, -0.00015229628629971783, 0.0005250797849103348, 0.0011875373717982907, 0.030375809252139084, -0.002037542267040346, -6.817579466359922e-05, -0.00035970865617044256, 0.3
93, 2, 1, 0.025241605910419768, 0.0027891912563745482, 0.9440356040738803, 0.027933598759325374, 0.05737311533143776, -0.12512235839389643, 0.06572990281403499, 0.380208781763539, -0.0403921195288827, 0.2185647528051257, -0.13183832979261148, 0.04214593232444641, 0.04686733148421176, -0.019010990575968105, 0.047846438388061234, 0.0002048734538443358, -0.0011923533800044484, 0.00019594106845966848, 0.030169478098400426, -8.132055357393673e-05, 0.00039197216869905644, -0.0024734885195450886, 0.3
94, 2, 1, 0.02652623736394398, 0.003156237189892855, 0.9417348597044468, 0.02858266574171622, 0.03299123782088601, 0.013050378315525923, 0.048091656491515616, 0.12992375978288656, -0.17027378018187708, 0.13355219750646324, -0.13101095013658193, 0.03162494812957129, -0.0451235439441677, 0.05215505703667006, -0.07908034373277595, -0.000648756138707078, 0.000728017759330946, -0.0006308390239308043, 0.02977632438241788, -0.00022641550629057543, 0.0012488157056943093, 0.0005693217363767655, 0.3
95, 2, 1, 0.03486036732561705, 0.004442120210972686, 0.9290330571860796, 0.0316644552773307, 0.07399362589710592, -0.09211620024143241, 0.09834530908796149, 0.26279027019420903, -0.028203065270691653, 0.2536209998477125, -0.030559122001919247, 0.101577213227523, 0.01695533367564124, -0.001382403479322497, 0.018228211351799372, 0.0012440043136085382, -8.547490800492522e-05, 0.0001516651714114781, 0.029906147214215167, -0.0014590000539515965, -0.0008353987607884458, -0.0005344288127812632, 0.3
96, 2, 1, 0.0549098524431833, 0.01406787349133104, 0.8973458564660968, 0.03367641759938879, -0.09929804284906547, -0.11614675788863757, 0.12063994588142801, 0.17434134417990382, -0.15195997185775825, 0.006717157296084353, -0.06625325449905387, 0.11636249238752694, 0.17758901877687389, -0.045970353370643, 0.019384118392652454, -0.0005408496257526005, 0.0001427375216476908, -0.00014072137381614734, 0.029865746326669725, -0.0002503324201515717, -0.00039915444710826223, -0.0002372019020688539, 0.3
97, 2, 1, 0.05503451711602408, 0.01424491107298061, 0.896960324037036, 0.033760247773959404, 0.036645411073790775, -0.004808806973010632, -0.09474857600285946, 0.4579071302726893, -0.09872541216842048, 0.12137303435835714, -0.2841331894719054, 0.00463330015709267, -0.09444487734317988, 0.06022122246083043, -0.07322600071915675, 0.00033069494025887074, 0.0002965969121384367, -0.0003330979388035264, 0.03024685227293646, 0.0013883471898308661, 0.0016203667158057264, -0.0016156523748558998, 0.3
98, 2, 1, 0.055639160372920396, 0.014392067149772605, 0.8960553163023238, 0.03391345617498321, 0.08892935286853346, -0.13590207991956388, 0.04612236806418021, 0.31664362890051767, -0.02546259675686704, 0.13786944165002255, -0.16928172241515468, 0.05014164835736664, 0.04291689091350487, 0.07391793891184067, -0.0024646359277556837, 0.0010955518547084236, -0.00010415230811903222, -0.000394900198356797, 0.02899790921864128, -0.0006245276365951104, -0.001713765179839555, 0.0003855186603135271, 0.3
99, 2, 1, 0.055797344855964146, 0.014194668216698871, 0.8960692103568113, 0.03393877657052578, 0.2712046218758583, 0.0005082874673683679, 0.14032555655060958, 0.25935683733301895, -0.141289322277935, 0.24405458410636754, -0.04484592849111128, -0.07833832530412269, -0.23668743373963386, 0.015643427893587115, -0.07489080382739909, 0.0010039225201339693, 0.0010512613214333608, -0.0006946951954353326, 0.028908250044944732, -0.0022619516200681126, -0.0008638057792902746, 6.353389660311321e-05, 0.3
