t, Event, Policy, P(still), P(random), P(reach), P(transport), o(t), s_a 
0, 2, 0, 0.9747062921524048, 0.024237558245658875, 0.0010490345302969217, 7.0807600422995165e-06, 0.47084869159111475, 0.5183570472444974, 0.5760454312870638, 0.8114635498861311, -0.18672462211563998, -0.07651592638822471, -0.033969144292335676, 0.26384083144602966, 0.0395982608080153, 0.31710133493867754, 0.01667566405929577, 0.0833336406777302, 0.19697766853119325, -0.22808405545272703, 0.09735580287646803, 0.054454145289173236, 0.1762711334254773, 0.12888489665851197, 1.0
1, 2, 0, 0.8423493011990747, 0.05284194844661317, 0.10480872535452801, 2.4999784074441513e-08, 0.5683387445945243, 0.5698003836597698, 0.6383303512090712, 1.000116984645946, -0.10986999871533924, -0.11148137096544412, -0.12451531206416191, 0.13472673137609967, 0.19893510812851148, 0.26427401211929075, -0.10347218925097446, -0.11538493695088514, 0.15022639596651863, 0.07602390824154741, 0.182356754467189, 0.13091469874052358, 0.1683262059108575, 0.037398207461634775, 1.0
2, 2, 0, 0.8421562748563121, 0.05297334029493508, 0.10487038484820017, 5.527672289895287e-13, 0.5646486905962559, 0.5647351961375462, 0.6329707442204826, 1.0004595846199418, -0.11124419651984821, -0.11190587378018894, -0.12568764660587856, 0.35927781897798794, 0.23049619213899253, 0.21318430612911468, -0.09775947310565836, -0.00874595399297291, 0.09563453209697723, -0.1358579075003246, -0.08548976735540528, 0.08983868777856399, 0.04310543249016486, 0.030101237996586205, 1.0
3, 2, 0, 0.8421562546999516, 0.052973358351388944, 0.10487038694865934, 1.5581273769272557e-17, 0.5572534189481159, 0.5578790942797835, 0.6245543107550331, 1.000231100305509, -0.10969110896638527, -0.11172769675489405, -0.1243720780678674, 0.1867029064503797, 0.31890324258893, 0.4759361222758652, 0.028108219620540897, 0.15751813664199638, 0.07180489287146113, -0.1493222212623763, 0.1710381835860787, -0.18713449597976298, -0.04756307216789139, -0.0893700000036444, 1.0
4, 2, 0, 0.8421562184155725, 0.05297338718586998, 0.10487039439855617, 1.2797170992813871e-15, 0.554286471628994, 0.5502988719082642, 0.6187629419624732, 1.0000827182657237, -0.10879957982453277, -0.11211143809876252, -0.12413279722181085, 0.07646376658259527, 0.3489780419786997, 0.3654159724688565, -0.029739653039170533, -0.12409219708133427, 0.08882812056689818, 0.06483251609342644, 0.039933805135258384, 0.27251500877163637, -0.09321553496816201, -0.08576027791702438, 1.0
5, 2, 0, 0.8421444167604426, 0.052984375706706936, 0.10487120753206351, 7.867522053975218e-13, 0.543778864958033, 0.5448012137459175, 0.6120765618153681, 0.9988343075359547, -0.11218536699932365, -0.10793503854025402, -0.12302820902781539, 0.33536996585664636, 0.21218524381302709, 0.23154438192445798, 0.2296586198183072, -0.033589992552894285, -0.19270512791768127, 0.010198371586873459, 0.06933254073064292, -0.1293892566038013, -0.0422694515729566, 0.14486449572894528, 1.0
6, 2, 0, 0.836806335333448, 0.05766417971231218, 0.10552948493762718, 1.6612727583749655e-11, 0.5400141194813359, 0.5407765673404971, 0.6062308512964598, 1.0001492957283202, -0.11018537857500368, -0.11230523536568585, -0.12437881570668234, 0.2609186666326913, 0.3482704006582683, 0.23647237739665825, 0.02694520358226804, -0.1053994711730684, 0.16743651368148432, -0.04138726463430701, -0.12872489772196655, 0.005459631713015523, -0.014779282942902072, -0.01820918940937663, 1.0
7, 2, 0, 0.8329701251628602, 0.06078395458931789, 0.10624591990533985, 3.424821364282194e-10, 0.5349598001307774, 0.5371737469982543, 0.5997291949201857, 0.9970927722062146, -0.11001379893000092, -0.11035830612684543, -0.12348371909101233, 0.1219769704423593, 0.28210101750599526, 0.2777335374022461, 0.03429053833413915, 0.14180852611148947, -0.012376942654698908, 0.052147233941747716, 0.3209327983139114, 0.09385514593751068, -0.023563875760903397, -0.006998635224982024, 1.0
8, 2, 0, 0.8329700472373094, 0.060784016696858095, 0.10624593606583256, 1.828500158699826e-19, 0.5311215748502539, 0.5306684173111704, 0.5944709617678284, 1.0020465249920476, -0.11188499946550165, -0.10992641700958272, -0.12407544579652263, 0.4981936994822201, 0.4952215008547327, 0.4469107346486048, 0.17080705066983037, -0.018071415595138262, 0.003764003242444565, -0.06372819630241774, 0.2133956266994983, -0.10449584282769749, -0.01141337078789621, -0.05700807040200986, 1.0
9, 2, 0, 0.6566840315223801, 0.20264834011258595, 0.14066762235765295, 6.0073810232854555e-09, 0.5263933617678327, 0.524103481456905, 0.5878794613497946, 0.9984823024088302, -0.11087579694014763, -0.1116485478807165, -0.12555525213289465, 0.18209223664437785, 0.2770827607892983, 0.2009994298348064, -0.033279548824252055, 0.06397593065919085, 0.15184424846701142, 0.07998349357701443, 0.24689667630367967, 0.0909745899682648, 0.05899849071624423, -0.12792584308225474, 1.0
10, 2, 0, 0.6555938779608266, 0.20362580920128176, 0.14078031283401096, 3.880768810120176e-12, 0.519043407714022, 0.5178634512263316, 0.5810428915848521, 1.0030137443254836, -0.10928154268449737, -0.11149554773161072, -0.12453210715662037, 0.44528126067402385, 0.05726264289867648, 0.27637651598137203, 0.02983544492748268, -0.1270297330657541, 0.11173090120078819, 0.06929944069213055, -0.024762276800871195, 0.14031659093499044, -0.011581520313386674, -0.22597815201926147, 1.0
11, 2, 0, 0.6546167862086584, 0.20433130110637188, 0.14105191268343178, 1.5380146710666939e-12, 0.5152108225847936, 0.5135863474362059, 0.5746278511288266, 0.9994351107387635, -0.10909933347335317, -0.11276398871653834, -0.12381745173534461, 0.377892528625621, 0.32467800758062715, 0.33825594143908777, 0.04571854000297519, -0.021504002335857548, -0.010036349178766191, 0.07369896326644007, 0.12672377100656532, -0.07869930577294063, 0.11400965213162768, -0.15176489243840527, 1.0
12, 2, 0, 0.6545578265299823, 0.20438456937712227, 0.14105760409263218, 2.633720918001664e-13, 0.5079153092936785, 0.5049659934472753, 0.5695189976397198, 1.000657166933359, -0.11185190703559338, -0.11130392819793686, -0.12504174195961082, 0.12840887793169806, 0.38892188073932216, 0.2728870381754393, 0.027755333426121666, 0.01590404299995368, -0.050513070657320004, -0.15041714964647687, -0.0839730523503857, -0.027219775716340634, 0.053346646980480694, -0.01734577510572443, 1.0
13, 2, 0, 0.6545361539840477, 0.20439158512282227, 0.14107226088847882, 4.651148292044992e-12, 0.5027496288215766, 0.5014917140699815, 0.5642761789454127, 0.9999762356064877, -0.11047129084167209, -0.1108022110174317, -0.12318338106573026, 0.05915330544978381, 0.28255527850874107, 0.4347847806416921, -0.07513411793446952, -0.04949927044656854, 0.11424524994889607, 0.13029669253453474, 0.3086174110117785, 0.17758832955602447, 0.07577598690232226, -0.07748198779583712, 1.0
14, 2, 0, 0.654403296059986, 0.20450634040722887, 0.14109036196796415, 1.5648210491215291e-09, 0.4978039206129524, 0.4975438852269042, 0.5573732641472979, 1.0004298881671527, -0.1121003491910931, -0.11144235773712496, -0.12367605086689337, 0.07847103782487133, 0.097691799729554, 0.2552215847533975, 0.05742587609111112, 0.02390821697702416, 0.15500061981102514, 0.03130627125516265, 0.04447006732158844, -0.08990908647355114, -0.025752502624280776, 0.09580272009089351, 1.0
15, 2, 0, 0.6081446113533044, 0.24078998525747403, 0.15106536867035478, 3.471886671433217e-08, 0.491547164870625, 0.49085954144183785, 0.550723911227372, 0.9995510841668575, -0.11118284761605737, -0.10895443725197873, -0.12296726667791247, 0.1368768020495372, 0.1718070450373259, 0.27451038307462927, -0.04317512946089256, 0.016221806071883255, -0.03828059296153438, 0.016181071125725928, 0.05341253807507422, -0.06599559894249023, 0.07996412968596564, -0.06010034181561226, 1.0
16, 2, 0, 0.6078863506496944, 0.24103405455254406, 0.15107959479697985, 7.816076833475293e-13, 0.48665750114077755, 0.48563669481152444, 0.5435179722873591, 1.0003050426634963, -0.1101088866559454, -0.11067063945728947, -0.12480577023864228, 0.2709852616244256, 0.30583775854893896, 0.26845075729990425, 0.0894538135243987, 0.09669048421864443, -0.006241456236041391, -0.13725253452738753, 0.03293511422850841, 0.08810823352760822, 0.0896329810437326, -0.132655390592381, 1.0
17, 2, 0, 0.6047472332635018, 0.2440626083181046, 0.15119015743416706, 9.842266146616622e-10, 0.4811069122459048, 0.47982011110901057, 0.5382448809757762, 1.000047504746574, -0.11053337391330349, -0.10882327726901231, -0.12233584037089154, 0.3727275979536227, 0.1540025385562672, -0.0029726742630632685, 0.03709199128948609, -0.1116956318473086, -0.08926908545677018, 0.05738257161817545, 0.2414258390124127, 0.19619523788987514, -0.0640359680589705, -0.03068546096849876, 1.0
18, 2, 0, 0.6047320201783941, 0.24407720545143216, 0.15119077433698414, 3.3189620102035234e-11, 0.4760256495920654, 0.4752180003604557, 0.5303867458865074, 1.0012081487268634, -0.11091758388790396, -0.11182449045579768, -0.12560950623748368, 0.1927526946091518, 0.2424794279830514, 0.19101181852563878, -0.047031249215277446, 0.17172271430520578, 0.05944102532482444, -0.02808900532814983, -0.05436058851057304, 0.016115399364065888, -0.189484505275038, 0.01218471457158354, 1.0
19, 2, 0, 0.6047318800795165, 0.2440773045681274, 0.15119081535226195, 9.42195275629185e-14, 0.4680116501299114, 0.4681720578797979, 0.5257584159330204, 0.99899320528065, -0.11069969943285396, -0.11131981542649369, -0.12364016275239258, 0.3634171588330847, 0.34567985239801474, 0.2477079415863533, 0.03347420437820373, 0.03529562085900414, -0.1143983116348239, -0.025448048710038352, -0.07084058220629266, -0.004823335340569472, -0.02835798107661703, 0.24381481171521963, 1.0
20, 2, 0, 0.6024586223728027, 0.24624158695833714, 0.15129978920305326, 1.4658071211588777e-09, 0.46491238531893886, 0.46448924073748177, 0.5196961882186268, 0.9998254348816431, -0.1104642203177244, -0.11078855192230788, -0.12429682104079391, 0.11793918299033564, 0.24663994270350206, 0.2660663974021018, 0.03709507447966252, 0.032502636113440855, -0.05910159715521662, 0.03412871833308497, 0.02672258735907045, 0.08784702431322824, -0.0918333390483537, -0.08078347563123708, 1.0
21, 2, 0, 0.6024567934108501, 0.24624326857401435, 0.15129993801509964, 3.6042136090997167e-14, 0.4596439139667156, 0.4579910125077654, 0.5141419064224148, 1.0004280334321416, -0.11005211241179262, -0.1108622073700865, -0.12353262736795174, 0.2932012542059599, 0.3904807705835104, 0.31563462218345817, 0.24745986849045593, 0.02482612320100892, 0.06483345911036305, -0.05513317256273513, 0.05776999002657528, 0.06623319304770753, 0.019539638243972014, 0.05905693180537621, 1.0
22, 2, 0, 0.5487534665660433, 0.29485087358871237, 0.15639518469879743, 4.7514644691070424e-07, 0.4526897490994153, 0.45279768887598665, 0.5060632747174785, 0.9987586933937959, -0.1126603515671201, -0.11313339067487511, -0.1227100299447342, 0.11341400696231611, 0.13520545222062, 0.20201389016663213, 0.07397356263422694, -0.19840365007866462, -0.20036362051753728, 0.02036014192429918, 0.14979848313537475, 0.08548256746301494, 0.04659473977067005, 0.03376912300626832, 1.0
23, 2, 0, 0.5487537606245035, 0.2948510474897245, 0.1563951918856161, 1.5600874246372336e-13, 0.44718025067415307, 0.44836694681235834, 0.501733575480071, 0.9996938040233523, -0.11169752171480526, -0.11025681798174347, -0.1258293013255561, 0.42987883301099117, 0.2909509394058943, 0.20682338047186777, 0.18209166566385177, -0.017697839907307188, 0.028066952001508744, -0.11649097345595402, 0.14264285683725014, -0.1701981428493919, 0.005999021207212392, 0.13939126856639575, 1.0
24, 2, 0, 0.5479544228798867, 0.2954429786020617, 0.15660259820681643, 3.1123519288733946e-10, 0.44219969674017534, 0.4413324455676575, 0.4951980853814929, 1.0006992332823619, -0.10986841736234124, -0.1121249699971617, -0.12204769250879817, 0.4444976030217214, 0.19586371282774112, 0.3310449003655203, 0.1354579741344272, 0.012223580419712499, -0.011700047610038154, 0.09519392181600295, 0.08612893315788805, 0.036621936843671224, 0.007356998365036128, 0.05591129871696863, 1.0
25, 2, 0, 0.547960608478388, 0.29543677263317136, 0.15660261888541507, 3.025656883668634e-12, 0.4363246027951722, 0.4360547092509083, 0.4894536554797401, 1.0012417198284764, -0.11145502962038263, -0.11185370925029561, -0.12496383740477687, 0.32397661869023053, 0.18862428460657193, 0.31950870942104154, -0.08037557385172756, 0.16674804850313682, 0.11107447486013869, 0.017835190875785636, 0.0019392869624416664, -0.0428982702122378, -0.24786240293643935, -0.09584717722857548, 1.0
26, 2, 0, 0.5477777704118123, 0.29561023738688563, 0.15661199211622603, 8.507588522990481e-11, 0.4309792070133221, 0.4303650647589561, 0.48365397809401955, 1.0001493365685967, -0.11080251908011918, -0.11210386825732677, -0.12414962010053969, 0.34499503554551564, 0.18348563478040686, 0.24221260342359557, 0.09087893648189134, 0.013820056002330739, 0.02470716796596238, -0.09999384029677309, 0.13280455485760756, 0.11121431053128554, -0.022152770976241926, 0.0206290796709573, 1.0
27, 2, 0, 0.5477625592469679, 0.29562251010016816, 0.1566149305683991, 8.446490690765355e-11, 0.42415959562321515, 0.4231174776511649, 0.4770693824172295, 1.000708957208754, -0.1097365820143443, -0.10998319200492664, -0.12514993642838382, 0.11616957534717745, 0.3407660664791067, 0.3414815726700455, 0.09151364923120414, 0.08330724259752452, -0.05827421094560016, 0.03785841326659696, 0.15538982118460853, -0.10676925712896934, 0.04511790604779298, 0.10950387565671764, 1.0
28, 2, 0, 0.5281256970496293, 0.3123270235028377, 0.15954704414637852, 2.3530115454502404e-07, 0.41953959930462775, 0.41849942634218296, 0.47108650304231814, 0.9991618520637584, -0.11061078307459662, -0.11037545203779404, -0.12362238110133092, 0.2107187554465962, 0.2295650779499093, 0.20380571282891297, 0.011165729579728228, 0.05068372472004338, -0.06735299072983576, 0.1197377915361942, 0.06443582047503946, -0.07763528511829668, 0.04522553896682992, 0.0037310403541039256, 1.0
29, 2, 0, 0.5281253231153935, 0.3123275157885484, 0.15954716107938596, 1.667226939031202e-11, 0.41521028714984365, 0.4138504918443283, 0.4624881964868526, 1.0003043769623017, -0.1101113792743909, -0.11240664515995953, -0.12395151296150483, 0.22081116675814622, 0.1501606428981431, 0.3043720675437811, -0.11930633479031902, 0.024217143571315, -0.14815765717775517, -0.06829438802734177, 0.08779684791913969, 0.1557670597423895, -0.044695432184957515, 0.04651380017590978, 1.0
30, 2, 0, 0.5218401786764647, 0.3175382630798799, 0.16062154650660465, 1.173705069552804e-08, 0.4063633727355834, 0.40893090654078623, 0.4589368647550187, 1.000041398962637, -0.11055539731768942, -0.11053841596560365, -0.1266172881237309, 0.3072510464129155, 0.17458907281808209, 0.11405690987404345, -0.18681729832771482, -0.028143965219714483, 0.007351283027450193, -0.03253656810969912, 0.11450809210925887, -0.016375615219169384, 0.09634519484253234, -0.09107987672672081, 1.0
31, 2, 0, 0.521345460099819, 0.31800831233230853, 0.16064622651627514, 1.0515974607958768e-09, 0.40391609541735357, 0.40299000076098557, 0.4539182968919948, 0.9997200342431629, -0.10910532120592431, -0.1115628581206128, -0.1234941321567277, 0.2329184019526167, 0.2777625316661587, 0.17077864597395226, 0.25468219302613343, -0.16148734651202307, -0.13823942337358905, 0.10395487638545411, 0.013945479062907407, -0.029154386634603607, 0.09270947476385032, 0.005591091689432224, 1.0
32, 2, 0, 0.521308939559122, 0.31804192398485504, 0.16064913169997733, 4.7560454832519486e-09, 0.39701094404513054, 0.39481820293636916, 0.4459149745005627, 0.9990818096652431, -0.11244676311718424, -0.11077892459479213, -0.1251636384548395, 0.31749584180789825, 0.08163258933476666, 0.18229203544698014, 0.10888924580818807, 0.11509683959831774, 0.06844972547034472, 0.2806863600987731, 0.20985447347274927, 0.013966810875529121, -0.15271623374158214, 0.01087512087609818, 1.0
33, 2, 0, 0.5198723630367468, 0.31944683540587726, 0.16068079597415752, 5.58321841352617e-09, 0.39295741968047915, 0.3901290172972622, 0.4394169803314636, 1.0030279807536135, -0.10859631079869332, -0.11014163628896398, -0.1240331408935671, 0.22552859662215266, 0.12467178995680235, 0.17574974441479302, 0.05910345005762121, -0.02341207989069063, 0.032058519318392806, -0.11978308228409237, 0.1810485504614093, 0.10635061156572896, -0.010089209302868383, -0.026984427657727638, 1.0
34, 2, 0, 0.5166369990991677, 0.32265277661106817, 0.16071016292833606, 6.136142810007142e-08, 0.38622541567237395, 0.38616695448820054, 0.4319070837185012, 0.9996674877323063, -0.11152897355626774, -0.11109760037833578, -0.12232105742801899, 0.08680293403607682, 0.18329184749788008, 0.15423561610138403, 0.1810350316944287, 0.011561969510037132, -0.06099186812460048, 0.03163742377081748, 0.004528501295993315, -0.16151174735128201, -0.022879387849744737, -0.03777496671567419, 1.0
35, 2, 0, 0.5163994748766687, 0.3228257908923015, 0.16077472642522994, 7.805799865435776e-09, 0.37963871663346843, 0.38137410427329926, 0.4261873060849636, 0.9985792213725235, -0.11220965949993622, -0.1101222232240207, -0.12487986856902193, 0.20016874194961343, 0.17116593978669362, 0.23740030564022058, -0.19970546089343327, -0.1287508641986706, 0.012178873367297392, 0.09142850776075688, 0.027598795685185452, 0.14209077585129476, 0.02642832538623483, -0.10551510951869385, 1.0
36, 2, 0, 0.5163948212422586, 0.32282967234503995, 0.1607755063728379, 3.986359020063232e-11, 0.3752418463915835, 0.37588592332137294, 0.4185787391206591, 1.0006838978944024, -0.11239508758623762, -0.11122438327116042, -0.12395345345722619, 0.2823508369256753, 0.14820780466555933, 0.35768952758426387, -0.010482631309317123, 0.09415299271242179, 0.16157114891002716, -0.08311683405270115, 0.016843097344335433, -0.0890556990016099, 0.08907927029765116, -0.01735732217333575, 1.0
37, 2, 0, 0.5163946873674545, 0.3228298049314952, 0.16077550770047755, 5.726018405105717e-13, 0.36919333730109993, 0.369055185270528, 0.41520454958776193, 0.9997209071165409, -0.11248687847939258, -0.10951535257201639, -0.12543866287153557, 0.07932799485267887, 0.2904964655589731, 0.29007697986741093, 0.3349228736803974, -0.16557409561804928, -0.17422119097666242, -0.015759491110057332, 0.07990784959402257, -0.18186332673847247, 0.006993314870724128, 0.01100104271478947, 1.0
38, 2, 0, 0.5161152936574318, 0.32310148577892656, 0.16078321607327814, 4.490363545620173e-09, 0.36294636600483043, 0.36341294267190194, 0.4070522143866578, 0.9993127428467352, -0.11009918614063419, -0.1077663447805963, -0.1237954751501805, 0.1402139338693338, 0.239970070550977, 0.22925035507174768, 0.1671115592883766, 0.12151815786460321, -0.037420447868082324, 0.05274619191890223, -0.07338309743063468, 0.2463442668774909, 0.049085515530954624, -0.09932697932146672, 1.0
39, 2, 0, 0.5157446139060583, 0.32341607000810685, 0.1608390569091056, 2.5917672927232365e-07, 0.3584358786218661, 0.35707563717740476, 0.401081373930554, 0.9994026505923772, -0.1095304536327513, -0.10962131063514755, -0.12393585691165551, 0.2194165109148468, 0.11619825976630371, 0.16764097621661628, -0.057090768466294906, -0.028622725145409894, 0.09562300519187016, 0.20949512282124153, 0.2716659658529474, -0.0660539814608505, -0.04154412564146527, 0.023463926083463742, 1.0
40, 2, 0, 0.5157454522157371, 0.3234152307818172, 0.1608390583467845, 2.586556613265266e-07, 0.3530012909505419, 0.3525196518540233, 0.39510955605648157, 1.0016934330806953, -0.11121051738368519, -0.11037678226655685, -0.12375074111178533, 0.11396911378968304, 0.09547728993048551, 0.32050068849425234, -0.14949333750284502, 0.10907315414936654, 0.083152233877023, 0.045890458988619126, 0.23221367912619045, 0.06402139272281712, -0.26799322791255664, 0.014343563164122936, 1.0
41, 2, 0, 0.515817313568135, 0.323342917369951, 0.16083976647316126, 2.5887528296610708e-09, 0.3454950982685717, 0.3486074731648841, 0.38999148257287886, 1.0000157736039716, -0.11105490858960707, -0.1118990803161253, -0.1240310386201734, 0.06299847626193092, 0.13255779838967435, 0.35672997256335554, 0.019138304749924503, -0.08107618715613954, -0.16539033725289282, -0.050039051982911475, 0.21024180802751208, -0.09385995853143649, -0.0592558456386685, 0.04945392967378019, 1.0
42, 2, 0, 0.5142531939391778, 0.3247855369124346, 0.16096119168147385, 7.746691377064074e-08, 0.3425164385117752, 0.3412262881009752, 0.38149528437952207, 1.0003500042926219, -0.10986316724568926, -0.10839199750330633, -0.12330992600216958, 0.08532819328540492, 0.3059207674327501, 0.24103037339539551, 0.06637459509803519, 0.11204866265392308, -0.22129540748164495, 0.05117696045628495, 0.16082319524131528, -0.012643076103247683, 0.04779389353090589, 0.043772074642672666, 1.0
43, 2, 0, 0.514251040229505, 0.32478763127165056, 0.16096132804142424, 4.57420173586639e-10, 0.3353041736018793, 0.3350292539403203, 0.3752729125229697, 1.0002411289525694, -0.10936182916810007, -0.11124066477846799, -0.1225774814241122, 0.35314921946079564, -0.03400454208594865, 0.23114411045609967, 0.2709775389088265, -0.22107581501941573, -0.04174208163822252, -0.00786527889955672, 0.06345866995029481, -0.03865412528151814, 0.0029827298177415714, 0.01541252054065114, 1.0
44, 2, 0, 0.5142507857783714, 0.324787815720601, 0.16096139847015517, 3.0872533642083674e-11, 0.3306624192117384, 0.3298381159817646, 0.3711400938735828, 0.9997309385752569, -0.11048480541971661, -0.10971319835050855, -0.12637024188478233, 0.14042686383921205, 0.08512687647097142, 0.5236213437406958, -0.1077026735809254, -0.07646458095504191, 0.029475236659852022, -0.025943510587611508, -0.011964990892004469, 0.053290489594612, 0.010422061155278084, -0.12122821438398565, 1.0
45, 2, 0, 0.5141370346034835, 0.3248969228709443, 0.16096603365178752, 8.873784800642527e-09, 0.3248813231855514, 0.32501815043081395, 0.3643459062133908, 0.9993846867229881, -0.10963630594177096, -0.10872987316680076, -0.12324917555019883, 0.18990622156758705, 0.0959049521442327, 0.2348370256810332, -0.04898024110157903, 0.04087670682588819, -0.048876363900729025, -0.11217309821920012, 0.11495445915188766, 0.03360005207796538, -0.020676806258593746, -0.005758918720837817, 1.0
46, 2, 0, 0.5122315365040635, 0.32678661060589786, 0.1609818275971169, 2.5292921910945618e-08, 0.31750166769435284, 0.3207270339175704, 0.3577862549924308, 0.9985456999402805, -0.11319414999558752, -0.11125978317323544, -0.12364170443628156, 0.11571215022909372, 0.2777229619779347, 0.05030994237355624, 0.01595899903913512, 0.04300138000804095, -0.1070420266668968, -0.08817892862462222, 0.23202777722411186, 0.01194848972663676, -0.04370865057799998, -0.0070773922180812476, 1.0
47, 2, 0, 0.5147267359428471, 0.3242906062192815, 0.1609825917583596, 6.607951178604845e-08, 0.3154079496982935, 0.31423969878638824, 0.3527672313950528, 0.9986592747185409, -0.11025824173731354, -0.10987588922835063, -0.12288129287644034, 0.18017106698222823, -0.0453778142278207, 0.17036949263169052, 0.08390236421006463, 0.03459344209490084, 0.07930704012705583, -0.11236533734877918, -0.05543714686904668, -0.11598696978483403, -0.10153014204180966, 0.037528946855911426, 1.0
48, 2, 0, 0.5146423397425658, 0.32436796292947384, 0.16098945908265538, 2.382453050200445e-07, 0.3076637331793191, 0.30893233502884243, 0.3447490809542578, 0.9984035539185487, -0.10943174998626996, -0.110938251330328, -0.12381532996256625, 0.06818450163053942, 0.21537698813372314, 0.0814506672787508, -0.0430989223894238, 0.04802204971485306, 0.1788309617425821, -0.011773579429685913, -0.06061696309029696, -0.02983550619665711, 0.05602886086232278, 0.18788144919016064, 1.0
49, 2, 0, 0.5146834891903296, 0.32432582782349806, 0.16099064913729566, 3.3848876684903523e-08, 0.3035886159897081, 0.30238421921956526, 0.33790402235883266, 0.9983560194507917, -0.10993696700522174, -0.11117723430687192, -0.12530449751319528, 0.2305056958374549, 0.19417810819290032, 0.19847589318590705, 0.056009202802814184, -0.06287381810119609, -0.060534808347545155, -0.03206726014422137, 0.18151489449066474, 0.036299776812809395, -0.06473155528180143, 0.10051715124472124, 1.0
50, 2, 0, 0.5119807954459998, 0.326903805222308, 0.16111531303413973, 8.629755251510364e-08, 0.2986861374070882, 0.2976661464507, 0.3333187028523931, 0.9995155748111273, -0.11206082810227184, -0.10952323624510814, -0.12322827233389821, 0.07631271110994386, 0.34500661868304805, 0.2129158037047721, 0.0021312669426988952, -0.09134351007295585, 0.08174879559978368, -0.0003337936109321598, -0.020094155333956844, -0.09745820403721164, 0.07242024083908097, -0.02736610761905419, 1.0
51, 2, 0, 0.5119935242687516, 0.32689090892138234, 0.1611155523350511, 1.447481501072487e-08, 0.29197060757884935, 0.29164013177870607, 0.3269394523184354, 0.9999887591433098, -0.11048400977141185, -0.11074464829243935, -0.12515147755389008, 0.1786745681217558, 0.1602254672300421, 0.23852829714747012, -0.1350162212418061, -0.17486353792200213, -0.090697832038334, -0.19867022121021674, 0.1592314203079964, -0.09679661505435541, 0.0651235837287433, 0.007301826573516366, 1.0
52, 2, 0, 0.5075254729524504, 0.331314791029873, 0.1611594571888063, 2.7882887021718517e-07, 0.2850196919579654, 0.28672996970390285, 0.32171455996616527, 1.0001701326449437, -0.11051916469522274, -0.11230033959179672, -0.12359711806171876, 0.036176080723995405, 0.2514636741912362, 0.04350948677372686, 0.0139809510067456, -0.03306303118185588, -0.05470867589787089, -0.014894315086802645, 0.06936942924064296, 0.12157713658692412, -0.008828132059386411, -0.055708199475208775, 1.0
53, 2, 0, 0.5070744686007788, 0.33162534594007564, 0.16129913284536018, 1.0526137855673205e-06, 0.28145647409132896, 0.2809122204612073, 0.3124464358134831, 0.9993097513536442, -0.11095678040735295, -0.10969021230611158, -0.1232019551854396, 0.18466109108473025, 0.150498285933026, 0.21870232597912934, -0.11536294479126954, 0.03401837809736732, 0.2051443809867069, 0.16454445815485014, 0.1436858135357821, 0.018594627628016308, 0.10746729920640381, -0.018996903081353718, 1.0
54, 2, 0, 0.5068883589351226, 0.3318072068666624, 0.1613044237723293, 1.0425885621973593e-08, 0.2752715031739271, 0.27681447531885717, 0.3090826742292732, 0.9991818177363632, -0.11004379073630895, -0.1103147555945081, -0.12463323989970165, 0.16968021472583164, 0.33157235416238734, 0.0986477720144226, 0.0161334051007027, -0.007181278550023479, -0.18252849159491946, -0.01812266208747827, 0.07190888911955286, -0.029264065105732467, 0.05291412699176852, 0.044510631608336966, 1.0
55, 2, 0, 0.5068187767503938, 0.331874463856826, 0.16130660880278858, 1.5058999168408056e-07, 0.27100790968854593, 0.26912052786122215, 0.29885524953122583, 1.0026151171113795, -0.11140404519632197, -0.11183269796329223, -0.12584650238673983, 0.17720769890835084, 0.1765063951020528, 0.14173940423914455, 0.1466909778839427, -0.006515071252776355, 0.044310348125102934, 0.16647296199581524, 0.05450272595958412, 0.0018940600043634397, -0.027556471922123855, 0.07956601633375748, 1.0
56, 2, 0, 0.5070245738205863, 0.33166786723866276, 0.16130745547186637, 1.0346888458532652e-07, 0.2667294750282284, 0.2641443805587617, 0.2963486775536969, 0.9991077914553065, -0.11048699216774864, -0.11102652551478517, -0.12563776265378904, 0.10075876888950026, 0.17101486622726353, 0.16683493994497994, -0.14221218393126162, 0.013235346046201944, -0.14320385421173804, -0.025069748707204926, 0.22234429331552558, -0.08815914882113476, -0.008107466294177561, 0.12453596981948908, 1.0
57, 2, 0, 0.507027619621896, 0.3316647341776159, 0.1613075759687373, 7.023175064999529e-08, 0.26028817858137415, 0.2590956078864247, 0.28798031417406406, 1.0008813308352438, -0.11014585713563955, -0.11209694944377775, -0.12470965209694347, 0.15483634320068462, 0.13615456822579114, 0.07868599564600455, 0.08705182290752701, -0.07679763177331567, 0.07570200271202167, 0.09939322171546065, 0.21194749989076986, -0.015959150279687633, -0.009154775754032089, 0.18140310498717574, 1.0
58, 2, 0, 0.3985274218393311, 0.4396848012547878, 0.16178258443285898, 5.192473022163208e-06, 0.2517166098924396, 0.25248640985185666, 0.2821610353726362, 1.000832079019348, -0.11179061168542263, -0.11009771335128027, -0.12413669659839126, -0.002593372959417084, 0.21096356697576696, 0.05666507139148467, 0.05952489061106323, 0.019313226857537905, -0.11056720273632252, 0.05304758703877212, -0.1288615942678023, 0.06956460823035954, -0.005499663547817179, -0.17005221291652123, 1.0
59, 2, 0, 0.3985222533176803, 0.43968995198143773, 0.16178261608977323, 5.1786111085849405e-06, 0.24763464649148395, 0.24687986750229732, 0.2781574149239996, 1.0007748886413192, -0.11090497045830808, -0.11130273194463573, -0.12416653722601947, 0.18005991282810854, 0.09472943133904564, 0.24418517953230942, 0.05087923549058195, -0.031174260655646456, 0.013617269153650923, -0.1808844888169328, 0.2764976232274309, 0.16712456012743487, -0.03977801128299593, -0.08753711869212295, 1.0
60, 2, 0, 0.39850298599765843, 0.43970908301500283, 0.16178275205599446, 5.178931344194138e-06, 0.24272064090513074, 0.24263127486330882, 0.2714783671191318, 1.000971203437928, -0.11105621332458777, -0.1105538718363166, -0.12345628085903652, 0.20846750575928036, 0.34071174237532426, -0.1233242981518263, 0.0268207163219105, -0.12391078067473367, -0.00012449680769306774, 0.08177342224396714, 0.1116918314105106, 0.2783676380972769, 0.10475902606975429, -0.17126375208494443, 1.0
61, 2, 0, 0.3984920695078478, 0.43971364111747907, 0.16178580416496355, 8.48520970967835e-06, 0.2365996895265527, 0.23716289295101195, 0.2641668244975635, 0.9996169894762564, -0.11115586277646254, -0.110586947555757, -0.12439758005035591, -0.035459059610356225, -0.03561121560085141, 0.17061269933553086, -0.0653068013230366, -0.04336406850473523, -0.005162682888888865, 0.19296931883677576, 0.09243238781015838, 0.024346614253767596, 0.14780871003029133, 0.1675619496057086, 1.0
62, 2, 0, 0.3984996071488789, 0.4397094001682453, 0.1617858262623358, 5.166420539958453e-06, 0.22867533598712772, 0.23105112900978955, 0.25810327651823767, 0.9991146483314164, -0.10977456467971416, -0.10876936430501324, -0.12558486695338383, 0.06321577305781821, 0.13297083219368128, 0.22940717547374895, -0.0857103897894251, -0.03176293589992553, -0.014575032771588808, 0.012475244064917294, 0.12107664221520516, 0.07507458667830166, -0.13097894678852184, 0.05991232147044643, 1.0
63, 2, 0, 0.3984106162641412, 0.43979352764007207, 0.1617887839782562, 7.072117530431931e-06, 0.22546088907202472, 0.22449691444326514, 0.2518496265739495, 1.0007009285174284, -0.1117272816864947, -0.11102287089517045, -0.12268136600971483, 0.029999718695777788, -0.053081124632472255, 0.18698608342813597, 0.17321121980585183, 0.09837610411361605, -0.13316069958639504, 0.02204274083031124, 0.082752688694023, 0.0848546264732039, 0.08075617240796235, 0.1126668978353976, 1.0
64, 2, 0, 0.39148404241876217, 0.44668039406404914, 0.1618272366555545, 8.326861634143325e-06, 0.21774628781035088, 0.21892078644124013, 0.24556260090800733, 0.9998640805567847, -0.1104375206080391, -0.11174380301625282, -0.1247822371919158, 0.12398453799660063, 0.16154599947842802, -0.05742372842159036, -0.01166752292002061, -0.012170275232622112, -0.05329711340001606, 0.10025937707395091, 0.2879009635919985, -0.05510456107732796, 0.0003334564052809838, -0.12529422799821954, 1.0
65, 2, 0, 0.3914604217519127, 0.44670343960936665, 0.1618277790175856, 8.35962113496443e-06, 0.21267816445905754, 0.214972823650259, 0.24164611175624134, 1.0006482544072905, -0.10904755157331056, -0.11195301456974902, -0.12440177664051075, 0.15153874605933598, -0.08481024496148155, 0.30049039168460534, 0.21613774958916573, -0.04695020896307204, 0.004529419840755033, 0.0321380793867671, 0.34564946798383483, 0.14372570851689262, 0.06134990497876229, -0.06382951283305924, 1.0
66, 2, 0, 0.3854244472256025, 0.45269365124594685, 0.1618674669162216, 1.4434612229077797e-05, 0.20835690993130213, 0.2078322948317705, 0.2353218205317685, 0.9996104330102513, -0.11102423817388811, -0.11262587255995497, -0.12569443136363653, 0.05044430417578445, 0.08467314555766732, 0.02751943539978142, 0.07861521538631128, -0.058640331112682964, 0.02875409547059235, -0.05259833196272523, 0.14498021404362832, -0.06966299551713973, 0.075077639242069, -0.006633329283140026, 1.0
67, 2, 0, 0.3843651717673485, 0.4537512316642767, 0.16187518863107825, 8.40793729633798e-06, 0.20372461979724538, 0.2010988068196305, 0.22874362461270503, 0.9986847782345463, -0.11073509501608095, -0.11142181916120333, -0.12426980252099387, -0.0013188377585634735, 0.2919811819546406, 0.18302211384334416, 0.023690847510938466, -0.09042438445946817, 0.0035631056951390865, -0.05904806201965842, 0.12147231941117043, 0.001687602265433716, -0.001959612903933901, -0.08927231058908715, 1.0
68, 2, 0, 0.34533853677772147, 0.4919924352799762, 0.16255686430977756, 0.00011216363252489005, 0.19749115028779654, 0.19773362803630007, 0.22137839917111965, 0.9989163833137171, -0.11038275434841434, -0.11183738256182976, -0.12387852049762064, -0.17244834568261772, 0.05117791378179826, 0.08817057565366374, -0.008077398461834044, 0.010206789739796055, 0.055331871173292524, -0.024923300490869597, 0.013035402699372945, -0.019047555171397924, 0.07221330907528709, -0.018615425886153225, 1.0
69, 2, 0, 0.3445947055171271, 0.49277156194664207, 0.16257368703482672, 6.004550140404114e-05, 0.19291188307167956, 0.19335226051552454, 0.21625367737277923, 1.0002108094921693, -0.11057282754782913, -0.1104066402839244, -0.1235910711276742, 0.12124355269744287, 0.2523470665224351, 0.15623835658257496, 0.03306404285490151, -0.17619085047491204, 0.045832846772270334, 0.0014887519844375527, 0.26425098049043416, -0.038742248980989775, 0.15062693674892882, -0.09185996499797768, 1.0
70, 2, 0, 0.3436394930936214, 0.4937130535370202, 0.1625843874316802, 6.306593767816026e-05, 0.18509206301047604, 0.18575386257924728, 0.2090436290127872, 0.99857796813567, -0.11080025544269663, -0.11045795635339853, -0.1247349807696049, 0.11223876008166996, 0.0814341684994778, -0.03864033068116712, -0.042495198509999485, 0.01643276083138384, 0.0074417812265170176, -0.023749659325060332, 0.11159246126465641, -0.002763283850115078, -0.0033806198748710992, 0.0026363661180199764, 1.0
71, 2, 0, 0.3437189039900834, 0.4936337236623916, 0.1625844324897414, 6.293985778359661e-05, 0.18067331791297675, 0.18213541438911826, 0.20236456219974017, 1.0008603843525545, -0.1108954328754038, -0.1104195881286559, -0.12391925582381436, 0.0668806948605453, 0.23460614315477551, 0.021371389957389787, -0.035051168363223785, -0.0012908735931502963, -0.010712043821691903, 0.04377888901320985, 0.3046185381093786, -0.016076965907181686, -0.0927390194811518, 0.15151438116886123, 1.0
72, 2, 0, 0.3431236207563312, 0.4942264149151072, 0.16258686785235915, 6.309647620247529e-05, 0.17634129786778768, 0.17632281322748938, 0.19511894098492377, 1.0000135573029967, -0.1104593006003403, -0.11142141121409214, -0.1249120557816534, 0.21177583878051096, 0.17154933619201249, 0.14579882054095636, -0.03135168733429173, 0.05518407213177251, 0.025489439914759476, 0.10850708002607926, 0.13033012857375048, -0.09550649539110127, -0.09675920723441346, -0.20485365432840164, 1.0
73, 2, 0, 0.34313237208623454, 0.49422766198078677, 0.16258703282993084, 5.293310304791458e-05, 0.17055423288764485, 0.16877370371648456, 0.1908067521203324, 1.001994866153442, -0.1102925799465843, -0.11140299782647563, -0.12268981213515069, 0.0245553914605382, 0.20355162617896277, 0.29032564742938993, -0.03146122607563136, 0.04957688705131041, -0.003783796717710764, 0.20108025375326816, 0.021185780787195317, 0.057453548585545064, -0.038157530708456684, 0.04876011747381015, 1.0
74, 2, 0, 0.3440148273596985, 0.4933450943926187, 0.16258717362042935, 5.290462725352775e-05, 0.16321113506428056, 0.16368925751450408, 0.18298744137451234, 0.9999167163497908, -0.11084494255969377, -0.11094254120818159, -0.12529497311742888, 0.16252929693776974, 0.04557946379326995, 0.15639873636737048, -0.024102740222374578, 0.02959263103360868, 0.09346311228925493, -0.11191898663557073, -0.004429513428629006, -0.04125518778608788, -0.01990964609114053, 0.0853496024337415, 1.0
75, 2, 0, 0.34116454113387207, 0.49616525003012196, 0.16261638622917543, 5.3822606830485574e-05, 0.15887046955650447, 0.15797599895331177, 0.1800770768041943, 1.001724162711585, -0.1111192621604898, -0.11035392794515068, -0.12297260307036784, 0.06000092310722246, 0.13825429488286817, 0.11133358354237592, 0.051933779419114076, 0.047313240142647525, -0.2145021742427568, 0.04589115344818202, 0.19174868071622828, -0.06763438848103523, 0.06077655671853386, -0.029906314008282232, 1.0
76, 2, 0, 0.34120799494383747, 0.4961217922456952, 0.16261653956529828, 5.3673245169087295e-05, 0.15410594898095858, 0.154967785539151, 0.17141235054054416, 1.000274003201007, -0.11053188186238308, -0.111568031549973, -0.12416343282789533, 0.09788179774077617, 0.15581674948527913, 0.0689482512666847, -0.0027210838719146577, 0.001093026649591941, -0.09623441712901933, 0.1539715238449699, -0.19681054289165198, -0.18748062960759487, 0.02681009085278136, 0.029187401675213727, 1.0
77, 2, 0, 0.3409428297519932, 0.4963866991977895, 0.16261783124813628, 5.2639802081032284e-05, 0.1478716365686945, 0.148174901705987, 0.16599229126945997, 1.0001449165760028, -0.11178210537791008, -0.10930123316526572, -0.12486453577276513, 0.007919350369660039, 0.11723040052665938, 0.12545358987108082, 0.024882251076578023, 0.005818821512394689, 0.07001836548059577, -0.1054655034782157, 0.1265441569129287, -0.004610434131624018, 0.005121876545601631, -0.04232567834507066, 1.0
78, 2, 0, 0.34081375009294823, 0.49647755610227173, 0.16263627185758692, 7.242194719316277e-05, 0.14248489769398326, 0.14096096628574653, 0.15964539869100064, 1.0009293016255785, -0.10959429394819493, -0.1111452088070168, -0.12357734376361892, -0.06749226528821946, 0.0806346364374239, 0.07443293996481423, -0.0815682181704916, -0.18948547952306488, 0.050381173906608755, 0.041977778233289305, 0.017378704830532297, -0.0797161845308586, 0.09736963377298277, 0.029663530345231066, 1.0
79, 2, 0, 0.34004334791364804, 0.49722915180720745, 0.1626419145758758, 8.55857032687721e-05, 0.13474534480732187, 0.13585498344264127, 0.1532758422085208, 0.9994861013227586, -0.10892463176973818, -0.11169482975287512, -0.12425730633345752, 0.045296889138155806, -0.009475850016787312, 0.03174843245238014, -0.020654530322517562, 0.024344222984502575, 0.10100332558851563, 0.07938959181381998, 0.13046960414721726, -0.06929797566488918, -0.044828995808084235, -0.06071858684047117, 1.0
80, 2, 0, 0.3398674413542064, 0.49738077476739406, 0.1626497438406839, 0.000102040037715551, 0.13270528999483516, 0.13106540103582923, 0.14558235937984346, 0.9995035317402149, -0.11274204349478947, -0.11017028266881404, -0.12444363447775816, 0.039194699492787546, 0.09248152917804668, 0.07706311141216723, -0.04116433959458683, 0.02191102438170805, 0.038173499037011914, 0.1638944798152479, 0.2678900570447631, -0.02032904462435313, 0.05286307152057579, 0.05414661950336771, 1.0
81, 2, 0, 0.3369970902734181, 0.5002079782289302, 0.1626792044652265, 0.00011572703242527192, 0.12366447178144886, 0.12540029975382988, 0.142301570954903, 0.99809375974333, -0.11028259288968578, -0.11257618800017485, -0.12434067408446055, 0.09642833828809563, 0.09436226485375457, 0.021518290737046912, 0.08746580830187822, -0.04770204176032712, -0.231005632425454, 0.03997188124681135, -0.14403553576667447, 0.04514190660761093, 0.14972382696628045, -0.02868572193132557, 1.0
82, 2, 0, 0.3369898146390594, 0.5002152319801162, 0.16267920817734077, 0.00011574520348368137, 0.11954865650830253, 0.12133189664117441, 0.13290405992033127, 1.0010777215886306, -0.11054943731273037, -0.1112580819687435, -0.12442416580829507, 0.05817314150186721, 0.12500662598547813, -0.09567052793892991, 0.09914868383484257, -0.05484398823608764, 0.05393625484423716, -0.011131457197779988, 0.039637982937216765, -0.015280367556231966, -0.20433263578359256, -0.05340687061780734, 1.0
83, 2, 0, 0.33595878770546156, 0.5012336972533342, 0.16268447069486608, 0.00012304434633831176, 0.1131882215292251, 0.11449786476173818, 0.12856177398917393, 1.000290262251509, -0.110399706419235, -0.11111543492509121, -0.1237117929191996, -0.12003527557507025, 0.07243280578436458, 0.19564452458434292, 0.0560631619198282, 0.042619898877039715, 0.04114980970359009, 0.10173345670877472, -0.0699583230820516, 0.1622038327211462, -0.08610855249711427, -0.1173457213011249, 1.0
84, 2, 0, 0.33598477988594183, 0.5012076970457376, 0.1626844719071338, 0.00012305116118667092, 0.10843252490594364, 0.10856481439342755, 0.12058663704162857, 1.000852675524666, -0.11118930814311054, -0.11326935626918495, -0.12368332854837691, -0.10632007498220697, 0.012471869446067823, 0.28701673125551097, 0.12423747926857102, 0.10694099715891785, 0.04196349499785135, -0.10101815836843131, 0.2624430127152884, -0.13676317163764137, -0.07257979222272862, 0.12297117060904031, 1.0
85, 2, 0, 0.33704901443968355, 0.5001393439874822, 0.1626852881512983, 0.00012635342153606105, 0.10387747484029289, 0.1017269694367909, 0.11473679974256572, 0.9974945352619808, -0.10943601040201882, -0.10947145409377076, -0.1243917793769173, 0.012103816439724479, 0.08805864629048621, -0.05322499318678507, -0.10450806075430841, -0.11486771399676673, 0.1287908057946232, 0.049510728803868614, 0.06540785488507997, -0.045845668626944946, 0.05874447191866929, 0.10649036197436527, 1.0
86, 2, 0, 0.3358411127623653, 0.5011711252290247, 0.1627419835513917, 0.000245778457218315, 0.09811510906329254, 0.09977401435582148, 0.11001176001407645, 0.9989565442602506, -0.10984941873748182, -0.10997812678581217, -0.12442336874681714, 0.04232357235802553, -0.0600832489167616, 0.07493491672798025, -0.010535784255948148, -0.09773995557984697, 0.16464278330535545, 0.11881209609486898, 0.38871916241721644, 0.078502937146934, 0.19052445867675177, -0.04031220534079398, 1.0
87, 2, 0, 0.33585323011602547, 0.5011698945653622, 0.1627420157489036, 0.00023485956970871954, 0.0915377434076651, 0.09341424506149583, 0.10264415075728336, 1.0008548791276348, -0.11105571866065708, -0.1113819591945447, -0.12498796308903745, 0.09861452101557762, -0.008442652380591636, 0.22619477517116496, 0.06856993937957191, 0.2155257122979425, -0.08284775546058097, 0.016037963227160317, 0.11436726239276504, 0.036131548277588486, -0.007061404304865133, 0.021089412988882374, 1.0
88, 2, 0, 0.3358508197373443, 0.5011723017766263, 0.1627420191588031, 0.00023485932722630483, 0.08803019978504163, 0.087091089066633, 0.09795854490946664, 0.9997923348632434, -0.10967138161024163, -0.10979212194592705, -0.12559970775675836, -0.027014242952356278, 0.04707061487226912, 0.02471269642505311, -0.07451714914812879, -0.1753620812343751, 0.10886475074679096, -0.027019797073633757, 0.18758711925297683, 0.12244349630837736, 0.07912853160816129, -0.32661582669392286, 1.0
89, 2, 0, 0.33593504226810755, 0.50108819141871, 0.16274207847169175, 0.00023468784149081792, 0.07995723738405562, 0.08136289244815699, 0.09251222468620793, 1.000023013791913, -0.10946022481059799, -0.11129522151441087, -0.12333846995676037, 0.1544325022896164, -0.026703415411158775, 0.11438131399267384, 0.1037916329888547, 0.11880219143375093, -0.06030324652030907, 0.03197191322029698, 0.045712687020590045, -0.0727800906045242, -0.013754880422832197, 0.06189049646581187, 1.0
90, 2, 0, 0.33664986532010904, 0.5003717420383113, 0.16274212879143948, 0.0002362638501403387, 0.0768034205135242, 0.07600019145836372, 0.0833310247633841, 1.001015372040467, -0.10955329413865747, -0.11035165058456267, -0.12424685483361578, 0.13128707808732828, 0.02606053953128573, 0.12430405439264725, 0.0746348301932122, -0.09446905481378545, 0.15342471758829548, -0.017171234053691885, 0.26328359137933355, -0.11022958917416617, -0.05335594828973415, 0.2012171552930478, 1.0
91, 2, 0, 0.33665427747576704, 0.5003673220840072, 0.1627421288507651, 0.00023627158946064837, 0.07083973439185626, 0.06981545046103997, 0.07921351682324504, 0.9994035383109463, -0.1102906196508651, -0.10880256433287461, -0.12452350873906907, -0.04406476057667859, 0.1421299220418014, -0.2702543742077981, -0.09557257613840942, 0.09102012284435781, 0.0040557627489287195, -0.05668729645194256, 0.1678024270461813, -0.03249176847640561, -0.29602393095020635, 0.017763026775859232, 1.0
92, 2, 0, 0.3170063305531941, 0.5199963874358772, 0.16275720992540266, 0.00024007208552604133, 0.06571312543221934, 0.06363244151621414, 0.07354104952974595, 0.998909543271156, -0.11161732804126434, -0.11011277714407282, -0.12322939468920484, 0.16157785587175516, -0.04010237803626403, 0.04565829517827209, -0.0463471187486034, -0.008225036672017636, -0.21740384983873356, -0.07312251740638678, 0.19036916803464896, -0.03418374878479233, -0.03288548250949088, -0.23875838494494084, 1.0
93, 2, 0, 0.3170061972440363, 0.5199965190766036, 0.16275721107054653, 0.00024007260881356572, 0.059433742443498104, 0.058509194304145584, 0.06491232173179443, 1.0005473094328092, -0.11104796595479234, -0.11060081297580515, -0.12148788136029862, 0.05623326913586755, -0.19248843988352654, 0.1635146918589677, -0.21357774975604626, -0.037807210749048595, 0.030265089868606702, -0.06375746026427918, 0.07228560539103887, 0.20358392171222336, -0.023225208968315543, -0.220953104822215, 1.0
94, 2, 0, 0.3170285025288131, 0.5199740536395814, 0.1627572128144893, 0.00024023101711626035, 0.05407423952723804, 0.05506032768206619, 0.06051541409705654, 0.9996253045616795, -0.10849351977662758, -0.1110077889113994, -0.12739250718976952, 0.11679539318827685, 0.024282442291260246, 0.013920895773474645, -0.027143622115599182, 0.17875575305431896, 0.0026961506251366005, 0.0981604009079749, -0.0029322810381153586, -0.079877269552759, -0.1201690754059191, 0.12883843836725883, 1.0
95, 2, 0, 0.3206534074739854, 0.5163486693719092, 0.16275735770689465, 0.00024056544721096928, 0.04746287298962669, 0.046699513793725105, 0.053504317124145696, 1.0003164426258564, -0.11095255282898162, -0.11091992813964531, -0.12500773946942595, 0.12413654623200307, 0.024843312206317393, 0.058340432618604186, -0.01782334490239784, -0.25171694567619524, -0.04964540498915793, -0.12937636673567027, 0.16144120899933884, -0.12255279258422755, 0.009519462288326447, 0.021667935098938045, 1.0
96, 2, 0, 0.3206510212220986, 0.5163504651195833, 0.16275736063816484, 0.00024115302015326556, 0.0415348383320273, 0.04344371840510157, 0.04705989301559994, 1.000470510466517, -0.11081660986625246, -0.11073363927540951, -0.12528968422432724, 0.03058148432162719, -0.04129388574359631, -0.0298773232855546, -0.040156789275943496, -0.05085758728600485, 0.050187889373962916, 0.07816690025343612, 0.3139543447082406, 0.10815689604966608, -0.21189858215861399, 0.036621563087322825, 1.0
97, 2, 0, 0.3190210952469322, 0.51791767041605, 0.16279253211386344, 0.0002687022231545521, 0.037447842579774855, 0.03627444705602283, 0.040830099547779795, 1.0012798843817596, -0.11097652971241682, -0.11185589908284724, -0.12321689297586061, 0.011802356923134251, 0.17755895541870267, -0.0028143075477025103, -0.046613180439523214, -0.0597440675973146, 0.05014457557339512, 0.09358951182801817, 0.22150716134022988, 0.03678430297861321, 0.20990559793397937, -0.06484678046560241, 1.0
98, 2, 0, 0.3189928640855647, 0.5179458750532783, 0.16279254283558472, 0.00026871802557222797, 0.0315521556980573, 0.0319169959671783, 0.03514983938709652, 1.0018624497325312, -0.10901148159271781, -0.11082246769711708, -0.125527379773314, 0.07693311108586434, 0.004702467048436784, -0.07849589589431057, 0.04537085969431025, 0.0061991036858154115, 0.07076718529568196, -0.1561648611445167, 0.05079230601856253, 0.016049905382129782, -0.06269284575868957, -0.07838236251951634, 1.0
99, 2, 0, 0.31816354253026025, 0.5187738719676624, 0.1627930576326211, 0.0002695278694562037, 0.025157443814243473, 0.025312898738450045, 0.029007063789104108, 1.0007261478456704, -0.1107107917234474, -0.11207130240170282, -0.12376112014230582, 0.03494451175090628, 0.095499340004357, -0.1875755746202537, 0.1762621637660236, -0.12674794639907924, -0.10797471167511863, -0.027662033625034083, 0.007347727344181843, 0.01889730524688867, 0.048511642578049234, -0.004478646721431149, 1.0
