t, Event, Policy, P(still), P(random), P(reach), P(transport), o(t), s_a 
0, 2, 0, 0.8416788578033447, 0.12094580382108688, 0.03737393766641617, 1.3878972140446422e-06, 0.6536858884073509, -0.5165169251026317, 0.6224219284001151, 0.4950100688719739, -0.1743272122359985, 0.08110273585804476, -0.1786028794608705, 0.312171506593155, -0.40276619913913797, 0.2303224616790926, 0.1090731327074802, 0.16701370134492796, 0.006234484676321807, -0.18425999955420735, 0.15009541595306072, 0.020397195997805245, -0.0012885447526458443, 0.16809432084286755, 0.5
1, 2, 0, 0.8416788781679482, 0.12094634662013168, 0.03737465525358195, 1.1995833817622682e-07, 0.5667939099038042, -0.5695354878979092, 0.6374488744077301, 0.5003623235629735, -0.11100756542742844, 0.11007053161803919, -0.12183729746672275, 0.08308256045152759, -0.44810824243813546, 0.33485318418886445, 0.052252058130619575, 0.02184332431947884, 0.006483149372869047, 0.1912026220429419, 0.08284589189804681, -0.05425709105238228, -0.16089941270855015, -0.02019118730751766, 0.5
2, 2, 0, 0.8416788573626883, 0.12094634809859389, 0.037374674580379706, 1.199583381790243e-07, 0.5631626963892427, -0.5636938195637844, 0.6309386491625063, 0.500098322353573, -0.11081666050464171, 0.10848160051537396, -0.1229646701673246, 0.41860244581848305, -0.20550626666244964, 0.4201558750407225, 0.21963769561007984, 0.1796017102809251, 0.06578306212596709, -0.04562394946042177, -0.020557274179280112, -0.1469046284918807, 0.016712151665278265, -0.004650352956760169, 0.5
3, 2, 0, 0.8416788648211536, 0.12094634854336177, 0.03737467783300803, 1.0880247664678985e-07, 0.5568795415441299, -0.5590702772782165, 0.6270688152437807, 0.4995701607758278, -0.11088140471204573, 0.11094459942844233, -0.12343457426946589, 0.31102492814955063, -0.43743279596970763, 0.29470943191292914, -0.14251241767775702, -0.13825724427823, 0.03056071171313205, -0.15722557655805472, -0.08769766510202884, -0.03732098658340001, -0.1176892602356753, 0.06255724211514724, 0.5
4, 2, 0, 0.8416787717035253, 0.1209463535562214, 0.037374765937776715, 1.0880247656468508e-07, 0.5532334733318155, -0.5515992395816942, 0.6193249031638828, 0.49955833052031434, -0.10993140528027609, 0.11142496824447926, -0.12574536647460205, 0.5856927463936561, -0.484342420212103, 0.2874051592300725, 0.11017146215668343, -0.05298998157810322, -0.01996312827031552, -0.009492792245845826, -0.07081360496178848, -0.06838400648126916, 0.11864610940417486, -0.15910286251212555, 0.5
5, 2, 0, 0.8207607636527829, 0.12413441161754007, 0.05510482210915112, 2.6205258588766432e-09, 0.5459777490270892, -0.5470116577710341, 0.6110778272862604, 0.4997275123103905, -0.10924230642926727, 0.11102187262452927, -0.12322544741725028, 0.1344035778211144, -0.2702006857745129, 0.31402380284350084, 0.0004788593066388902, -0.1235798916438009, -0.01022038224345081, -0.1527917065052079, 0.14710849397347397, -0.052081874696644936, -0.029603542060519173, 0.03429359532765862, 0.5
6, 2, 0, 0.8207607582723022, 0.1241344120099749, 0.055104827097197065, 2.6205258420499412e-09, 0.5405295844124105, -0.5414541364632057, 0.6071671199397461, 0.5001670833013174, -0.11016481262436692, 0.11090336224511295, -0.12435339555853828, 0.32574864479839094, -0.08237444696443333, 0.42725599513842666, -0.04245039267133354, -0.008020371868009985, -0.03280334265889209, -0.16182102550332295, 0.08188803676428927, -0.025408106111897994, -0.16510125917500715, 0.1629492787830333, 0.5
7, 2, 0, 0.8207605836283276, 0.12413448670630085, 0.05510492704484214, 2.620529329928501e-09, 0.5369085305836085, -0.535947910892946, 0.6004794382001009, 0.49934208825223303, -0.11118867944058006, 0.10955149850829767, -0.12399448311294363, 0.28494430143207794, -0.34647698465806576, 0.25448746682519274, 0.05841363315309419, 0.02160832163607982, 0.0030900716733172056, 0.0005413751809593999, 0.05906778033264346, 0.029740252844017167, -0.1567389797391205, -0.022547258289899667, 0.5
8, 2, 0, 0.7773135643158455, 0.1256671575595766, 0.09701925600116552, 2.2123412269868474e-08, 0.5313677886309118, -0.5305337106466191, 0.5935523565164875, 0.4998712264921771, -0.11051781083895477, 0.11010452158322395, -0.12541170218274483, 0.2610071391029879, -0.16847773042320796, 0.2223247006950732, -0.0010390068622219528, 0.07250599196432149, -0.06516437755324703, -0.1351509006362735, 0.07191918164445796, 0.044629343459011074, 0.2356651443324637, -0.04459689919635357, 0.5
9, 2, 0, 0.7773117856413279, 0.1256674315515248, 0.0970207725749425, 1.0232204925090702e-08, 0.5243847664213435, -0.5235860408368571, 0.589612572930944, 0.5003573683114879, -0.11078330487285389, 0.1105215379326933, -0.12543125804993538, 0.44395789493007687, -0.20354817450958076, 0.13531577523067162, 0.01678622457064908, 0.10861371640343138, -0.17142945042847793, -0.01833149498713666, -0.18194835910657223, 0.19869342464023948, 0.06685073166072979, -0.17123695979486409, 0.5
10, 2, 0, 0.7773116805939891, 0.125667460228139, 0.09702085917558491, 2.286856048282329e-12, 0.5196029206152704, -0.5190408146226559, 0.5826872116293347, 0.5001442584254773, -0.11045419083048111, 0.11174148888068273, -0.12387222768996246, 0.1620935111444956, -0.31254237247224365, 0.39768709058816676, 0.04258819477666921, -0.1921248804659272, 0.005410012795804498, -0.0862128018022231, 0.3178769651420645, 0.06656621842923637, -0.10984722745582713, 0.06835350158148149, 0.5
11, 2, 0, 0.7768472441239156, 0.1258036322911393, 0.09734911752517143, 6.05977380870605e-09, 0.5123551310922935, -0.5132069208347587, 0.57547830081149, 0.49890554890458444, -0.11060489710416692, 0.110829550806877, -0.12327727440846814, 0.196076114313543, -0.13548527478259312, 0.1546237718385464, 0.11572800366861895, 0.0800475996050266, 0.07450859323681776, 0.06697232338171652, -0.08980194433975482, 0.10606523493698157, 0.07037990538771555, -0.21228259056580923, 0.5
12, 2, 0, 0.7768472308256975, 0.12580363445101664, 0.09734912867218452, 6.051101454257494e-09, 0.5068430948320126, -0.5084131582159228, 0.5690567701869688, 0.5009006388432347, -0.10986278349851206, 0.10865594979969632, -0.12445405782666549, 0.37241833641722144, -0.24200384273322312, 0.37351601470266543, 0.18352521050881337, 0.0341479936062381, -0.1350655485613546, -0.22084566227669655, -0.015127524159850459, -0.02254362617637828, -0.07522262659085967, 0.07883038520332152, 0.5
13, 2, 0, 0.7748657521614055, 0.12605906836458644, 0.09907517204239383, 7.431614202844628e-09, 0.5024818435216034, -0.5011962942158588, 0.5641819168294686, 0.5004953942156382, -0.10962360733258396, 0.11271862510433225, -0.12301348200826343, 0.4699064603254464, -0.10753329070448858, 0.2292458522482262, 0.14733257594367227, -0.08806293878037065, 0.1363363791543298, -0.031040530405628597, 0.02707463314737187, -0.1782613285935365, 0.12769116533175937, 0.03176374358618324, 0.5
14, 2, 0, 0.7745899820210352, 0.1260962079780222, 0.09931380256226403, 7.4386787180373315e-09, 0.49988550401573095, -0.4978261983575055, 0.5559459837610103, 0.5007818967642407, -0.11229091126881927, 0.11067066267601348, -0.12449993238329041, 0.2630791065027263, -0.3505822514198766, 0.34911035887232966, 0.1192687040985756, 0.08541484746540558, 0.017298165422323555, -0.04835328852021355, -0.048497174626498524, 0.01356678492706847, 0.05336493574374225, -0.09190913708709018, 0.5
15, 2, 0, 0.7745899001318143, 0.1260962113972184, 0.0993138817209367, 6.750030741120483e-09, 0.4907645209464516, -0.49060207710290865, 0.5503132721492119, 0.4995707204457466, -0.1108521591644878, 0.11041904259934628, -0.12568929014770264, 0.07304615495622921, -0.25867021800954787, 0.31681091415593043, -0.22026779552236314, 0.08290981061242791, -0.012410914291425618, 0.008733493754126919, -0.08136320566432664, -0.11152985129996824, -0.032080280372924944, -0.16062182554436905, 0.5
16, 2, 0, 0.7745809253301555, 0.12609761015104987, 0.09932145776739539, 6.7513990902205184e-09, 0.48432779449852426, -0.4867902195509758, 0.545181955169967, 0.5015354024746599, -0.11158389430608, 0.11119233089005406, -0.12472386836392516, 0.37766114140777257, -0.35227871681275413, 0.28472405329205125, 0.10761053588877718, -0.13085386199138777, 0.05274421436564971, -0.05868808515833539, 0.006599168620006079, -0.16806961370095738, 0.08980667087140745, 0.0007759786357880193, 0.5
17, 2, 0, 0.7745693591478018, 0.12610551848118504, 0.0993251159790524, 6.391960864717909e-09, 0.480586138010121, -0.4814867807340102, 0.5395814954761893, 0.4995826225488974, -0.11002361565708516, 0.11110737670326024, -0.1231912315443748, 0.21617553579155654, -0.1028351037335831, 0.16603056393470908, 0.0687698892233245, 0.06849428879397686, 0.04680065448695352, 0.09411309200316872, 0.103357353332438, 0.07143012368628174, -0.0820829965831368, 0.25528035334396176, 0.5
18, 2, 0, 0.7745654763772326, 0.12610725802782105, 0.099327259200509, 6.394437308177139e-09, 0.47533682191462967, -0.47579929572012336, 0.5320466063158249, 0.4989582001654481, -0.1127256790266811, 0.11070351959400167, -0.12346991955781472, 0.29766902191783395, -0.41070018168165046, 0.18324519400912093, 0.06657352541561042, -0.16303298725118182, 0.07530230483372917, -0.04261857943006272, 0.1911549600542736, 0.06456932938942928, 0.017062701366714957, -0.03816323125253672, 0.5
19, 2, 0, 0.7745241182235861, 0.1261242805087187, 0.09935160105212623, 2.155689997641938e-10, 0.471298639200424, -0.468078593705928, 0.5262185499825736, 0.5002713082242286, -0.11149923232434103, 0.11040604435918644, -0.12317457422393219, 0.2199386045951947, -0.2467546139378063, 0.19299863669540077, -0.060448522286327265, -0.02065884000218101, 0.09705375884829257, 0.19920140722966304, 0.06749534867664819, 0.04962475828567657, 0.025717264754584118, 0.048238095820672795, 0.5
20, 2, 0, 0.7744531441488661, 0.12614181051048154, 0.09940504441089987, 9.297524985630016e-10, 0.4636697728349913, -0.46464641043544236, 0.5184591790736521, 0.4996051190637517, -0.1108338251546902, 0.1113661747055366, -0.12202512405242638, 0.08846744033629003, -0.38776592987240904, 0.1397475073911208, -0.02441224753421837, -0.008968142258868016, 0.1528268021106675, -0.17513142072122592, -0.039062991162775076, 0.05063102234075352, 0.11108440990840607, -0.0675149506885499, 0.5
21, 2, 0, 0.7744459758282995, 0.12614362479393387, 0.09941039857097962, 8.06787119043577e-10, 0.45835945913342435, -0.45677325300045996, 0.5149485612785543, 0.4992822400899997, -0.11282000962689631, 0.10973600708614, -0.12564011344511786, 0.18274883671948103, -0.16986200214625885, 0.3438357837709991, 0.00645229383200667, 0.04689843323176546, 0.1299127716924408, -0.0185010258976464, 0.1674464048721988, -0.032821769397722245, -0.09031522169867338, 0.055977966360459666, 0.5
22, 2, 0, 0.7744382213261246, 0.12614628337864492, 0.09941549444606734, 8.49163081674955e-10, 0.4518191280298206, -0.45133306387573213, 0.506162375044198, 0.4989453294698598, -0.10978456633246732, 0.11098203947261161, -0.12292158975843966, 0.30570694056704506, -0.2116347530646075, 0.18953975992643754, -0.10641938222290044, -0.11410841034359928, -0.03906658885633384, 0.04881243545159341, -0.020418770313672292, -0.04891340155294126, -0.08676791130297465, 0.04277062736160244, 0.5
23, 2, 0, 0.7744382031899845, 0.12614628903687772, 0.09941550692397222, 8.491656347687078e-10, 0.44589180594001576, -0.4467236193983153, 0.5027017975911019, 0.500417998158255, -0.1105393723375561, 0.10912033622926418, -0.12405987620424305, 0.11529730643925981, -0.3678181248441482, 0.410595848953316, 0.13818814083729528, -0.10308096533216811, 0.2791860699678491, -0.06490714435604737, 0.15950512399445638, 0.030508097496453713, -0.003949629563318679, 0.04887869455384295, 0.5
24, 2, 0, 0.7743572100131724, 0.12619980646129175, 0.09944297460896379, 8.91657219177388e-09, 0.4415362148828176, -0.43977501187425805, 0.49616071388347394, 0.4995395749213891, -0.11195073350336379, 0.11115546553810116, -0.12394412902712564, 0.23964337107641734, -0.28415203128331035, 0.1817637411800757, 0.18748818887429236, -0.007912256274452554, -0.10434180820770744, 0.004208117066240947, 0.012815733180889476, -0.053740316945616026, -0.0715043534522042, 0.03477153116286223, 0.5
25, 2, 0, 0.7743570390503747, 0.1261998229441635, 0.09944312965582955, 8.3496323266463e-09, 0.4364159133247306, -0.4354265010059467, 0.4889619548345968, 0.5005962325446112, -0.11062212327078846, 0.11048346505236548, -0.12425453604601508, 0.3560710609257336, -0.1897106832509768, 0.1000744380900618, -0.20593424189825155, 0.1699427392477067, 0.0529139329138571, -0.026631382736154084, 0.003737577935612296, 0.0057467462943228045, 0.06565725137946105, -0.03882235100678037, 0.5
26, 2, 1, 0.6400577985274192, 0.1736115265028948, 0.18608287541683627, 0.0002477995528498581, 0.431476079797562, -0.42966032796466463, 0.48063622616763446, 0.49947415858297833, -0.1108068468730297, 0.11074941026464513, -0.12429525384962489, 0.19037701959784162, -0.24053672314977947, 0.14515346287039016, 0.14428427064912278, 0.0920912865550606, -0.01539365466253001, 0.13278898760353133, 0.019766666548985873, 0.03704143216134865, 0.20654655485074147, -0.022611634426107797, 0.5
27, 2, 1, 0.6397975824771667, 0.17385639631295088, 0.1860982221882601, 0.0002477990216224105, 0.31737183201632657, -0.4052364484436276, 0.5477435741196836, 0.5326357351981216, -0.18214587625194711, 0.05115309210824748, -0.07867276903966584, 0.3798727982077243, -0.1686901480583229, 0.3139898519256671, -0.01712410650316225, -6.885565053042432e-05, 0.00017084212443223187, -0.0012070867085657688, 0.029418802044869685, 0.0015330611805873873, 0.0003516854643916073, 0.00040370603167796357, 0.5
28, 2, 1, 0.639821192003988, 0.1738232102792826, 0.18610769441437133, 0.0002479033023581185, 0.4385723197497257, -0.5746310918432675, 0.5205197043220771, 0.4601046358637957, -0.03309127244314593, 0.024968250874294384, -0.18560955182650613, 0.12217623938436162, -0.276777033493142, 0.0782062759547836, -0.057939755957375196, -8.030281221922946e-05, -0.0011469082417032562, -0.0006316674538625799, 0.02914508036665714, -2.3773632093774946e-05, -0.0008394488496743423, 0.0015446574726008674, 0.5
29, 2, 1, 0.621709534417615, 0.1888535628841737, 0.18908281389411835, 0.0003540888040928801, 0.3920681558148783, -0.4530977563251949, 0.4478887453195547, 0.5445973981648641, -0.052337169803800154, -0.0392402699323247, -0.07121452335987187, 0.2537220247634526, -0.22815631752762355, 0.09103601328011421, 0.01676456798821487, 0.0006641276434845554, 0.0006811375362968425, 0.001789724501305381, 0.030496802962118198, 0.0006431161977311787, -0.0006295713006861919, 0.001154282838794998, 0.5
30, 2, 1, 0.6217763186297018, 0.18878022977963688, 0.18908900469925316, 0.00035444689140815477, 0.5713624083161799, -0.4370285196648826, 0.5047767929875588, 0.21357109012900502, -0.1909626683200072, 0.1818876175153202, -0.09305532748635945, 0.15004708668002217, -0.12052967064492134, 0.03636372415590692, -0.0360638715430857, 0.00033288279112265334, -0.00025526581544542285, -0.0011204334759133, 0.0317321433394763, -8.007975494168564e-05, -7.16467680494098e-05, -0.0008219214127375788, 0.5
31, 2, 1, 0.6068579760274544, 0.2030599233246805, 0.1891518312510031, 0.0009302693968620782, 0.47136487935413757, -0.47787424970064796, 0.27694051671719555, 0.4464526417472894, 0.04473111884144219, 0.011931658513965993, -0.13550306286654568, 0.09324707719683878, -0.14759123851240394, 0.19730214263519014, 0.174875451893111, -0.0013308946635065676, -0.0002465647197127044, -0.0010515970023526615, 0.02852907094140571, 0.00019479382036259512, 5.582872717329929e-06, 0.0007804868300553717, 0.5
32, 2, 1, 0.6048978993434205, 0.20422295431274873, 0.18994101372630948, 0.0009381326175213487, 0.6103133228549443, -0.4206451972949158, 0.44975026140326974, 0.3791775272948404, -0.07101350900334587, 0.040740971566222285, -0.08831449757707992, 0.18473557651081793, -0.23991709200046385, 0.1692877178697359, -0.137642909538974, 3.516218489261748e-05, -0.0023240355240050615, 0.00015028751435586745, 0.03133962835595976, 0.001365506947486356, -0.0006492251648641926, -0.0005363125688655089, 0.5
33, 2, 1, 0.6049009147579536, 0.20421988200846908, 0.1899410708354185, 0.0009381323981586622, 0.6601170956189832, -0.40661113574977603, 0.5992990332315132, 0.5689663556222786, -0.06254763922052207, 0.23871586305698128, 0.09036095393604296, 0.1712218642982447, -0.05691152264158823, 0.2103338407027478, 0.1826810787732648, -9.2473471307862e-05, -0.001090176286165415, 0.0009518562894220527, 0.030036706687403235, 0.002538828985787439, 0.0027877959970401206, -0.0007945834414022105, 0.5
34, 2, 1, 0.6048655843787841, 0.20425448953194295, 0.18994177693720038, 0.0009381491520725913, 0.6050092623859482, -0.5415371274284144, 0.40848704728923624, 0.31194321830733285, -0.1142617417962287, 0.041277488382863325, -0.1473090001663778, 0.3053429926217016, -0.2384568657279961, 0.13160761131153426, 0.03666017475843429, -0.0012405460790995896, -0.00032634276629002457, -0.0008436622481015441, 0.03006692158403218, -0.0005585855679043965, 0.0006825856529475263, -0.0009718148644596427, 0.5
35, 2, 1, 0.6140756081757035, 0.19497535935594157, 0.1900108658313611, 0.0009381666369938576, 0.3659929273621288, -0.3571705909263386, 0.35453318642478043, 0.3238371383610011, -0.20268994891568223, 0.035954973384015876, 0.08168446976101151, 0.36493079488293034, -0.20525065955298644, 0.3199449814565889, -0.0934547815253522, -0.0007622946569780083, 0.00021499810253456573, 0.0014881363615795878, 0.028325217072692477, 0.0007670227867159482, 0.0008241121880467421, 0.0001359003262543629, 0.5
36, 2, 1, 0.6097972932546627, 0.19888611184869393, 0.1903784092003745, 0.0009381856962690728, 0.2722695613708151, -0.5421972526117027, 0.5610048310934255, 0.5016204949154945, -0.008362271323721249, 0.08831275018233929, -0.1768178755762484, 0.38531041011092115, 0.035262096780871, 0.2519183225343188, -0.01660808491552619, -0.0018157733468930706, -0.0003400559770790594, -0.001365632791353522, 0.030514694565866744, -0.00031845617711711384, -0.0008225475327658172, -0.0008363398749348672, 0.5
37, 2, 1, 0.6097741451156983, 0.19890557631357733, 0.19038209271468512, 0.0009381858560393499, 0.35090295259758947, -0.19980996600434764, 0.6082225054778856, 0.4222787774323617, 0.02469706626401109, 0.2143474169119884, -0.27529531717706635, 0.16600183393474854, -0.23727654473523896, 0.2814008207654829, -0.04361360182739351, -0.0017802259307937434, -0.0006612455177118936, 0.0011931211559502114, 0.029411701933640642, -0.0009416172635576973, -0.0005670657745915123, -0.0014646152630127015, 0.5
38, 2, 1, 0.6689081793232465, 0.13834259615772185, 0.1915469233084719, 0.0012023012105598523, 0.2891977194938354, -0.49676405477469, 0.42739369953246886, 0.4457265685504426, 0.0001006064755218361, -0.024478696423131184, -0.06191194196958538, 0.23339582050565272, 0.0674179696951904, 0.05936890871823806, 0.09303023314913399, -0.001172397245054129, 0.0011771497846149801, 5.440761572187944e-05, 0.03051558064498815, -0.0017100164001578478, -0.0008062760941143641, 0.0013514880950897907, 0.5
39, 2, 1, 0.6550657495221088, 0.15021865357713016, 0.193031717517169, 0.0016838793835920894, 0.23721818979614562, -0.48883018599715095, 0.17465333560936722, 0.6521793215674274, -0.017446686629613083, 0.0655737532993011, -0.17270564402759087, 0.3262778191630554, -0.015324081679436552, 0.21821105492038773, -0.05529318256075042, 0.00046613502062433905, -0.0007904780359747477, -0.0007433669230557145, 0.029325437492837253, 0.0015004320252289703, 0.0006293396067418673, -0.001265790045262727, 0.5
40, 2, 1, 0.6548420188695486, 0.15043373524789908, 0.1930401900747202, 0.0016840558078321985, 0.22353736033150837, -0.31746890488502005, 0.5171332723394662, 0.6058264139670755, -0.16481491995603234, 0.059593636759150095, -0.28121735931698605, 0.1450928879001138, -0.07133126499436446, 0.14082212477126363, 0.04387764328567219, -0.0003804968312591802, 0.0014220618801743736, -0.00021398858718270477, 0.030998229645837712, -0.0006428083286175426, 0.00016290656358829663, 0.0010500037270403805, 0.5
41, 2, 1, 0.6593105505035375, 0.139321203768621, 0.1931332721574379, 0.00823497357040369, 0.24100362087289523, -0.49409682067416905, 0.19550366803187474, 0.5830430480686607, -0.09454602752073615, 0.2688411256307968, -0.027230786861993962, 0.037510288392132086, -0.17328512261539003, 0.07113317139885737, 0.11861452855662138, -0.0006436093325594609, 0.0008307198061993449, 0.00029591609951816467, 0.030124910718544794, 0.00067474482135991, 0.0019333468768830391, -0.0004622731869502088, 0.5
42, 2, 1, 0.658256403968924, 0.1404000930281325, 0.1931730352123864, 0.008170467790556996, 0.28698447846722985, -0.284305721145119, 0.21576775585743313, 0.535473861294208, -0.05627375741623471, -0.14822502474444849, -0.19904647347332866, 0.2606504419700496, -0.20550599994694693, 0.1290702122931415, 0.020271111732253884, -0.0019080460301662502, 0.0007059080827137111, -0.00025862293488962136, 0.030172271094372122, -0.0003908968979919293, 0.0003906733233936801, -0.0011621026375127953, 0.5
43, 2, 1, 0.6562926711885961, 0.14171226469789905, 0.1938241935069397, 0.00817087060656524, 0.2984467172338073, -0.1529850971890941, 0.5882923382132846, 0.4702445585945633, -0.09081694146659483, -0.028664021998910095, -0.0674612103006752, 0.18536501676333766, -0.1541402128338693, 0.19532601468624777, -0.04621285139436858, 0.0009405701964647521, 0.0004680214081927104, 0.00021166035872960143, 0.030985338313667538, 0.002064620048559906, -0.0002320063766017394, 0.0002283750865157836, 0.5
44, 2, 1, 0.656292753112446, 0.14171218110237693, 0.19382419524417607, 0.008170870541001053, 0.2650719937419539, -0.2399371291799067, 0.500825248393757, 0.6677346078720928, -0.2236675993138102, -0.050715906278182746, -0.29179448195847923, 0.2621062272112064, -0.38508381600490826, 0.17345836163099554, -0.0045565051544852716, -5.439022050094706e-05, 0.00030646844540047383, -0.0004779595266733637, 0.029553333831597417, 0.000508573441647357, 0.000726094016708365, 0.001071112010888955, 0.5
45, 2, 1, 0.6834265787875249, 0.11385317257235482, 0.19454335993331065, 0.008176888706809632, 0.1561537712647374, -0.4198931631407213, 0.5247213075971279, 0.49915928203672666, -0.08185733359095511, 0.11164793057693023, -0.12585997339636404, -0.11917728628011263, -0.17974640574032208, 0.21630506198857996, -0.09454593195397869, -0.0008705616924140404, 0.0006043343516407213, -0.0021015338623316614, 0.03006361758945424, 0.00014612992350051453, -0.001073127345881168, -0.0006829688515274785, 0.5
46, 2, 1, 0.7136379426854798, 0.08335630874185941, 0.19482704476753152, 0.008178703805129391, 0.38180990478027294, -0.12085210440412615, 0.38688491034979255, 0.6119966061903164, -0.16107404088270888, 0.042891324412843844, -0.06999339951723303, 0.32969815082034876, -0.2551748419789847, 0.1758049689419316, -0.06575469838134781, 0.0007425146829168753, -0.0005223608989319019, -0.0005833219041923057, 0.030859419368994334, 0.0006703291676986608, 0.00037169840683523613, 0.00029265105479096625, 0.5
47, 2, 1, 0.7096414795449663, 0.08656885960720125, 0.19488777831830223, 0.008901882529530216, 0.5341820872206837, -0.4896924802642536, 0.2810190311668387, 0.41470732627122997, 0.024375954687817523, -0.02057444686964529, -0.2357447654906366, 0.03615402774446554, -0.04662657564766848, 0.09016541361556492, 0.058268588590983106, -0.0015286743892561562, 0.0006442184275706654, 0.002534763878948937, 0.029769135172401685, 0.0004913475259025274, 0.0013792712356501659, -0.00028778138296617394, 0.5
48, 2, 1, 0.7053826749266235, 0.090590518469554, 0.1953541371735061, 0.008672669430316384, 0.18431086029594584, -0.22095190216562782, 0.3532339532432557, 0.3042216751411839, 0.032210228309285396, 0.16776863962809058, -0.11638689753128864, 0.19680284139605125, -0.22417576375473894, 0.22097321359878394, -0.07570225317474984, 0.0005263644514708099, -0.001296633891770049, 0.0007921766021507361, 0.030110520438564457, 0.00174360917433482, -3.0443276702567244e-05, -0.0010668814844676604, 0.5
49, 2, 1, 0.7053225903344397, 0.09064975485863278, 0.1953544945126929, 0.008673160294234657, 0.3767202763213326, -0.22258099741673604, 0.4009906228947816, 0.48576173640345477, -0.03420122135305058, 0.12289712758281282, -0.15899944428375207, 0.05868611509418666, -0.19659106578307822, 0.15026186391946603, 0.179027652985565, 0.00030154142606186776, 0.002218819160171844, -0.0007924630342141043, 0.030862770913273198, -0.00023531334113531129, 3.8505519426768394e-05, -0.0012047914300374715, 0.5
50, 2, 1, 0.7053240602831099, 0.09064966307769308, 0.19535450123706483, 0.008671775402132235, 0.26577452965217596, -0.3501316426537856, 0.38787920803909665, 0.385094892979528, -0.2512945961228633, 0.08993718545931632, -0.12089403933847653, 0.016465728222416497, -0.10285822643745088, 0.26506149173750676, 0.1701740077679057, -0.0012817349371219608, -7.549286134377865e-05, 0.001400152881266431, 0.029673961107312852, 0.0005358170281005692, -0.00011342656362519888, 0.0002497091966062065, 0.5
51, 2, 1, 0.7058608272135889, 0.09012475640738045, 0.1953577605692207, 0.008656655809809937, 0.2613460878350972, -0.10381748931270189, 0.2720386836822875, 0.5981031155841295, -0.17886717938458524, 0.13156871213084598, -0.026641459766586585, 0.02313360847945578, -0.22776566455053163, 0.30853142527932387, 0.000733515934358367, 0.0007423788863762904, -0.0006897896091209411, -1.2053936869759656e-05, 0.030214190312128224, 0.0005138972296802899, -0.00042091929622815823, -0.0010191149764039605, 0.5
52, 2, 1, 0.700564518885896, 0.09515248546992171, 0.19559448360260595, 0.008688512041576389, 0.3795859877477128, -0.25842042627921197, 0.39032143618026033, 0.7086309700411976, -0.024223022287975248, -0.0044787829417647805, 0.026135926417980015, 0.021154366796362668, -0.1919156863670305, 0.15200945887400652, -0.059910531005216615, -0.0011227483691577595, -0.0019586489008934977, -0.0007808419202999484, 0.03186258827098072, 0.0009059548287334643, 0.00013757381569180015, -0.0010547183929259074, 0.5
53, 2, 1, 0.7005004418403928, 0.09518298936808763, 0.19562233062728432, 0.008694238164235256, 0.3605802135051497, -0.2560407039341262, 0.2759142407583608, 0.48821435424718124, -0.03183143807329266, 0.08902592652987053, -0.2253303713881015, 0.07787420895502103, -0.17549518903582978, 0.2817141677010235, -0.1369455984192411, -5.478660030817295e-05, 0.0005320622210737249, 0.0006971562810308552, 0.029777354984315725, 0.0005921164369502842, -0.0004651351460097518, -0.0007765758765990133, 0.5
54, 2, 1, 0.7003406895022505, 0.09533914124238388, 0.1956256005044566, 0.008694568750909069, 0.2706876684407608, -0.3658016685611707, 0.3230986908005732, 0.49029510090232337, -0.10229646383370095, -0.05656434310967706, -0.267872258019563, 0.29792274186602785, -0.18502125420769103, 0.212829882664772, 0.1050687457577626, -0.0016707770894698645, 0.0006358345305997056, 0.001216812753847147, 0.028139730763428183, 0.00015802282515076668, 0.0005030354819029843, -1.7968482603710346e-06, 0.5
55, 2, 1, 0.7674232677986513, 0.009713585396337534, 0.20541374365973245, 0.017449403145278788, -0.00804519483960835, -0.3213217344051552, 0.1621959846640163, 0.5402809326280078, -0.12588277327820635, 0.16241538854560744, 0.09456861844160636, 0.25968760545041614, -0.1321818713374136, 0.08388876400258793, -0.1338709535961311, -0.0029610724882574544, 0.002037539397329796, 0.0003133738594792822, 0.029922426486144654, -0.00014672786099225173, 0.0005136462520128365, 0.0015681096382489264, 0.5
56, 2, 1, 0.7674523787870655, 0.009800601925258813, 0.20541578393904725, 0.0173312353486283, 0.4686736781786851, -0.2279016611954976, 0.21697894765089626, 0.5064222084603383, -0.054852481159405955, 0.0628232518218155, -0.27086598095086717, 0.11731288946594684, -0.18804274242351432, 0.04049819528509513, 0.022573251899145958, 0.0010704960910754573, 0.0017433859992518497, -0.002402624480895136, 0.02850863383444968, -0.00015796681051165538, -0.0010513255412262594, -0.000720371429114405, 0.5
57, 2, 1, 0.768101116713313, 0.00914000739358698, 0.20541767559028914, 0.017341200302810902, 0.1581784199798488, -0.3473572312179163, 0.0817327251144937, 0.42211387180086424, -0.1564519431404995, 0.0028068036461432965, -0.09825057355559305, 0.27215214799759363, -0.20230425034078064, 0.07834702023780397, 0.09808264146277082, 0.0005619085160140134, 6.58894245544147e-05, 0.0007358392413634104, 0.030319044170567643, 0.0007684002028959089, -0.002207785510163919, 0.001026375549631548, 0.5
58, 2, 1, 0.7678395584740262, 0.009421280860180823, 0.20542054400394086, 0.01731861666185203, 0.4879410227968224, -0.03169564102615734, 0.2277820903311972, 0.5163262145692491, -0.0530095587807707, 0.1697946077963724, -0.08869496447373167, 0.17630175882302224, -0.049727552340492184, 0.0399423733019981, 0.12046602549872967, 0.0002455102321853715, -0.0015884357300029479, -0.001279858921366546, 0.029576190653957696, -0.00027636949101229327, -3.6723026897728545e-05, -0.001629682705247876, 0.5
59, 2, 1, 0.7676780368167188, 0.009577454330142891, 0.20542565505320906, 0.017318853799929302, 0.30086408702561984, 0.04159058978905481, 0.37667107867517374, 0.5663272590641729, -0.012683975515996149, 0.22250447824398528, -0.06714121088670798, 0.28809573803737265, -0.07748655980149044, 0.2146965918070444, 0.016794630288531176, -0.0005271615242885947, 0.0010204077643914638, 0.0015606028085918787, 0.029450047152149123, 0.002572265276416886, -0.0007071746349949519, 0.0009698390129126925, 0.5
60, 2, 1, 0.7678029659419955, 0.009608736978407816, 0.20542876707328134, 0.017159530006315423, 0.20368515478414606, -0.425422378401604, 0.2164756173851216, 0.505051906247527, -0.18917383743491728, -0.03377290908782753, -0.18495610123910017, 0.21655196757908088, -0.12094645416859191, 0.25300445468509286, -0.09199820742714025, 0.0003004806960931926, 0.0009752858456285581, 0.0005915341383894573, 0.029734318031007352, 0.00047898405896665475, 0.0001812147147474933, -0.0010681041204941787, 0.5
61, 2, 1, 0.7678028476612517, 0.009609697101012024, 0.20542877505792773, 0.01715868017980838, 0.3548659289075868, -0.42836972982218724, 0.09116615438564202, 0.5660932256853091, -0.055702656695895615, 0.3733925241918247, -0.17257505725864566, 0.2663872696656955, 0.019402866441571454, 0.028309618428646786, 0.05274729372048163, 0.000428545277867688, -0.0003103903037445478, -0.0010286359337227625, 0.030133717445894714, 0.0008826893034596448, -0.0006958993129064529, -0.0007199094677470137, 0.5
62, 2, 1, 0.7693300211055691, 0.010877748083967555, 0.20544577054915605, 0.014346460261307216, 0.3183586068111111, -0.3077718746406492, 0.336136418488662, 0.46640739027817907, -0.3369558148952, 0.03923676439754836, 0.017838716568749045, 0.04401354237998234, -0.07684426434775024, 0.20104692553724984, -0.003254240397394986, -0.0017436105691319257, 0.0008106543790155939, 0.000526584727627912, 0.029639966571361594, 0.0008505029743939643, -0.0009894887834913989, -0.0005168447005497223, 0.5
63, 2, 1, 0.7693298001805196, 0.010879167500597956, 0.20544581457438013, 0.014345217744502528, 0.14759589309553395, -0.21192343771102257, 0.1776815639588482, 0.5432243826148586, -0.27939691428663427, 0.13387616592827228, 0.016854491372267667, 0.15701292688374835, 0.010078029943782619, 0.18925064776542344, -0.06106634398615618, -0.00047021971003186595, 0.0011220220150616243, 0.0002691885337379328, 0.030296805025046135, 0.00044498278016071415, 0.0006685385957855448, 0.0014831347123151152, 0.5
64, 2, 1, 0.7693298085745819, 0.010879182004264468, 0.2054458154368012, 0.014345193984352347, 0.2383217063542924, -0.09662785088104009, 0.25348793325045393, 0.38260258302194344, -0.11218285281025413, 0.2416094108470273, -0.1924658463067312, 0.15012574211423996, -0.09357287406337439, 0.3563255763605958, 0.007161386001044297, -5.103373076366804e-05, -0.0019537244426045303, -0.0015666553866004428, 0.03012993403602828, 9.298748949539248e-05, 0.0006553195299861416, -0.0002846450601048982, 0.5
65, 2, 1, 0.7693267153149485, 0.010882109153258183, 0.2054458698182588, 0.014345305713534639, 0.2898466650412008, -0.2771772385183269, 0.24191155918166735, 0.48897890280142525, -0.13692670876361493, 0.21706080717839535, -0.1313957110750752, 0.17229572491461792, -0.16971770255572508, 0.11059477474325119, 0.006934282772064498, -0.0008963537809386022, 0.0011858140470161142, 0.0005884280988260904, 0.02770585464793891, 0.0007884077424829406, 0.0020701733520168174, -0.0003647398101758772, 0.5
66, 2, 1, 0.7693018356317691, 0.010906270431941457, 0.20544633360631792, 0.014345560329971504, 0.28356083258685516, -0.29314081644153595, 0.2801220653734685, 0.6074162825376799, -0.15647370397856114, 0.21104624707236175, -0.015325849497834776, 0.26619540967799626, -0.012049378540552347, 0.13963734467824584, -0.01785931663958831, 0.00023791588802723934, 5.438957014987399e-05, 0.00019834761064509444, 0.031211222215628765, 0.0017605827396317557, -0.0009387851759956156, -0.0010375436403310917, 0.5
67, 2, 1, 0.7693017655081592, 0.010906424156084003, 0.20544633376277227, 0.01434547657298455, 0.13444842599740614, -0.2156150415296855, 0.27373311431118974, 0.39170564784431533, -0.19561872816737363, 0.23794178774903235, -0.15321504534102998, 0.1855885925158804, -0.10925905051743305, 0.041167709891715976, 0.16326910314973622, -0.000529395205039686, -0.000494248815657904, 0.001549734343363664, 0.030127754685484016, 0.0010974975904941525, -0.0004134437249270403, -0.0009467762161430948, 0.5
68, 2, 1, 0.7693027018392687, 0.010910277681154568, 0.20544666579917964, 0.014340354680397117, 0.17362325777508958, -0.1929011366978082, 0.2627964602534337, 0.4442948334160949, -0.17127414679053693, 0.09275139054991752, -0.2758040365439582, -0.05858590388853265, -0.14709616969419087, 0.11627545072132575, -0.06785470966978939, 0.001308411589097661, 5.963818089001102e-05, -0.0006716480102734819, 0.03113525216658642, -0.0009980422664654218, 0.001246734384833408, 0.000403031728329099, 0.5
69, 2, 1, 0.769301663094676, 0.010887476131651853, 0.20545761980770075, 0.01435324096597147, 0.21306811169136713, 0.12831670952059016, 0.29382225645953597, 0.4784968013268429, -0.028663126171923247, 0.21188749011869729, -0.09996775676488236, 0.13613010912889495, -0.04550519636730854, 0.20000504038304395, -0.03262394171122911, 0.001222649552709156, 0.0008468195558195366, 0.000870610856302092, 0.028525008103054694, -0.0005359811144059807, -0.0021140513394269007, 0.0007541583763510747, 0.5
70, 2, 1, 0.7693016883702818, 0.01088873801881171, 0.20545697523624865, 0.014352598374657957, 0.163387158586107, -0.25170311916414134, 0.029473828180619298, 0.5740838740880703, -0.019596440862262875, 0.29119750807818556, -0.2621329015970506, 0.2287409259218131, -0.21263679368404304, 0.14393121626438368, 0.0463978105356431, -0.00194147639274862, -0.0009215096746892111, 0.0007221958380302736, 0.0299392910796189, 0.000275800444471813, 0.001517242422979037, 0.0005036873933725317, 0.5
71, 2, 1, 0.7694257552576341, 0.011165427043281176, 0.20546026235785156, 0.013948555341233224, 0.31810552447235796, -0.1705797357956685, 0.23651476668613097, 0.4599464502001808, -0.32295460259668374, 0.05459255511002585, 0.012607088654133935, 0.04800276783055345, -0.04705230507345627, 0.088518039120589, -0.013009773661213997, 0.0006969801438231848, 0.0007322188268442077, 0.0004891783343938856, 0.03006885656297702, 0.00012852948922787216, 0.0006141328632951302, -0.0009168508166725439, 0.5
72, 2, 1, 0.7694235488591584, 0.011172720381900621, 0.20545907608092664, 0.013944654678014106, 0.25828961473228323, -0.3426103122604223, -0.12588952181966953, 0.5180215482460738, -0.09667539737886259, 0.04191266955093045, -0.23469095121189038, 0.11940174663351244, -0.20474856411034162, 0.07268185753980108, -0.040269163102760006, 0.00043638538077983525, 0.0003770094625037149, 0.0010217005880803708, 0.02889462679535749, -0.0004787934903968499, -0.0016906028457388856, 7.167339046758675e-05, 0.5
73, 2, 1, 0.7697594587997463, 0.010806298438770583, 0.20547891372491367, 0.013955329036569533, 0.0566805438158382, -0.12392088597800685, 0.39437504705657034, 0.6782868140447949, -0.12494118826414805, 0.10092019277000064, -0.10714261567618381, 0.04095603985812153, -0.06719201910360943, 0.041300441999431906, -0.08089354185355943, -0.0008044445496751757, 8.081020127621853e-05, -0.0008520087914249711, 0.029686078178034946, -0.0010524026482362208, 0.00016980398285469192, -0.0010706257450792487, 0.5
74, 2, 1, 0.7644030053452547, 0.013947216010495084, 0.206237790838281, 0.015411987805969245, 0.13648929929847642, -0.06079169331898353, 0.23306880451190892, 0.4240024548296996, 0.07252536120264386, 0.0927974614729509, -0.1764981149436251, 0.14438700849780095, 0.0174530452117576, 0.15457664477323746, -0.10750420970067258, -0.0006085374664909671, -0.0022606027590313825, -0.0015029589785723024, 0.02925536112298286, -0.0017483302046611981, 0.0011462868552705387, -0.0027388681395370757, 0.5
75, 2, 1, 0.7643967140226887, 0.013950883653445217, 0.2062384469397558, 0.015413955384110067, 0.037382413050732866, -0.16745849373267344, 0.11915436505762958, 0.6072754494059415, -0.050266250751187534, 0.14376323629228777, -0.17706965657560558, 0.33800760194768426, -0.10516071866818325, 0.1656104230558387, 0.10221589512314347, -0.0008075003698464801, 0.0015880723659368763, 0.001294580231704433, 0.030726161085951432, 0.0016977206499858449, 0.0029487370299648387, -0.000686725817663912, 0.5
76, 2, 1, 0.764396320029913, 0.013951183518723995, 0.2062384210442734, 0.015414075407089623, 0.1564613524145164, -0.1291633077420155, 0.1401111173104818, 0.5503557313025953, 0.03906737029420868, 0.23871591840202155, -0.2586150018985832, -0.06389410889344303, 0.01731586091024202, 0.23955988280244317, 0.0988064869960393, -0.0008400220449752353, -0.00039684356617023604, 0.0018117503098456823, 0.02891770023549915, -0.0012733972630602428, 0.0015949448353531452, 0.000734503105975594, 0.5
77, 2, 1, 0.7643594949873513, 0.013882489147042881, 0.20624964271044907, 0.015508373155156706, 0.2967065441161997, -0.020605671392686764, -0.17871353123822542, 0.6590755361795448, -0.008332720102335567, 0.061919898590801395, -0.2974492635856421, 0.04982466899956971, 0.003789006613756085, 0.10687853951655413, -0.1906201338575812, 0.0015367162560309977, 0.0018418669054782572, 0.0014014445903238887, 0.0318060213776466, -0.0001772314165061267, -0.001679289440627864, 0.0016347975499628597, 0.5
78, 2, 1, 0.7643602515997006, 0.01389416802926212, 0.20624439982832551, 0.015501180542711763, 0.16927128356339954, -0.2183120612015582, 0.1943816643766536, 0.5969473901499387, -0.3240632732620964, 0.16735924814742664, -0.16431403428948302, 0.06793201533571613, -0.2751341105959296, -0.08207369351275547, 0.02208025735804474, 0.002106572032894815, -0.000595786256180679, -0.0007317372486683376, 0.03006992744075465, -0.0008282809054608964, -0.002670901338294055, -0.0014403592555473428, 0.5
79, 2, 1, 0.7651853399697145, 0.01383487687408296, 0.20528163076870745, 0.015698152387495168, 0.25616461099536236, -0.06364882450530988, 0.025279520158831104, 0.47934294011483997, -0.015666774489061654, 0.026853307975397513, 0.045705266644181376, 0.12585726918927453, 0.06896316680138401, 0.15797660348611312, 0.07808466791682495, 0.00040569226596254716, 7.847021802542669e-05, 0.000553004755309653, 0.03167584146474106, -0.0008120007385065868, 0.00029360136666612975, 0.0019005280112165523, 0.5
80, 2, 1, 0.7598264404612458, 0.01738915826554563, 0.20533608927517766, 0.01744831199803097, 0.1648825209495585, -0.19569787071691466, 0.20180681580358512, 0.5211124493418121, -0.025554947962895657, 0.061314327206335784, -0.027988358239683098, 0.10730823801166138, -0.17223964373970418, -0.07929144442318829, -0.030368481986258977, -0.00025610896242621854, -4.762450330908853e-05, 0.001095560986471519, 0.031811064813121084, 0.0007789314845476147, -0.0009234648056219876, -0.00149728911005448, 0.5
81, 2, 1, 0.7598319839840081, 0.017372086425789728, 0.20534646076014113, 0.017449468830061123, 0.1905446468424028, -0.06443256996549511, 0.2197870490698369, 0.5236894464754401, -0.1905274285403628, 0.1158868203419851, -0.15625026247749071, 0.024743499989428475, 0.09100672362779186, 0.3072513923984573, -0.28476141782460807, -0.00018618458135938535, 0.00028221880452251554, 0.00013013412273082394, 0.031240090521652254, 0.00038508753274917566, -0.0001338178059784093, -0.00031785460197198654, 0.5
82, 2, 1, 0.7530037822716692, 0.019257914118851294, 0.20536600289440113, 0.02237230071507856, 0.1229845497000049, -0.2155913539302572, 0.11207280079038354, 0.46828464235054357, -0.0323336825981564, 0.04583832438223551, -0.19395477078005605, -0.03721175441557005, -0.06392189830736719, 0.11388983978665515, -0.04817367674647446, 0.0009804654957997806, -0.0010018728021909758, 0.000485916284901079, 0.030130188100639145, 0.0006339802686526745, -0.00120226158403553, -0.0002675152909930946, 0.5
83, 2, 1, 0.7527267644909664, 0.015433532699705812, 0.20527472307991285, 0.026564979729414753, 0.14835022930715375, -0.20558665107253066, 0.04968233451557162, 0.3572387898359041, -0.17607877831385393, 0.019012790009988168, -0.047692985748002646, -0.10985207479917707, 0.10805231049711705, -0.14896324776312486, 0.03948436391666824, -0.0019294551812624218, -0.0005648408343489898, -6.243539559547757e-05, 0.02942041401869356, -0.00045703178075719224, 0.0016130891960173942, -0.00027578687319537764, 0.5
84, 2, 1, 0.7527425805558249, 0.015580493736273422, 0.2050309655111201, 0.02664596019678159, 0.08784755257263481, -0.053937289907166786, -0.06294957094183859, 0.7072148687565303, -0.11530252650142207, 0.037249972911884054, -0.35918805546503446, 0.11680293703876654, -0.05196802000839906, 0.11086460216239294, 0.03933456074442855, 0.0003244592297511588, 0.0009442744482881249, 0.0004199698684859765, 0.031030760051215585, -2.3725859690496404e-05, -0.0010810914417852756, -0.0004872415011929001, 0.5
85, 2, 1, 0.7527364361061337, 0.015595614507062804, 0.2050234128797507, 0.026644536507052733, 0.1132894110112975, 0.07402227929806271, 0.2618207037120809, 0.5365476916328238, 0.02155876434414723, 0.045056335620697927, 0.06039486451029563, 0.2339955425317554, -0.12085163396426127, 0.2184778765903798, 0.0634518479046367, 0.0003799179779201683, 0.0019442389196694357, 0.00014529657082742347, 0.030764494149870814, -0.0014282684777416025, 0.0011400644054944105, -0.0008120541539684987, 0.5
86, 2, 1, 0.7549694501392814, 0.019299378300544383, 0.19252400133693015, 0.03320717022324394, 0.08153091596070147, -0.18657302723759214, 0.04013632361911781, 0.5552533254011041, -0.0306430224610167, 0.050668646570774876, -0.1403472247361171, 0.03249814725086082, -0.20238547140632485, -0.04397832066639614, 0.069890122724227, 0.00028492485871773113, -0.0017843885407628623, -0.0018898710368404248, 0.030008533019139177, 0.0005184316975025284, -0.0009074482067747203, -0.0003041687615646143, 0.5
87, 2, 1, 0.7576475030494687, 0.013605069272864891, 0.19244020466708275, 0.036307223010583756, 0.09676671301464607, 0.08051255304981758, 0.0070849857604266655, 0.45232891101853, -0.029354445806733763, 0.02643641718316936, -0.15128595788549132, 0.058867876353771734, -0.06317173284783148, 0.1852799048748104, -0.0714909353410004, -0.0005739647641181936, 0.000341754749841487, -3.3381527090590966e-05, 0.03081706735780782, -0.0001806717216140511, -0.0013941728611577007, 0.00017709976658239002, 0.5
88, 2, 1, 0.7578132365680945, 0.013242542644583537, 0.1923394581999937, 0.036604762587328206, 0.1264437652487961, -0.2626515967574792, 0.0739561139895852, 0.5252798004494346, -0.1061369811387259, 0.16915796161241473, -0.11374312828973436, 0.028414891135444032, -0.10945930428354751, 0.12794867033401336, -0.0061873296804245675, 0.0008093114711517111, 0.000959526232355373, -0.0003682915282761132, 0.0317300394995062, 0.001885961905353832, -0.00032600639878455073, 0.0006720413314892847, 0.5
89, 2, 1, 0.7578197986474157, 0.013004200464158391, 0.19235230573545015, 0.03682369515297582, 0.3706165030618321, -0.1064849726769745, 0.25762830655639146, 0.3957242616285878, -0.08068338887648263, 0.12037295398964147, 0.08754697741121223, -0.012573703597535641, -0.08657198309690184, -0.13166377051785555, -0.03779660289234582, -0.0012131299127539608, 2.7038506660142624e-05, 0.0015839427265537261, 0.03161568664765893, -0.0002217933097680476, 0.0002240023698761636, 0.0008601849029056486, 0.5
90, 2, 1, 0.7580032864967793, 0.014440780892525998, 0.19160589249047563, 0.03595004012021913, -0.020450521190452254, 0.011022844964472112, 0.0007600173480033945, 0.31051595808944643, -0.0598063748439683, 0.04634073748569225, -0.4101520359661568, 0.04440973290791076, -0.3164633768142317, 0.14065876258451385, 0.08974950776363183, 0.00032381651350426287, 0.00016904276007935086, 0.00039213802972218185, 0.029818716950166867, 0.0008942673242115694, -0.00012002407034783274, 0.0002050811283636273, 0.5
91, 2, 1, 0.756716826561261, 0.006739051718554915, 0.19161564762461974, 0.044928474095564226, 0.07601908526193824, -0.015779925163931452, 0.06701186530773251, 0.5966578010344252, -0.06323472735138251, 0.12865477281301785, -0.03793003614231958, 0.09928746464024676, -0.10661653436883997, -0.009650420142608163, -0.09822678138327773, 0.0009819286960188905, -0.0004679262307009451, -0.0006567520308519343, 0.031335117900362607, 0.0007273906930632341, 4.4687001309923694e-05, -0.00037349116800814705, 0.5
92, 2, 1, 0.756816968303362, 0.0057917372411605515, 0.19164650153696294, 0.045744792918514555, -0.07359870572791397, -0.03777567024379759, -0.013163246527725015, 0.521666834948121, -0.09011791504994525, 0.03679085086445447, 0.06548390635724784, 0.10198824495926902, -0.032820113938791445, -0.04458126728414408, -0.179475845271178, -0.00023546645312448768, -0.0016358580376569485, 0.0009756634695940203, 0.02943682684885836, -0.0002593020909418337, 0.0006759177411155492, 0.00025528302878901195, 0.5
93, 2, 1, 0.756800096667298, 0.006160112932341381, 0.18973139982110648, 0.04730839057925426, 0.052539101019083254, 0.09051502989643716, 0.07819101475214243, 0.4308674726783771, 0.0027720676358357955, 0.08977507715379265, -0.11000448488711842, 0.1431034264969644, 0.03344661009776388, 0.07593298101273697, -0.040273582921888776, 0.0003777563534374814, 0.0015958316139006716, -0.0008261850876675411, 0.028556383863698707, 0.00072651242257889, -0.00045652091126304536, -0.002131559706149787, 0.5
94, 2, 1, 0.7563242116540969, 0.006584303370428697, 0.1897360008003342, 0.04735548417514013, 0.21725312800950167, 0.06841587596469326, 0.30523024619752553, 0.43960897086420864, -0.06796284465651566, 0.13077005779185974, -0.1547967188657139, 0.1826450444832256, -0.09868373781697293, -0.0534014625831158, 0.07841049813991996, 0.00012021646812046983, -0.00010741635989631719, -0.0003664412029285956, 0.02921474943840204, -0.00032351334108883534, 0.001612744085479316, 0.00033345972032624633, 0.5
95, 2, 1, 0.7563335073774481, 0.006621312917931729, 0.18973856250320012, 0.04730661720141983, 0.04397732239056591, -0.03617952386568954, 0.10036038277652941, 0.5472572948672639, -0.20974364476238602, 0.2171326337041834, -0.08397504728087793, -0.10355551580883171, -0.10586963202909985, 0.14804529130395078, -0.14201655073982608, -0.0002412000358068018, 0.00027669819924014345, -0.0009015187549720801, 0.0318164629141635, 0.0004918786624053227, 0.0012808318371252245, -0.0005797378853600451, 0.5
96, 2, 1, 0.7539748511927444, 0.008940269500586897, 0.18318849135079507, 0.053896387955873586, 0.10085362397101427, -0.17934589449149452, -0.1283970863554119, 0.41316998039403907, -0.008893179407514041, 0.05004308122118088, -0.16979563643753431, 0.03258239021829011, -0.06388056269701985, 0.007825800907425861, -0.039217893242412795, 0.0005779978831121439, -0.0014760614645982282, -0.0013656748688962409, 0.03101728716011563, -0.0007409391785982223, 0.0015243472909792224, 0.0017498704252842656, 0.5
97, 2, 1, 0.754340794297439, 0.011075376894633279, 0.17876229538892727, 0.055821533419000535, -0.0006208174663157207, 0.06942291148933835, 0.08269424115965245, 0.4955845606164783, -0.29700988635008346, 0.15069034750612356, -0.19782942470325224, -0.0031846679264135535, -0.06072666360544772, 0.0968432725114257, 0.11999844059578975, 0.0008274631864205563, 0.00035723330285736965, -0.0002917632844350531, 0.028889212385076246, 0.0014399053247495987, 7.730541643468554e-05, -0.0008602704006681926, 0.5
98, 2, 1, 0.7543218765139434, 0.011087988662688543, 0.17875980326827426, 0.05583033155509357, 0.014318554488985308, 0.01650082914296181, 0.18799034219712207, 0.5733810425912518, -0.1942717618117767, 0.08692983602825988, -0.13891866738727404, -0.09836449040940112, 0.06624843781208019, 0.03433095734675707, 0.009208560359419556, -0.00033610286505238624, 0.0014315538198207648, 0.00032996867307591774, 0.030756439173746947, 0.0003761175268244145, -0.0005140597820979062, 0.0005536476819137226, 0.5
99, 2, 1, 0.754376046826682, 0.0118834620669855, 0.1765739902803155, 0.057166500826016924, -0.002005613618157498, -0.010852522786740667, -0.027818529429561933, 0.370894488956441, -0.26273562224139274, 0.17491185832282546, -0.1390708873050503, 0.07704851134466346, -0.044865319549367524, 0.010567134565433766, 0.05285634175920051, -0.0006343202201458226, -0.0006883384374060304, 0.001192015315176849, 0.02879043527735235, -0.002005828630181941, 0.0006560661122340673, 0.0004877941285480689, 0.5
