t, Event, Policy, P(still), P(random), P(reach), P(transport), o(t), s_a 
0, 2, 1, 0.0025488254614174366, 0.20302602648735046, 0.7944251894950867, 1.1054208763627837e-11, -0.6700194897415468, 0.49988719344504595, 0.7979466724677293, 0.034035818489613144, 0.2971812506973116, -0.26137458276221615, -0.002666341884350709, -0.2808246570299466, 0.463750499215595, 0.4936026187879737, 0.04276169223755382, 0.0952506359965247, 0.06815255776578563, -0.10897132090015646, 0.12765855712936722, -0.09179291044935625, -0.01594550685861765, 0.058702413726267486, 0.10823108484718122
1, 2, 1, 0.00254882535401947, 0.20302601807117757, 0.7944251565637481, 1.1054725359965894e-11, -0.534318453310145, 0.6088591336163588, 0.6245064088136882, 0.043863055993473975, 0.33769301552208975, -0.033865000582378214, -0.24946674756472378, -0.27003868738517334, 0.24830995916753934, 0.3077576684187667, 0.033368187507993, -0.0005802957005652746, 0.000948273571870287, 0.0009753404411678458, 0.04865508053641072, 7.854538628808398e-06, -0.0001275461140480021, -0.0002469290272137, 0.10823108484718122
2, 2, 1, 0.0025488045202280867, 0.20302602159835276, 0.794425173870206, 1.1213291881675482e-11, -0.6947773152975418, 0.6402502630382421, 0.7891611039067886, 0.1241787383132887, 0.028994030216750344, -0.16801384199903424, -0.1714598747142582, -0.3272305870810287, 0.35539507869389675, 0.26104264086374834, 0.018881224881395594, -0.0008951816770902008, 4.049647956177344e-05, -0.0009736053608241796, 0.05068433231825751, -0.0012194915594847366, 7.756823303645954e-05, 0.0005062528089283116, 0.10823108484718122
3, 2, 1, 0.0025488952345129228, 0.2030259137534334, 0.7944251909813712, 3.068223954297989e-11, -0.626874482966418, 0.4721626977066907, 0.5346382881913756, -0.024190591585858345, 0.15695171419985732, 0.13007497802965218, -0.20303346648909887, -0.14660762798190743, 0.37529298367606223, 0.3474207642240902, 0.1437414091903228, -0.0001355791074880548, 0.0004922070180039471, 0.000877178707973603, 0.049818026173782316, 1.0747311890502923e-05, -0.0008521541894718282, -0.00048075483807394315, 0.10823108484718122
4, 2, 1, 0.0025502039506974093, 0.20302439603052727, 0.7944253995398017, 4.789735805720055e-10, -0.6946788329717196, 0.5600200594944811, 0.6492222617906587, 0.09205578743062755, 0.14532085186496332, -0.17800566618331665, -0.19941895561856096, -0.21625596017272297, 0.32585331632620085, 0.1751940541443823, 0.02505240410773668, -0.0008417247765527367, 0.0005502500707243094, 0.0007052270125054421, 0.05139008769039649, 0.0003229774534364167, -0.0012590598351811982, -0.00013679694716797367, 0.10823108484718122
5, 2, 1, 0.002629945032176703, 0.20293961355502335, 0.7944304221433328, 1.9269467159293928e-08, -0.4967402403676475, 0.4778835880608433, 0.5530115105380214, 0.28689026873687046, 0.019299475843465475, -0.06885577138969601, -0.134969512167132, -0.21329674012679437, 0.36929676827981517, 0.23633025774249647, 0.08269288638064771, 0.0008339735839410804, 0.0008892154499125636, -0.00022657547401399225, 0.05127388586932412, -2.4662873809686523e-05, -0.0005210134467061786, -0.0016768405009159732, 0.10823108484718122
6, 2, 1, 0.002635437120372388, 0.20293320951799249, 0.7944313255934463, 2.7768188904421846e-08, -0.6728655411151745, 0.6993520991538503, 0.4127446782544121, 0.15991721933568828, 0.1531073917094688, -0.16643651430251785, -0.2181042605729358, -0.21618804717056572, 0.11214960776333183, 0.30791779631236454, 0.019914445295042743, -0.0002812884639392967, 0.0002462980858013077, 5.5238271091776294e-05, 0.05014088527822631, 0.000397858996322536, -0.00013623210514998152, -0.0012914888509263848, 0.10823108484718122
7, 2, 1, 0.0026354404588571877, 0.20293320594411884, 0.7944313258288327, 2.7768191376179854e-08, -0.5019255198993398, 0.5613998780739287, 0.6075501574149269, 0.08123104100078612, 0.222959563315053, -0.053400699761237916, -0.11427473829768313, -0.3478395115581634, 0.30532453284519406, 0.43702649503949065, 0.0007713381627673877, -0.0001212316278164059, 0.00029778999962477447, -0.0014956666648625091, 0.049367955474597144, 0.000651849816585542, -0.00029726305962380955, 0.00039843339498447797, 0.10823108484718122
8, 2, 1, 0.002728902005712295, 0.20283776755094915, 0.7944333018048477, 2.8638490877943137e-08, -0.39909996061756825, 0.5290051718282628, 0.4109890458550625, 0.06349382845541116, 0.03630449338947343, -0.02345866943495033, -0.10667294305888417, -0.226760381900203, 0.33536087265680037, 0.44874125366365514, 0.14321006063553188, -0.00022848581737853812, -0.0010033512377603593, 0.00035676331573951056, 0.050612322223198926, 0.0015667595441236164, -0.0007898893866392724, 0.0022617134824100484, 0.10823108484718122
9, 2, 1, 0.006400392292194493, 0.1990336805358722, 0.7945634851620953, 2.4420098380766903e-06, -0.45680223241215623, 0.42641559256617934, 0.4888110404320612, 0.10570172920458631, 0.03184735992370676, -0.08572708888592936, -0.1467126730849572, -0.1950335366253685, 0.23096362801060272, 0.24552162143035733, 0.035255786386998826, -0.0002432522343268953, -0.0021221584891023574, 0.0012142637504687416, 0.04928863975821114, 0.00045775575817575434, -0.0001748997525325687, -0.0005235531631739878, 0.10823108484718122
10, 2, 1, 0.006400400291378193, 0.19903365559971226, 0.7945634975065028, 2.446602406831029e-06, -0.4391503683477819, 0.4708151070319574, 0.41052092581274024, 0.015962248135058567, 0.23150474729700302, -0.23888329792369664, -0.22375468446420577, -0.18681633392366748, 0.3133695912795077, 0.031013440080968735, 0.05508260244731435, 0.0007688855359180391, -0.0006607193490732154, -0.0008067094458819195, 0.049931490663461225, 0.0003739900784087482, 0.00027404961615788416, -1.558779009512373e-05, 0.10823108484718122
11, 2, 1, 0.006400400291292872, 0.19903365559972247, 0.7945634975065778, 2.446602406833811e-06, -0.6021745959302347, 0.44149571776993435, 0.5632765818625296, 0.20110918500631372, 0.3334334752957927, -0.18945570817815435, -0.15480187308901666, -0.34282446150006257, 0.3431143732325569, 0.3942400739427477, 0.0013950977723993841, -0.0006772452771465828, 0.0006128790259724645, -0.0001059744219189975, 0.04964288077890661, -0.00020868643392053197, -0.0011321862053831244, -0.0005394507590643067, 0.10823108484718122
12, 2, 1, 0.006400363345740464, 0.19903366244758403, 0.7945635275991307, 2.4466075448220546e-06, -0.41010232036581673, 0.5259318128646463, 0.555720331445998, 0.11845244414102798, 0.1458589550681893, 0.08526101125354571, -0.2197075144173048, -0.4113305776321846, 0.29937288590129707, 0.3284638922096116, 0.15989757567848692, -0.0007824964130019266, -0.0003339333005148589, -0.000607586407731727, 0.048370754098951876, 0.0018135393713952755, 0.0018145048015308113, -0.00030375601037598823, 0.10823108484718122
13, 2, 1, 0.006400377488553245, 0.1990336439079684, 0.794563531984488, 2.446618990380215e-06, -0.6543942805324893, 0.6033527769813103, 0.629226955457946, 0.05600666127581484, 0.21242467350082556, -0.08799443624020312, -0.3022714613536244, -0.02027703363223825, 0.3210958509140918, 0.1865741571658671, -0.08633503213889007, 0.00039298835622199394, 4.884969368003902e-05, 0.00034838954805621917, 0.0495436230865806, 0.0006287551185523056, 0.0011701633818339615, -0.0020587048328464977, 0.10823108484718122
14, 2, 1, 0.006400203030505029, 0.19903317562998837, 0.7945641736518912, 2.4476876153545578e-06, -0.5374838579032695, 0.5361279779383985, 0.6548275654436957, -0.042516515054659546, 0.0364320317398498, -0.09652056142616078, -0.2641119489746413, -0.30537925700425195, 0.24336776875869665, 0.16719388762605994, 0.004795220580318521, 0.0006216904537169062, -0.0004858960702627437, 0.00039603458181823776, 0.047332703010175996, -0.00042449939969420043, -0.001604754233571877, 0.00041814525070174433, 0.10823108484718122
15, 2, 1, 0.006412378806401465, 0.19902069579906181, 0.7945644777017644, 2.4476927723398516e-06, -0.5414000236716644, 0.5209027332786147, 0.6395000108953144, 0.06238766885432486, 0.10776433008829564, -0.20415656846528343, 0.02387308135888122, 0.06872639675566812, 0.22969021028127226, 0.43831971263742436, -0.06529188690079475, 0.00022834808169215935, -0.00024044441577188868, 5.750647118924787e-05, 0.049567744083222384, 0.000947339914949513, -0.00045049883750328577, 0.0012245863189272199, 0.10823108484718122
16, 2, 1, 0.006459871218024298, 0.19897091260269517, 0.7945667680127341, 2.448166546440804e-06, -0.36718033229197583, 0.6043663126107433, 0.7253238746821088, 0.1740282602932492, 0.18863852623395058, -0.034999243960950485, -0.1234683142319312, -0.20061018501227532, 0.16143216185388848, 0.26031359386259045, -0.14422437365824486, -0.001758710894395036, 4.004346371417251e-05, -0.00025097922094635867, 0.05025478644283682, 0.0009314162880236746, -0.0011493514773954073, -0.0015248174945393612, 0.10823108484718122
17, 2, 1, 0.006281923108509494, 0.1989617834642717, 0.7947538053493837, 2.4880778351420323e-06, -0.5105675761312096, 0.47083963027763803, 0.7142204397757431, 0.16501727266816396, 0.15443752342187614, 0.11071605867288432, 0.0054007278752785885, -0.24789281464639074, 0.07629214479012476, 0.2353916933016679, -0.05498132742463872, -0.0002535437128489429, 0.00011713482739989528, 0.0008153695718219438, 0.04985483453241713, -0.000505017129712484, 1.9772158876519488e-05, -0.0007900760790645978, 0.10823108484718122
18, 2, 1, 0.009182159971093696, 0.19537497061277795, 0.7953900651837252, 5.280423240304213e-05, -0.40764180175244036, 0.6518406715003755, 0.5081905221834966, 0.15259897615478404, 0.20396966250942833, 0.04979920834655882, -0.03814795895330029, -0.24697166624394193, 0.11135715141763572, 0.05180424290921901, -0.10398416847490917, -0.0011786636816184346, 0.0009065882711690451, 2.7089525349233596e-05, 0.05000285172286312, 0.0015188305532870053, -0.0011763627545405538, -0.001957298599938181, 0.10823108484718122
19, 2, 1, 0.009183158389387266, 0.1953734457316753, 0.7953905912305285, 5.280464840890471e-05, -0.4482989192614729, 0.5246283041320743, 0.5931383564908689, 0.08940579702005112, 0.19790061350737603, -0.056801231465019586, -0.09228035136840676, -0.20512780924697407, 0.2442231051075081, 0.33787647142310967, 0.15091881304452162, 0.000689859841491288, -0.00027495316404781584, -0.0010074597718457837, 0.04974624098271224, -0.0014593154891901392, -0.00021883987012756876, -0.0005195671430268812, 0.10823108484718122
20, 2, 1, 0.009183389254823147, 0.1953731456150975, 0.7953906601335885, 5.280499649085431e-05, -0.40736306899667873, 0.45800985730524457, 0.5348753423433422, -0.01691451961575776, 0.09207751546240277, -0.1507643676229241, -0.25151127986681443, -0.32264159425888517, 0.3177813602089501, 0.1825478243021328, 0.05448292712301399, -0.0011863565631997108, 0.00022136633866577521, 0.00029368040432429957, 0.05051147628596372, -0.00032238669568138644, -0.0009709375964941736, 0.0002868081596226887, 0.10823108484718122
21, 2, 1, 0.009183387411635588, 0.19537314611163833, 0.7953906614790972, 5.2804997628900176e-05, -0.5136815634673535, 0.5328953368021738, 0.6109466083460263, 0.005826728487049171, 0.2213167743323377, -0.03940689039038742, -0.21915285280590918, -0.15885654633576596, 0.38839709947272477, 0.2890026318891409, 0.2116268112934379, 0.0008367830835070582, -0.0013832031589489906, -0.000451863767742833, 0.04964545514968381, -0.000902786316328358, 0.0017006651921303712, 0.0011691917699120375, 0.10823108484718122
22, 2, 1, 0.04002257926331916, 0.16301445199372494, 0.7968181528254737, 0.0001448159174821196, -0.5116315780512297, 0.3472210507643111, 0.4814202589104979, -0.001454272153385161, 0.14502016451461724, -0.01402922903028273, -0.06998619783491684, -0.11724879134296529, 0.1742743000038574, 0.1578841373406706, -0.13386880021250266, -0.0018025380579058219, 0.0008050972702126341, -0.0009036826422761792, 0.0483389215719663, -0.0002888148704974937, -0.0011299571765639779, -0.0002710857081933964, 0.10823108484718122
23, 2, 1, 0.04002559516391568, 0.16301032635592103, 0.7968192625249119, 0.0001448159552514125, -0.5168268500367287, 0.407393378621333, 0.6545605539747331, 0.05650702933201653, 0.1567135189785549, 0.024128834413108223, -0.1453905378930963, -0.15027010401811527, 0.385121955809542, 0.4053502034891482, 0.04098484972986597, -0.0006738017088705392, 0.0005148362935097413, -0.001002941524812863, 0.04963806972843031, -0.0005186131600242776, -0.00044501319182067964, -0.00012672822950663686, 0.10823108484718122
24, 2, 1, 0.04030114685058561, 0.1627104567065175, 0.7968435264403808, 0.00014487000251606484, -0.5444616763811119, 0.35715564964879915, 0.4453863851394906, 0.16697984376761238, -0.043865449624269234, -0.2784971355611604, -0.1244098808288349, -0.22316611359251323, 0.39753464649724873, 0.30741596886812517, 0.03208180222248661, -0.0018770749747700425, -0.0005059352867995752, -0.00023437676789947863, 0.05078657329272072, 0.0009087408634734, 0.0001908146917000821, -0.0004565834904533222, 0.10823108484718122
25, 2, 1, 0.040299790762827636, 0.16270995888973805, 0.7968453773814635, 0.00014487296597075376, -0.5167203009447647, 0.6846503272668027, 0.4611124439771663, 0.15195803944488578, 0.12905883928302286, -0.053798855444825947, 0.005749516426234913, -0.15709791803872886, 0.22249619777837423, 0.3519578834107116, -0.11865140872252948, -0.00035186265831065185, 0.0013248751073594268, 0.0007478651557802762, 0.04933750113684175, 5.899455105937984e-05, 0.0007185866445428382, -0.0009984751815631334, 0.10823108484718122
26, 2, 1, 0.040356728306991364, 0.1626468120657653, 0.7968515734514549, 0.0001448861757884753, -0.3545432448463212, 0.5303935515312916, 0.4233986783381999, 0.20236505692786805, 0.12952949403722672, -0.018761608876821025, -0.19708098820464157, -0.49379026784604035, 0.21951969276007444, 0.1739820137485591, 0.004365543162611568, -0.0006455578409511975, 0.00013883799061802755, -0.0012327202086594366, 0.050951475528348764, 0.0002627531328344366, 0.0007923459617261586, -0.001685127275732778, 0.10823108484718122
27, 2, 1, 0.04034611420308469, 0.16264592422406715, 0.7968630510249619, 0.00014491054788619265, -0.39078829997028275, 0.3466172388421044, 0.4275338177518476, 0.10791871307718541, 0.16125658577276333, 0.033673988826391055, -0.03708469962946879, -0.24617469001228773, 0.54949920696003, 0.15437151848640354, -0.009592062879420816, -0.0005744287828055848, 0.00048244013924277757, -0.0006589621865129006, 0.04937235080293421, -0.00016828461186547337, -0.00026586666835250395, 0.00042188612303603053, 0.10823108484718122
28, 2, 1, 0.040910722422423426, 0.16206631655180626, 0.7968780462477191, 0.00014491477805120617, -0.37620893138830247, 0.39038510221919215, 0.4622828626306238, 0.09018892421325414, 0.07688581900627678, -0.12384552392964229, 0.01062992306670565, -0.18884676292375308, 0.24538550879093202, 0.4515964522560097, 0.10605691482469146, 0.001035710944747363, -0.002027683065129788, -0.0018902779211646976, 0.05079912623268814, -0.0009387510434449954, 1.3646864830328523e-07, -2.0220877325540103e-05, 0.10823108484718122
29, 2, 1, 0.03743131956871218, 0.16131818580693666, 0.8009592283181538, 0.00029126630619735777, -0.24106778167650064, 0.5610668882053285, 0.48488594796976986, -0.01146990438163802, -0.03147415959731055, 0.022395872437537732, -0.13145378940507804, -0.21844708423035786, 0.18517396501254627, 0.20554166242007552, 0.013038324640835522, 0.0004625099177109853, 0.0010767526344080982, -0.0007009999115005637, 0.04917287074235538, -0.0006950372179442405, 0.000328670680043234, -7.324286040396365e-05, 0.10823108484718122
30, 2, 1, 0.03743132559942753, 0.16131816836810844, 0.800959239601998, 0.00029126643046601465, -0.48713888632053964, 0.4311142404029785, 0.43714478475853136, 0.13974737769996726, 0.06485021764301144, -0.3422434277494909, -0.3336001674921714, -0.19615662308250298, 0.21770454469602227, 0.2923072930519248, 0.1228190328670736, -0.0007677607546743335, 0.0003867290178732086, -0.00031199404563728395, 0.04933863606709427, 1.0277173460738993e-05, -0.001037362853980315, -0.0014680899033973228, 0.10823108484718122
31, 2, 1, 0.03743128133719215, 0.16131818004613918, 0.8009592692912564, 0.00029126932541230933, -0.5108083258171059, 0.42818524141494774, 0.23844955520455854, 0.021277260465434, 0.11864857254424406, -0.13201276036034282, -0.2041751384389759, -0.061192676902943874, 0.2491138655616707, 0.27962551044542333, 0.19955080290398888, 0.0015498804134656374, 0.0010800754198097532, -0.0007169795705542088, 0.04843758406794005, -0.000698343624613181, 0.0007193620118273956, 0.0011773118428095371, 0.10823108484718122
32, 2, 1, 0.037250190226639175, 0.16134787108037815, 0.8010764732381601, 0.0003254654548224885, -0.34718161388283136, 0.3966512791325283, 0.38889610688523574, 0.10323466421290525, 0.06773839646438957, -0.06351522820800577, -0.14955414164186365, -0.13600992548716126, 0.35674505334675244, 0.08718805092015805, 0.06743744990821171, -0.0006130508144596301, -0.0010637788697756946, -0.0007394505238537558, 0.050756097616472304, 0.0002384790410822672, -0.0008705114087320268, -0.0014967162052487368, 0.10823108484718122
33, 2, 1, 0.03723645879333508, 0.16135062501517197, 0.8010862001132243, 0.0003267160782686988, -0.28335196289987985, 0.4550493580972247, 0.5076214850786263, 0.08810927212573554, 0.10322011148101773, -0.23532299233094198, -0.1061263780916198, -0.16988569326763808, 0.20755739330760242, 0.12355171080865332, 0.18256734018235182, -0.002146848783975719, -0.0014329401679576913, 0.00019073712584063594, 0.04859291090289138, -0.0007847074068094328, -0.0010547216946854196, 0.00014303617828719458, 0.10823108484718122
34, 2, 1, 0.03731686895816036, 0.16125925956440534, 0.8010970985669904, 0.00032677291044388616, -0.5144494102112407, 0.26692578100735276, 0.41138231473402376, 0.12565359735327947, 0.019042320998272032, -0.11709486162446421, -0.0868584775408042, -0.4005278630992602, 0.22978364233798848, 0.21481746048383377, -0.05108740081181971, -0.0007130344586876189, -0.001387607394311987, 0.0001299382519258146, 0.04971441003342203, -0.0014857760942042983, 0.001540700032528951, -0.00033722738924650114, 0.10823108484718122
35, 2, 1, 0.03731501031456428, 0.1612570257259413, 0.8011008321449105, 0.00032713181458394314, -0.4437013722463129, 0.4768678216461109, 0.4435925210292112, 0.2736962234719108, 0.1123738569145903, -0.1291438575691355, -0.19118327207728844, -0.19793218379943964, 0.24792174542317622, 0.15705370508307004, 0.058553163688652134, -0.002502354380605954, 0.00044154507767332253, -0.0010534174881539292, 0.05164830951923066, 0.00033284206377514805, 0.0027493056867809286, 0.000517051926011192, 0.10823108484718122
36, 2, 1, 0.04143090687763751, 0.15640910200996255, 0.8017535905171422, 0.0004064005952577897, -0.3504036944088539, 0.2739782071092739, 0.37188476350628, 0.21345373218270272, 0.1486170338583666, -0.07710630234239849, -0.056046013353316326, -0.20800891734645824, 0.10829168315991693, 0.1862526925187822, 0.1015449985201741, -0.0010829800046391496, -0.000727426259817874, -0.0004794111180703391, 0.049652789632671446, -0.0002526019489142143, 0.0014735738105894915, 0.00012355173417460865, 0.10823108484718122
37, 2, 1, 0.04143052386494376, 0.1564091286742015, 0.8017539460012673, 0.00040640145958753093, -0.5012621065063009, 0.3372941867080067, 0.452891825953288, 0.1506525480651119, 0.16709370534305573, -0.28867585247397487, 0.0008900120690412905, -0.22513083768395173, 0.10053660688442982, 0.33756404915881344, 0.06572705189757908, -0.0001816647124931688, -0.0008859191195491453, 0.0008073601217144259, 0.05154645142280987, 0.0008324648630346103, -0.0003604127460694328, 0.00013699390987076396, 0.10823108484718122
38, 2, 1, 0.04143061081924511, 0.1564090198353576, 0.8017539677382713, 0.00040640160712597674, -0.2740798883476375, 0.3256326790973853, 0.36847317155423587, 0.1595038617992507, 0.13415065231708057, -0.20689442135635866, -0.26272150848749376, -0.3285144605326284, 0.0957072459039714, 0.27438322593954356, -0.08591240819429075, 0.0001053210858771324, -0.0003267716207170966, -0.0013241817137106063, 0.049621559402901035, 0.0009819122654026729, 0.0005521238814716697, -0.000938131403667469, 0.10823108484718122
39, 2, 1, 0.04142929093684814, 0.1564093727002875, 0.8017549274903973, 0.00040640887246680277, -0.27603367930914596, 0.35213046082932703, 0.2616141195399938, 0.15753743659298747, 0.10065233711805115, -0.24284527720485047, -0.012113225613379307, -0.132841715514742, 0.23075440035675793, 0.37006948271037654, 0.06683778689494935, -0.0015970427212311888, -0.00010999282870348748, -0.0006219045685318082, 0.050303489050953755, -0.0003656835586363877, 0.0005193886777414344, -0.0016714828835368786, 0.10823108484718122
40, 2, 1, 0.04122348867163794, 0.15646815845047815, 0.8018866305472481, 0.00042172233063589407, -0.311164951491804, 0.32286950452185037, 0.4281177768848937, 0.09719021285246636, 0.02251717810921199, -0.10730280206356098, -0.13846190621315127, -0.23175675689379188, 0.20293255075577926, 0.18287969813137334, 0.18918340059269828, 0.00016837336031818117, -0.002168930888943332, -0.0009575430265680472, 0.050992806304241176, -0.0007422923868715029, 0.00021177233628244383, 0.0009363738789455482, 0.10823108484718122
41, 2, 1, 0.041237977490688686, 0.15644352101768075, 0.8018947252885968, 0.0004237762030337903, -0.19700003901722635, 0.3451437415463301, 0.27267675137078795, 0.05813176805595029, 0.22958962715008804, -0.003125744407894593, -0.1974437989426423, -0.20951441293006262, 0.17167021867310678, 0.1860413651747305, 0.07516469790760023, 0.0006295634711784479, -0.0017268081368106741, 0.0006410378538114446, 0.04974642730037086, -0.00042796302386332116, -0.0027128660808055953, 0.0007082362647232993, 0.10823108484718122
42, 2, 1, 0.04118158775683706, 0.15642341023938444, 0.801969867357638, 0.00042513464614047833, -0.11481133167959875, 0.6148211278100019, 0.5324498283404796, 0.02496406847435596, 0.05627348679056623, -0.12632872457375038, -0.17975856348587715, -0.1794073766118327, 0.1551952710101259, 0.2256941025821805, 0.04580715243222276, 0.00010816792319887146, 0.0009846459595671052, -0.0013093251199831494, 0.04965749140751798, 0.0005318339367381851, 0.000473460010164453, -0.0008917059878209345, 0.10823108484718122
43, 2, 1, 0.1308223002819478, 0.056375646714398674, 0.8095971050592038, 0.003204947944449722, -0.12143788209007411, 0.4200220280528531, 0.3145014442639163, 0.037340160007216704, 0.04263458108131128, -0.08745157767803258, -0.19372516426638584, -0.2720847097056195, 0.10793116040333632, 0.10865423182767867, 0.01876425841508681, 0.001307577185598218, -0.0014902194431092102, 0.002198344908576241, 0.04961927033553895, 0.0021591336046510126, -0.00026934256094485046, -0.0011138796258797757, 0.10823108484718122
44, 2, 1, 0.1091463929225407, 0.05571944930091744, 0.8283279428973406, 0.006806214879201248, -0.37671666791023484, 0.4169548025275819, 0.22428252564211743, 0.045947678736843064, 0.12433553546640796, -0.014666694410230618, -0.04249190358869494, 0.05902072333529831, 0.04816249956076433, 0.17351103079248237, 0.03624459215878593, 3.8650548017798036e-05, 2.3449827403183188e-05, -0.0013466445934359826, 0.048196848831326466, 0.001075358734032254, -0.00022084720596472234, 0.0017675584459033561, 0.10823108484718122
45, 2, 1, 0.10913901839165367, 0.05571307279856256, 0.8283401273220241, 0.006807781487759695, -0.2913517007178895, 0.3426596226675978, 0.3202438227178702, 0.02678841229178829, 0.1702232126470143, -0.10459241213517097, -0.13537420392420563, -0.34685427174379546, 0.15799034330935768, 0.13238143405198222, 0.14149357033349086, -0.00033320637144074145, -0.0008155258770423966, -0.0004288753911122557, 0.051539800723251004, 0.002227287072438103, 0.00023127704502242625, 0.0008038041099222707, 0.10823108484718122
46, 2, 1, 0.10934990714983533, 0.054874217053185737, 0.8288631527845888, 0.006912723012390216, -0.35801150876909765, 0.2574288798386473, 0.24856887853507814, 0.08665524657406613, 0.1371175026566002, -0.014073939594264206, -0.12534463368487642, -0.1845290473689566, 0.056449767819282945, 0.18233896419411916, -0.057347738835257366, -0.0005221159539062318, 0.00017469139686019196, 0.0006099492638386246, 0.04893869673467898, 0.00047765319434376724, 0.0012358141425715904, -0.0001239538826947841, 0.10823108484718122
47, 2, 1, 0.10373453849362609, 0.05617558464530748, 0.8328011878752694, 0.007288688985797122, -0.3787549885109204, 0.2841855421450594, 0.4601567849937086, 0.10337300502434879, 0.26226175057344686, 0.024521218849053693, 0.005734225173788321, -0.1692341347860227, 0.15463585130513996, 0.13173708114870858, 0.02223513176473683, -0.001318178531932315, -0.0009225837352533102, 8.295922131089783e-05, 0.04957150130732089, 0.00035031454513247807, -0.0005205678134808194, -0.001025805631976135, 0.10823108484718122
48, 2, 1, 0.10373453633572975, 0.05617513053528598, 0.8328015272894667, 0.007288805839517411, -0.37235375894827455, 0.25452861272774896, 0.34598047566705126, 0.07823202160810727, 0.16599148959039606, -0.06689948405312451, -0.37240484343793023, -0.10863578065011362, 0.03062698284623939, 0.11021644323503713, 0.08937611445271144, 0.0004644464201313312, 4.231935238686355e-05, -0.00019948863062266815, 0.0498027355567673, -0.0011996515511511617, -0.0006154238857639751, -5.110022138215784e-05, 0.10823108484718122
49, 2, 1, 0.10373739371658447, 0.056171749618509806, 0.8328020453464645, 0.0072888113184411294, -0.18481332844779907, 0.24455264438146176, 0.37262667795814497, 0.026226756892888937, 0.13338194161378525, -0.08832381565835352, -0.22246662309441995, -0.1704928193007661, 0.12800090249997148, 0.33059506833534835, -0.13037231621934556, -0.0012769988548733035, 0.0008452056937784918, -0.0001471298110184935, 0.051959799783968044, -0.0005269384687361298, 0.00041479723141880584, 0.001315033185374803, 0.10823108484718122
50, 2, 1, 0.1013475841229479, 0.05629536984804869, 0.8345320697869545, 0.007824976242048887, -0.15060933109166638, 0.24942877931668747, 0.3207794712036729, 0.006194098729310471, 0.16436700914916016, -0.11294804653965448, -0.08456642130451705, -0.025294426145689573, 0.050062775121555915, 0.16782713313766284, 0.09431372284533929, -0.00022735364295974736, -0.00044249726173160707, 0.001537546753079354, 0.049102405774218566, -0.0005432626023053356, -0.0018711082176101374, -0.0010632513882600045, 0.10823108484718122
51, 2, 1, 0.10125617270855018, 0.05630762913458143, 0.8345843223355559, 0.007851875821312564, -0.4527639650629042, 0.3844836919091981, 0.2381026161062975, 0.08327623358453776, 0.031501432926090076, -0.1962558307723024, -0.11203778972131281, -0.3005928078204133, 0.05446582785685805, 0.051875668888075155, 0.07486059814956338, -0.00034398968572291053, 0.0019370094959568283, 0.00029622454942419775, 0.05074662749885409, -0.0007781122776961652, 0.0007194903610862286, 0.0006200610034909862, 0.10823108484718122
52, 2, 1, 0.0485947595678105, 0.06710410974719096, 0.8730722111510479, 0.011228919533950511, -0.26924377593948423, 0.4096505681241996, 0.36563289112078806, 0.3269203425983114, -0.040937777640305706, -0.07942473831569682, -0.030928628819304426, -0.1362811754042255, 0.12447149413506087, 0.21342710624463015, -0.04106695023517618, -0.000266973494423553, -0.0006012364728184461, -0.0020793595403115874, 0.04839178207343012, 0.0006745789170833703, -0.0016709249110992783, 0.0008153972763356757, 0.10823108484718122
53, 2, 1, 0.057871739646198454, 0.05682623210422429, 0.8740009378826853, 0.011301090366891961, -0.3250170678643905, 0.29762338041081804, 0.44021661292828257, -0.02081601381990681, 0.18061772954621752, -0.1152867985826486, -0.10146659572101555, -0.1533677467285882, 0.10865973655517518, 0.17829362210528193, -0.0665681019501481, -0.0004721098380776575, 0.00044475168695708704, 0.00014603388122920967, 0.04871045426698434, 0.001097352664945231, -0.0004583446181458528, 0.00017309250051032922, 0.10823108484718122
54, 2, 1, 0.05785432301827452, 0.05682144859971998, 0.874013503361939, 0.011310725020066581, -0.3443581992561249, 0.3353522810408289, 0.35931941543984863, 0.11165873703205462, 0.13530265876076025, -0.24924639644839494, -0.08841077915353854, -0.12713680797566568, 0.17662806159962932, 0.053567130716749366, -0.04697868525007842, 0.0012732209144166687, -0.0011137972024338875, -4.311676060085223e-05, 0.04898265664690622, -0.0005091084435719696, -8.701021519555605e-05, 9.360072931543046e-05, 0.10823108484718122
55, 2, 1, 0.07705996941605701, 0.045350774777491804, 0.8593258108825395, 0.018263444923911753, -0.14714851202181073, 0.21468393228918278, 0.09051709300380062, -0.15740974764821705, 0.03266830404826702, -0.26017585224180706, -0.13220761171801987, 0.0233749133969293, 0.07760597109095649, 0.03212097349701306, -0.07080520707306709, -0.00018007114339048082, -0.00038546301441798753, 0.0008886142529486125, 0.04989135562970472, 5.0291494118110425e-05, -0.0008547839097896035, -0.0009745445403998472, 0.10823108484718122
56, 2, 1, 0.014891196389198835, 0.05614984082484891, 0.8899379031201534, 0.03902105966579884, -0.1694262074475037, 0.2674728318413263, 0.3103409925827139, 0.13102954059472047, -0.0012375612526781764, -0.0635543653009492, -0.05929720670160511, -0.2224858865409808, -0.0339647908722446, 0.017559858358133295, 0.04804703857285856, -0.001187110129961443, 0.001712882626403505, -0.0012706124639817221, 0.04802602275767871, 0.001312606077369266, 0.0011790496663946497, -0.00031247937662645854, 0.10823108484718122
57, 2, 1, 0.014896050869848373, 0.05613878985583796, 0.8899431313861323, 0.0390220278881813, -0.13099340056025507, 0.15866801916976744, 0.3328982550545926, 0.1426492784760768, 0.17968161593500515, -0.017447380074593833, -0.2716814481937562, -0.34869122033485844, -0.03421860724244239, 0.05405561007950738, 0.19783115001374896, -0.0004483103828106389, 0.00024660806252258487, 0.0005225562380564668, 0.05001180902022338, 0.0001720550356201622, 0.0010445635245802385, -0.0001584583702000368, 0.10823108484718122
58, 2, 1, 0.008539387468330972, 0.055093076045610034, 0.8950128303760883, 0.04135470610997079, -0.14241049943633927, 0.3519072321365388, 0.3044327955913714, 0.10755410176799152, -0.009906448073366648, -0.008715519101775482, -0.13541363570683124, 0.014163044905689004, -0.06599793415743475, 0.09760425431682695, 0.10471421202714555, -0.0008607279580176548, -0.0003857014572187227, 0.0004981262919865687, 0.050118469226880916, -0.00040204950267476696, -0.00022273682147480215, 0.0026526036911371214, 0.10823108484718122
59, 2, 1, 0.008615663342005407, 0.0550025571188158, 0.8950233910151565, 0.041358388524022356, -0.2578136257555994, 0.2312024481499991, 0.44536738375411067, 0.2368908358979766, 0.09686090675591094, -0.03603192901956674, -0.2313216496565837, -0.07345372889176574, 0.2587917703193433, 0.09716455149436694, 0.04600472100963683, -0.00013657083975456244, -0.0011196437094870045, -0.0005966344065348163, 0.05020453073720138, 0.00023800078708834018, -0.0014560075651851774, -0.0008254458629351058, 0.10823108484718122
60, 2, 1, 0.008831358690826772, 0.05463482891590286, 0.8951527597098888, 0.041381052683381436, -0.24009186809967886, 0.07880667489897135, 0.37187218319400805, 0.1233427300157977, 0.19264941779785824, -0.1853808812376833, -0.001216801864580952, -0.13767007745231968, 0.11795113018075143, 0.15532495037174565, 0.058661675714708615, -0.0006888038708947165, 0.001009803065654831, -0.000963050391164741, 0.049282829477956994, -0.0030074207601050286, 0.00014007733947577595, 0.0003504444675477115, 0.10823108484718122
61, 2, 1, 0.008767175518959029, 0.054634854350276235, 0.8952004298424151, 0.04139754028834959, -0.2253841408032391, 0.16825189494759485, 0.20019134142189512, 0.0999556420424027, 0.1375907629072464, -0.15717647895772588, -0.09959398627207565, -0.09260075850646955, 0.13541998494673096, 0.1965853976131441, -0.009959845063247732, -0.0005121972998871481, -0.0007136913502647028, 0.00011318670447423192, 0.05000505911122277, 0.0008256241515653209, -0.0015763679915247152, -0.0012683844590763633, 0.10823108484718122
62, 2, 1, 0.00799377790869004, 0.05463976269000953, 0.8953241056900767, 0.04204235371122377, -0.22420468200909416, 0.17111474046217331, 0.20153459711858596, 0.1029951914337737, 0.015499595824385703, -0.16698801038414204, -0.10232248481833037, -0.08005515130508459, 0.17742626081594107, -0.0023440145819199286, 0.08578745381227243, 0.00039016186180370054, 0.000613988789163062, -1.240183195094999e-05, 0.0507822295614553, 0.0005380716878023541, 0.00023500172552029145, 0.0009411466878390277, 0.10823108484718122
63, 2, 1, 0.007993796816080867, 0.054639808092848026, 0.8953241457452915, 0.042042249345779714, -0.09245996761486408, 0.34932320240635056, 0.06111661003795654, 0.19052780364119526, 0.18523043152469937, -0.23998547571603254, -0.39081207261258133, -0.18941997216746714, 0.025503619142969124, 0.12048907723264153, 0.10653877389757656, -0.00018892027341867553, 0.00048313958915873503, -0.0007676939771753849, 0.0504333558273591, 0.00024674036659707573, 0.00031903611042805643, 0.0007299289273616593, 0.10823108484718122
64, 2, 1, 0.007468393204231188, 0.05475316156970879, 0.8956897377289593, 0.04208870749710064, -0.2948139359675427, 0.30091752991344056, 0.17039021309708902, 0.10643022801338256, 0.15656100022091965, 0.010098163741656906, -0.05439564392828038, -0.15757129713455909, 0.07318308519366282, 0.22922992631823283, 0.037704839585021965, 0.0012234731874175438, 0.0014799783680846247, -0.0009788687377415535, 0.052130261233037614, -0.0011658452583254626, -0.00028501025185491446, -0.0020095489979118737, 0.10823108484718122
65, 2, 1, 0.02926141270075615, 0.025976034715563662, 0.8980538740996019, 0.046708678484078295, -0.16694350748031672, 0.25689619415735365, 0.11965537022344361, 0.1468336616501783, 0.06700140512803607, -0.03961638996084742, -0.1948552872487245, 0.05313649539111329, 0.20980590920093417, 0.019154902095731473, -0.04979891393616877, 0.0005069391301280741, -0.00038289611817142417, 0.0019650436537108724, 0.04784257090223122, -0.0004687838869802806, 0.0011716142772650222, 0.0013296324267567635, 0.10823108484718122
66, 2, 1, 0.029263060965560642, 0.02596914783125879, 0.8980563734343842, 0.04671141776879641, -0.27751974128175666, 0.3515071692595188, 0.2285799062277709, 0.16718132717185036, 0.20886006867981138, -0.2395351140492017, -0.12560832697435356, -0.13286426133336665, -0.017438021175235296, 0.06754082189754876, 0.16372979467145227, 0.001105238327119527, -0.001448854367701763, -0.00045408428359857545, 0.050562148747393745, 0.0001811562115946389, 0.0010065387224007986, 0.000842511373186504, 0.10823108484718122
67, 2, 1, 0.028997239097865137, 0.02599309109412741, 0.8981652267223047, 0.04684444308570284, -0.2841858634457248, 0.0947567963942179, 0.22265725100952527, -0.033032464378159584, 0.11032545085634934, -0.0037063277180712007, -0.17098488575168572, -0.00342089502529197, 0.19158857949658775, 0.11466781511004223, 0.05317599765225965, -0.0011422451130851852, 0.00026908975443509103, -8.031480487566024e-05, 0.04998270013280095, 0.00047197442519835515, -0.0007878493973743602, -0.000714398049488617, 0.10823108484718122
68, 2, 1, 0.027473312411488975, 0.025711674347793236, 0.8991059404886541, 0.04770907275206361, -0.2974344887125113, 0.18925573070085497, 0.2879237090143061, 0.13435199541193243, 0.22251805836247449, -0.033608148984448194, -0.025735970444370204, -0.1239321670956329, 0.08140252868776363, 0.05409636803980282, -0.040643760468867585, 0.00015159722053786708, 0.00026683651325223515, 0.0007374807691184937, 0.049154394558888724, -0.0008798088791753215, 0.001383249367905078, -0.002093915594133391, 0.10823108484718122
69, 2, 1, 0.025199006402687563, 0.025039915717349707, 0.9000388393878901, 0.049722238492072676, -0.1629603427729417, 0.08787459292843547, 0.36454074472674797, 0.1637019756071526, -0.003650300690092889, 0.05482298936909287, -0.2607279328326295, -0.08069123068253298, 0.07470793716939902, 0.03720432120449019, 0.10878368603409354, -0.0012370880100043714, 0.0011701205074858554, 0.0009394991819161706, 0.049795794851232804, -0.0009769766275346768, 0.0003766712253134335, -0.0008913188417723572, 0.10823108484718122
70, 2, 1, 0.043957024412875745, 0.005103744616703521, 0.9011581657523674, 0.049781065218053325, -0.23872669312171166, 0.26764597209834007, 0.17180195513956892, 0.03501912978427278, -0.007420741273322084, -0.19566227823177168, -0.12703313292179355, -0.2802860203723234, 0.1619657121779939, 0.2355684848797975, -0.08548362740282434, -0.0011891767056182293, 0.0003526486573060682, 0.0012847329894845557, 0.050620996304446185, -0.00012116667114927266, -0.00026699087313997443, 0.00046091304572690444, 0.10823108484718122
71, 2, 1, 0.04449770083761241, 0.0051284393413910286, 0.9003684434959778, 0.050005416325018814, -0.012830093498845318, 0.17575682383969654, 0.24385374313912692, 0.14902734720651675, 0.19332792439647475, -0.13646321524798347, -0.17892664292506572, 0.01220981154637366, 0.04374109866857813, 0.06017905417733589, -0.03873404499861464, 0.0003083882782113522, -0.00021212582988255506, 0.0009929437641224945, 0.050319476843436885, 0.0008883898471795645, -0.0008287634097330504, 0.0002534718327101452, 0.10823108484718122
72, 2, 1, 0.044497711922371896, 0.005128442387595381, 0.9003684232691598, 0.05000542242087301, -0.1255950600938198, 0.20753091937165896, 0.1718802729913072, 0.12530432830502944, 0.024675127068926904, -0.07693466813247458, -0.38918571385226897, -0.08506404118213512, 0.2830134978017137, 0.08262719632133714, 0.09024721212022348, -0.000280801810095475, 0.0003441808569163429, -0.000605508609512864, 0.050318669257570746, -0.0009986748041260307, 0.0013846773154691015, 0.0007646831978867536, 0.10823108484718122
73, 2, 1, 0.04449766864823666, 0.005128442968809113, 0.9003684485081322, 0.05000543987482206, -0.3419317564507119, 0.31819006044308784, 0.2502219781805307, 0.20411073462032142, 0.21854075831379677, -0.15208360381926325, -0.20145253814758163, -0.2094827996767489, 0.19331328524380176, 0.1020004207346201, 0.05913187906147012, 0.0001192222672083872, 0.0018053029142489137, 0.0002494784265398079, 0.05012032022060399, 0.00022969299630048475, 0.0005202651119931306, -0.000993083762234946, 0.10823108484718122
74, 2, 1, 0.046466079991795896, 0.004404567595046048, 0.898825286151506, 0.05030406626165217, 0.00960079924869881, 0.33307502461337074, 0.14023685817952297, 0.1876597129252044, 0.1080938297372924, -0.17120825175106152, -0.08360601675277812, -0.09682024104610656, 0.1480305054447466, 0.11157061066511406, 0.039377591584299966, 0.00031401378747738623, -0.0007112402824061429, -9.678123044381727e-05, 0.05060252372646081, -0.00044216423741560995, -0.0012134238305173868, 0.0012499552748807237, 0.10823108484718122
75, 2, 1, 0.051363855912981225, 0.002843400549219831, 0.8941206735442581, 0.051672069993540924, -0.26966864344719493, 0.18627901110779593, 0.10846831328172982, 0.18153154686002343, 0.035844629018175436, 0.017398348792217733, -0.06748445440946377, -0.13802502898442306, 0.05093716153379453, 0.05100332513663584, -0.12474000608488307, 5.420012516908598e-05, -0.002202138699965877, 0.0008987485653809647, 0.050336099592389626, -0.0013286646338902385, 0.0016686263286972204, 0.00045897022513938294, 0.10823108484718122
76, 2, 1, 0.05141344782473208, 0.0027761047473667823, 0.8941354885404523, 0.051674958887448746, -0.2844574195727282, -0.051145022267070114, 0.18142302243202385, 0.18136434433672224, 0.1465678873710616, -0.2141217524831629, -0.10348855106915134, -0.22372719558222864, 0.1440247664045494, 0.20675852479111917, 0.10864212351873612, 0.001019092572042694, -2.5975623803446863e-05, -0.0013012721314448025, 0.050129955001369, 0.0008368850021927445, 0.00013375280223815042, 0.0014655919691739573, 0.10823108484718122
77, 2, 1, 0.053053409510210356, 0.003638724528555488, 0.8914296349699488, 0.05187823099128547, 0.01459425304042734, -0.012722460373382228, 0.08857797215346755, 0.03777438925521287, 0.3268065688093691, 0.004628023820169735, -0.20415506130447017, 0.10699152956485292, -0.021669956062400374, 0.206847312378288, -0.015751351522597917, 0.0003628675663911871, 0.0005187975005119039, 0.0010358705767196988, 0.0509978734778338, 0.0017912673545634802, -0.00011384435720885558, -0.00016625956522846409, 0.10823108484718122
78, 2, 1, 0.05305481708909459, 0.0036425990244454455, 0.891412403814396, 0.05189018007206395, -0.12361384911149857, 0.22713854667475109, 0.009868859317648648, 0.2358482558601737, 0.32292886226082484, -0.1416590406446668, -0.2844767272738017, -0.16503699684868342, -0.00866930114768837, -0.005871343944293584, 0.033509192530069606, -0.0017946420121952868, -0.00020691368652926275, 0.001548225660496643, 0.050185482903061206, -0.002314823210029597, 0.0019429446607555241, -0.0019894591079731897, 0.10823108484718122
79, 2, 1, 0.052870246778157076, 0.0036883471364578787, 0.8914510043091949, 0.05199040177619016, -0.08325817381248843, 0.00663987532954331, 0.3010271059565177, 0.06907555770710634, 0.15691242820881973, 0.07167407147121743, -0.23293557914907673, 0.06854914400711841, 0.07846688482664896, 0.1109554863565082, -0.0023332010319613377, 0.0003730093103679349, 0.001251961972758659, 0.000536829223486082, 0.05031194923942363, -0.001569781169340674, 0.0009716711092521393, -0.0007601328906947024, 0.10823108484718122
80, 2, 1, 0.05288585874540964, 0.0037242418571137763, 0.891173757010007, 0.05221614238746968, -0.16535524637662571, 0.14745512228351482, 0.23015750218085068, 0.10142329344314963, 0.26991581928902936, -0.2208541575307909, -0.07548187084412798, -0.054709576924637224, 0.00020267857887831253, -0.041332524739621054, 0.2007796814864004, -0.0006441621710280431, -0.001574219371271389, 0.0008565615351739629, 0.049527419523725705, 0.0010885953667310769, -0.0004305704626865421, 0.001818111630877486, 0.10823108484718122
81, 2, 1, 0.0434183672967287, 0.01993524997627517, 0.8633786269060391, 0.07326775582095718, -0.12813346278025045, 0.03478178528610913, 0.13564999636034064, 0.02041427340016917, 0.11277022654472797, 0.014614231247141184, 0.0542217566226673, -0.029791813003031797, 0.0645469254432944, 0.06900399390031806, 0.0702062518040433, 0.0003624483317934297, -0.0018602014417697735, -0.00018996487451561768, 0.05099999335305032, -0.0005464775703901277, 0.0022757271157100066, 0.00010583607787044331, 0.10823108484718122
82, 2, 1, 0.043654285830378184, 0.01966557069288463, 0.8633317998497463, 0.07334834362699075, -0.175196439340665, 0.2472783429784796, 0.14736345848232682, 0.06354692190466289, 0.15584545461084603, -0.12367421835002068, -0.10947933633130354, -0.23056677007589993, 0.06348085697815556, 0.08172247342749407, 0.07893331450525326, 0.002768278169409651, -0.00011003729582076206, -0.0007059917995749898, 0.04992750318905849, 0.0006997481782536491, 0.0004894932041935986, 0.0008404963934339753, 0.10823108484718122
83, 2, 1, 0.1951858970541756, 0.0022458793050047954, 0.7288696732300683, 0.07369855041075128, -0.15833197516426697, 0.08540877769544913, -0.015272948257499674, 0.18533540839387086, -0.029318010958293228, -0.08179833283964463, -0.10063674304504877, -0.18537837600450277, -0.1816928977153465, 0.10395725266442297, -0.10400771054585815, -0.00016293353074138198, -0.00042172584082897336, 0.0013950587783526053, 0.049472675414498374, -0.0007028175895521367, -0.0003731702871603767, -0.001115843381434719, 0.10823108484718122
84, 2, 1, 0.1951646242045157, 0.002264135831460204, 0.7288116277513977, 0.07375961221262643, -0.1797335465817865, 0.026594797168826134, 0.1664861910192639, 0.006846570156571641, 0.1899213956282777, -0.01577999176720064, -0.1645550474119694, -0.11622474981761237, 0.09357627631216786, 0.137100594781911, 0.10510630172691138, -0.000868898374125752, 0.0007382045408919826, 0.0008363017569194357, 0.05136201003223108, 0.0007547847085755604, -0.0004558273406684452, 0.0008300741154530224, 0.10823108484718122
85, 2, 1, 0.15837928613242308, 0.011364625913835974, 0.7558888005486536, 0.07436728740508732, -0.20655973779712547, 0.2178581686222092, 0.1332750046849698, 0.2765774220643317, 0.10857213327571333, -0.14424730966452026, 0.007393641484404667, -0.13612172244078855, -0.016794599078963877, 0.2780304510674575, -0.012981203215249168, 6.796184368927308e-05, -0.0006454106400894617, 0.00010125158848415866, 0.05004649205416527, 0.00023123228259372847, -0.00033747811597285854, 3.706735632400146e-05, 0.10823108484718122
86, 2, 1, 0.042082889490689536, 0.031301060224512546, 0.7277070338920691, 0.19890901639272876, -0.04037100008582434, -0.023738866485991862, 0.09570952717696087, 0.18441528219969922, -0.05800641910385933, -0.06507601438970564, 0.011988659269235868, -0.10015308878254217, 0.098655016490187, -0.06550284088081619, 0.1780945808584799, 0.0007843115352424377, -0.0002453625246867913, 0.0008181535691196998, 0.04812754949410661, 0.000885512109803485, -0.002007475883220584, 0.0002990467375021134, 0.10823108484718122
87, 2, 1, 0.04218673664328004, 0.031140617850547416, 0.7277446440858455, 0.19892800142032707, -0.3803553907288411, 0.04955194967403187, 0.042519419057084916, -0.07945508430560604, 0.19614165352729715, -0.07690710825969718, 0.10546286367757167, 0.0012596082905151796, 0.1042355190391339, -0.012314849084807988, -0.08725140000060967, -0.0019243088862062117, -0.0014485168820907927, 0.00018705815734969435, 0.04928611517819904, 0.0010757690734600515, 0.0007711013512813693, -0.0019436799189149242, 0.10823108484718122
88, 2, 1, 0.14364900508261455, 0.007037128987103941, 0.6496317827363245, 0.19968208319395706, -0.11135875528143391, 0.1372049194687927, 0.05532449020843799, 0.07403050450119263, 0.027021285055088363, -0.05031516866885074, -0.13462173224958032, 0.05780502318267777, 0.01394670110967059, 0.2744302534683625, 0.008173842797221487, -0.0006408806358040903, 0.0006282889564151843, 0.0003079539832536939, 0.04932269023059708, -0.00014199340875230268, -5.7689871631700264e-05, 0.00131106791724687, 0.10823108484718122
89, 2, 1, 0.14725831351062665, 0.007466286582425768, 0.6443177609822577, 0.20095763892468996, -0.0992676804359546, 0.1531504187478033, 0.05627676240632742, -0.1415259361786675, 0.22331911263956453, -0.24066100570369472, -0.09094839646125388, -0.1342159006952195, 0.07877345084974544, 0.07966004060024737, -0.12627689831183792, -0.00047119024018484057, 8.236204499024021e-05, 0.00024949384983150903, 0.04871964964635432, 0.0005405628560939417, 0.0021368079921964414, 0.0002238569221657881, 0.10823108484718122
90, 2, 1, 0.147256997515028, 0.007466981924423495, 0.6443167046108009, 0.20095931594974759, -0.28921884531587533, 0.018640078083315026, 0.138608926555067, 0.1597174668196125, -0.10569035624501413, -0.04951202697464084, -0.3353918146113928, 0.04714823282981001, -0.018933108581878168, 0.016891510311429957, 0.24999369501696195, 0.00014391237631756432, -0.0007926153108261643, -0.000551126818070128, 0.04884924693822473, 0.0005398930108962962, 0.0010951224366043289, 0.0019669485819454957, 0.10823108484718122
91, 2, 1, 0.14733044949658106, 0.007483798173747901, 0.6441378430372808, 0.2010479092923902, -0.20862581701788202, 0.1291425060070029, 0.13981513530746964, 0.11008499327910808, 0.13257750319920822, -0.20094097073294925, -0.17314591116579323, -0.001736240594757954, 0.16204334721171906, 0.06352433906972194, 0.07985563995967031, -0.00033331895625741644, 0.00018619930240374084, 2.714677178775197e-05, 0.05102304527757641, -0.0014896395275672005, 0.0007200705632227429, -0.0003109800997868321, 0.10823108484718122
92, 2, 1, 0.1205851672895311, 0.017946445076784216, 0.6549798324386693, 0.20648855519501536, -0.21773661983657044, 0.1213061007536266, 0.014631858353987592, 0.17871114010866532, 0.016203477179562054, -0.21885200011723227, -0.01062964509364448, 0.1334709732064158, 0.03686764673801984, 0.02904663625294538, 0.1609538974606476, -0.00042079597974742567, 0.0004976839720502194, 0.00012039598741428346, 0.05092243140655277, 0.0010980308244279073, -0.0002929718206928846, -0.0009854602467248323, 0.10823108484718122
93, 2, 1, 0.1668426104996497, 0.014206376253843411, 0.6123353603014928, 0.206615652945014, 0.012857844130042284, 0.08482505469635752, 0.0813966728206059, 0.05364660924883182, 0.17150289855948178, -0.043405118644178085, -0.15272452176045817, -0.0779354361145489, -0.0460997640096637, 0.2651506493241413, -0.19324713650079964, 0.00022129511747377055, -0.0008516738293812096, 0.0007735699231328015, 0.050266119431804354, -0.0005042209828274179, -0.0011529516227009855, -0.000363174610353927, 0.10823108484718122
94, 2, 1, 0.16748720944009662, 0.012895966128566447, 0.6128090542553484, 0.20680777017598856, 0.09969929632549107, 0.17754447469169374, -0.04201364555803163, -0.005374556100058681, 0.08267850362809057, -0.17850496814548572, -0.27258273332656835, 0.019363036697231363, -0.10817071044389048, -0.06804289607223464, -0.03300790668847535, -0.00011371293351137657, 0.0008062504372547661, -0.00016960661370321242, 0.04857626577214123, 0.0011636536608877089, -0.0009616362620917997, 0.00021242412521228516, 0.10823108484718122
95, 2, 1, 0.17283896471567395, 0.013707624801856427, 0.606508985411125, 0.20694442507134475, 0.07595939399761228, 0.11795219335316358, 0.11984456779037081, 0.25128557049434413, 0.14659764150459967, -0.12691271187090444, -0.061086620861828825, -0.07778329967764538, 0.07675352152052863, 0.27350545524099074, -0.01756025656720462, -0.00036290036063752113, 0.0005643433811648454, -0.0010728168488931546, 0.0489715322929411, 0.001309361104146718, -0.0007814406973248634, 0.0015873658578796003, 0.10823108484718122
96, 2, 1, 0.17283900272553873, 0.013707667306656622, 0.606508882568035, 0.20694444739976967, -0.13366655890218904, 0.21453347928097183, 0.050570440777059536, 0.04954391034251081, 0.16306809007245937, -0.11498999470395262, -0.3585237385488311, 0.17168599036055363, 0.10165049273415576, 0.04531069237537968, 0.1605093770785594, -0.00021424523122365197, 0.0006118547638302248, -0.00022482099164084692, 0.05020439300070646, -0.0008260762008167565, 0.0006047267616961381, -0.0003380264633899992, 0.10823108484718122
97, 2, 1, 0.17520638197155178, 0.0138731956634389, 0.6036574402152719, 0.2072629821497375, 0.05779790084800178, 0.08940554840727911, 0.09289340753285157, -0.06097229518653171, 0.11563486595639164, -0.11440357617510118, -0.2330790280450176, -0.020053772232145814, -0.17796340604661456, 0.021808313567805035, 0.06266007720065049, -0.0007693727128494892, -0.0010485473254701022, 0.0008723737012371931, 0.04761683211257852, -0.00033509305496683703, -3.712080755124205e-05, 0.00044654395989713594, 0.10823108484718122
98, 2, 1, 0.17594489535823443, 0.014056299244294124, 0.6024546877104424, 0.20754411768702904, -0.14348755129208843, 0.11957484399888141, -0.06560770597176609, 0.06181912641456002, 0.08816321034365793, -0.030860717835600404, -0.1636317650645673, 0.0638513914460307, 0.07825299842721957, 0.03778017162197993, 0.05486284034018285, 0.000396258859930821, -0.0002925831491018191, 0.00037000972310273294, 0.050324706362069795, 0.0003056406976626715, 0.00039580601813293456, -0.00010996399665814031, 0.10823108484718122
99, 2, 1, 0.17601636331648726, 0.013952380343262114, 0.6024510166786053, 0.2075802396616453, -0.23246304550702807, 0.04664579013914795, 0.19248545716052567, 0.19731557558399018, 0.16908933455600192, -0.15178951769785085, -0.18172007464042006, 0.01792280441368461, 0.15835970445155692, 0.015077434623187416, -0.17525504557193128, -0.001114586787295718, 0.0030238634621268558, 0.0002505100296895164, 0.04984358379563804, -0.0020690901582040584, 0.0008766882041674965, 0.0004685756569833251, 0.12405608166131901
