t, Event, Policy, P(still), P(random), P(reach), P(transport), o(t), s_a 
0, 2, 0, 0.962000846862793, 0.00020416747429408133, 0.03778162598609924, 1.3357183888729196e-05, 0.5616943807092213, 0.5865620775065938, 0.6919087404457899, 0.20288395613068433, -0.047919921877950564, -0.09641604958928765, -0.29676299495562714, 0.27469944373233973, 0.5239531845344867, 0.33314165487096736, -0.001786102526414457, -0.20004956533861867, 0.0830203872322148, -0.01545536028446542, 0.14381078988894408, 0.07459484767705246, -0.004485298309284508, 0.06201446312322896, 0.31017172615051564
1, 2, 1, 0.09869566101004801, 0.3190618200868235, 0.5775782972298147, 0.00466422167331381, 0.568695126190387, 0.5680340466321845, 0.6379287668919886, 0.30917251534439705, -0.10951671291892148, -0.11099318419431467, -0.12285944120632694, 0.2427917638422854, 0.3921879462279866, 0.28401490288117465, -0.058295437309342966, -0.1709774399375484, 0.0883710630091111, -0.0376451292905627, -0.05299388245441761, -0.024035342978163905, 0.032071645648701415, 0.03484323274667083, 0.31017172615051564
2, 2, 1, 0.016474175406478678, 0.3795949486565963, 0.5998599275534308, 0.004070948383494258, 0.7218931940448658, 0.4929646412237977, 0.6329958287616438, 0.27240535952955897, -0.15412385042047932, -0.14017865753630127, -0.1311202683077721, 0.3448735356206032, 0.12238293491074517, 0.3545669133034476, -0.0559756670214339, 0.0005703484206250979, 0.0005750748210437103, -0.001256039480327912, 0.0164320686427919, 0.0010173343999268151, -0.0002801127915393929, 0.000439904646787703, 0.31017172615051564
3, 2, 1, 0.02062821207711846, 0.37945963371245883, 0.5998694671551634, 4.268705525917834e-05, 0.6480324759761477, 0.724525388009832, 0.7535209014537342, 0.33399126545125946, -0.13132831267150083, 0.015078681836142648, 0.02400202893359673, 0.046677811049032195, 0.2935603587525117, 0.42593193218491016, 0.03702935148528325, 0.0014577119683505848, 0.0009342174538389772, 0.00024102570867001006, 0.014997782570800353, -0.0011239707321976764, -0.0006538876319618505, 0.002045084143752803, 0.31017172615051564
4, 2, 1, 0.02081515706201489, 0.37929037003590216, 0.5998829663177409, 1.15065843421449e-05, 0.5025007093429225, 0.4130073757988324, 0.6116265889687139, 0.2700270129483021, 0.16579604973819784, -0.01194914249110306, -0.23325113727603092, 0.18620488522665732, 0.35235073574626286, 0.39945713617902995, 0.08264451813836152, -0.0009674820223452637, 0.0007389457728275984, -0.0007318672043549037, 0.012708690893788625, -0.0004886256368989161, -0.0005115102372927159, 0.0009602338802659814, 0.31017172615051564
5, 2, 1, 0.03329278260097176, 0.36677748155602874, 0.5999172755646359, 1.2460278363614784e-05, 0.5874948512113457, 0.3842664649094226, 0.48333842474313055, 0.36130617236646245, 0.02292124516371683, -0.10632790066064202, -0.09733535149125996, 0.2418620688812177, 0.30494071340537, 0.2538335178499388, 0.10282953967853455, 0.0010430881600566758, 0.00040603819161555465, -0.0009174965518704463, 0.012966626718584506, 0.0002111822516207669, 0.0004228263696208468, 0.0004993683854519447, 0.31017172615051564
6, 2, 1, 0.03256510397870133, 0.36733681579588107, 0.600082838840799, 1.524138461872249e-05, 0.5747110226453869, 0.5287672904543573, 0.5099538875308889, 0.4640966281860889, -0.03426834292767082, -0.12013958335245975, -0.12605816133570616, 0.24682530663692265, 0.22779043071006583, 0.3770808664947146, -0.08844116524873444, -0.0009400835032054506, 0.0015513263426899348, -0.000317634432047097, 0.013601276174700744, -0.0009710130385570746, -0.0002067057657587792, -0.000604115698825751, 0.31017172615051564
7, 2, 1, 0.030567007475746515, 0.3690696565169008, 0.600347023093441, 1.6312913911602164e-05, 0.5117223381703988, 0.349022048019963, 0.7253948685487206, 0.40790059657084987, -0.10727781743629324, -0.06974333066022789, -0.17036106574725465, 0.3000366764417092, 0.12011853308441722, 0.13166051363285672, 0.07121183211880652, 0.0006507955550264287, 0.0005951592616518905, 0.0013035989726797178, 0.015174096795150948, -0.0010448626039764887, 0.0011908009541214113, 0.0008557378289003815, 0.31017172615051564
8, 2, 1, 0.030540900563120546, 0.369090494244858, 0.600352292364972, 1.631282704943262e-05, 0.6413422970006846, 0.63724278208184, 0.6995891057746475, 0.264885039472107, -0.26892672997658273, -0.27301903254373305, -0.28717850496799324, 0.3204172088340209, 0.3209604883713865, 0.23265655725134646, 0.09680669183743482, 0.000840552167240058, -0.0014138138719530806, 0.0012251851690540327, 0.016517037740273886, 0.0001661518281237729, 3.3150362032310813e-05, -0.0013560816981948171, 0.31017172615051564
9, 2, 1, 0.02574301987863423, 0.3729413747556438, 0.6013032021705823, 1.2403195139658138e-05, 0.4658814025747705, 0.3123048841979882, 0.6917650226285723, 0.17909002929412185, -0.04828285154820757, -0.2741252347463341, -0.14941330574730402, 0.21040222127557495, 0.2216376492709442, 0.2658254246920382, -0.07772510737234987, -0.0025012466823799346, -0.00019543629255279487, -1.6271847863373227e-05, 0.012935805114754395, -0.0005736023717163168, -0.001615541241174296, -0.0011531554969909765, 0.31017172615051564
10, 2, 1, 0.02682056022063172, 0.37187141868750795, 0.6013058804157705, 2.1406760898063954e-06, 0.5165457933912057, 0.7099840764991074, 0.6474036188598129, 0.40622001859232626, 0.11887874024372524, -0.08702418671209913, 0.09595245583788961, 0.19665130616725507, 0.09915812378021038, 0.3475661820243383, 0.04837182745559091, 0.0007156714151198982, -0.0009788745241488084, -0.0004647552319377572, 0.014104228624745887, 0.0003597382113697749, -0.0003054146780714819, -0.0014343301879956804, 0.31017172615051564
11, 2, 1, 0.029180355638522715, 0.36949015747213027, 0.6013281876284926, 1.2992608544502449e-06, 0.5020129855348615, 0.5187174970625035, 0.6425695383730691, 0.35402579260828915, 0.04958627346117286, -0.06144343115241328, -0.001029964015363527, 0.3498275110491389, 0.208827631077743, 0.2876910907480487, 0.03295859963940949, -0.0010776031572343823, -0.0016634020595352847, 0.0012515007142615497, 0.016602604221843797, 0.001183292721957235, -8.664377868930167e-05, 0.0005352941283044755, 0.31017172615051564
12, 2, 1, 0.029107044884447895, 0.3695472739654563, 0.6013443098947313, 1.3712553646251706e-06, 0.5413992078124565, 0.5420813149594659, 0.5136374510336387, 0.3360911435715222, -0.05485142157663642, -0.004487414783575616, -0.2498373362902612, 0.2601311071917403, 0.40193666275660594, 0.4008603110936466, 0.06420294745674329, 0.00035483421017874875, -0.00014830232206229513, 0.0002272013933148806, 0.01600315854841814, 6.221715148573084e-05, -4.778943695555572e-05, 0.0017295970004452398, 0.31017172615051564
13, 2, 1, 0.029322531479344684, 0.3693143968785933, 0.6013615973523365, 1.4742897256130489e-06, 0.6225768253954871, 0.5109653943446775, 0.5742466712329273, 0.32174244726958834, -0.06456100283354094, -0.1939841858344678, -0.02610005835099346, 0.18769435532749806, 0.27641798724730615, 0.31019686980872524, 0.3453328002696804, -8.587961739010697e-05, -0.0005793579249337114, -0.0008098513976499553, 0.01560703763492007, 0.0003467232385791421, 0.0011855549969615518, -2.4138205396141333e-05, 0.31017172615051564
14, 2, 1, 0.027568326197495965, 0.37084818897777533, 0.6015617666001576, 2.171822457115191e-05, 0.5501629832825686, 0.574176228632506, 0.4232831612749008, 0.3533791076197531, -0.13311493850409775, -0.11290257530165823, -0.07406986490170422, 0.3284579405548442, 0.08131211388872857, 0.2531985984974303, -0.056725369504158143, 0.0007484185013017686, -9.893287240109964e-05, -0.0010405697979648941, 0.01461986900024485, -0.0019360380355152018, -0.0012826481781523804, -0.0018170563007285207, 0.31017172615051564
15, 2, 1, 0.01674623378177258, 0.3809038788900111, 0.6022759338041062, 7.395352411016944e-05, 0.43522738942364586, 0.4505535120992607, 0.4676607818534569, 0.4766397760773655, -0.18015637810031349, -0.1985169729521997, 0.04475578236009155, 0.24976420557493464, 0.12352747015684178, 0.24831170891025436, 0.015231162032626314, 0.0006451818259196648, 0.0006626629336120794, -0.0016081219479606838, 0.013640675575234063, -0.00032148928951265256, 0.0007724390033938655, 0.00039087417231179904, 0.31017172615051564
16, 2, 1, 0.016741957095821415, 0.3809074425695338, 0.6022768585807482, 7.374175389658552e-05, 0.6447880553474822, 0.7464155278889997, 0.6242929262478798, 0.15803099206906773, -0.137990994521161, -0.04004325918065142, -0.12937722709942884, 0.20446306358214383, 0.4454022775720306, 0.33418538518393504, -0.04081516814421372, -0.0006333244232075792, -0.0006750316681832278, -0.0004939325864103766, 0.01345151172313443, -7.2294191979236e-05, -0.00033635640323101385, 0.0008858421632304983, 0.31017172615051564
17, 2, 1, 0.016383094763113813, 0.3812220233203088, 0.6023273272434718, 6.75546731054589e-05, 0.4430378081613279, 0.48741176080597554, 0.6616223348624517, 0.22035294261413907, -0.23360876716077694, 0.04219664102994116, -0.17913632993485612, 0.28060388675127923, 0.3140478656642839, 0.29177081149854517, 0.06917433547870946, 0.00034205425042474594, 0.0012133827353292322, -0.00040170896902521946, 0.014898117248214599, 1.6628038226824972e-05, -0.0001241907597674029, -8.397623784784476e-06, 0.31017172615051564
18, 2, 1, 0.01590729851172251, 0.3816426085174999, 0.6023951230462751, 5.496992450262307e-05, 0.6223596918428859, 0.4563307861659867, 0.5139686464763448, 0.36127818413154433, 0.15072210949220932, -0.3455083778491685, -0.13562288375464687, 0.249853902018191, 0.3148788730200587, 0.2781254425838792, -0.013413785770998072, 0.0009328161465568423, 0.0002034345240364129, -0.0014170865543518486, 0.01455381379325267, 0.00044063743115176773, -0.0005633569588130354, -0.00031873085783328426, 0.31017172615051564
19, 2, 1, 0.015897439582431408, 0.38165078408811565, 0.6023971286289179, 5.4647700534902995e-05, 0.6011168305908313, 0.3628544915208794, 0.8089718189610264, 0.3769005961528594, -0.3354173870590522, -0.0067660311692818945, -0.22842709674335246, 0.12629487895840816, 0.3577840057681305, 0.2765005051106157, 0.12160323471834733, 0.0010403577358099045, 0.0007850220501210003, 0.0012015467430382205, 0.014102736561052357, 0.0014507563652206741, -0.00018660004987751646, -0.0015591779656245503, 0.31017172615051564
20, 2, 1, 0.01742858396052121, 0.3801161113604577, 0.6024009570652248, 5.4347613796356914e-05, 0.5633532145428293, 0.5073755341246053, 0.42727940683997206, 0.2421243626167171, -0.1790974454428939, -0.10551481119441342, -0.05051660378605499, 0.26326041586504084, 0.3672929814500898, 0.22842656061884084, 0.002659343563918293, -0.0022693902758983793, -0.00013811312542443135, -0.0012422892241152122, 0.01514220634875318, 6.461653893472543e-05, 0.0015699085444629511, 0.00015966719052800516, 0.31017172615051564
21, 2, 1, 0.012637369380508521, 0.38431474320197123, 0.6030026670418172, 4.522037570313756e-05, 0.6349397494330253, 0.6908013071851871, 0.4684047827220959, 0.2910728587952198, -0.17779864699542897, -0.23589143888920877, 0.011590134419381792, 0.09535590926205832, 0.009291659751418723, 0.36986521981080733, -0.016872417321375094, -0.0011026425970828088, 2.694406540020192e-05, 0.0011093374917793702, 0.015251805597920188, 0.0009937819318104693, -6.220831824786042e-05, -0.00036298287431664564, 0.31017172615051564
22, 2, 1, 0.012367261418601106, 0.3845434956638737, 0.603044670121481, 4.457279604421553e-05, 0.491115553396354, 0.45212208655847064, 0.5777717547440202, 0.16094632173865703, -0.24518299386988418, -0.007314597286229496, -0.18118510047940306, 0.14627934354501623, 0.3099440311653114, 0.19854178278170465, -0.10751157397915614, 0.00032038817628497046, -0.0008688856592662311, -0.0008741702380026624, 0.01609848392072632, 0.0019838317336970347, 0.001330917714862785, -0.0004131196758072688, 0.31017172615051564
23, 2, 1, 0.012099018825207971, 0.38476659130329394, 0.6030909301696739, 4.345970182407259e-05, 0.6305837153204296, 0.5545760666495733, 0.6635703425619155, 0.22457821533495242, -0.08031250807686743, -0.057469748134924836, -0.05356956819702372, 0.26530353426674896, 0.2778392086674508, 0.16809072613550344, -0.07679125837795577, -0.0005346381412849878, -0.0009273098070188904, 0.0007346582644766195, 0.01674497185818243, 0.0014644245049262813, 1.0318369182263433e-05, 0.0007610251950678218, 0.31017172615051564
24, 2, 1, 0.0118450086720838, 0.3849540115248871, 0.6031574488071358, 4.3530995893268403e-05, 0.39017517129711826, 0.4422881402213574, 0.6196539127555376, 0.3305386936653961, 0.06657596866476748, -0.16132014716711016, -0.2614519882914596, 0.3373950784585629, 0.2917801352738788, 0.33792081174521027, -0.05016891116700595, 0.0012766799798101182, 0.0003908224293924888, -0.0007767862016132236, 0.014967345309843385, 2.2800832307918958e-05, 0.0026859781798086817, 0.0015197881038991402, 0.31017172615051564
25, 2, 1, 0.011816873497546513, 0.384957286926448, 0.603181842297703, 4.399727830249047e-05, 0.42053647909177566, 0.5792556378448533, 0.4562349801166806, 0.19823579925891316, -0.03026715775663883, 0.018700534553579472, -0.13291893867415383, 0.2478421376477594, 0.2517211116514074, 0.4407172791915229, 0.029478765990029375, 0.002344400506114665, 0.00032010521461706923, -0.0003468168761290351, 0.014331090282097359, -0.000456569122816645, 0.001388844481970941, -0.0007496799231893681, 0.31017172615051564
26, 2, 1, 0.011757160970004642, 0.3850068830172869, 0.6031916448395795, 4.4311173128959814e-05, 0.326182122436104, 0.30223168677869416, 0.5043073520300155, 0.35891220600568413, -0.20849343880326526, 0.030832309766033773, -0.12854634790305608, 0.34521297073154367, 0.2691830986564914, 0.1991217973385667, -0.13276677792773, -0.001454135814158209, 0.0002332370189138467, -0.0001058886918521407, 0.013870429956820798, 0.00179513673942533, 0.00045559674734623693, 0.00039602615711459234, 0.31017172615051564
27, 2, 1, 0.011297412352940598, 0.38542842333589716, 0.6032242342756469, 4.993003551546094e-05, 0.48118014492040395, 0.596702309488059, 0.5027228151130277, 0.4461844689837486, -0.1430497741678246, -0.057270116259377224, -0.24682516325884177, 0.15823362092835844, 0.12394219465996067, -0.015072530064460077, 0.012277924235864593, 0.0011061165083079865, -0.00045237207687772086, 0.00023542523332770066, 0.014087814662128894, -0.0008998227628302742, 0.0006450496255599569, -0.0010925209020735225, 0.31017172615051564
28, 2, 1, 0.0074550941785590345, 0.38866549895172114, 0.6038002945919189, 7.911227780103315e-05, 0.46857380481653604, 0.39066254620038876, 0.48097222926592914, 0.26838228843530104, -0.04165306107944709, -0.16959945353551692, -0.07978876130344749, 0.23212852695149327, -0.0013119234635497802, 0.27340466828203797, -0.06840747445537101, -0.0016354201949226586, 0.001777120056408538, 0.001500898160466611, 0.014875081365018469, -0.001534599951816673, -0.0007807636174983842, 0.0021648164639772602, 0.31017172615051564
29, 2, 1, 0.007612971113444243, 0.38850482097617905, 0.6038030261836438, 7.91817267330398e-05, 0.3672575618425075, 0.4657740370306024, 0.4161520117199625, 0.3554659634654401, 0.020493084117813344, 0.01801214194343668, -0.031200151317577984, 0.3364720494478372, 0.2527819200828355, 0.3983105350734701, -0.1219490334774862, -0.0015963357331419945, 0.001127925153595381, -0.000724047010316587, 0.014828487222195185, 0.0004900813548697161, 0.0009753845284610665, 0.0001076537557348267, 0.31017172615051564
30, 2, 1, 0.007525495872623575, 0.3885771408900435, 0.6038186201779931, 7.874305933972099e-05, 0.38475281019704377, 0.5952775875907326, 0.5600802766601082, 0.22073028767177663, -0.24408009319459767, -0.09771100291295991, -0.04133539088919038, 0.2578401754754634, 0.24342263131222658, 0.26886149623784333, 0.12190860595208006, -0.0005191862303135265, -0.0013097658975032005, 0.0011766541000425104, 0.015937762753726964, -0.00222607262859771, 1.8735617248360696e-05, -0.0010169402223684323, 0.31017172615051564
31, 2, 1, 0.07522342265114675, 0.3206848633057352, 0.6039521705808357, 0.0001395434622823527, 0.42739857442148965, 0.32947752826100557, 0.24830431420252444, 0.30038191051479307, -0.05317782909687154, -0.05854344156977036, 0.013071730573342521, 0.25780089570896586, 0.1711788920708987, 0.24653898356863807, -0.04888535768336346, 0.00017694982742863164, -0.0004961963705909537, 0.0009228365109685624, 0.01489799256031211, -0.0012121151019511805, 0.0009779485428535136, -0.00033537687571074336, 0.31017172615051564
32, 2, 1, 0.07445950123309568, 0.3212625761900993, 0.6041298719047578, 0.00014805067204733753, 0.3590247040570146, 0.2650297050970053, 0.4096924542124102, 0.34193281328270403, -0.13873135281119045, -0.14720050248683508, -0.23283432523161549, 0.1046397354417532, 0.16094451417097297, 0.3598590775154121, 0.25650161938201826, 0.00047071066298993427, 0.0006764473411401746, 0.0003202988575062553, 0.014741910919894765, -0.00025692848861533083, -0.001501859010361462, -0.001471355528622321, 0.31017172615051564
33, 2, 1, 0.07465400902987758, 0.32106561271354495, 0.6041323124119962, 0.00014806584458142632, 0.4233827299068745, 0.3205244873058449, 0.49216708396174147, 0.3373157871430885, -0.052098310540797374, -0.11282408961353067, -0.11285594113430149, 0.2775121050407532, 0.37160722890239295, 0.38158997448016774, 0.09765287187071689, 0.0005506084277391968, -0.00040092625342768776, 0.0005025282523599624, 0.01540900221174911, -0.001259523269519945, 0.00038540991428692164, 0.000903329979093195, 0.31017172615051564
34, 2, 1, 0.07407233373607024, 0.32118510089763225, 0.6044697745917335, 0.00027279077456399955, 0.5501292985062202, 0.42786709476429524, 0.2915751582194587, 0.34185808139768276, 0.04406048977388703, -0.14588740926156157, -0.09531357312744773, 0.16467137048023248, 0.1922983636195388, 0.2065198201350586, 0.0065361525288104155, 0.0003612953542033384, -0.001567439652912623, -0.0008138765801251069, 0.014142979363878075, -0.0013193323117572596, 0.0005124872910845766, 0.00031997167425986664, 0.31017172615051564
35, 2, 1, 0.07321791654147679, 0.3219018052595395, 0.6045640892783078, 0.00031618892067593926, 0.37564935013689393, 0.403818953282933, 0.34049635175849174, 0.3343837221521141, -0.14275699841629236, -0.044031026876982536, -0.0810534229884273, 0.32043724035104093, 0.1034699506166507, 0.06662164833433322, 0.16180794974202412, -0.0001633904551155814, -0.00015873424221727334, -0.0006974088639152457, 0.01502690301741294, -0.0006654550705772102, 0.00016705584100587244, -0.0007897177295863682, 0.31017172615051564
36, 2, 1, 0.05287795046144598, 0.3383601763971697, 0.6072538595207546, 0.0015080136206297025, 0.4953008287350116, 0.3900310537913939, 0.27737459848856405, 0.39545998190424864, -0.2071105080891072, -0.18195368816921934, -0.12393483551488833, 0.2119668371622804, 0.054549249112018375, 0.231324180855224, -0.12855852969539616, 0.0014876950866913735, -0.0018756557896289286, -7.961739011857349e-05, 0.015003845764787244, -0.0006107441910267352, 0.000807047260125595, 0.000765430176025143, 0.31017172615051564
37, 2, 1, 0.0431407504447807, 0.34737515420690623, 0.6079097955698569, 0.0015742997784562879, 0.4832251514894124, 0.5485996142672348, 0.4876888763336618, 0.45547995833840293, -0.108680629968813, -0.20617166719368174, -0.10179135342756677, 0.04243376415202811, 0.07056289746514614, 0.15533805380948787, 0.01862020442745946, -5.882055890848687e-05, -0.001522739427944259, -0.0013737430596342454, 0.014533043240081447, -0.00027930509354301116, 0.0008369390727857093, 0.0002868722059321266, 0.31017172615051564
38, 2, 1, 0.042029105827626236, 0.34837495759540493, 0.6080051512054188, 0.0015907853715500272, 0.34605001900777316, 0.2785442942153754, 0.43389216850393025, 0.20300121267664598, -0.15116780347723419, -0.1922606588679287, -0.1280050067504768, 0.13330767484003592, 0.2760642335371203, 0.046046452646968695, 0.05578176006412137, -0.0001897469061772885, -0.0005520280853192278, -0.0009711041899552583, 0.015317694268332285, -0.00021509707993840098, -0.0003411053201683268, -0.0010939319770720455, 0.31017172615051564
39, 2, 1, 0.03788411341631619, 0.3521614789013508, 0.6083522149813442, 0.0016021927009889313, 0.3645412479523951, 0.3440914943539871, 0.5679434142905304, 0.35937332892259594, -0.20329612766119923, 0.037639679049563425, -0.18638710575105505, 0.11098263899365446, 0.09105979086455145, 0.19766746091571458, 0.12631406963076944, 0.00020665908974420102, 0.0011348142106371109, -0.000539883270831168, 0.016911340227741926, 0.0004092221299173177, -0.0018542713108118457, -0.0016535825478412927, 0.31017172615051564
40, 2, 1, 0.19140959130564703, 0.19855367584113065, 0.6084644595784326, 0.0015722732747897315, 0.3229787862754569, 0.462237455042693, 0.36803483302777734, 0.38364727131235277, -0.051599207257685985, -0.19719839035406683, 0.04431881877363371, 0.21404231085978545, 0.24422867431210232, 0.2178917952887664, 0.021613609562707976, 0.00012485809190893453, -0.0005967245340165095, -0.0005334263345597188, 0.016281482707804287, 0.0007965568409629163, -0.0005465995613497752, 0.000998161194869095, 0.31017172615051564
41, 2, 1, 0.17761334796794662, 0.20967289989931123, 0.6111285618015287, 0.0015851903312134273, 0.30659842082412136, 0.28515694495799526, 0.6659717628781865, 0.40979899086983484, -0.26709534616748265, -0.19387722543332955, -0.293968771301141, 0.29694544475683654, -0.011545627896821587, 0.28127389691647237, 0.03651102281236156, -0.0008190892301932392, -0.0003931053961777101, -0.0014486042822280307, 0.015216559140016458, 0.0001795001361422403, -0.00028132675896449356, 0.0005271736606297532, 0.31017172615051564
42, 2, 1, 0.1775166813353681, 0.20975725825088637, 0.6111383742556149, 0.001587686158130696, 0.3686139671171895, 0.3799684643137719, 0.3376822591864887, 0.21282896027685752, -0.20761408212514237, 0.06549137278300905, -0.1762297489700191, 0.12119411648446192, 0.26158591144707943, 0.14426225690754738, 0.02457714774142962, 3.7972980583427996e-05, 0.00025271358578126914, 0.0015778007720922728, 0.013792833620581382, -8.125746335951171e-05, -0.0011993979822890832, -0.0011255684304806962, 0.31017172615051564
43, 2, 1, 0.14794054849138422, 0.23622792320384675, 0.6141619071487392, 0.0016696211560298917, 0.2918259711834532, 0.4333810107543732, 0.49052230511858175, 0.2232077682665908, 0.0331884652645424, -0.15118774454865488, -0.09727595082953802, 0.04978620304794912, 0.014933387625459349, 0.26498136389717697, -0.04393323268900519, 0.0005632965717475545, 1.4601196553951668e-05, -0.0005024369634687778, 0.013384439403467965, -0.0014232779105132055, -0.0005642150710363821, 0.00047736431984563243, 0.31017172615051564
44, 2, 1, 0.13514633474942098, 0.24744271716570135, 0.6155291408360545, 0.0018818072488232987, 0.24269368154104512, 0.38619571834755817, 0.3837974408067947, 0.15935419957023184, -0.16793736801650316, -0.20713072184272918, -0.15324598834626169, 0.08573428465296581, 0.22621291326455134, 0.22639627582748986, -0.11080125739154774, -0.00028942896287807924, -0.0007365884796716681, -0.0019043663328017324, 0.016380397467053782, -0.0020879738200357103, 0.00145437252318632, -0.0001970806102708776, 0.31017172615051564
45, 2, 1, 0.14316477022836735, 0.2393011449076822, 0.6156484737613043, 0.0018856111026461077, 0.2181321519788157, 0.18528492365394947, 0.6009333306998184, 0.409564595685894, 0.019501006750686424, -0.17900636021061606, 0.024129492548812515, 0.31807241924130636, 0.11450311229912628, 0.10297827402974571, -0.03159841158590137, -0.0006187454410560145, -0.001610853966671396, 0.001617823691759285, 0.01624240869528187, 0.0009778149643571096, 0.0009783576071857813, -0.00019829530591031907, 0.31017172615051564
46, 2, 1, 0.14288658052679518, 0.23956635034226975, 0.6156580967161012, 0.0018889724148338292, 0.3856089320774438, 0.3452499928351271, 0.3334499267250416, 0.20614941645738183, -0.25728097406600864, -0.16585719741429555, 0.011127210492534378, 0.1522706996690501, 0.3046471362701155, 0.07161263981789397, 0.10657700321602144, -0.00040139125052589947, -0.0008152449528511182, -0.00022681572662382695, 0.015766705264151432, 0.0007553660371039168, 0.0014820532542857859, 0.0005850488606094484, 0.31017172615051564
47, 2, 1, 0.11385851310103706, 0.2634722698642346, 0.619776193740549, 0.0028930232941794414, 0.33228751605623014, 0.3384916863845646, 0.41532885876598924, 0.19201831453480567, -0.15056278744171758, -0.28116648740972056, -0.318997191281237, 0.11792986585544737, 0.14492585682896603, 0.0744444773289249, -0.12316562786588414, 0.0009294299244380358, -0.0008362441307703498, 0.0002779182134572171, 0.013573899252078414, 0.00025139838269446234, -0.0002851167247814252, -0.0001593075625795821, 0.31017172615051564
48, 2, 1, 0.12930348143863366, 0.24794932566204933, 0.6198308107543379, 0.0029163821449790478, 0.2867999695644766, 0.32608762597717755, 0.3115025620990395, 0.13268538040108369, -0.052908195912614996, -0.12498805934577444, -0.04183182438739831, 0.15195697751940768, 0.32009866121320263, 0.06261731236991605, 0.09456334565733984, -0.0012213395669092414, 0.00037727722428699753, 0.0010844357298795818, 0.0143422561730279, 0.00015920208810285688, 0.00010985449553150284, -0.00023488354620158864, 0.31017172615051564
49, 2, 1, 0.12314882323764735, 0.25339478147612665, 0.6202826932749895, 0.003173702011236515, 0.25205750709252495, 0.26981212513505193, 0.24341800016672527, 0.3653786581387143, -0.13874683257456458, -0.06989509216193648, -0.09418434663112443, 0.18213257009790346, 0.2594937973153442, 0.1517136776169336, -0.11450979243281192, -0.0002076001063290226, 0.0003926141744328191, 1.5067141936289389e-05, 0.014675179964492139, -0.0013012636513592163, -0.0015408706666735345, 0.0006938388797858679, 0.31017172615051564
50, 2, 1, 0.10350373753943776, 0.26961380874869073, 0.6211179797187538, 0.0057644739931177365, 0.1984398182092565, 0.30962831540420993, 0.22444617607963008, 0.1922144018441966, -0.14895775195398175, -0.11785178673604413, -0.11839447140698627, 0.1637541208232045, 0.09570242175844398, -0.05311938457300245, -0.07536236127455606, 0.0009022650103707669, 0.0003434004244906916, 0.0023544366680474152, 0.015634413583033285, -0.0005725203768546202, -0.0010083583338036176, 0.0010321813417525538, 0.31017172615051564
51, 2, 1, 0.10307545321118848, 0.26996176184350124, 0.6211750387635169, 0.005787746181793462, 0.3365316376655774, 0.06463231130527873, 0.33710601943000645, 0.3146034633607215, -0.07158463041528632, -0.276147820602349, 0.018785924609867898, 0.15753597190427096, 0.279865011958513, 0.07331870436780501, 0.1280288235676609, -0.00115366990231119, 0.0001455175838055956, 0.0023519430987339, 0.01513439984097208, -7.38074193561335e-05, 0.0010020039865691044, 0.0001888446493928646, 0.31017172615051564
52, 2, 1, 0.10180148232123544, 0.27112631532103465, 0.6212190416786569, 0.005853160679073154, 0.40158306220232964, 0.14662949985957596, 0.2227057372962021, 0.34155540492383796, -0.1525153005186093, -0.1050279793727297, -0.12457411472576807, 0.10331089593334368, 0.23803626300016495, -0.029495170134319702, 0.13572240620476222, 0.0006148378686203961, 0.0012993042428417095, 0.0012748908942695014, 0.013151855631539252, -0.002609612825023804, -0.0006558738776139804, 0.0007097657323967793, 0.31017172615051564
53, 2, 1, 0.10074584173298733, 0.2721076672746744, 0.6212866241851067, 0.005859866807231529, 0.3185237669301963, 0.16194846957578785, 0.40620227633069267, 0.43983561595714055, -0.14357250859155898, -0.17966515529551838, -0.1323294882126921, 0.04299749596020609, 0.2825549313257002, 0.21241576505177448, 0.0675434789350567, -0.0005286276451663731, -0.00010576189308744352, -0.0010303308245271964, 0.014223562946153895, -0.00013945754822080613, -0.0014213034777917645, 0.0006113162396198325, 0.31017172615051564
54, 2, 1, 0.09381772818236984, 0.27853167202365553, 0.6216819531455015, 0.0059686466484731564, 0.296527901503009, 0.12391124571841938, 0.3576269552703676, 0.2568004144654824, -0.21146479221971198, -0.041776697789794225, -0.047272574381930464, 0.1747045962648237, 0.15430533295321167, 0.21329838707479926, -0.03064928951542508, 0.00028123360967042285, -0.0013545531507730523, 0.00025989896415798603, 0.015479309666031843, 4.2605916751566264e-05, 9.334419936831907e-05, 0.0009582096599047151, 0.31017172615051564
55, 2, 1, 0.0905614872141761, 0.2815195475305039, 0.6218364487674227, 0.00608251648789742, 0.06280526687102453, 0.3029857095912406, 0.2801659049664761, 0.29026123870745046, -0.12318836470404929, 0.018543306345796463, -0.2009541967070981, 0.11541991561997075, 0.09454139790705529, 0.14985008442518605, 0.029895424096691797, -0.00292671908177247, 7.109688489608783e-05, 0.000665864940660094, 0.016475701238326864, 2.1438276024909367e-05, 0.0001555815345631261, -1.713539157983727e-05, 0.31017172615051564
56, 2, 1, 0.09052812452028346, 0.2813640497680054, 0.6219171595447779, 0.006190666166933421, 0.4355559512578422, 0.10177236450655285, 0.2653002388332606, 0.4107812735943875, 0.0022143899539285084, 0.04356800408209427, -0.19112327859173603, 0.057039489596576974, 0.06033324739791106, 0.031987897204405605, 0.16898514617317503, -0.001005091342794744, -0.0013465391302708138, 0.002360671711983761, 0.017048910121913258, 0.0025093707500636895, -0.0003459465759534543, -0.0009883905757274987, 0.31017172615051564
57, 2, 1, 0.09080108773355147, 0.2811414479833377, 0.621879283666771, 0.006178180616339921, 0.22767424849751733, 0.12639089193762876, 0.269069201703816, 0.20966257255147758, -0.2201993615027269, 0.04239677655744256, 0.0525003508406914, 0.004090202750924821, 0.20401714024191145, 0.2780068027892564, -0.0353295259307224, 0.0008443628053382141, -0.0005662818880738058, -5.6139820920582657e-05, 0.015951578691589093, -0.0007537080168839371, -0.0010708235879075293, -0.0008089610376614822, 0.31017172615051564
58, 2, 1, 0.11035349372452191, 0.26154059546140496, 0.6219186705281298, 0.006187240285943406, 0.07712414609886217, 0.4618220435079734, 0.40573206480096413, 0.1251717820389108, -0.06380990207634633, -0.09074780544370983, -0.026610310085961687, 0.13519781010541915, 0.27058175207643187, 0.06736716784226207, -0.06348573494004668, 0.0004368322125360822, -0.001148449050529025, -0.0015954557002178665, 0.015243927470617247, 0.0021219424331061177, -0.0007593528619201554, -0.002529233090940446, 0.31017172615051564
59, 2, 1, 0.0614815192845253, 0.30622944795883233, 0.6243056477730523, 0.007983384983590133, 0.3624420645223692, 0.27014582814697913, 0.26269249774753634, 0.2803629599080046, -0.12612503774201125, -0.025519200361000527, -0.14566115030484922, 0.11713737753087357, 0.09169922233561707, 0.1525502332642938, 0.0604793316774741, 0.0015394134605463332, -0.0006906584283996331, -0.00013382493948435327, 0.0138691162746857, 0.0006431938605930701, 0.0009232827618934555, 0.0011323591444604485, 0.31017172615051564
60, 2, 1, 0.05917999305667415, 0.30830877390128103, 0.6244029737597288, 0.00810825928231622, 0.27292940081792405, 0.0453903577606948, 0.23216090599270264, 0.3594976305088961, -0.22528415181999234, -0.2862672816687955, -0.07816221368370314, -0.08371414877925402, 0.08539898902130046, 0.08994214041932076, 0.19778794684372175, -0.0002604436278855479, -0.0007456988867346972, 0.0007213321010748944, 0.014364044568758222, 0.00014164375465795787, -0.0009067699293218047, -0.00011759208997289057, 0.31017172615051564
61, 2, 1, 0.05969619258987915, 0.3078025709909205, 0.6244033879321429, 0.008097848487057416, 0.03890812170786158, 0.3711325384317597, 0.3007168373614221, 0.32316434009638906, -0.13288403368669735, -0.1098432319516897, 0.010111831396873017, 0.20011830344802872, 0.13668946009034846, 0.33716244816886987, 0.18265982957698282, 0.0018022866551080676, -5.632020214526127e-05, -0.0018489131552312601, 0.014677154337000236, 0.0015396378641040066, -0.0003582664321986016, 0.001539249795090198, 0.31017172615051564
62, 2, 1, 0.059729814811912876, 0.30745275129643335, 0.6245840411201024, 0.008233392771551601, 0.23244196410784776, 0.386468293696499, 0.3363998848593272, 0.288279585529935, 0.11220310151237296, -0.11909295509221107, -0.10364565790443228, 0.08788362029950111, 0.09481097674647879, 0.10903785059142483, -0.03640899895203588, 0.0006117348175934889, 0.0002056830438036168, -0.001578180214449636, 0.01584077306535857, -0.001633855898023813, 0.0005116263093929516, -0.0005624620613503979, 0.31017172615051564
63, 2, 1, 0.0492509494211886, 0.31689941367487007, 0.6248768251169277, 0.008972811787013634, 0.1010905244533622, 0.23234921322049037, 0.24342483859083353, 0.2075915370066932, -0.1730991620791344, -0.26464497827074174, -0.0454149784930706, 0.18811901089014788, -0.009418396137956564, 0.09145557523738854, -0.05126459297829302, 0.00034782808124100877, -0.0004979921479599861, 0.0004779137079426859, 0.014771507424721738, 0.0007199290502253369, 0.0004142849724558793, -0.0018352295638136035, 0.31017172615051564
64, 2, 1, 0.04500655472213792, 0.3206265794220364, 0.6251757289652703, 0.009191136890555448, 0.04629292446246047, 0.16085668421588822, 0.2003102303631759, 0.4192260843900358, -0.21944977303915528, -0.22435575776413152, -0.2401735096193566, 0.1995811877011174, 0.09321821427814923, 0.2114279514062453, -0.04320659669272371, 0.0014387126973441989, -0.0007718079650737128, -0.0004967127710087272, 0.014648540310983813, 0.0019063213888435733, -0.0006461494174818636, -0.0008367045978373948, 0.31017172615051564
65, 2, 1, 0.04306222211389107, 0.3214773109619764, 0.625528615818202, 0.009931851105930527, 0.25966192361118595, 0.1763623718095159, 0.24027239801207229, 0.44400854260699524, 0.027752931144729966, -0.11589559925401663, -0.04703823899334788, 0.041733571666298305, 0.020814096513762814, 0.07887036840876611, -0.03359478806286993, -0.0012777304050680866, 4.676841901118349e-05, -0.0004813552654108459, 0.014312254837850391, 0.0010427803805546478, 0.0009283031668690994, 9.375466634527073e-05, 0.31017172615051564
66, 2, 1, 0.04250306906674525, 0.3219548900963073, 0.6255676588152458, 0.009974382021701778, 0.13393574919998477, 0.3223472206153553, 0.24464699847957888, 0.03564891057831647, -0.1077842752837177, 0.06455878744756882, -0.14785107033792597, 0.07468185019058185, 0.1240267656376475, 0.14598807626976334, -0.11271254850851305, -6.561423343346135e-05, -0.0012541063208102248, -0.0010861046306193188, 0.015958815822206644, 0.001668077488655968, 0.0001870454473299283, 0.0002485851926130772, 0.31017172615051564
67, 2, 1, 0.0415639597284846, 0.32277870411434717, 0.625640840220784, 0.01001649593638424, 0.35458058592124486, 0.24468499125263793, 0.19302540568670226, 0.36394778041557757, -0.035450951396233, 0.09228903938854738, -0.3584191393990775, -0.11628327083630145, 0.14538336190977993, 0.21471528591430178, 0.00313158377858964, 0.0005571087683131388, 0.0019489657888528973, 0.0013662209628623313, 0.015723991978678346, -0.0010771404131108893, -0.0001988255895825276, -0.0017139127606223368, 0.31017172615051564
68, 2, 1, 0.04153350821501084, 0.32277861264061714, 0.625643384555816, 0.010044494588556016, 0.2823135730175467, 0.1644727988192646, 0.09865447821446735, 0.16401638008645134, -0.06061850473189837, 0.06414210284775726, -0.1582471727584362, 0.18764200373640216, 0.037056199565725326, -0.09091717451162303, 0.009061683070185475, -9.14985410641885e-05, 0.001203392278450701, 0.0008337097235031303, 0.016323187982265668, -0.0014699269024110047, -0.0013958243331905391, -0.00017538807560714103, 0.31017172615051564
69, 2, 1, 0.040349119814530494, 0.3238682623745372, 0.6256900597396273, 0.010092558071304929, 0.12079265171350229, 0.09908059629288057, 0.3209420181253651, 0.18591949770808866, 0.09933072831934071, -0.11613074405134613, -0.19911395722351238, 0.09537300394240245, -0.05457458588094275, 0.1543687589236132, 0.014775163206439918, 0.0011841161651478097, -0.00022808746916125038, 0.0007344990246385242, 0.016005284637984375, -0.0008862211915501581, 0.0004089200780044903, 0.0009770468101979552, 0.31017172615051564
70, 2, 1, 0.06095323696380315, 0.3047185777371445, 0.6242168715901001, 0.010111313708952222, 0.04292724057963686, 0.24002673389039156, 0.12279201293021033, 0.02017525503369466, -0.17167410021692933, -0.19820157984694156, 0.15095800357107084, 0.03772418127939542, 0.23416237023743944, 0.291723988884351, 0.15308099954670454, 0.0012235269500029274, -0.001181478862887323, -5.00891292706135e-05, 0.014888032016439822, 0.0006901937844653883, 0.0015655455410740807, -0.0009115308601524614, 0.31017172615051564
71, 2, 1, 0.06000954583027221, 0.30682689612766884, 0.6227459021916512, 0.010417655850407815, 0.15050934661409673, 0.09473178708398235, 0.1263935169838393, 0.36396622610186546, -0.04274251187438978, -0.15102976832780113, -0.1810495472825226, 0.15478346692588668, 0.00465008687325581, 0.016579937972192028, 0.10753629658741037, 0.0015110104995644483, -0.00122741925568987, 0.00023487926012379966, 0.01391932760594832, -0.0005257088303834441, -0.0006296826698058923, -0.0006046153462769746, 0.31017172615051564
72, 2, 1, 0.05759620958767287, 0.3090205486373137, 0.6228533389411639, 0.010529902833849587, 0.22900687840142625, 0.03600794532803804, 0.24175047426739948, 0.32020218650795274, -0.18802326033428912, -0.21625089481123033, -0.20977259547409838, 0.027257148271564325, 0.0558089177937911, 0.11942377352696192, 0.09827559511562103, -2.373739445585405e-05, -1.5275934736130212e-05, 0.0003450767813141843, 0.015680439159084895, -0.0008704068857883121, -0.00037143687737713584, -2.8645211535768036e-05, 0.31017172615051564
73, 2, 1, 0.05745997874657939, 0.3091431118018929, 0.6228589627344866, 0.010537946717041027, 0.30157977149851406, 0.14336118304689832, 0.21923891442197635, 0.4209399156130397, -0.26237003511869533, -0.17033917707731802, -0.2409742979057173, 0.1426540749833973, 0.1420068176854478, 0.0184550249295272, 0.028840396751319254, -0.00014130769452101407, -0.001840076302860609, 0.0002523768046041873, 0.016287252926818617, -0.0010741688347445711, -0.0017532156597050378, -5.862864440977706e-05, 0.31017172615051564
74, 2, 1, 0.06349365122831475, 0.306076759122453, 0.6192882368017967, 0.011141352847435724, 0.0579626017143714, 0.06420693152058296, 0.16330097702072782, 0.2766794056593854, 0.16317685345071015, -0.012998691075338464, -0.15854651363254396, 0.1178484538620312, -0.12115690664821983, 0.16837716606890835, -0.019294318358621255, -0.0003450982901284286, -0.00039041281260483404, 0.0009790753181013257, 0.01601470443034952, 0.00018809179916995435, -0.0012621741539918026, 0.0002383982210892724, 0.31017172615051564
75, 2, 1, 0.06520062182655856, 0.30607770375522964, 0.6175620047624293, 0.01115966965578258, -0.035758832076066185, 0.1722278200325524, 0.1980836236892579, 0.20317360133327406, -0.1439913413179624, -0.19995165769951542, -0.03918580744434621, 0.2043359142290683, 0.05295103791233922, 0.19367365559230376, -0.09214617453735023, -0.0005326350338320897, 0.0015838278833528716, -0.00020216558131767008, 0.01771664039856932, -0.00026671831362515936, -0.0017206411989276987, 0.0006628380379220052, 0.31017172615051564
76, 2, 1, 0.06416507740893036, 0.3069691012865137, 0.6176115576760259, 0.011254263628530008, -0.0821651815210284, 0.0652310353879469, 0.29194604443948036, 0.3531477203623933, -0.16880597202710632, -0.24995626774757645, -0.16876773439060883, 0.20342342808205877, 0.11465716199710956, -0.03493238262257683, -0.08968841571178929, -0.0003229758318490832, 4.2731713206631714e-05, 0.0007191035953301309, 0.014100264024127129, 2.383185205154595e-05, -0.0001632365211788977, 0.001605413214736836, 0.31017172615051564
77, 2, 1, 0.06385852453005186, 0.3072513629287076, 0.6176216365090779, 0.01126847603216275, 0.10727413561088342, 0.4666352241885, 0.10591595462398984, 0.30721273273161864, -0.21906363730528639, -0.13851401574600597, -0.050162454429779804, 0.11558040036672727, 0.18608539653413209, 0.20785488966281368, -0.006512012965173973, -0.0018152038694176306, -0.001807601028294413, -0.0022169663318949637, 0.016378336177163822, 0.0002814091898937126, -0.0006537006434019401, -0.0008318634320694902, 0.31017172615051564
78, 2, 1, 0.07456517407087322, 0.2962254392969651, 0.617657317215498, 0.011552069416663688, 0.2820600929458605, 0.05451017625229644, 0.21882719638033551, 0.4104625779128372, 0.028006789634197116, -0.14934900846939328, -0.09284314382271017, 0.14493434002578548, 0.18687706732606485, -0.1458879980299623, 0.016611945491295625, 0.0007237808622912852, -0.0008006058281643903, -0.0019091671574832723, 0.014869558477510352, -0.0009756072188217916, -0.0010373692619213297, -0.000266691476955904, 0.31017172615051564
79, 2, 1, 0.07339245196313901, 0.2973281009410084, 0.6176587964299031, 0.011620650665949509, 0.19441442814376753, 0.22543225617555934, 0.16420900507366665, 0.24734127243627518, -0.25328635314835013, 0.02726327704669922, -0.15827615930183975, -0.07035508836131649, 0.08408261124313662, 0.16262476852880656, -0.02212645966679152, 0.0003219145304151549, -0.00047498986127314264, -0.00032556491213521233, 0.016835020515447528, -0.0013952283866800544, -0.0005029501362109202, -0.0020317307697278017, 0.31017172615051564
80, 2, 1, 0.07311544835850282, 0.297600780057025, 0.6176288278915913, 0.011654943692880938, 0.17220731129783012, 0.06235313553580243, 0.15047594506534892, 0.3320861049560405, -0.10743669411064886, 0.05576397557414137, -0.12814585554839447, 0.1955741925555806, 0.16481343771854445, 0.16635174890806242, 0.08258470756707235, 1.3075231543304537e-05, 0.0006954199514106196, 0.0011580859627284357, 0.014487810453119799, 0.0006279911190242831, 0.0006474343854971792, -0.001350195134989436, 0.31017172615051564
81, 2, 1, 0.07638242560376834, 0.2943455260977488, 0.6175951189508906, 0.011676929347592296, 0.15212935908208206, 0.1824014298977355, 0.2923672631684829, 0.34139794840766446, -0.09157768091240044, -0.16373860961917458, 0.03871502380065554, 0.06181759169405567, 0.21549643070312138, 0.16601478034454784, -0.09977398617636275, 0.0002734653261402519, 0.00023541291822689074, 0.0009322584030203304, 0.014889885310714812, 4.482442836983215e-05, 0.00048822161607374806, 0.001800022084108306, 0.31017172615051564
82, 2, 1, 0.06501954232679995, 0.30425297101825577, 0.6180353364967266, 0.012692150158217766, 0.12581511351996472, 0.16615470390871329, 0.06509885284710655, 0.515764628421439, -0.09312864296808557, -0.30711248148720605, -0.104564195532081, 0.07790400258980493, 0.22193935521449837, 0.12291800835472441, -0.08405144911397702, -0.000577838848675071, -0.00041997375154226833, -0.0010005082954907256, 0.014057133966810197, -0.000973203007029153, -0.0008843277183875319, -0.00014705288908064732, 0.31017172615051564
83, 2, 1, 0.060075360890710576, 0.3083852600357076, 0.618173456826333, 0.013365922247248928, 0.029776826327493344, 0.17223390769514935, 0.15566368361638636, 0.20350403757361782, 0.040915305263145595, -0.3045226155875404, -0.20808233665313797, 0.09618506593046175, -0.04653122398213241, -0.002008191842684448, 0.06510529622832616, 0.0005480446250360322, -0.0010686119926270107, -0.00018660888963223314, 0.01601403682746475, -0.00010440030963515938, 0.0008042220926444156, -0.0015927016584298636, 0.31017172615051564
84, 2, 1, 0.056640043078216795, 0.3113561237165125, 0.6183303034005608, 0.013673529804709943, 0.22863302466228008, 0.07463447219113957, 0.11121757118505941, 0.4284805222565926, -0.1236038865901656, -0.08409873338183897, -0.20310474917276883, 0.11508467430093335, -0.017908483934394193, 0.1896173066475948, 0.008873458747626019, 0.0013620399316213068, 0.0017660970585802092, 0.0008639175873315315, 0.015200922112182252, -0.00028779571879321996, -0.0008115745368098397, 2.2415036517787612e-05, 0.31017172615051564
85, 2, 1, 0.056290601316664454, 0.31161569827325886, 0.6183552642608838, 0.013738436149192828, 0.1586166456565059, 0.07313540627238682, 0.10207285710274476, 0.3432243443261493, -0.09960757963250173, -0.15863950360837473, -0.3607503597882971, 0.06512387778706233, 0.011309860751084682, 0.07102353214553668, -0.0828859738229972, 0.0005895405012596465, -0.0006679853664678618, 0.0008144005629236135, 0.014836824426943385, -0.0005244332485937466, 9.266614588133369e-05, -0.0011556267835944225, 0.31017172615051564
86, 2, 1, 0.055368830476780796, 0.31241356171310913, 0.6184191526627745, 0.013798455147335593, 0.2361855040859977, 0.20041278643994373, 0.17760964785058078, 0.18477294886450113, -0.17812380731518734, -0.08622910559824255, -0.28621935032568696, 0.22519371763503954, -0.053958567880002084, 0.1751973761766656, 0.04204051062132858, -3.113384289834421e-05, 0.001847705257162218, 0.0016176901605160286, 0.013720922718372035, -0.00041424219900075825, 0.0008872604948882359, 0.0002589408709827612, 0.31017172615051564
87, 2, 1, 0.05443610836800997, 0.31342397732757077, 0.6182869067790159, 0.013853007525403456, -0.13451988139445312, 0.19709184793531898, 0.21112244707941966, 0.40735895302319747, -0.044111139707465906, -0.4620619627910919, -0.13178641136852942, -0.010697526045365984, 0.0529213954498467, 0.1440494635027118, -0.043303098250532315, 9.981432985330307e-05, -0.00023841312099993802, 0.00031314877302094046, 0.013055062282170219, 0.0007102739523607766, -0.001259804729015215, 0.0005839876728533634, 0.31017172615051564
88, 2, 1, 0.06097947594377769, 0.308570868779602, 0.6164129070860107, 0.014036748190609589, 0.193034157292379, 0.004095282367487541, 0.278996165475752, 0.3844920504140627, -0.05063524049219986, -0.09012714150623564, -0.17231079579604539, 0.11621916333251384, 0.02041223939330379, 0.06812441417775242, 0.057150302630666824, -0.0008388063744051274, 0.0012464991122136657, 0.001287010961466109, 0.01451031125465376, -0.00030045878226075994, -0.0008265711671721722, 8.11052528824734e-06, 0.31017172615051564
89, 2, 1, 0.061127539138117304, 0.3086326784720186, 0.6159054786271633, 0.014334303762700989, 0.029768380646575242, 0.09436661761168375, 0.11025585624330969, 0.29139400784879566, -0.14649778557927678, 0.06682382865980183, -0.033272953798306935, -0.04255092002640545, 0.16927678204927937, -0.14217497121615227, -0.22926542350347826, -0.0007319449565442746, -0.0007127686305418623, -0.0009771139099164774, 0.01677442795448812, 0.0002463395733033744, -0.0006523190196755364, 2.0651811561153274e-05, 0.31017172615051564
90, 2, 1, 0.06022684088066505, 0.309589603685985, 0.6154961198342086, 0.014687435599141463, 0.15807300325666881, -0.058023555391147494, 0.20857358375543225, 0.2839374268275362, 0.04059976159800229, -0.1606880024148484, -0.091035636834, 0.1633707243815159, -0.19074529815618627, -0.12596362358759589, -0.05613081418243021, -0.000839796954003404, 0.0012127777768381515, 0.0014816351984948475, 0.013069376021330759, -0.00037127194680781146, -2.595578242040015e-05, 0.00022584215632054553, 0.31017172615051564
91, 2, 1, 0.06830390165547319, 0.3112260978510108, 0.6053210347962372, 0.015148965697278808, 0.07659465624053667, -0.0056635585088914645, -0.08262054893202674, 0.47848038909080987, -0.09901080373701811, -0.13832773671349538, -0.12294507406636628, 0.08721476783079053, 0.12130127172706032, -0.04583071344804364, 0.05881205456679404, -0.0007837114830329253, -0.0005513328875748045, -0.000472109371303366, 0.015110332028130145, -0.0014588860688829171, -0.0005078281864491104, -0.00024263156727776558, 0.31017172615051564
92, 2, 1, 0.06883064049419849, 0.31133708480585803, 0.6046062523813632, 0.015226022318580192, -0.13043010974270502, 0.08915618786005526, -0.02823002309557494, 0.19098528428207726, -0.08392595512677399, -0.21606130321236527, -0.011417967221408887, 0.10273823342212969, 0.18999673827755612, -0.12979510093602276, -0.1230781611208672, -0.0006379694710795053, 0.0011973605880366183, -0.0012270533358412017, 0.015618721782426159, -0.0010577703598498322, 0.00017726168393054448, -9.5735339125381e-05, 0.31017172615051564
93, 2, 1, 0.07267414911834337, 0.3135249428387483, 0.5983538762007964, 0.015447031842111986, 0.05278494416218358, -0.00792528879505896, 0.15454624633056144, 0.36101698899737567, -0.22506495652976416, -0.22841608579562198, -0.016494220703143193, 0.10311564711996954, 0.03288108719848589, 0.04839958104147248, 0.18040639825089813, -0.0007544644926675509, 0.0004276361808866017, 0.0004852755798231561, 0.014214086062585268, 0.0009995148698537927, -0.0010556537238018123, 0.0008325946501068201, 0.31017172615051564
94, 2, 1, 0.08500054541385307, 0.3034181617808607, 0.5956158451906142, 0.015965447614672, 0.12834230124053875, -0.16251782332392298, 0.14177309139001293, 0.25213511855936266, -0.040549598574844914, -0.06857846997804762, -0.05520082128158432, -0.12512819198619246, 0.03335102697103623, 0.054336936975147763, 0.0076760430390081, -0.0003842427117395517, 0.00016823309634793514, 0.0011242885376330455, 0.01561381888924224, -0.0018636038324326334, 0.0003131805946146411, -0.0012691780347335664, 0.31017172615051564
95, 2, 1, 0.08479883152101343, 0.3035736238201919, 0.5955362401767195, 0.016091304482075283, 0.09258055439859014, 0.01914461693556721, 0.11132487428008128, 0.3017277358302269, 0.05307530122905033, -0.09526047490100152, -0.20736291911745672, -0.05511830009173976, -0.021585342590957676, -0.04226613498711407, -0.16618896761513083, 0.000613330863789942, 0.0018814520030435457, -0.0006290905387537645, 0.012939556084190697, -0.0006715701427806948, 0.000675500069546921, -0.0009392846544604032, 0.31017172615051564
96, 2, 1, 0.08469379734412374, 0.30361540446920476, 0.5955314238212139, 0.01615937436545756, 0.15595067374262866, 0.08905044220838168, -0.09141851759900568, 0.02077563806676932, -0.10548876047697948, -0.026784271376718995, -0.2171959181918858, 0.028083581766333833, -0.008346817819669899, -0.20734495844601772, -0.018203019640189194, -0.0008908754270961775, 0.0003010213382445063, 0.001090149865077763, 0.016291203899908027, -0.0004747070027105736, 0.0003421632428814152, 0.002274779519700392, 0.31017172615051564
97, 2, 1, 0.08548007906915406, 0.30442356377883845, 0.5937910254609113, 0.016305331691096155, 0.08542121172259176, -0.051443969666961256, 0.02914557541406282, 0.1282908755120567, -0.004662870349150805, -0.33317243135528074, -0.13000894545208946, 0.22222074876845438, -0.07465875588454943, 0.0875308523928908, -0.01353818601331302, -0.0010402144532611736, -9.254007038584115e-05, -0.000915536730543619, 0.014711244250241035, -0.0005146662851389319, -0.0009313755826019586, -0.0010824082731204084, 0.31017172615051564
98, 2, 1, 0.0902434660507057, 0.30660535350759427, 0.5861036229917607, 0.01704755744993932, 0.021109388402571396, 0.12026951952549228, 0.055905399844385896, 0.3170095449841249, -0.15519679412229445, -0.058518677570144076, -0.009919758762908048, 0.023917435053007863, -0.017360069752667837, -0.022100414084650768, -0.08613423979410087, 0.00017242806248457678, -0.00223282894617088, -0.0013832456321028865, 0.015381371847181557, 0.00013497937894333453, 0.0017320569251392539, 0.0007360242812118077, 0.31017172615051564
99, 2, 1, 0.08995357417404223, 0.3075861652517932, 0.5851947933349791, 0.017265467239185484, -0.021561034905822916, -0.06345214137046136, -0.058565277486183384, 0.251662578514277, -0.2554365384210645, -0.19839654704261028, -0.13593419096639206, 0.0972479639221944, 0.05406768136545583, -0.04590241147422586, 0.03162475356129626, 0.0003351904227263874, -0.0017004020877675412, -0.0003011832660067493, 0.015938901855245956, -0.00025398066868798465, 0.0018263751504731102, 0.00021283263236349147, 0.31879604822689867
