t, Event, Policy, P(still), P(random), P(reach), P(transport), o(t), s_a 
0, 2, 1, 0.8358737826347351, 0.04998903349041939, 0.11413717269897461, 1.2874602642667932e-12, -0.5300704979797899, -0.5907028432481116, 0.6033890016146998, 0.9067095936986064, 0.12624724844674157, -0.04155574999098459, -0.05666327201264896, -0.26054799781625965, -0.263666009167932, 0.269691343949188, 0.07792742346766365, 0.016253633263753117, -0.09197517658663426, 0.1277781162674432, -0.15297109714149085, -0.12921969236042358, -0.041052554927542194, 0.028063738774512008, 0.6869618140804157
1, 2, 1, 0.835873794515419, 0.0499890275950091, 0.11413717788828534, 1.2866067438236272e-12, -0.5761064433836773, -0.7220133562570139, 0.6811634303087855, 0.8240562105951108, 0.1802776483176833, -0.030592481543597772, -0.2605288253180881, -0.3978269741338884, -0.27908594975738643, 0.5323172315917979, 0.0023938857276803007, 6.108420651426027e-05, 0.00013323770228023838, -0.00026302995149061657, 0.019717781978876338, -0.002310906874681977, 0.00020336237209319887, 0.0006090015837105905, 0.6869618140804157
2, 2, 1, 0.8358755073692274, 0.04998611551039039, 0.1141383771190251, 1.35713183667919e-12, -0.602538949596253, -0.46573187385514947, 0.6154001881735546, 0.5407884259892322, 0.24548585886487917, 0.1241926233372556, -0.1483145579992804, -0.29646962111055897, -0.20198052991516774, 0.07291609606402108, 0.06255891559286228, -0.0008810561461339136, -0.0019957897445037885, 0.00016077403819404027, 0.020025565593120156, 0.00040552195951174783, -0.0006433651775829729, 0.00047692815221930823, 0.6869618140804157
3, 2, 1, 0.835875648729728, 0.04998582597404143, 0.11413852529487328, 1.3573957461737448e-12, -0.4027836518494651, -0.3667925088181421, 0.7011467329219204, 0.7102912779411799, 0.23582600048072805, 0.16952887884194676, -0.13673160096794812, -0.12465585783477282, -0.21639807672630104, 0.36504356573649, 0.06104990041476153, 0.0009091762838946717, 0.0009414596913040888, 0.0012361321760107013, 0.019256669668824965, -7.270442716773791e-05, 0.00034014218671291204, 0.002551164573161388, 0.6869618140804157
4, 2, 1, 0.8358756468228911, 0.04998582604370723, 0.11413852713204435, 1.3573966301232059e-12, -0.4589281998790568, -0.702459518383224, 0.6462976156586356, 0.7743925372053753, 0.31038828322819095, 0.19124846244918828, -0.19594650098395247, -0.15575196314705542, -0.30106314108442056, 0.34064789991504696, 0.038441021375324534, -0.0013302868468394557, 0.0007747243438678636, -0.00019177495544610317, 0.01892878918390866, -0.0019514934287824096, -0.0004675469913103872, -0.00013166543181670286, 0.6869618140804157
5, 2, 1, 0.8358755115777663, 0.04998583726003817, 0.11413865116083868, 1.3569404611799972e-12, -0.47707595601826647, -0.36279484672521445, 0.7789030473558164, 0.7368942040094816, 0.11716923844896843, 0.10789217917039369, -0.2264082373839525, -0.2850381991405911, -0.2462434345641177, 0.22586746719506676, -0.09778391557660207, -0.0010899807873285302, 0.0010035681787705928, -0.000545844641128123, 0.02088173301782545, -0.00014872159611186873, 0.00042033510095368186, -6.10783514929035e-05, 0.6869618140804157
6, 2, 1, 0.8357835964018996, 0.05000658047720911, 0.11420982311953456, 1.356879211127591e-12, -0.6472553803216448, -0.5614912071298096, 0.7327686052014004, 0.717344570363034, 0.06300178088079456, 0.1323121794653388, -0.02227388437335016, -0.4910907067657, -0.17585578770744287, 0.3319754374770847, -0.13714524817342647, 0.0006822183294127223, -0.0007857665054112548, -0.0007503578980879221, 0.020956464616235966, -0.00073657545334077, -0.0005356488204869563, -0.0002785429238414922, 0.6869618140804157
7, 2, 1, 0.8359308174554079, 0.04983227097129362, 0.11423691157101756, 2.280912833787844e-12, -0.5124434434672642, -0.3802822210759456, 0.5496845092248749, 0.6313610953000455, 0.1729136948858438, 0.13150813498763705, -0.10552478294869068, -0.2663546627272013, -0.3129062550657607, 0.19116041550198193, 0.06462236893011644, -0.0005571449857950884, 2.9413427490939103e-05, 0.0007385620973913906, 0.019512423155277927, 0.0010180773517801745, -0.00029421308040577436, -0.0013834707770752172, 0.6869618140804157
8, 2, 1, 0.8358352719519803, 0.04985905329470723, 0.11430567475102967, 2.282877584518531e-12, -0.5238962747962813, -0.5343810265680211, 0.5891560364234351, 0.47442470702163153, 0.08572729889404791, 0.08998034075570793, 0.0438948935289589, -0.18290982372005313, -0.4180994003841304, 0.4349367137474708, -0.014341312133192596, 0.0016430272819818199, -9.991253232305682e-05, 0.0002331820091039497, 0.020633368725780882, 0.0013399889419593372, 0.0002791868082322029, -0.0006409697539227697, 0.6869618140804157
9, 2, 1, 0.8358355120302765, 0.04985846022730964, 0.11430602774013096, 2.2828679613968218e-12, -0.48423429525642464, -0.6203157538028035, 0.7426014977846889, 0.710949855490451, -0.005038711464611012, 0.1476952517125366, -0.08370264837067912, -0.31807083286647764, -0.3367293039838607, 0.29822451713344134, 0.08122922018880699, -0.0009893230586708504, -0.00043398427144170787, -4.804394219211616e-05, 0.02015313742055872, -6.0614278987343636e-05, -0.0010247677786525372, 0.0007287462186423751, 0.6869618140804157
10, 2, 1, 0.835910153054828, 0.0495130473337869, 0.11457679878376595, 8.276192171013478e-10, -0.4661498708051174, -0.6014665846570211, 0.5430037262781419, 0.9058713811973378, 0.22538441502298517, 0.04650437399464137, -0.29396989453135863, -0.2510933853713501, -0.09309736658751436, 0.09269029782322209, -0.00028534775809122557, -0.0006856220256666427, 0.00019488643080709845, 0.00024119749233646187, 0.019484412324251014, -0.0008297438174107517, 0.0017431198560196968, -0.00039223311344118805, 0.6869618140804157
11, 2, 1, 0.8359921362503022, 0.049427635137208305, 0.11458022778341063, 8.290789210825459e-10, -0.6471258346894793, -0.5289522744843123, 0.618948789029181, 0.7074390601484615, 0.09257651494731564, -0.047568808182899616, -0.039273291494902884, -0.20035454203146402, -0.22774661195803803, 0.09091546931722694, 0.11728333476687684, -0.0009440562860500341, -7.463753257474087e-05, -0.0006351567609498082, 0.02101129486758926, 0.00018361631467929456, 0.00040577926834329094, 0.001249581281538373, 0.6869618140804157
12, 2, 1, 0.8359971776681947, 0.049421602673984925, 0.11458121882877868, 8.290415157397423e-10, -0.545022651632862, -0.5133978930983327, 0.5130803450623815, 0.7749391446695781, 0.15286105902305586, 0.08087605673823323, -0.06522228012960958, -0.41045573660932266, -0.2547439825628724, 0.317867534915819, -0.008308447471192082, -0.0014470147404615449, -0.0004411763588363072, 0.00013548583646570816, 0.022022727670180382, 0.000908982194825694, 0.0006659853346088983, -0.0004038969099230621, 0.6869618140804157
13, 2, 1, 0.8359974093373883, 0.0494213006507121, 0.11458128918285373, 8.29045904467107e-10, -0.42467330742454995, -0.477890193059993, 0.606980237621208, 0.84962540066151, 0.03312993878979886, -0.024344239324423866, -0.2766286579237337, -0.14775423792178694, -0.17879830808557567, 0.40980288680678445, 0.2767031587969682, 0.0006537326057809572, -0.0010310975341764907, 0.0020938165850023427, 0.02055829996126738, 3.372755690981103e-05, -0.0011500663269172326, 0.0012103709009646537, 0.6869618140804157
14, 2, 1, 0.8360072568858474, 0.04941068148434498, 0.11458206080078542, 8.290223347618136e-10, -0.29537484499528327, -0.4592308419843141, 0.4037363933232707, 0.7623466063775328, 0.1758823482037787, 0.014794325427715383, -0.1293740637042316, -0.26526548167468855, -0.5179475338966395, 0.2929311501258562, 0.126008617322637, -0.0005807649646154803, -0.00021122501006385085, -0.000522749197697863, 0.01980088381148228, 0.00019670206424934354, 7.008568149174347e-05, -0.0007179231345646124, 0.6869618140804157
15, 2, 1, 0.8362465294933463, 0.049163369370263506, 0.11459010014587587, 9.905142936057742e-10, -0.4109918671504979, -0.5461816583038716, 0.4489376322659643, 0.7744751044659062, 0.1414311031801037, -0.11024199693773204, -0.10589020778738531, -0.009937582857650673, -0.2783765025347681, 0.24069922838130883, 0.1384521405925307, 0.0004434517475173862, -0.00020844637108421153, 4.314680298440036e-05, 0.018875978495308275, 0.00014279590504790126, -0.00238026905835374, -0.0011762723399648205, 0.6869618140804157
16, 2, 1, 0.8364186429847199, 0.04895865062478164, 0.11462270531274052, 1.0777579165153088e-09, -0.4688906503930247, -0.6065037464447046, 0.5007900431341519, 0.6818293138254833, 0.14962861092018925, 0.10675789068825774, -0.13465604862064218, -0.15386372502970774, -0.25575461197329485, 0.16706277521753338, 0.038177513647692576, -0.00036906972267904895, 0.0011704414271298124, -0.0007791768739341994, 0.02088052118875801, -0.0004355385324738125, 0.00175968052861785, -0.0006646122347078624, 0.6869618140804157
17, 2, 1, 0.8363994180743789, 0.048961013799378644, 0.1146395670484869, 1.0777555988563137e-09, -0.46267274134368097, -0.6335360091713227, 0.5327921588380179, 0.7108982237781183, 0.018795591256885534, 0.14544531759193846, -0.15470750050907173, -0.08470039008948076, -0.5428311518069933, 0.20984144805256305, -0.04833719992569606, -0.0005055046231291694, -0.00041372409451078995, -0.00040742910060216815, 0.021361847063291813, -0.0012583713737208259, 0.0015205362782487154, 0.00045972402886278933, 0.6869618140804157
18, 2, 1, 0.8364022134243669, 0.04895378896331487, 0.11464399653450592, 1.077812444690554e-09, -0.5120529635413356, -0.4488631905934276, 0.5680157565116659, 0.7066293281592351, 0.0037700714739595798, 0.03206886825192416, -0.19607326878572828, -0.17487298614212612, -0.2400154166794409, 0.3273304423350199, -0.09146134752381656, 0.00015679749281358066, -0.000568125580245165, 0.0010929856016666248, 0.019027090329921344, 0.0013926279813480688, 0.000926808518276885, -0.00037873070406860683, 0.6869618140804157
19, 2, 1, 0.8364137332128376, 0.04893942186491601, 0.11464684384443942, 1.0778068597499262e-09, -0.45373943357082397, -0.6018777492316262, 0.5943830549397779, 0.772761880038429, 0.2525502937889989, 0.05341858987774978, -0.09496040638727934, -0.45296608443241615, -0.23705873078269718, 0.1528911813894723, 0.11946424254808566, -0.0009993812898825922, -0.0005790560778834247, 4.42093172604618e-06, 0.01935867566731446, -0.00028497019625632993, 0.001492745680092488, -1.3077268341184836e-05, 0.6869618140804157
20, 2, 1, 0.8364137082986167, 0.04893937794597536, 0.11464691270873541, 1.0466725042246695e-09, -0.33943467678700234, -0.3984970917980385, 0.3130520019299864, 0.8946167409493875, 0.009309132220671468, 0.1276824435290068, -0.2867500525805821, -0.3527802145932073, -0.29929271010825553, 0.21451920938422764, -0.004162468571859162, -0.0007657484752746372, 0.0007125157219035566, -0.001485704240979906, 0.02162395991298531, 0.00048794025519765215, 0.0014676210555646621, 0.0014811408568541748, 0.6869618140804157
21, 2, 1, 0.8364130276407018, 0.04893945108770868, 0.1146475202249672, 1.0466223372426345e-09, -0.46800527407893655, -0.43720199903983425, 0.5896742493127093, 0.6151623465572842, 0.18281161394293147, 0.1366175788836013, -0.21560598225664754, -0.3431322260705518, -0.2944072158025284, 0.30181837072505746, 0.04292009996034216, 0.00032817849201939353, 0.00014063410415617115, -0.001031034765561926, 0.020642282901441694, -0.0005140721013198133, 0.0009040273379990929, -0.0019524129361361514, 0.6869618140804157
22, 2, 1, 0.8364068647975029, 0.04893999889384592, 0.11465313526194874, 1.046702286289508e-09, -0.2680877398165956, -0.651718460680362, 0.6596762530181085, 0.6069533211299586, 0.012756257589597707, 0.2051024289158005, -0.08921026189679751, -0.20585912899066777, -0.15745401216094446, 0.22302070205185204, 0.01815693799285793, -0.0007239679512022367, 0.0016330355153602281, 0.0005932989289329041, 0.019670837158140105, -0.0008788404737350055, -0.0008074847085425257, 0.001355810156970327, 0.6869618140804157
23, 2, 1, 0.8372909604629005, 0.04803983832656948, 0.11466920013085727, 1.0796728448853979e-09, -0.5112405139236695, -0.6227418411330106, 0.4474025939119851, 0.6886795338278919, 0.03870150172148244, -0.0742492091579581, -0.08558678818332036, -0.27760562973869946, -0.2620885332226653, 0.257644570755554, 0.1923524616821893, 0.0020225172740497782, -0.00019068427720440423, -0.0005019266698213738, 0.020546826144271356, 0.0009038950815705747, -0.0003629773094411877, 0.0013822671932010313, 0.6869618140804157
24, 2, 1, 0.8373001052446678, 0.04802745181514214, 0.11467244186051032, 1.079679822839238e-09, -0.5409793102843354, -0.5436353568405781, 0.5375553345003435, 0.603396006805345, 0.15405719827816294, 0.12700384017015884, -0.17198795992564275, -0.1628372800793764, -0.3330096115427533, 0.27998354550922716, 0.061441599328279084, -0.0013246611615300335, 0.0005181393813159669, 0.0009016192359858373, 0.021136849279609078, 0.0003236257850828074, -0.0010691221917733973, -0.0012287978836191325, 0.6869618140804157
25, 2, 1, 0.8372999810449702, 0.04802697954500559, 0.11467303833036976, 1.0796545369888744e-09, -0.4654778034542565, -0.3368089855154768, 0.42456664120641047, 0.5815856439003084, 0.04167557915388174, 0.1900022484301866, -0.2606879221742238, -0.24423319718342634, -0.30189452801401145, 0.15397271645809943, -0.0654556172047814, -0.001406070698157083, -0.00029959406098881483, -0.0006032616851424457, 0.020312668258478918, -0.00035775867872930145, -0.00017358896604339994, 0.0009750043724380339, 0.6869618140804157
26, 2, 1, 0.8372999806246312, 0.048026978784758846, 0.11467303951095514, 1.0796549164020198e-09, -0.35183220285953654, -0.35952104632289283, 0.5111811478767251, 0.7464029739336129, 0.15024582993180852, 0.20008059203470716, -0.18478203631158893, -0.3766263719878219, 0.029573851598520308, 0.40299914704454487, 0.08455736909613852, 0.0007957426685618885, -0.0004955049322886999, -0.00021229185139407864, 0.02020957875363762, 0.001757234588548599, 0.001300929960571579, 0.00010082643059859212, 0.6869618140804157
27, 2, 1, 0.8373112061816906, 0.0480127782650386, 0.11467601416710844, 1.3861624433184832e-09, -0.5747434118442781, -0.1721762701480456, 0.4881916483724467, 0.6062415683053565, 0.03541604006984835, 0.0632432846798947, -0.226005041290966, -0.09189279304384865, -0.017262703566812476, 0.30802603614338203, 0.08570352488870307, -0.0022992959442463172, -0.001072506020192001, -0.001011322597994397, 0.019482853878366027, 0.00231306542758838, 0.0012217443695850681, 0.0007465446423549078, 0.6869618140804157
28, 2, 1, 0.8373144505887484, 0.04800789991449443, 0.11467764810933309, 1.3874239789890142e-09, -0.568643657423234, -0.6678922861519604, 0.5368732051761963, 0.616501982548898, 0.037807013051188686, 0.05855692626467777, -0.11901798388120252, -0.1401197562067284, -0.25321241375535597, 0.30270462736500214, 0.19430102181054604, 9.929310223189325e-05, 0.00019987181860862792, 0.0003496362680528926, 0.020585169260763553, -0.0016744031223495197, 0.00011584202609124134, 0.0009219649064755123, 0.6869618140804157
29, 2, 1, 0.8373144744877099, 0.04800779479465399, 0.1146777293302338, 1.3874022714729783e-09, -0.39866210381623673, -0.4580961301859287, 0.633588972659048, 0.5553872690680844, 0.08666591739762815, 0.2626595412242422, -0.23282850924858484, -0.23722637964925597, -0.3255120876672484, 0.2708487675152658, 0.07597642646601344, 0.0005880153687401328, -3.259070583410778e-05, 0.00042031619774515045, 0.020657036517441437, -0.00024388767304689088, -0.0011988481593194725, -0.001032533452632349, 0.6869618140804157
30, 2, 1, 0.8373216535224087, 0.047999738172954595, 0.1146786069153616, 1.3892751432641972e-09, -0.32875948367097335, -0.3338838127224954, 0.5713121705994587, 0.6275391327802481, 0.03184612423062495, 0.18700541011161653, -0.08861412124143413, 0.14113642982801983, -0.12768924968319767, 0.3968884124916713, 0.1054723559547712, -0.0012454897278752221, -0.002254235510108477, -0.0020307857057742114, 0.01890572430595204, 0.000995183850052894, 0.0017964502127009456, -0.00017834314078023566, 0.6869618140804157
31, 2, 1, 0.8373196622441123, 0.04799974399162321, 0.11468059237399375, 1.3902707940308158e-09, -0.5168280229935946, -0.45310274528030015, 0.34640414669634223, 0.7028720378505107, 0.08045430242033046, 0.09314887875462961, -0.09294687456359774, -0.3762279670347965, -0.23653365466665993, 0.2778455661859199, -0.11124258907281415, -0.00011013268682875774, -0.0018973455091198222, -0.0006466583334060889, 0.02047121188820817, 0.002395469156493667, 0.0013866409821947075, 0.0016677615524430076, 0.6869618140804157
32, 2, 1, 0.837381472738684, 0.047909741973478276, 0.11470877791607341, 7.3717642814925095e-09, -0.6249896578181245, -0.6199466005077412, 0.5008142736288081, 0.6034982130482206, 0.29567653650074055, 0.040968638211059206, -0.13354996653802761, -0.08453765510728331, -0.10542444570281351, 0.1672078050524744, 0.10405154432163477, -0.00015841665368651362, -0.000622298422632586, -0.0005991963680324798, 0.020008411350394294, 0.00019555525253423688, -0.001149380496292753, 0.0013030121112236194, 0.6869618140804157
33, 2, 1, 0.8373814866621031, 0.04790971102901508, 0.11470879493712349, 7.371758282916602e-09, -0.49854496695651884, -0.4842370858487204, 0.550199082178322, 0.7291094442583175, 0.13288204691948102, 0.25277732257402286, -0.16367426559518608, -0.2099290952489122, -0.45632931382020886, 0.20173122562820267, 0.08250804181997302, -0.0013357209711853597, 0.0004838271336262619, 0.0010747827010379977, 0.020857339395279048, -0.0010013211362225175, 0.0005839175559153646, -0.0008212320080300945, 0.6869618140804157
34, 2, 1, 0.843868465930123, 0.04126010008775454, 0.11487126825756983, 1.6572455273961768e-07, -0.29169784312429076, -0.3747667684021797, 0.26443159093481844, 0.8385250157755024, 0.11569163950997907, 0.073652300224169, 0.007165273211869927, -0.18558194294786526, -0.18591646072004878, 0.24398249484043671, 0.03556960169883074, 0.001292057852520044, 0.0002913894167189873, 0.0015222964176565047, 0.018503929452568416, -0.0007103009679072949, -0.0004958627866967376, 0.0016406263624089983, 0.6869618140804157
35, 2, 1, 0.8443603115108362, 0.04072707940336603, 0.11491243922579981, 1.698599980004922e-07, -0.12826862964371394, -0.3006669297145563, 0.4624182685720223, 0.8599727978425667, -0.04056389840227621, 0.10511336900803347, -0.1287544786828591, -0.17726787427215387, 0.070877782630366, 0.399032492733105, 0.1354130296253771, -0.00042520902406010104, -0.000722589165888273, 0.000635888220975149, 0.019330876912079915, 0.0015211532537483638, 0.001010555372338579, 2.1933809039411082e-05, 0.6869618140804157
36, 2, 1, 0.8443179980054238, 0.040738609012143275, 0.11494322227972335, 1.7070270930459754e-07, -0.41997318381029747, -0.3533833622485241, 0.35431756520882013, 0.6808642820106375, -0.011130944648036701, 0.08644166628152179, -0.19081505303526872, -0.11794783163697123, -0.1156641434112929, 0.39918944406485624, -0.13727507242132883, -0.00023024636009431177, -0.0010060112852259009, 0.0002426474223819062, 0.02026985004394622, -0.0001291076514324937, 0.0001241405982799896, -0.0014832546244304254, 0.6869618140804157
37, 2, 1, 0.844299577639693, 0.04074076644094328, 0.1149594852166665, 1.7070269717588494e-07, -0.3033636549712947, -0.3318291723766079, 0.5017588779036224, 0.6135843291800984, -0.01810809313058397, 0.08793342465826978, -0.28408314190737693, -0.20060612589122023, -0.3029552281862554, 0.3017731333241903, -0.04627117291582761, -7.575872931706728e-05, 0.0012780065232238156, -0.00020069610666305373, 0.020933363171397917, 0.0014010366981944491, -0.00045577947240885733, 0.0013890099332729687, 0.6869618140804157
38, 2, 1, 0.8442323860198595, 0.04076883135464184, 0.11499861197285506, 1.7065264359350517e-07, -0.39338415348504724, -0.473589381891964, 0.39410948737088514, 0.6124817587308449, 0.1489398473327848, 0.20775262131996536, -0.09609563688124419, -0.23008795440015958, -0.30269562121920934, 0.23263604893224737, -0.13830825905541527, -0.0006540422191379525, -0.0006650706865488833, 0.0013730150173925447, 0.018110285619741047, -0.0008314510375089422, 0.0002588507213952787, -0.0007832409921168619, 0.6869618140804157
39, 2, 1, 0.8442330495740253, 0.04076739899493819, 0.11499937996868005, 1.714623565308409e-07, -0.2796076192129314, -0.594253759222184, 0.41127827211521134, 0.7105298407044163, 0.3362370090968298, -0.02583727653760759, -0.1944735916903312, -0.1819104929938169, -0.02704596880210981, 0.26985818898036146, 0.19832745665835255, -0.00043097841645589336, 0.0003164105707036896, -0.0019717918448911966, 0.019800938476268657, 0.0010768716824018827, -0.0005216026791701421, 0.0005116229835300007, 0.6869618140804157
40, 2, 1, 0.8442051248355223, 0.040781002240631345, 0.11501370197069996, 1.7095314638354325e-07, -0.3068415370606644, -0.4454432563434351, 0.5368892195775562, 0.5779185047726262, 0.07498721834545048, 0.056330241523884814, 0.004486775874154403, -0.1812640423928787, -0.13327924546926787, 0.22374105781344614, -0.01271110623722562, -0.0009144247637862403, 0.0023777987625455813, -0.0009749006590047321, 0.018660472878559733, 0.0017478320212092637, -0.0014366059836740336, 8.991366063708024e-05, 0.6869618140804157
41, 2, 1, 0.8442052568422581, 0.040780484065195056, 0.11501408813922998, 1.7095331680696846e-07, -0.23349552709596139, -0.4391773925428694, 0.521024881731317, 0.6128163723392065, 0.19269285033677136, 0.2923401485061869, -0.15400009951962607, -0.26527819496961474, -0.21412310760169423, 0.263576998126386, 0.11781008486474798, 0.001408352808999342, -0.0007056479885702869, -0.0007994494798495693, 0.018480237344429534, 0.00021430430886350662, -0.00012734026779770427, -0.0013757239893078706, 0.6869618140804157
42, 2, 1, 0.8442000467313279, 0.040783594236862175, 0.11501618806176565, 1.709700443776783e-07, -0.2408869742014379, -0.4253196704922906, 0.3335181359551198, 0.658009744919076, 0.19874816679095791, 0.14388319036021263, -0.06202207140536028, -0.32245978818589827, -0.1634959279101244, 0.21505136932211855, -0.2139803920036905, 1.3512221677435745e-05, 0.0004773695641670703, 0.00030880592563576535, 0.020978350292406366, -0.00020454693888826092, 0.0015146042941133727, 0.00012922997383898977, 0.6869618140804157
43, 2, 1, 0.8440566720625761, 0.04083793268937517, 0.1151052188729249, 1.7637512373039096e-07, -0.44239252469039253, -0.38687378298749403, 0.4216782652630302, 0.6474110427006364, -0.18503895980493237, 0.06872169119107059, -0.1699208012271691, -0.2531612473882012, -0.07319102846626732, 0.20768188594705456, -0.050450647064745925, 0.0003220804627716545, 0.002609735939695425, -0.000641350625846767, 0.020963897507659923, 0.001487810329037434, -0.001080105373977117, 0.0008625192968520408, 0.6869618140804157
44, 2, 1, 0.8440086052372783, 0.04084103303960856, 0.11515018533691498, 1.7638619833230903e-07, -0.38723728414597813, -0.3797282834191512, 0.5871933234858815, 0.7224741882717, -0.02674306731940441, 0.11522287259172462, -0.07006939755241613, -0.17006597303657017, -0.18224218109490492, 0.2971499754192968, 0.020825619212547514, -0.00018710625839462789, -6.456226962475674e-05, 0.0014252490495758703, 0.02094369673841872, -0.0007057755977455876, -0.0004437680455203896, -7.15146409470708e-05, 0.6869618140804157
45, 2, 1, 0.8740956006679909, 0.005602424028756438, 0.11779329795171847, 0.0025086773515341585, -0.5089731363755102, -0.37429764342966354, 0.23638723027858832, 0.6737338350449276, 0.1737294882537908, 0.1983072688494915, 0.07443056800250047, 0.05146880180026856, 0.050790574213987714, 0.05386382670280656, -0.049143552109579484, -0.0019672220665089154, 0.0011249501475458213, -0.0007398132412203048, 0.01873263187367775, -0.00042809106647925495, 0.00024600236780953906, -0.0010271285738406044, 0.6869618140804157
46, 2, 1, 0.874095791827717, 0.005602103775269115, 0.11779342704463627, 0.002508677352377619, -0.332473436151843, -0.3389028886422584, 0.3140880481306714, 0.7359398320872801, 0.1610795367580658, 0.0772578688472568, -0.24196164784336402, -0.267410073140596, -0.19887216807173963, 0.3147879435924891, 0.09858831903316517, 0.0006182482820155513, -0.0014027892304643841, -0.0006165008652613993, 0.019606456341136166, -0.0013053591402309938, 0.0008906391598273768, 2.508742464429862e-06, 0.6869618140804157
47, 2, 1, 0.8740971425431142, 0.005600527280168089, 0.11779364880744211, 0.002508681369275514, -0.2980748305666258, -0.2914922731313795, 0.2261224515730338, 0.914280005838967, 0.05990108847615503, 0.10573860044213539, -0.1873894679107624, -0.17765054843060485, -0.1301177398859982, 0.1549239493304868, 0.1686636237271772, -0.00022089284698327593, -0.0007696964891208119, 0.0007139456580144004, 0.018880386410658173, 0.001199213173992735, 0.0007962581330957744, 0.0011025793431499533, 0.6869618140804157
48, 2, 1, 0.8740975807758529, 0.005597026586956678, 0.11779671131341879, 0.0025086813237716666, -0.43084268500290646, -0.1451811291279918, 0.5915872558331042, 0.7378541850070752, 0.2503191862930223, 0.1379560589880541, -0.30331284903353845, 0.05708429469647107, -0.11323987770654467, 0.06567502768476692, 0.08243535575886943, 2.9488317617790643e-05, -0.0008399558067519422, -0.0002354090537121848, 0.019612478569203385, -0.00010703599528395851, -3.533955237708378e-05, -0.0011719153769057275, 0.6869618140804157
49, 2, 1, 0.8741047837556161, 0.0055842414636409765, 0.11780224636556658, 0.0025087284151763018, -0.2398804241843954, -0.2930461801373617, 0.2552320676974678, 0.8660364477024467, 0.09431586554680545, 0.21063285268812412, -0.2111617467121389, -0.00470684199413729, -0.15058358606470995, 0.24095996157498772, 0.0950550255404861, -0.0010446088520104692, 0.00016997555409241848, -0.0007720991833772492, 0.019388086711455498, 0.0003192402013494906, 0.00029679315435024976, 0.0013407794745945755, 0.6869618140804157
50, 2, 1, 0.8741293288383347, 0.005550595306019408, 0.1178111737329403, 0.0025089021227056446, -0.2993147884706055, -0.14418895301432313, 0.2930088606487614, 0.75947577696914, 0.30245351922574615, 0.10155473931472755, -0.05399967443087681, -0.16154972717443677, -0.06930723345440515, 0.022018322465879047, -0.0187987835228955, 0.0018828682823423559, 0.0014395335334966958, 0.0011238835180388735, 0.02008764532090962, -5.532735069631031e-06, -0.0011816527655838093, -0.0014069140833054773, 0.6869618140804157
51, 2, 1, 0.8741294143929107, 0.0055504759061879615, 0.11781120402961674, 0.002508905671284502, -0.24631044073568353, -0.30566623500181156, 0.19633254861400523, 0.49477855244766494, -0.018170189494365753, 0.21870111585672158, -0.12876336790296092, -0.23968063368914652, -0.026483037597136615, 0.16760974092812922, 0.2115764043392489, -0.0008451199804385759, -0.0020088614115628656, -0.00015935998703463404, 0.021967517833759227, -0.0009311310825074364, 0.0023938166001274664, 3.042437054539986e-05, 0.6869618140804157
52, 2, 1, 0.874030554555962, 0.0056083836004964215, 0.11785218034264709, 0.0025088815008944966, -0.383590632286799, -0.2796574908981151, 0.3475155608664622, 0.6776671107432679, 0.15339732961786876, 0.08998823037135947, -0.06982789364091034, -0.10353196985105802, -0.13630962740495128, 0.17796871934244013, -0.008798116435659063, -0.001592651221628632, 0.001728762934026473, 0.0010847787049502692, 0.01933704743686885, 0.0006340185838930562, -0.0009514679994211391, -0.0009351668141796608, 0.6869618140804157
53, 2, 1, 0.874132941132252, 0.005501421895741741, 0.11785673452048337, 0.002508902451522869, -0.23239804494377786, -0.2825653663501469, 0.37611942769083684, 0.796225642097707, 0.11646713083672111, 0.08374199392468511, -0.08108243217522411, -0.23119275362259692, 0.005094508911298967, 0.20829697201576045, 0.17434811954609253, -0.00046779541711767185, -0.0009253789433731421, 0.0014237940003566936, 0.01963334803199456, -0.0009829295419255576, -0.00013405134807554982, -0.0007415246532627076, 0.6869618140804157
54, 2, 1, 0.8742423478956268, 0.00536570422292363, 0.1178827813576774, 0.002509166523772202, -0.22794139800258728, -0.26930810308139924, 0.31893660113478056, 0.6934368106156865, 0.19467426035535212, 0.09947048071878269, -0.028647504892983466, -0.007905673498035082, -0.0685704279045829, 0.23942248956247097, -0.012853453831324347, -0.0014765011631667838, -0.0017212487322666166, 0.002216769801481821, 0.01997676663945993, 0.00020410805599812144, -0.0006803884554087452, 0.00019035689468741408, 0.6869618140804157
55, 2, 1, 0.8742273824945651, 0.005370369820469766, 0.11789308265095061, 0.0025091650340144213, -0.22409991447391633, -0.22199794866697498, 0.4409783172927292, 0.8240975090484582, 0.18484601233829556, 0.1264580146640574, -0.14658380986614994, -0.1312434198264893, -0.1724384535902188, 0.16663643015587493, -0.021538136694131068, 0.00034415421963275214, 0.000986950828052811, -0.0007042684721841283, 0.017979095236081422, -0.0008028602564319109, -0.0005935609788579387, 0.00046863232310758184, 0.6869618140804157
56, 2, 1, 0.8742273022447603, 0.005369724173706805, 0.11789384851570212, 0.0025091250658308218, -0.2018822756834921, -0.21426620380446892, 0.14574910289920434, 0.6556666798765478, 0.32963495338595217, 0.25081725998158194, 0.049416629694329785, -0.06729623945784718, -0.20681105362676105, 0.10354248483091219, 0.00690338357918781, -0.002222978111608931, -0.00014461378207491444, -5.070653901173721e-05, 0.01897505397622582, 0.0008568394352560287, -0.0004465259268802839, -0.00014943404308193547, 0.6869618140804157
57, 2, 1, 0.8557993402118279, 0.019081811118198528, 0.12260551872380779, 0.002513329946165779, -0.3274462675688007, -0.09440764612856685, 0.3147232676360999, 0.8227352761299878, 0.0979631016716925, 0.04320801059160738, -0.02083056754474537, -0.05062296234156507, -0.2351704005567979, 0.0955410302486103, -0.07511517073912874, -8.289533775401665e-05, -0.00061687205969727, -0.0002513331693908466, 0.02025490068663138, 0.000829745466316685, -0.0009486708962451447, -0.0020162331268847216, 0.6869618140804157
58, 2, 1, 0.8554700209631171, 0.01917195282741867, 0.12284474610429542, 0.002513280105168831, -0.3694752837156384, -0.41034680468169904, 0.36664701699012325, 0.6402834311880992, 0.11128295165370158, 0.08350340635052109, -0.2679185657550335, -0.21151353355762548, -0.23259389430807978, 0.13181672590419036, -0.06360907978906649, -0.0001573643706784224, 0.0010872041455261589, 0.0021072486809761764, 0.02024246855471246, -0.0003486223598836181, -0.00097471307430156, -0.0006424636715490032, 0.6869618140804157
59, 2, 1, 0.8554700384323148, 0.019171915190120615, 0.12284476749640785, 0.0025132788811566796, -0.3473942951996163, -0.35574264636859637, 0.3584587521900068, 0.5940100522349427, 0.24626136923595246, 0.26525686324887376, -0.06180078057373532, -0.16702751577323102, -0.16818663260556324, 0.2461353061971263, 0.11115104790524018, 0.0003360920049399262, -7.186732670504351e-06, -0.0022791247611937235, 0.019600091060861913, -0.00020141818315322363, 0.0016841933148563876, -0.00046815854845436963, 0.6869618140804157
60, 2, 1, 0.8554693599217088, 0.01917256282051781, 0.12284497059771939, 0.0025131066600539605, -0.2755637591055272, -0.24748698961011062, 0.41643262457402636, 0.7879798769247082, 0.17640268308257412, 0.267774299470546, 0.03517790051154339, -0.3155676619445818, -0.053035729738269574, 0.08818326185136431, -0.003530538926295465, -0.0009648838509654558, 0.0008360291298377335, -0.002021147429759277, 0.019483364469589277, -0.0003104216177798404, -0.0014328658015496185, -0.00011421331350972175, 0.6869618140804157
61, 2, 1, 0.8554683484137593, 0.01917260650048803, 0.12284570338521703, 0.0025133417005357398, -0.19200776435740632, -0.21145125013749472, 0.2608234321244788, 0.7731632472882253, -0.10989792076015763, 0.2806358844161788, 0.035190825068834065, -0.11475269366246835, -0.035129275760248754, 0.0446946189593877, 0.1108309516891762, 0.0004781512225259722, -0.0009761981562398386, 0.0007563995401504832, 0.022229062461224615, -0.0002728533934710079, 0.0009462272799720962, -0.00031044199315001064, 0.6869618140804157
62, 2, 1, 0.8554794416848105, 0.01914047631608385, 0.12286547279452283, 0.002514609204582896, -0.3267759428963005, -0.3237367340256199, 0.3500137294069496, 0.6335983196675972, 0.12919966286021173, 0.24329728414422078, -0.004366353790174804, -0.0848948273798186, -0.0004241027035683631, -0.033800476381231806, -0.006531983457096544, -0.0006311551536488852, 0.0013699727592295728, 0.0009652306727999575, 0.019750006613941693, -0.0002712563128847102, 0.00012864130800363502, -0.0006020733156675818, 0.6869618140804157
63, 2, 1, 0.8556041000463891, 0.018991414285651872, 0.12288892497690798, 0.0025155606910509153, -0.3154527644221575, -0.27517110753262203, 0.25263167051137525, 0.7922113260586131, 0.1602588734441815, 0.1270198768808169, -0.05473304654578026, -0.05114978693583083, -0.09166318148106659, 0.17123201930251586, -0.0060331727622709025, 0.0006088583939305389, -0.000851374376711625, 0.0009836538010633566, 0.019745301140997734, -2.360034535374877e-05, 0.0011821798984507138, -0.0012930242679135345, 0.6869618140804157
64, 2, 1, 0.8616467253447091, 0.012914453063691624, 0.12292057205937176, 0.0025182495322274316, -0.18664011497920513, -0.30996129708423775, 0.36033301053380934, 0.8891482405304536, -0.05224316606927526, -0.0763950175128375, 0.007960952809270982, -0.07710289268876838, -0.07700823740750662, 0.080258785890807, 0.25850730661967186, 0.0002195905381055687, -0.000835318146700208, 5.997794591365234e-05, 0.02102480692919361, 0.00042905392130341646, -0.0008440898565204568, 0.001675336905579436, 0.6869618140804157
65, 2, 1, 0.8625519523215185, 0.011959250148407461, 0.12297058653604756, 0.0025182109940265793, -0.1877114042353643, 0.0016439536115266495, 0.26057158425101656, 0.7391358085362384, 0.13079193634729164, 0.10914734669638879, -0.0783391899129223, -0.15140597584287574, -0.3027992074761561, 0.18679212315511093, 0.09425743490296203, 0.0007502832659370557, 0.0008515616933898014, 0.0012785385364720032, 0.019868540996664887, -0.0001457543371260847, -0.0004679092377256443, -0.000853635491315676, 0.6869618140804157
66, 2, 1, 0.8625163872067674, 0.011975465942702608, 0.12298954787681797, 0.0025185989737120966, -0.2388649534142271, -0.2030053975410835, 0.24046201111854898, 0.7896625269884658, 0.11889684761140462, 0.184992630986296, -0.2090472159673963, -0.10798656789606309, -0.03291335290490871, 0.21465798505781847, -0.01878420822827285, -0.0005420465983284932, -0.0026722764581795797, -0.0003903350079722631, 0.020513773057320564, 0.0006438811038940398, 0.00033904215434725406, 3.4586382082701914e-05, 0.6869618140804157
67, 2, 1, 0.8599725235532557, 0.013855461950396952, 0.12353439417130185, 0.002637620325045385, -0.22244288408908286, -0.31108368530468444, 0.19072713287892196, 0.615492619642813, 0.011076628941258337, 0.10132330890069449, -0.05650951418415292, -0.048172353146324065, -0.10354580176530863, 0.024675550269562974, -0.013562415317764993, 0.0021175475542712647, -0.0011043520266857212, 0.0011758645098669464, 0.02061358041951248, 0.0008946114648073697, -0.00042166238305987045, 0.000983625267949231, 0.6869618140804157
68, 2, 1, 0.8599839360799519, 0.013838221218846038, 0.12353874779216449, 0.0026390949090376215, -0.05219763587055955, -0.31811657780146085, 0.0733908506537431, 0.6913097913890189, 0.0437101279349558, 0.22651826505906608, -0.16819759661294173, -0.11069871705324077, -0.07888494883012673, 0.15406908484373982, 0.01783252072674605, 0.0006729300267291672, -0.0008960782685275996, -0.0010062918682339048, 0.0202026481337158, -0.0002106787223472931, -7.905384873477806e-05, -0.0010898520338697155, 0.6869618140804157
69, 2, 1, 0.8599915188615936, 0.013827447298393546, 0.12354207972392782, 0.0026389541160848364, -0.15708274532792865, -0.2393778525985696, 0.28778788479250167, 0.7231187019981365, 0.2709867563210568, -0.03783245806219311, -0.14246347745010146, -0.08533250375612958, -0.05202322583141404, 0.19609280956595435, -0.0499714471592365, 0.0016179607039996668, -0.0011096901095445442, -0.0004482552095290003, 0.019450125085399103, -0.0014127094845026562, 4.638911078411314e-05, -0.0006952003418780946, 0.6869618140804157
70, 2, 1, 0.8599955422021075, 0.01381856685038681, 0.1235460302774, 0.002639860670105704, -0.40535253717310793, -0.2545641448635346, 0.11393514247876306, 0.6083544253924776, 0.10585050263439255, 0.19037044728835545, -0.2321351830813346, 0.007412542709747505, -0.135535502440507, 0.09636950635928805, 0.08173051615591553, 0.00044467617145635017, -0.0011008091437796662, 0.0014187699603372523, 0.01897784904678505, -0.0008035211586828264, 0.0017010105823119866, -0.00012971964065841478, 0.6869618140804157
71, 2, 1, 0.8601071201466638, 0.013712130423607582, 0.12353977351070711, 0.0026409759190215956, -0.18901728892486572, -0.14102024002036342, 0.2187522904013174, 0.7657219603984211, 0.1562632495276805, 0.1257137565202289, 0.0023265856700774414, -0.1281838580967317, -0.03364170777298433, 0.13871132883600168, 0.019291550698400384, 0.00012924333953250093, 0.0009857310816094797, -0.000537129286938558, 0.020899157921206425, 0.0006759021159253071, 5.7756694116518055e-05, -0.0004784896067793902, 0.6869618140804157
72, 2, 1, 0.8608916768097462, 0.012102433257832971, 0.12436152239962467, 0.0026443675327961183, -0.213269153634646, -0.21874148894365794, 0.45006533811211946, 0.7967878998748621, 0.23494385922041308, 0.039007315336783845, -0.27122989623002386, 0.12330076713153697, -0.0801991755081293, -0.020654024567657726, 0.14829152404616092, -0.0007973089481055415, -0.00013629681193785178, 0.000703313811844058, 0.019209124277946042, 0.0005172530197361226, 0.0005539477815826968, -0.0005336727323832266, 0.6869618140804157
73, 2, 1, 0.8613957015188863, 0.011574389112416456, 0.1243835233848057, 0.002646385983891462, -0.21017990146213647, -0.267259181369216, 0.1959153130199758, 0.6730624641693103, 0.12221390274691475, 0.16299618511291838, -0.011751149092242041, 0.0011263576484415228, -0.11609038927453807, 0.26172515859737183, 0.13963821870205673, -0.0013195824485833798, 0.001323627384016733, -4.9663371160038375e-05, 0.01942344487564683, -7.381961807079693e-05, 0.00012804443351406932, 5.86531721878636e-05, 0.6869618140804157
74, 2, 1, 0.8654801074510382, 0.007199785483608216, 0.124653357870884, 0.002666749194469624, -0.14205254580370666, -0.26101609109969043, 0.3077551870810621, 0.6115950983977416, 0.17992101386017256, -0.06583541754809945, -0.14129784952532123, -0.07903603941452803, -0.04699108193450197, 0.11970072269810554, 0.13202913062075755, -0.0006596365570827445, -0.0010905638260071747, -0.00017503108171631302, 0.018550625097004083, -0.0010409364797186967, 0.0030312411444336795, 8.397206790536194e-05, 0.6869618140804157
75, 2, 1, 0.8659892125501181, 0.006680147855428091, 0.12466276664835857, 0.0026678729460952455, -0.2232790130541958, -0.21930666043084557, 0.14805032771120424, 0.6579990408768162, 0.06275636918599421, 0.11261633204397917, 0.1298698479523482, -0.152635454155145, -0.18201904581656111, 0.03554515633319018, 0.18009167558899644, 0.0006320870494496179, -0.0008001877594979029, 0.0003891947430695654, 0.020407074278117145, -0.0002639886760212808, -0.0010641950755157263, 0.0007056115231385677, 0.6869618140804157
76, 2, 1, 0.8670069267789928, 0.005459136082156653, 0.12486205795960756, 0.0026718791792429324, -0.10369557717219655, -0.1678475085842872, 0.31714536796784387, 0.6966341613328064, 0.2041918536215991, 0.16230520580531724, -0.08431990736717065, -0.05858785501690448, -0.04251050780994813, 0.23864199426135319, 0.06439164305796588, 0.0007947107092030166, 0.0007471032648802968, -0.0012934725823261527, 0.01933306075155669, 0.000523622022136444, -0.0003833959820681148, -0.0009492289532633417, 0.6869618140804157
77, 2, 1, 0.8671181939889474, 0.004572036458503206, 0.12500399823582115, 0.0033057713167283205, -0.047550563480368256, -0.299530206804662, 0.1383711444766032, 0.6289764999881717, 0.26059438990746175, 0.20125106218019845, -0.16681199238394737, 0.19320654237493726, 0.12275259130066943, 0.10279526227784745, 0.07428064710453523, 0.0008946371414586858, -0.0008858827875910495, -0.000684276091363718, 0.021254719557633566, -0.0005113601507893401, -0.0012231903488690347, 0.0003145976858846252, 0.6869618140804157
78, 2, 1, 0.8671151699700986, 0.0045742841756882206, 0.12500477257628995, 0.003305773277923207, -0.12593775060767734, -0.05107412084687881, 0.11081587759278, 0.7038534201630277, 0.17865460360771604, 0.16756751552872515, -0.21477115777885197, -0.09294082222108728, -0.26322895330915524, -0.15999858140001721, -0.12344166154707918, 0.0002567438332189479, 0.0012577167492862978, 0.00034871307403148966, 0.020919897788639025, 0.0003419354963734526, -0.0004861765944124402, -0.0013422821748574974, 0.6869618140804157
79, 2, 1, 0.8663964812224754, 0.004964525547924096, 0.1253304964854772, 0.0033084967441233686, -0.08159810980064733, -0.28872127266203257, 0.27788195747235267, 0.5700996533520009, 0.12848132476433405, 0.05789747822634511, -0.054674727026501134, -0.05035990961776391, -0.19616378664031978, 0.1747692592639072, 0.11835442197737167, -0.00040630208550675607, -0.0007375578452177825, -0.000861156314350712, 0.01998077009684681, 0.0010384979108417059, 0.0009688405486617095, -0.000777466542681737, 0.6869618140804157
80, 2, 1, 0.867919943554395, 0.0033240406242620213, 0.1254223627730733, 0.003333653048269724, -0.1501817417589138, 0.08260736425976496, 0.22148783095995497, 0.832913657845404, 0.00110669876293521, 0.004798907116457274, -0.12920222897688632, 0.04304621031793111, 0.06718265650716676, 0.1804360362231453, -0.08326937602827868, -0.0031753943502734867, -9.271671208777466e-05, -0.000649941405487204, 0.017952117838464697, -0.00019008879446583946, 0.0007453689932523072, 0.0005527074545926904, 0.6869618140804157
81, 2, 1, 0.8691068432652626, 0.0018640742057400845, 0.1255082974039609, 0.0035207851250363634, -0.10251753212342618, -0.029698637860537856, 0.16646183544678278, 0.6771742737469578, 0.08577025801315177, 0.06038731624871757, -0.15068580263081482, 0.08856061279526745, -0.05763439052119314, -0.14528734180440991, 0.09398940237756809, -0.0011090566964526579, -0.0016554011890937686, -0.0007783459359020015, 0.021220282869976504, -0.000914592179113308, 0.0002606176857251227, -0.0016052477066259684, 0.6869618140804157
82, 2, 1, 0.8690590775047123, 0.0018864243568378872, 0.12553290213230234, 0.0035215960061475123, -0.18833934587648063, -0.11080357718139215, 0.16040592741523582, 0.7374104503612543, 0.16170722985641733, 0.19797011052767552, -0.32147595806307167, 0.021481841959069416, -0.12780939363878185, 0.10130629570019131, -0.049758388922168204, 0.0003179341408020468, 0.0008079912393389972, -0.0010791717893039452, 0.020616996498582126, -0.0010567716648448903, -0.000939942360080177, 0.0008521217147001214, 0.6869618140804157
83, 2, 1, 0.8690308700661415, 0.001988638011862997, 0.1253909104679937, 0.0035895814540015925, 0.04136435850638629, -0.031038683100179966, 0.0818933226177994, 0.802088605174778, 0.06799138374974016, 0.25334016820088545, 0.08171848639710233, -0.01893174974872545, 0.07135392648815461, 0.05795936549233618, -0.043983774169783066, 0.0007547871459083033, -0.0010640174706076514, 0.0003113507057835756, 0.0184626793635701, -0.0004002763082228878, 0.0008034563744414355, -0.001916150499532342, 0.6869618140804157
84, 2, 1, 0.8680870277437052, 0.0025413723554771673, 0.1256900485861576, 0.0036815513146602197, -0.20147155273462616, 0.10024993320260522, 0.1554839709574953, 0.7611239235688271, 0.027094739233052344, 0.10903790125179255, -0.16792703119416358, -0.048498502055947516, -0.06683599776428986, 0.10809888697937561, 0.017440701932848957, -0.001020250335329655, 0.0001900287586507, 0.0012777845664952118, 0.02208472447967553, -0.0011903592137688, -0.001138796452520674, 0.00018036126534902986, 0.6869618140804157
85, 2, 1, 0.8612335239374811, 0.0066739115606898715, 0.12829917538747637, 0.0037933891143526223, -0.2409569949254256, -0.07567721381917157, 0.1254135261260792, 0.7845766520488774, 0.05441517114149841, -0.1306155150828039, -0.2491424374446674, -0.06301961252260854, -0.10355699225114737, 0.1659885155937108, -0.08728913064574953, 0.0009025847067761718, -0.0008829719003124485, -0.0005137020154262512, 0.017939823644864888, -0.00047588525054311734, 0.0003186026359607352, 0.0004372632052859914, 0.6869618140804157
86, 2, 1, 0.8697905785602544, 0.002179275763171703, 0.12378106336041383, 0.004249082316160009, 0.08498506545883751, -0.1674928601906404, 0.17472979557629875, 0.7663404930760633, 0.01817695866719037, 0.022367306637691386, -0.0696308463863093, -0.0196884257585426, 0.008998408619949095, 0.03268452167748831, 0.07929296981098034, -0.0007693965678508844, 0.0013717339569886333, -0.0005306563440785155, 0.01953722340544278, 0.0010806741895710071, 0.0009929756577530464, -0.0005710956482886913, 0.6869618140804157
87, 2, 1, 0.8697887175868134, 0.0021803425973685032, 0.12378227796938561, 0.004248661846432521, 0.02023478328409044, -0.21654857722023452, 0.30142539880421326, 0.8715247678451193, 0.2536640224133094, 0.2732907928175667, -0.1443637501415755, -0.03745828776952962, -0.01661999749544526, 0.06844636715086362, -0.1430775574026492, -0.00023816900353248503, -0.0015616622678708927, -0.00024453422092171986, 0.02047954709808451, -0.0006746321278406574, 0.0018486284869231161, 0.0010011784020714052, 0.6869618140804157
88, 2, 1, 0.8698239087170306, 0.002179684434532985, 0.12374741327689538, 0.004248993571541099, 0.015488470774837426, -0.06109447274682935, 0.2397773996644296, 0.7668989284889757, 0.026362083491430023, 0.08424993446038706, -0.10955264513530945, -0.22676872444431023, 0.03972930366321798, 0.12519420704235984, 0.08807198285277872, -0.0011212996482695815, -0.0018142059852265312, -0.002057459953305943, 0.019622236195661103, 0.0012370852332549208, -0.0004597361109647405, 0.0005515226498577256, 0.6869618140804157
89, 2, 1, 0.8698028438302993, 0.002205789412276413, 0.12373395842041136, 0.004257408337012925, -0.1401436816378478, -0.036803771284995186, -0.05493350037799445, 0.6388995282580676, 0.07931205139350499, 0.14583914457607486, -0.18126258960075012, -0.10849134821660449, -0.12525558135167963, 0.0246595669121488, 0.022261080738903587, 0.0006213180679090055, -5.051722728763407e-05, -3.531449247657146e-05, 0.019521711061417292, -0.0017302984337956798, -0.00036828859586484334, -0.00025830685135643747, 0.6869618140804157
90, 2, 1, 0.8682082276794576, 0.0031986369809196467, 0.12406587606169257, 0.004527259277930207, -0.16756678958508658, -0.08269304133303013, 0.035846148683175476, 0.6055532428375113, 0.05433402896303946, 0.06337559892294306, -0.1405633431688021, 0.08931245399977596, -0.13433417084913105, 0.051116452614941264, 0.015197925365180697, 0.0005170250179865842, 0.0023014990430915002, 0.00024162292432940548, 0.020105825625753602, 0.00016980119767104232, -0.0017525573441822036, 0.0015389888147678355, 0.6869618140804157
91, 2, 1, 0.868254229614198, 0.0030746342813605483, 0.12404462804075093, 0.004626508063690577, -0.12729441117169962, 0.04204034862990456, 0.034996276287684994, 0.7801830096754403, 0.2742978525195833, 0.05044604575627287, -0.1708450882480449, -0.10414014050598693, 0.13424875267144662, 0.06365586859835332, -0.051818845306722906, 0.0010942199630810394, 0.0006400191191518876, -0.000949440910890198, 0.020612612153762457, -0.00016428296309936938, 0.0003463804987358439, 0.0011437967590397756, 0.6869618140804157
92, 2, 1, 0.8523614096157827, 0.016390847540871615, 0.12521684136062947, 0.006030901482716391, -0.12280853607723449, -0.12871252829808327, 0.2329991168336397, 0.6087553071388297, 0.09638411446896256, 0.029886673970179668, 0.03812936296523215, -0.11503930446933479, 0.10613112526224056, -0.06013807672212904, -0.005373271998643959, -0.0006761903480818782, 0.0007684754004691472, -0.0011609363303567391, 0.018056665189295627, -0.0013903055154877435, 2.59589647987674e-05, 0.0009818867619974642, 0.6869618140804157
93, 2, 1, 0.8527582124880575, 0.015483538061812541, 0.12525997780486467, 0.0064982716452653775, -0.05865851836400458, 0.19144957075403235, 0.19633251973263377, 0.5958894490072211, -0.1594911018186158, 0.19941780508863077, -0.06613048628324533, -0.0490623050699913, 0.19897082164608135, -0.06896076518502865, 0.1508418362152916, 0.0006157445381683395, -0.002600467219141883, -0.00013239409295068454, 0.020584413738705416, 0.00015852532417621345, 0.0006349125796008563, -0.00025412578862251284, 0.6869618140804157
94, 2, 1, 0.8448808091673283, 0.022258301787453534, 0.12622693562728832, 0.006633953417929778, 0.17464911927761598, 0.03698680453354142, 0.1761953610895884, 0.6739688114651121, 0.009568290096398235, 0.11703609236671879, -0.06608053329587968, -0.07072919932508112, -0.11521490561394347, -0.23349539744785514, -0.06290084210569481, 0.0013465122261460951, 0.000579245636664338, -0.0019743607661714007, 0.02050476264115104, 0.0007438701524143677, 0.0017029187701628526, -0.00024122905271050225, 0.6869618140804157
95, 2, 1, 0.8217854336425588, 0.03307877652063349, 0.12741282877256735, 0.017722961064240126, -0.09431064683538638, 0.006158764882505835, -0.04316403140133068, 0.6595818065134689, 0.0001561774345332667, 0.1286894854931955, -0.07228220954389047, 0.10131251341475227, 0.040720875125046276, 0.07530962035161244, -0.08824873432150582, 0.0015562831887983226, -0.000679434923654378, -6.08779138990533e-05, 0.02095852728673827, -0.00045127817968915716, -0.0005111182859843051, 0.00012439846123936561, 0.6869618140804157
96, 2, 1, 0.8217698256998299, 0.03307787728379028, 0.1274291489966289, 0.017723148019750914, 0.0821435321913802, 0.04755143159152451, 0.22820485037935456, 0.6940731586139643, 0.09743631720800407, 0.16507574241547468, -0.21232514334894637, -0.23709446702097975, -0.08048101400802005, 0.09431128238878314, 0.04744681574011765, 0.0020310403380941694, 0.0009632563468973312, -0.0016320054248541345, 0.02047672809046026, -0.0017512550288795736, 0.001062445018817464, 0.00021635794029763042, 0.6869618140804157
97, 2, 1, 0.8209874602856562, 0.03364475907738103, 0.1276338340069155, 0.017733946630047202, 0.02138192290059513, -0.0953752624549207, -0.02970004861351506, 0.6684950535358941, -0.006412912625308675, 0.10505896842531508, -0.1445131705759222, 0.021870806564926577, -0.28704437116925063, -0.03247782330466807, 0.04908530647483074, -0.0005762763302870619, 0.0010020459745115817, 0.000511843716376896, 0.021821873650516015, -0.001188284087892742, 0.0013142583146485817, -0.0012993698508845697, 0.6869618140804157
98, 2, 1, 0.8210192743019776, 0.03354904253997343, 0.1276731711034825, 0.017758512054566564, -0.19981654555780864, 0.022855969718753217, -0.08859608201207556, 0.5390126619598312, 0.06845396743495119, 0.1601550625782052, -0.25270072652345216, -0.07843277102483427, -0.015162805353250495, -0.2674030676472719, -0.1795446115113075, -0.00010255196019496831, 0.0013331283496427356, -0.0005985483513188945, 0.01958540162743156, 0.0008008215479962041, 0.0006655310347532523, 0.0017288600338393064, 0.6869618140804157
99, 2, 1, 0.8206351590877282, 0.033779054836634924, 0.12710073415818485, 0.018485051917452037, 0.0029365837307802735, 0.0007772676854325089, 0.02167091660871197, 0.791419681699285, 0.040828855569499486, 0.1411458379659219, -0.007194195601526366, 0.06396636335641326, 0.05152336289280805, -0.03225420954917403, 0.007770080086246954, -0.00011257059651571813, 0.0006831066849762809, 0.0005321409461409722, 0.019972688821061346, -0.0021884980179123943, -0.00031596035470900273, 0.000611860658910464, 0.6805281206693431
