t, Event, Policy, P(still), P(random), P(reach), P(transport), o(t), s_a 
0, 2, 1, 0.4300119876861572, 0.020081352442502975, 0.5498996376991272, 7.043815912766149e-06, 0.5621255752460466, 0.6287310972336451, 0.5682406070847248, 0.029888476389314755, -0.05353306532417186, -0.0964452755809814, -0.043625233789545546, 0.2658985546160495, 0.2810999114575616, 0.17087107357324488, -0.11376796582515689, -0.015727342266522712, -0.10121822782126728, 0.1988351958883187, 0.11808244894528963, 0.0015322343280918696, -0.14342321745711106, 0.20391112805316336, 0.01
1, 2, 1, 0.4301143191203907, 0.01956157595807921, 0.5503170610983353, 7.043823194705648e-06, 0.6176982441436916, 0.545468541419185, 0.6757357872894824, 0.10816484419830825, -0.08948705632149496, -0.17246144862636306, -0.015371698977955007, 0.2032713776425738, 0.20420121936387278, 0.27368787472132416, 0.1683680115645758, -0.0001297375279122623, -0.0010427823740438032, 0.000645787984896924, 0.05046786370204144, -0.0001265338845843072, -0.000690318029554581, 0.0013597877409147635, 0.01
2, 2, 1, 0.4070932287045652, 0.020467234695901636, 0.5724324735126767, 7.063086856454831e-06, 0.5095083502946477, 0.49942129587995304, 0.5761680543597428, -0.024393111033610162, -0.021464529777381204, -0.19698818267772267, 0.01088503164711876, 0.23377133722636506, 0.39104924066868535, 0.21974145037793544, -0.08126301454805016, 0.0006936248532583296, -0.0004853408849314016, -0.0005187752787577846, 0.05024911407932775, -0.0008410080562587828, -0.000379455943701438, -0.0005421893808874696, 0.01
3, 2, 1, 0.40709329123231586, 0.02046599696583966, 0.5724336489251669, 7.062876677504389e-06, 0.48472707877280363, 0.5083355767773365, 0.653925069161984, -0.16791129744979827, -0.3360014890548029, -0.16362993860520525, -0.05009647863274084, 0.4707629491228217, 0.18272243921407955, 0.2604778032568901, 0.03812567718111395, -0.00040733413003732864, -0.0003626315149404675, -0.0005414156287562394, 0.0489658520682544, -0.0013712900268590105, -0.00012308795306553756, -0.0006695927458068893, 0.01
4, 2, 1, 0.39282655434868496, 0.021434499260411653, 0.5857318798630632, 7.066527840198548e-06, 0.5269954607881725, 0.6268780421028146, 0.5544370541229562, -0.023443701500238737, -0.08054506710008216, -0.33440203216951164, -0.11364941432143227, 0.3076251751934535, 0.2851264079135682, 0.31321495822292983, -0.03145593034153303, 0.0006659520301204411, 0.0009581047056771285, 0.0012952935462444692, 0.05084782489855651, 0.0015099644997639855, 0.000621910118401763, -0.0009619966950699052, 0.01
5, 2, 1, 0.39467864435989, 0.009565899138739767, 0.5957483900381856, 7.066463184518396e-06, 0.6070721394403691, 0.5024222158617165, 0.8030188564397905, 0.04806061874617897, -0.13581760475487104, 0.019701969495633808, -0.10996890709376628, 0.2353247853384916, 0.1737797433832182, 0.34784960899759176, 0.15538403846612325, -0.002784137892939155, -0.0006372099767318538, 0.0011577940490716488, 0.04783915497463247, 0.0009916687437917667, 0.0019819595487562207, -0.0005425711290050576, 0.01
6, 2, 1, 0.3749289339890129, 0.010875842046404528, 0.6141881577534981, 7.0662110844623624e-06, 0.5206634469958795, 0.4935192293711338, 0.6249382076282186, -0.06698671201365479, -0.14914442064090908, -0.10832231374348152, -0.20632148192344574, 0.36952805479908657, 0.17450313484668836, 0.28611899499052507, 0.07628069188716163, -0.0009243546704817744, -8.199522510598864e-05, -0.001542154340599831, 0.051265439785709875, -0.00022911614079475467, -0.0011042508883144157, 0.0005684687365029739, 0.01
7, 2, 1, 0.37492089674750356, 0.010872426052836044, 0.6141996109892676, 7.06621039280232e-06, 0.38911756030114086, 0.5030188953970942, 0.7946178214230335, 0.13112895667443186, -0.17812326940539586, -0.08998588009018178, -0.11978107317992141, 0.20525809671581946, 0.2130914014255719, 0.3933395275070579, -0.07195120221777987, 0.00022692979548264778, -0.00039118615837501256, 0.001480541598130489, 0.050162127622909704, 0.0004534890027969203, 0.0001109366331750349, 0.0018772096131850636, 0.01
8, 2, 1, 0.374907487620838, 0.010873953722593753, 0.6142114924676556, 7.0661889127611106e-06, 0.7715592759449199, 0.7117701123931003, 0.6982700732901861, 0.09416014371365931, -0.16488629816341455, -0.15896150651674962, -0.2772065523870774, 0.2775085776173497, 0.24730677024340855, 0.45810060870910324, 0.16736296166597897, 0.0020253536966332694, -0.0001249652959589783, -0.0012080361895474736, 0.04900987980094333, 0.0009496275027425878, 7.812677327651319e-05, -2.402343774080077e-05, 0.01
9, 2, 1, 0.374899724587934, 0.010874893814946454, 0.6142183231456414, 7.058451478229939e-06, 0.6265218504041175, 0.5780290469870295, 0.5058156639570804, 0.0578276774426114, -0.1884704982008139, -0.23793351699832527, -0.3107173646651156, 0.38461667793627097, 0.23324089097330952, 0.3197461776935272, 0.16625071131045743, 2.9606084137886634e-05, 0.0002694664563942211, -0.00010913337409063629, 0.050404873278208515, 0.0012473296715440941, -0.0008805096085009465, 0.0001965743424096991, 0.01
10, 2, 1, 0.374792796190541, 0.010877503672424195, 0.6143226419101844, 7.058226850511768e-06, 0.449216455087595, 0.6361919348822117, 0.6470243741194565, 0.16629309426069258, -0.1383068162922444, -0.16985488190151848, -0.10870583478054348, 0.23280723634469896, 0.24412498893745113, 0.16394607315041382, 0.188134966791148, -0.0011737940331570042, 5.688684219747922e-05, 0.0008976635552244, 0.05002616266656044, -0.0022283851335731302, -0.00032231309620160903, 0.001493943729497039, 0.01
11, 2, 1, 0.3631191189170183, 0.011122465124445969, 0.625751113991486, 7.30196704972405e-06, 0.5502996355638292, 0.6867416013103032, 0.33316985921714715, 0.023657121097135508, 0.025698033266429988, -0.015714156373299093, -0.11764348188801325, 0.396162758164575, 0.24994456961664652, 0.2252438023834749, -0.10735863961424405, 0.0011354704453186673, 0.0005072388913355528, 4.5301996475702096e-05, 0.0496669591708143, 0.0011731491363485376, -0.000407265915693521, 0.0004302546350910404, 0.01
12, 2, 1, 0.3660144145812926, 0.003177177580613891, 0.6308010974323004, 7.310405793322885e-06, 0.42210466722800694, 0.6901382542613653, 0.4864624511358122, 0.002148250757539644, -0.07681125821916024, -0.04539251117621494, -0.056463073364850326, 0.22494178471015158, 0.19305949361689398, 0.4029724241716265, 0.12263506587073467, -0.0002936501657307642, 0.00042247220759881397, 0.0004284566788076625, 0.049113784727290576, -0.0004725471189082419, -0.0009630888518462461, -4.525702756685715e-05, 0.01
13, 2, 1, 0.36560858325751033, 0.0031606958511079743, 0.6312234106081945, 7.310283187245343e-06, 0.36216963421415427, 0.4663876371683725, 0.7631181609778265, -0.05449442283218895, -0.11928476862263318, -0.2347989093369546, -0.08790598178363238, 0.16749177238573446, 0.3651316576764677, 0.34528256522394324, 0.08319923289267091, -0.00051638098507653, 0.0001853762951959156, 0.00279593373278639, 0.05120210700634349, -0.0009042272966921907, -0.002471739134232342, -0.0004516475056914238, 0.01
14, 2, 1, 0.16903086978237747, 0.025300824974360512, 0.8056514132187258, 1.689202453633083e-05, 0.4973143737064662, 0.3106910336712863, 0.4592611828775846, 0.12688097334135165, -0.056395349994261455, -0.24710245730793368, 0.060668822910825114, 0.29439578872891536, 0.22984085673441962, 0.1554000471173762, 0.054685416774775175, 0.0012041528378779953, -0.0007809889108499747, 0.0013669322011807196, 0.04938667314921487, 0.0003888340800036638, -0.0007102610302460204, 0.00019745238679886099, 0.01
15, 2, 1, 0.16782312724697418, 0.02310336191078795, 0.8090566189633224, 1.689187891530523e-05, 0.7363782409898496, 0.5501486789198062, 0.6641015866432902, -0.06772929127799501, 0.014264964063324382, -0.1382799743423935, -0.08208820253933277, 0.15176883962061063, 0.2200166614146876, 0.13776610314137877, 0.0008449424072576817, 0.0004453943307042442, -0.001153533771650343, -0.00014491875816174897, 0.051041333786014255, 0.00020726227256523278, 2.1874523254374147e-05, -0.001102407755056947, 0.01
16, 2, 1, 0.17017700270117092, 0.01635673266441226, 0.8134496070351335, 1.6657599283338018e-05, 0.4389949646502182, 0.2778826767561381, 0.518012913060325, 0.13575764121420067, -0.16338250026312912, -0.07673590878239436, -0.058317503491686594, 0.251986447063193, 0.14597971783742847, 0.19999970371219625, -0.08993694790340452, -0.0002416173888876497, 0.0007900775370149349, -0.0011503007115924988, 0.05008240878558893, 0.00045823460405666603, 0.002523077325652809, 0.0012959528926280255, 0.01
17, 2, 1, 0.16638468842489104, 0.016505816109952803, 0.8170921163739566, 1.7379091199473657e-05, 0.517960280668649, 0.5302081968829793, 0.450994321740363, -0.037639078341601004, 0.021042614817201776, -0.2527837907659074, -0.16587255177764684, 0.16153629082784346, 0.3327882748270785, 0.09833979385684173, -0.07195166618885158, 0.0012097292744719685, 0.0019533660304245125, -0.000838956288346082, 0.04939092167676916, 0.00022130410351403097, -0.00020047307107238854, -0.0004952123833207889, 0.01
18, 2, 1, 0.16421918753022013, 0.016638347830602536, 0.8191250874338932, 1.7377205284058398e-05, 0.612254799939749, 0.36016709663073837, 0.5751683079852778, -0.11468039055020549, 0.03184781820275377, -0.21058418171061657, -0.11467809627880646, 0.30474176507932704, 0.3964298795800925, 0.22672066594831436, 0.0731318213667351, -0.0002582675460984434, 0.0008700119483142775, 0.0007803685728301828, 0.05017556096638569, 0.0007050735714899076, -0.001194288911801772, 0.0004083855200818718, 0.01
19, 2, 1, 0.1642313243156432, 0.01636972110278102, 0.8193816272728373, 1.732730873851852e-05, 0.48303606741042293, 0.4168329172580398, 0.5389529016244279, 0.10938434273388162, -0.2974529485433992, -0.10362003990278446, -0.1082895754546385, 0.32002399163578804, 0.2251559810523362, 0.32426651334512363, 0.1407463935105973, -0.0005753492976442716, 0.0005702266218376688, -0.0016858503873813078, 0.05055781960208291, 0.0016352411340655013, 0.0010093166898773778, -0.0021544117647295078, 0.01
20, 2, 1, 0.1638809643760151, 0.016390732130738946, 0.8197109746715942, 1.732882165181003e-05, 0.2523022129780561, 0.5451147604141087, 0.5358867490864277, -0.009237448977425382, -0.009685395947379827, -0.31054733170500226, -0.08737535520956068, 0.3211056065280643, 0.171380136665965, 0.13013448997153618, -0.069454052961721, 0.0006839779858627031, 8.888941456510967e-05, 0.0009340772730735475, 0.05039527454936341, -0.00022438890809302163, 0.0014618343483223041, -0.001212588071661636, 0.01
21, 2, 1, 0.16438770668925373, 0.01213223933668264, 0.8234617034826477, 1.83504914160319e-05, 0.4978782847373431, 0.2928874205383799, 0.43020474748328397, 0.04697853692635875, -0.155480127060203, -0.22348709071172196, -0.05638068377327756, 0.14114587713000928, 0.22090382386765292, 0.2482163471899912, -0.009562490720027478, 0.0015998081815458889, -0.0004346116999488014, -0.0011366790686392928, 0.04987687037460784, -0.0007815043175740768, -0.0019597071814012497, 0.0004413312335753999, 0.01
22, 2, 1, 0.16415080333040144, 0.01214030908537806, 0.8236905371150487, 1.835046917169684e-05, 0.5475035317223436, 0.38065482117682414, 0.5960956528601876, -0.016090560170444725, -0.07474912732241663, -0.19013055705329368, -0.10926890802892689, 0.24860161200289682, 0.23872561776737528, 0.2928808336638011, -0.03140263686280405, -0.0026434588775471, -7.813078109510462e-05, -8.200937319853076e-05, 0.048951042988007995, 0.0002238193303025024, 0.0016973798014173979, 0.0018136297464585282, 0.01
23, 2, 1, 0.16585245614125252, 0.0057965505899411785, 0.8283326429500211, 1.8350318785232843e-05, 0.37065760908922013, 0.2161074238661636, 0.7705100994701397, -0.047284086922841265, -0.12085760482195504, -0.08687111485994545, -0.08243572690528785, 0.24793496247849175, 0.06014999284504037, 0.20442461718694688, 0.10084958960189483, 0.00023309032182440662, 0.0005130593595764947, -0.0012107345476591836, 0.04967798260707547, -0.0013691340120973914, -0.000569422312215318, 0.0013199560942217903, 0.01
24, 2, 1, 0.08955414927055234, 0.0034740458612968865, 0.906952739264385, 1.9065603765837413e-05, 0.3916522883890302, 0.4070467194987101, 0.5198557573940159, -0.037696619706835854, -0.044023565383345994, 0.10710802966753268, 0.030703582245724604, -0.025438062113190173, 0.33177090025874506, 0.3778138208345408, -0.016073347030352077, -0.00040474124242177213, -0.0004083391856994807, -0.00298417949040081, 0.0509310187188742, -0.001179602906246233, 0.0012345625138729642, 0.0020932927113044295, 0.01
25, 2, 1, 0.0895343002889243, 0.0034750078706418924, 0.9069716272653938, 1.9064575040003264e-05, 0.3418840684222867, 0.4965835380721342, 0.685890747294873, 0.05793932274745449, -0.07504682851493805, -0.1500387393146172, -0.24125068233940422, 0.3169465936563455, 0.09168568017874339, 0.11475750235980928, 0.02662146250809247, 0.00012534506990844217, 0.0004425074666005023, -0.00035209833900882656, 0.049472472590912704, 0.001053425845429426, -0.0007386233796480444, -0.0011314133277901541, 0.01
26, 2, 1, 0.06350815089025982, 0.0034412360682673764, 0.9330305674211962, 2.0045620276613376e-05, 0.3333864637278531, 0.34915496193655976, 0.5221615587245062, -0.051026306184455895, -0.05055717814144236, -0.18193647551730052, -0.16808388039835892, 0.04095241734305077, 0.36091910243855096, 0.16423600441441746, 0.012175961343836533, 0.0022413557621387423, -0.0019217601917953914, -0.0005871023323715473, 0.049597263080857254, -0.0011272116998164614, 0.0004669080708644497, -0.0009761931816785069, 0.01
27, 2, 1, 0.06352415234496353, 0.003349029780476938, 0.9331067722898251, 2.0045584734488384e-05, 0.4146385151568399, 0.42248711053557264, 0.5061043025591387, 0.09541614699988055, -0.005046228813987886, 0.023187827510256342, -0.11774234925303598, 0.3784124243571737, 0.26677510593835674, 0.4683388046381437, 0.06617314394450381, 0.00037749296586298724, -0.001713990469689157, 0.0010447811887311837, 0.05010442698335721, 0.00011703335972762467, -0.00044642667760919324, -0.0008965619417619783, 0.01
28, 2, 1, 0.06341418337888333, 0.0031574612665899423, 0.933407333218546, 2.102213598078589e-05, 0.6034182461260196, 0.5413321582144291, 0.4061810351867298, 0.0530455098114637, -0.21691836790460375, -0.11106725559373573, -0.1874340252050372, 0.11706630845727836, 0.1746719464768292, -0.005497686351390562, 0.04368891489580179, -0.0008171453428789499, 0.000786840254545999, -0.0005677283333863914, 0.050692483578303305, -0.0001372459437120061, -0.0018976569082477198, 0.0010396621025336558, 0.01
29, 2, 1, 0.06341463145149855, 0.0031548038102489386, 0.9334095426629853, 2.1022075267289583e-05, 0.3729226663887336, 0.3819799555993064, 0.42537398883158933, -0.13717298237628797, -0.15676420328621313, -0.14242355157720213, -0.25758754685614466, -0.04045404214800423, 0.2446061006605731, 0.3906390993078567, -0.068619375444063, -0.00043205193554212855, -0.00021228184849601833, -0.002528896409904633, 0.05083402440896786, 0.001481304231296126, 0.0005944409247286154, 0.0007732405436633112, 0.01
30, 2, 1, 0.06339516011695372, 0.0031561253696464637, 0.9334276926249793, 2.1021888420609114e-05, 0.5627643908006742, 0.28505988745339306, 0.6228128478693282, 0.059552635634131414, -0.08630203854350812, -0.22467286946959905, -0.30366556066928346, 0.33785589601391336, 0.24300844049218134, 0.18263610871854702, 0.08171657118763538, 0.0013448574159738188, -9.57586725317484e-05, -2.9133592527498075e-05, 0.04847893952025252, -4.576505694584656e-05, 0.0010027447349668557, 0.0007920379913515985, 0.01
31, 2, 1, 0.06339899432082724, 0.0031379716414888584, 0.9334420125341596, 2.1021503524389353e-05, 0.4139933797200717, 0.35631286753878433, 0.5523327896189484, -0.06430439337990328, -0.17410956325062119, -0.14368547430042294, -0.06861759721998137, 0.06857056634368874, 0.2352515162523839, 0.27414773531894804, -0.10696484750410207, 0.0005471495206874672, 0.0010253993055705838, -0.0007440180613138914, 0.04991365851800038, 0.0019971492185580668, 0.0006858531587390164, 0.0008768127443029208, 0.01
32, 2, 1, 0.06339795924613313, 0.003137917348840686, 0.9334431014948044, 2.102191022173127e-05, 0.3604119224896247, 0.4400866108895899, 0.4109605780544423, -0.06468103894824659, -0.1881878750724112, -0.05418581789934672, 0.06092368168734852, 0.1898853628363224, 0.2101428373147697, 0.19049652961210667, -0.22576334221477987, -0.001251736209498957, -8.200465973397115e-06, -0.0006536045879716691, 0.0492324247401738, 3.6822461201297226e-05, 0.0003486794414428275, 0.0009807851461811744, 0.01
33, 2, 1, 0.06339795852871653, 0.003137916126784689, 0.9334431035685223, 2.1021775976413887e-05, 0.42260947012757555, 0.5094957853908635, 0.5276482022476279, -0.2171818635451875, -0.31485356615254384, -0.2284350458892483, -0.07534158991629189, 0.4053118707587252, 0.15695286196612618, 0.2662627860664829, 0.14070471330969292, -0.00033520694087667735, -0.0010780564077210943, 0.0007906106670799715, 0.04908370998185117, -0.00016311553438317147, -0.00020833964087174926, 0.001604303321164274, 0.01
34, 2, 1, 0.05749458010322703, 0.0034308393344144295, 0.9390535492389409, 2.103132341772261e-05, 0.416220801509888, 0.4683489116918209, 0.48761353843446276, -0.11201847420273095, -0.09376435241252004, -0.08589443134516352, -0.15507878345767703, 0.1791856955760289, 0.3359513805666442, 0.37335381490304725, 0.016539938833703128, -0.0002491231602164678, -0.0007428438414553054, -1.9233788129838932e-05, 0.05020757662166529, 0.00041778551349719664, 0.000854821576562139, -0.0005377365803412897, 0.01
35, 2, 1, 0.056931846339994145, 0.0034455670629157586, 0.9396015515152025, 2.103508188746057e-05, 0.40596170876134463, 0.4157371809533247, 0.5015095893532079, 0.15001028455857782, -0.048191570481167866, -0.07964507855405609, -0.032456890360789026, 0.39252550095527194, 0.20420512787150197, 0.09126846443422865, -0.14264209420750337, -0.0007720300324319896, 9.503993792553196e-05, 0.0015584756240239928, 0.050185918833021384, -1.4808378739720678e-05, -0.0005766126772877344, 0.0011134662289327523, 0.01
36, 2, 1, 0.0561710209910074, 0.0034273194230714, 0.9403805328048574, 2.1126781063723224e-05, 0.314444723897758, 0.3129502691003198, 0.29174639164609895, -0.03277426223591925, 0.06051635240956086, -0.10727552780938629, -0.1879574844991005, 0.2672856170278193, 0.28266033665116297, 0.2861148562837622, -0.06352635657830474, -0.002386828011560074, 0.00012341743874801195, -0.0011064135393169764, 0.04952154880324182, -0.000771093830075994, 1.8003573065528384e-05, 8.598762974399198e-05, 0.01
37, 2, 1, 0.04321955489889173, 0.0037566903676746785, 0.953001984767146, 2.1769966287553205e-05, 0.4942649636096498, 0.33393489048580005, 0.4954623305292657, 0.15412087045617323, -0.0759542933871377, -0.14031988064578724, -0.07393826788884945, 0.2600444418761506, 0.1644573396394285, 0.125747464170755, 0.06051892281379083, 0.000245423742988657, -0.0025059628226080984, 7.569316069183819e-06, 0.04939996445961985, 0.0008073747858173141, -0.0018767195166503946, -0.0007663142443117409, 0.01
38, 2, 1, 0.04353281885328946, 0.0027484880889376115, 0.9536968730986718, 2.1819959101116556e-05, 0.25580312379218484, 0.40588616340824696, 0.2657669206105876, -0.10369451276157204, -0.006135790331045743, -0.14762489801734718, -0.13122770551549415, 0.31879278683500745, 0.1276879695507107, 0.33477749438169085, 0.10366626862950705, -8.546807640494211e-05, 0.0001898825830564123, 0.0015775386137806386, 0.050321932686997736, 0.0009310980374898095, 0.0009387749747655428, -0.0007249595705446384, 0.01
39, 2, 1, 0.039617603892104676, 0.000512859270765353, 0.9598354111280597, 3.4125709070255944e-05, 0.36457536435876026, 0.3723497600401453, 0.468384179492461, -0.06294224644985615, -0.12672970964396957, -0.0217677761790131, -0.012228500035207302, 0.12930445323582998, 0.09397419564893417, 0.03758001563767146, 0.01079270031093867, 0.0015776559031359997, 0.0009759046925285883, -0.0001960559905031099, 0.04947819802590188, -0.00013090063498579803, -0.00032024270523268723, -0.00023490373038966, 0.01
40, 2, 1, 0.03961673971448335, 0.0005129686058167856, 0.9598361737564672, 3.411792323264308e-05, 0.3933701421645927, 0.5347640210988932, 0.3270128069735584, -0.28572113667533994, -0.232921489948097, -0.2502449279747955, -0.10963464074101585, 0.3709929545469278, 0.1791042643055568, 0.13298864792447232, 0.11798558179887916, -0.0003444714397731414, 0.0014303030765353316, 0.0003868544694004331, 0.05109383220399603, -0.001062349156038533, 0.0011510004956729765, 0.0004544373734514111, 0.01
41, 2, 1, 0.039618131716095746, 0.000479137488783965, 0.9598686060281293, 3.412476699104403e-05, 0.28524208246588606, 0.34578605848570126, 0.3457122450230972, 0.09967510130109453, -0.1277439215627593, -0.1295064333637191, -0.009066425347339702, 0.16675146975326838, 0.2881770232687913, 0.3165793893019936, -0.05298341603220168, 4.290446626417704e-05, -0.0011713404509607539, -7.219808485155466e-05, 0.049040354609116224, -0.0010851130068321802, 0.0019908784984782506, -0.00010100357225143281, 0.01
42, 2, 1, 0.039612886171022654, 0.0004795617274787502, 0.9598734055609522, 3.414654054626211e-05, 0.34784116531272996, 0.23212507494145465, 0.25424207341431493, 0.08305180360691769, -0.14432111753918256, -0.2985099633349832, -0.04000626548138242, 0.18956540583680476, 0.040580438424528006, 0.22538926791555597, -0.009507680444134548, -0.00013407316978747972, -0.001048681788594854, -0.0021607155755210337, 0.052482630665006566, -4.6589833326309715e-05, 0.0009790047429416903, -0.0010363218017040317, 0.01
43, 2, 1, 0.02476444076209212, 0.001903740718373832, 0.9732962227379869, 3.559578154718049e-05, 0.3590788949994104, 0.311383394925505, 0.3286416296326884, -0.173514337209086, 0.03897802478664689, -0.14742580377123865, 0.018280250512964735, 0.27543052425586595, 0.3206742351862012, 0.273202328314036, 0.07360582856615498, 0.00038936749887236144, 0.0015218126892039227, -0.00019975741158059584, 0.04925244973322464, 0.0007064498760221582, 6.72819497714014e-05, 5.72491861375288e-05, 0.01
44, 2, 1, 0.014970531743997182, 0.001870877106666155, 0.9830395713219351, 0.00011901982740163761, 0.24901185471153706, 0.20288568872640073, 0.25723110476030786, 0.18926637083941353, -0.050743186227017886, -0.15180434171885165, 0.08473702196544383, 0.1566518515776424, 0.22435041435589614, 0.2267147168541209, 0.00863498651242693, 0.0004202125818620177, 0.0016732079353575294, -0.00018601717276386654, 0.05237343999789229, -0.0013982596721476106, -0.00043676896992242864, 0.0011877169272640079, 0.01
45, 2, 1, 0.014997611076838925, 0.0011394672954675965, 0.9837423256454245, 0.00012059598226902706, 0.3139315344285383, 0.18689183695859318, 0.2699762990063184, 0.075521844266472, -0.2732452618070848, -0.10120648416483853, -0.1561596411923339, 0.0988694290672585, 0.04747792081756994, 0.3087417166003421, 0.08650621999875852, 0.000983896693436727, -0.000516555023891924, -0.0007724038185669066, 0.048282240432102386, -0.0003796159769097388, 0.0002036104726458587, -0.0007514128894618977, 0.01
46, 2, 1, 0.01500427466758257, 0.0009454577015065691, 0.9839254809502503, 0.00012478668066050088, 0.11294342637291628, 0.2484336869673133, 0.20221909863847642, 0.10162509029180511, -0.28650027703778164, -0.0024633844146491057, -0.09261611059698348, 0.07958080510378227, 0.12315009963402528, 0.2756225312487328, -0.010495231874772262, -3.8647895240386256e-05, -0.002786749380054557, -0.0011649950518879924, 0.049121106352538454, -0.0008551232191780193, -0.00014901564791044232, 6.288630350900404e-05, 0.01
47, 2, 1, 0.014957043371114247, 0.0009472269764042228, 0.9839709465008215, 0.00012478315165998213, 0.3257743174665357, 0.2934575051883172, 0.46298249886137255, -0.22459392596592428, -0.07516549526337563, -0.14760247372442387, -0.12859043410233065, 0.2545899618628118, 0.21510647131541938, 0.21473319057281626, -0.06291701821329136, 0.0005031301977202368, -0.0007072968392403914, -0.0012117622775063782, 0.04922403807375221, -0.0020472598709865755, 1.0851131281786662e-05, 0.0012284507136590826, 0.01
48, 2, 1, 0.014898460471032382, 0.000948903548107103, 0.9840278390449239, 0.00012479693593666857, 0.37074826220035906, 0.34695729365579353, 0.4534966756031314, 0.005223372627065683, -0.13241433882616999, -0.1658893193647623, -0.21422015297195046, 0.2091580825439317, 0.09155623713969821, -0.013133278512455071, 0.10341651695253957, -0.0007764253872720633, -0.00029070410768172175, 0.0005742233670381755, 0.04986511297100861, -0.002054894112614155, 0.00036234271671678096, 0.0003778561873077195, 0.01
49, 2, 1, 0.014207562150092315, 0.0006003972614301692, 0.9850672342571208, 0.00012480633135670784, 0.3082814687802115, 0.45083656863111543, 0.41133170623169, 0.02570719278115796, 0.0826500525707412, 0.10464784226512629, -0.1495576956310267, 0.21165820021912424, 0.25999890421467386, 0.2306865203799937, 0.17168311881767262, -0.0015130122883779452, 0.0007424918973617503, 0.002185556880064121, 0.04970733473303003, -0.0008323321074106811, 0.00027393978951333666, 0.0015727529280360514, 0.01
50, 2, 1, 0.014207548560979198, 0.0005969020998179574, 0.9850708982438181, 0.0001246510953847891, 0.3119853421480943, 0.5429120509040253, 0.1455638954411411, 0.10039271897491073, -0.25844094550457664, 0.0735749138812896, -0.11587325996676481, 0.2322963258831819, 0.049439465605147136, -0.010629510657284635, -0.07091186337888465, 0.0011984477156072911, -0.0017559677197659372, 0.0018642043583105984, 0.05071384830063018, 0.0003226753614790011, -0.001084062461105549, 0.0014575156989568888, 0.01
51, 2, 1, 0.014207545876101684, 0.0005969024927775644, 0.9850709056031468, 0.00012464602797400998, 0.33333885182441086, 0.30479243392723676, 0.14119111195041728, 0.07545508216931299, -0.26397147337563853, -0.13344133834463195, 0.0001921109761233941, 0.28777834311334394, 0.2903761454452087, 0.11189953797925538, -0.11962878047138688, 0.0005181677057235072, -0.0007107029098148599, 0.00199679448353913, 0.05070799075740397, -0.0012760829121824066, -0.00020298477341030948, -0.0003353603707984816, 0.01
52, 2, 1, 0.014207545784440143, 0.0005968959437417684, 0.9850709143539707, 0.00012464391784736397, 0.4000652713970709, 0.3206656869589431, 0.312007873068148, 0.12345897862311354, -0.07051389997483563, -0.06785218578785546, -0.1930935730973368, 0.23367933150422876, 0.30894344255744083, 0.2784176028377141, -0.14407508472707584, -5.778290327512475e-05, 0.0003255690464358795, 0.0006234562844418055, 0.050113183341754595, 0.0006434878475081023, 0.0009260897406677961, -0.0005507356891419826, 0.01
53, 2, 1, 0.014208352478448972, 0.0005870030063612327, 0.9850801055520755, 0.00012453896311438031, -0.04436879552210833, 0.3077074377172619, 0.5460736630392165, -0.059369317712230286, -0.2468797971141588, 0.05570004949551834, -0.02332645878542703, 0.18619368876054124, 0.1410034520738788, 0.17463304336421787, -0.12600363029117578, 0.0012980489507780318, 0.0012326867824295647, -0.00045620316172277777, 0.04869649827736759, -0.0009940488047107837, 0.000793385385211433, 6.57990781994381e-05, 0.01
54, 2, 1, 0.013286415179100397, 0.0007067146281766474, 0.9858604956604803, 0.00014637453224267802, 0.2920453091726374, 0.287825850968732, 0.2187002649837982, 0.04686309700869151, 0.022765779488485037, -0.06634732811434972, -0.17696346692674628, 0.18842772202949215, 0.23540426954912613, -0.045799682437926446, 0.16545143749469604, 0.0003407374331247475, 0.00013716641892780145, -0.000670996869329002, 0.049485303135889634, 0.0007188169925315647, -0.0013852415175648802, -0.0006734831794699092, 0.01
55, 2, 1, 0.013279060663366756, 0.0007027252623629246, 0.985871078612326, 0.00014713546194440808, 0.3135989767411685, 0.12498286734868087, 0.26554219435873666, 0.07850407170216482, 0.1841961727175005, -0.007107618580673191, -0.03278859368136668, 0.12073804815892367, 0.19251339816564692, 0.06627267662739159, -0.12827257990780772, -0.0016700976589543435, 0.0015171359231221852, -0.0019183846225148602, 0.050408172342459534, -4.520472987088562e-05, 7.04217520808829e-05, -0.000612886986457441, 0.01
56, 2, 1, 0.013364263702301399, 0.00046460396463711325, 0.9860236283479403, 0.00014750398512111177, 0.2680229147559803, 0.2048726606287931, 0.3552580941576939, 0.08181110994974443, -0.027232671031622947, -0.07345402483911027, -0.09060850980280581, 0.09430788001378079, 0.14648845443166483, 0.20592580129494814, -0.0675237356277231, -0.0011804334405790466, -0.00117955468427641, -0.00038275162893595325, 0.049552024050473764, -0.00011450815866353586, 0.0020827162257948855, 0.00045103320132897144, 0.01
57, 2, 1, 0.0066627663279458064, 0.0008151092994496792, 0.9921548560069902, 0.00036726836561434996, 0.2536561916863159, 0.2317943883216707, 0.30328064163659463, 0.20183727239054555, -0.04581939395794721, -0.14237517050761003, -0.11078022842638627, 0.1080830873629641, 0.1790677977931129, 0.038014732447890595, 0.047550863864613026, 0.0007879401631964303, -0.0008599850387637456, 0.0002085829072169645, 0.04981189113487936, -0.0004827267583612636, -0.0019402927845984103, 0.0006060468778847773, 0.01
58, 2, 1, 0.006653993112103002, 0.0008124984479519099, 0.9921662622426801, 0.0003672461972649751, 0.3351572313132907, 0.20385924539611447, 0.4329671023796906, -0.02057580557512402, 0.02000837160801485, -0.23393670738476602, -0.19349747099681902, 0.14951783874227836, 0.08448109750934336, 0.06301626043272002, 0.12527768206596115, 0.0018484470824366686, 0.0005934649342829584, -0.001123799822240888, 0.04961928110567347, -0.0011950385205323328, -0.0011460556472824453, 0.0017810949164283063, 0.01
59, 2, 1, 0.006591159813501171, 0.0008120410129803669, 0.9922294789276309, 0.0003673202458875809, 0.27633345241434687, 0.22546446723372376, 0.4371025587489733, 0.06640238748542752, -0.039809560919945065, -0.21644669605858172, -0.04447999903962936, 0.09116213152576755, 0.3212771039293655, 0.09091120312344876, -0.11818265536171138, 0.00017748044331285083, -0.000991690163369177, -0.00022690416706554146, 0.050356526043816886, 0.00013929762075383568, 0.0016796567958249678, -0.00037616343168580234, 0.01
60, 2, 1, 0.0065912959781136765, 0.0008057592460519586, 0.9922366419555412, 0.00036630282029322684, 0.27510124703251426, 0.4396020808809378, 0.3437413254835046, 0.06833405284288198, -0.2541093973555446, -0.1214249829886241, -0.2507921567606794, -0.07394642523411303, 0.2493806904233063, 0.05635445164269974, -0.018785127514066774, 0.0012773956456293527, -0.0008142780220186478, 0.002036461464143593, 0.05111391202148632, 0.0007352593440592252, -0.0005566299620890636, 0.0007551890133548043, 0.01
61, 2, 1, 0.006591296101675931, 0.0008057592302195175, 0.9922366491605903, 0.0003662955075142608, 0.22303551540862418, 0.17176708597250565, 0.2183821027562896, -0.03866581190375935, -0.1855269306586791, -0.1146636787236256, -0.24515782532793287, 0.26678647285552837, 0.07405325506413443, 0.06584266132987329, -0.1115013387840971, 0.0006180920298688814, 0.00027628971257847017, 0.0010705432927179443, 0.04932579103494336, 2.478902825162175e-05, -0.0005586319525460487, 0.00038720161872663866, 0.01
62, 2, 1, 0.006591457745166546, 0.0008052558466150458, 0.99223663233481, 0.0003666540734084552, 0.1369464176414908, 0.37113210180384865, 0.28572619750370243, -0.041094049712548986, -0.06816410530147651, -0.3385797915384748, -0.18095275363255134, -0.10336521667434447, 0.08942333076600197, -0.02467525604665788, -0.01495792276362439, 0.0001507571586857648, 0.0014963238748078856, -0.001119189545000609, 0.04894651295165019, -9.423491590395713e-05, 0.0004488944344627807, 0.00038472478183078227, 0.01
63, 2, 1, 0.0065914583756003136, 0.0008052555066712659, 0.9922366539241144, 0.000366632193614012, 0.11816184335204553, 0.25791791147553644, 0.37680831211460747, 0.004533738416937151, -0.1788722130588226, -0.28044752698624215, -0.32828656880070806, -0.047076179390010055, 0.018965427853352014, 0.21768780556106604, -0.08414708575343743, -0.0005380070424819817, -0.0009886136760483626, 0.0005448664503651754, 0.050567727682549565, -0.0005288119777896408, -0.00018780558961593673, 0.0005764115638219509, 0.01
64, 2, 1, 0.0065366929783094085, 0.0007757180577799227, 0.9923209945126507, 0.0003665944512598766, 0.25841916116112207, 0.3517053453694414, 0.25102244987704525, 0.0070697050176534906, -0.21066075240954638, 0.04425157151920778, -0.16705987454407983, 0.174625508268509, 0.22237538351966765, 0.08030777007330721, 0.07744013513255195, -0.0011760617364518554, -0.0018752716849779864, 0.0004870845698010413, 0.04942502017005053, 0.0014584587310319515, -0.00011717957953293759, -0.0002111018911518255, 0.01
65, 2, 1, 0.006536694070253131, 0.0007757211290768658, 0.9923210385144451, 0.00036654628622487956, 0.32386653962857703, 0.2168457450950055, 0.3755743967304359, -0.04840839271838997, -0.18888860361669152, -0.23667040376178455, -0.31441571146246605, 0.144773455962864, 0.08425079980631318, 0.20637437785968177, 0.026554784307384383, -0.0028089061291677836, 0.00034968548931110376, 0.0005676310248950422, 0.0484709258850439, -0.0007156970719376283, 0.00040149058343471694, 0.0009017343495623052, 0.01
66, 2, 1, 0.005608508578171365, 0.00027630402440146187, 0.9937395954351648, 0.0003755919622624023, 0.26671439304387295, 0.19910548440668482, 0.3789267129540774, 0.04389809529527031, -0.058258915556329484, -0.03244987839423822, -0.05136689655280745, 0.17390130152723535, -0.001988640995694735, 0.036533981817808106, -0.040222774966812605, 0.0010100804977079434, -0.00040933385499745533, -0.000228937182684397, 0.0486557219696568, -0.000752994717206786, 0.0006873764268012474, -0.000748150150567203, 0.01
67, 2, 1, 0.005607993085450914, 0.000276360119781942, 0.993740239948812, 0.0003754068459551328, 0.43588519065155645, 0.13163761850034242, 0.04298386087696384, -0.12459146344677423, -0.09238791894041141, -0.38685946276394717, -0.0821473715918355, 0.15457437053811193, 0.10055483702964756, 0.058413697455168244, -0.06016735462476176, 0.0009015080134603635, -0.0008199368562775547, -0.000497258023866245, 0.050502545486802566, 2.921512593918007e-05, 0.0003489204137744347, -0.00016716269659160647, 0.01
68, 2, 1, 0.005933484695013711, 0.0010526982573212888, 0.9874912996946376, 0.005522517353027412, 0.16788344491652424, 0.2741598367801417, 0.07528545163310114, 0.17692096297816243, -0.19393968655394186, 0.07485355559891585, -0.08746048988043087, 0.1619018802160185, 0.08849752924420849, 0.011605230367939002, -0.006316472453464813, -0.00040304464667711054, -0.000734111055479572, 0.0004407288649786058, 0.049893513399873676, -0.0013318812857327869, -0.0005724428543197157, -0.0009821328542563112, 0.01
69, 2, 1, 0.009016573700276663, 0.0027301412032565107, 0.982130781510252, 0.006122503586214854, 0.045771337288740235, 0.0832880921335657, 0.14322515378463332, 0.1262921071233257, -0.08059018472266852, -0.12196408996614538, -0.03904487374179801, 0.16597775245131735, -0.02740891271641186, 0.1471325717191016, 0.1144326180914382, 0.0016044897682303122, 8.49668543986955e-05, -0.0006289738420236929, 0.05048004583401614, -0.0013400896937621816, -0.0014038538457426077, 0.00011160030750155237, 0.01
70, 2, 1, 0.007673847046386717, 0.0018457226723078456, 0.9840453782614649, 0.0064350520198405295, 0.14748783455393105, 0.17497300393665055, 0.20938600255051973, 0.03993684918398691, 0.02838462936863446, 0.00950457269706979, -0.1809113550794527, 0.06887623227315379, 0.19074160413937308, -0.019541938254511115, 0.07433244972139437, -0.0014095174697294954, -0.00021818828953437834, -0.0005561540627050573, 0.05075617725054915, 0.0014496598467830188, -0.0006257265060105259, 0.00028772353858380216, 0.01
71, 2, 1, 0.008029271248549241, 0.0010967063355222456, 0.9843835152080384, 0.006490507207890125, 0.1697593537393403, 0.2813860856843996, 0.19457061074823012, 0.032986414434139064, -0.034754034624424536, -0.14055902054992198, -0.03635481454099042, -0.09477337976400753, 0.23734518505702934, 0.19277518224661275, -0.08680732155165442, -1.6693339110002348e-05, -0.0008370920784510656, 7.436052655887502e-05, 0.048326877549289875, 9.902708760606655e-05, 0.0003819885446318603, 0.0008737737433470612, 0.01
72, 2, 1, 0.008033565939206323, 0.0010729431282696723, 0.984405186472427, 0.00648830446009693, -0.10566837116927259, 0.1874729400625292, 0.29508297844085474, 0.055692381054630126, -0.1359717645859571, -0.0949585098092697, -0.1824073857049382, 0.1995161083388322, 0.06751950836085331, -0.04213965897457177, 0.0674922503096048, -0.0009303904441562555, 0.000686683983195304, 0.0010161507705766719, 0.04907214263270725, 0.0011275134082116517, 0.0004447283963272332, 0.0010340437306245761, 0.01
73, 2, 1, 0.008040773452429836, 0.001053680886038723, 0.9844080921646198, 0.00649745349691162, 0.21978125739431237, 0.1934679696820326, 0.11347407189214369, 0.036267934418915584, -0.14333734112806526, -0.23086847831559046, -0.11520876195468566, 0.03803023557678998, -0.1081778317420579, 0.0669826921794688, -0.02592084148239061, 0.0002350691397772355, 0.0014534950549693238, 0.0007220968650387423, 0.05056147898203943, -0.0009202704657444129, -0.0010679056390736253, 0.0003111112327948823, 0.01
74, 2, 1, 0.008057541371669566, 0.00026842426262579835, 0.9849835456623321, 0.00669048870337249, 0.2844366533627537, 0.06853627815244516, 0.18153057662880245, -0.1211217883876206, -0.2459213912982965, 0.036380503862254686, -0.018278421898278618, 0.13209043170377927, 0.07827140698299498, 0.02964326450128042, 0.10193489480735678, 0.00035736380137295793, -0.0019071782412749337, 0.00023275777325313984, 0.05080271693390702, 0.0005272579243592718, -0.0009948465730838319, -0.000425507399572577, 0.01
75, 2, 1, 0.008079039875842216, 0.00036677009423535106, 0.9847810744556823, 0.006773115574240046, 0.12794697137666625, 0.07263060255133938, 0.08943609103838354, 0.05439909006026531, 0.04653631254750257, -0.0421861501505709, -0.08806575775702306, 0.017392989139030913, 0.2282290192198147, 0.10777863613705245, 0.3402840542872325, -0.0005992344654005872, -0.001911179694293491, 0.0001015448455898999, 0.049663040589409936, 0.0009931302176775121, 0.0007158487744900405, 1.7042939241669297e-05, 0.01
76, 2, 1, 0.010725171382722056, 0.0018014813571384002, 0.97569570556801, 0.0117776416921296, 0.08830081718399578, -0.07300206687073148, 0.16816930223142373, -0.18917579995982278, -0.05646908516275441, -0.1410774640149205, -0.1057136739658016, -0.16113012108629904, -0.06396346989043963, 0.04607128332126721, 0.12399224023215702, -0.0007154032153235733, 0.00020870281623077986, 0.00012253222275954262, 0.050850618708208076, -0.0008932168822330498, 0.0011268478659349239, -2.266903819348294e-05, 0.01
77, 2, 1, 0.010829661672555516, 0.0015556177356384484, 0.9757044606271726, 0.011910259964633386, 0.24080665657695227, 0.08790616583560987, 0.10897738900083327, -0.16137422303455853, 0.007490112038091534, -0.23631020088687044, -0.11383193924779586, 0.00840212879753347, 0.06043222979450473, 0.1180224510698183, -0.03320512872342875, -0.0007381271279496377, 0.00021379299383380546, -0.001090491533611483, 0.04963576520816914, 0.0007844390307690325, -0.00040779749008800815, 9.586721429840427e-05, 0.01
78, 2, 1, 0.014934836779900056, 0.004542863859543047, 0.9616606490123545, 0.018861650348202405, 0.11648558587020338, 0.13059815406190295, 0.3164034986570218, 0.07619466929121445, -0.2686279027606918, -0.06425347298264984, 0.035409278162983025, -0.02904735535582901, -0.13188179541050288, -0.042558170435973805, -0.08945308351293094, -0.0007420166991258176, 0.0009403569630722274, -0.0017822451260064262, 0.04950392918942077, -0.00047874734726830023, -0.0005336848350832054, -0.0009514444649510546, 0.01
79, 2, 1, 0.014828134402403804, 0.004549453789099086, 0.961764113910927, 0.018858297897570105, 0.16137263068587357, 0.18401394744259023, 0.23952032063798265, 0.09553918235565018, 0.06493965884192285, -0.07774952045220732, -0.18482183297239607, 0.2339079203518158, -0.012218928584715716, 0.09529228142058073, 0.11490118559186188, -0.0009859589460112948, 0.0004395828597630589, -0.0001175597099960341, 0.05044811705788588, 3.7844553695048936e-05, 0.00011302939250946995, -0.0029327780440991562, 0.01
80, 2, 1, 0.01483768069921833, 0.004173040685888618, 0.9619630245802118, 0.01902625403468128, 0.14348614008483257, 0.11204610357866211, 0.06817708499340619, -0.06969669380840378, -0.17391557149203302, -0.16360130539191622, -0.228924144136378, 0.03654795939966869, 0.06536152529658529, -0.03737687080393633, -0.0005764555190074683, -3.889191092296901e-05, -0.0008915975306991554, -0.0012067514139764042, 0.04910973669919001, 0.000461635343780579, 7.945845757999035e-05, 1.1649057325556375e-05, 0.01
81, 2, 1, 0.015400214609259423, 0.014260436412303824, 0.9236905013836512, 0.04664884759478559, 0.031222542861892244, 0.09262168496954666, 0.1897641828475275, -0.13806848783588796, -0.38114058137324575, -0.06968401878811599, 0.03096984809821619, 0.06602653732741605, 0.14778769194230817, 0.08673679217026305, 0.024673667442268128, -0.0010804269089458047, 0.0003704333464580782, -0.0003026507076517628, 0.048934588845019236, 0.0002798346061887359, 0.0005846016833298318, -0.0006677727676544944, 0.01
82, 2, 1, 0.015390755360586284, 0.014260923192271896, 0.9237131585520656, 0.04663516289507616, 0.12177900330196786, 0.07901708293626067, 0.12165215943123345, 0.1434412795537251, -0.08638291419429744, -0.1527193041523418, -0.1910007907990358, 0.07012999773721099, 0.12400150988453902, 0.24541282250590832, 0.11270838644888241, 0.0006203028295152473, -0.0012802779243360196, 0.0024153365532218634, 0.04971457952695809, 0.00018894944516244426, -0.0009021117906139756, 0.0008455456857477744, 0.01
83, 2, 1, 0.015390787903207958, 0.014262191814116202, 0.9237262452047934, 0.04662077507788243, 0.24791919860661885, 0.05296361351299757, 0.25142753945884816, 0.07379560825068596, -0.19110048509136976, -0.30100012522799535, -0.40346216945217384, 0.030676563816733355, -0.07865542334799105, 0.04713131007084149, 0.05464905217904274, -0.0011028149719177639, 0.0028430043562085085, -0.00045058716134951146, 0.05016070802826898, -0.00034294417000254966, 0.0005063144428029837, -0.0014560878598451864, 0.01
84, 2, 1, 0.015438751048427258, 0.013075616252622223, 0.924590763449146, 0.0468948692498045, 0.130941449839111, 0.05338522250795104, 0.0838947704411492, -0.03337638090326979, -0.09673741831825317, -0.10940706765666508, -0.22754074212089348, 0.010551024703923556, 0.11025840515462064, 0.05634419206307497, 0.03676135494745271, -6.262881913939565e-05, 0.0017531243441924482, -0.0016035883422892319, 0.05082884965044578, -0.0001948022595844532, 3.797768171273447e-05, -0.0004428280322430922, 0.01
85, 2, 1, 0.015439127171221768, 0.013074100957017033, 0.9246008481786151, 0.04688592369314623, 0.17002595582661106, 0.01768984959669372, 0.0938164120323643, -0.06036137262099002, -0.16719552143115815, -0.20205413379902212, -0.259967642807557, 0.01731528828346558, 0.08905028008603277, 0.028800373318834727, -0.002873158353626091, 0.00030474039813417755, -0.00012710229603800412, 0.00023248820436577795, 0.04878890106396154, 0.0010568795350060513, 0.0021513274184444564, -0.0005407233580316614, 0.01
86, 2, 1, 0.015439182385494563, 0.013074126242909559, 0.9246019625652502, 0.04688472880634565, 0.058434113263952606, 0.30553212419913567, 0.11930209733890271, 0.007445211004601188, -0.15727468104758077, -0.05003662346574369, -0.31569582220378745, 0.18307196823777352, -0.05493334416911764, 0.25681536984799064, -0.15167516353452348, 0.00048675510340544654, -0.0013788503001978289, -0.0010619545021978032, 0.05004202695747184, 0.00035885619088184707, -0.000839685864293848, 0.0011000126211297859, 0.01
87, 2, 1, 0.015439467268349077, 0.013074043800115478, 0.9246012710479006, 0.04688521788363493, 0.03466279662467682, -0.001698580661364546, 0.1650326762595859, 0.1216813485069983, -0.17291978892884202, -0.15221083064646454, -0.21816743319301596, 0.13274097171023333, -0.037172733656341446, -0.1709663839762227, 0.08138473902869126, 0.0007512893339180778, 0.0017046049397224897, -0.0001763407710420898, 0.050448883489146744, 5.567392128133779e-05, 0.001682551776409754, -0.0012068235786668398, 0.01
88, 2, 1, 0.015439650409753302, 0.013074788274210068, 0.9246381588671752, 0.04684740244886142, 0.104765637414897, 0.12651628051092065, 0.21044783881467538, 0.1362525268528437, 0.05930990721552287, 0.1755723618273079, -0.3291950859494695, 0.04361081538290169, 0.05813555614905745, 0.10203274958141739, -0.1042152470099251, -8.132931213071127e-05, 0.0016189397187964228, 2.8294529312517062e-05, 0.047917708246212, -0.0005688115467966825, -0.0015180229415046723, 0.0002699202475766372, 0.01
89, 2, 1, 0.034979031997294165, 0.059295457191538344, 0.5734839558345638, 0.3322415549766037, -0.016492152741731568, 0.15403296479597967, 0.09184742470149496, -0.1584818368239427, -0.1702270901280214, -0.05207276047284527, -0.10501955299883606, 0.010172723125006106, 0.06774537764938568, 0.05538797091648349, 0.12553087061379228, -2.8176034140884617e-05, 8.47569904534759e-05, 0.0007313901509405129, 0.0484746017794923, 0.0013944821245955134, -0.001684512423064649, 0.0006859146442192702, 0.01
90, 2, 1, 0.035095488169222935, 0.05886111819986553, 0.5737868548746199, 0.33225653875629163, 0.048642334210509654, 0.021640866996802167, 0.1803752052902728, -0.09396323544307507, -0.03325836347017199, -0.08145009536101896, -0.15001859463424702, 0.056159188701073524, -0.12577030018680885, 0.06463600019150095, -0.011672650523152838, -0.000164460841874886, -0.001329314389933825, -0.001516044403449548, 0.05000116449533619, 0.00030331376892891554, 0.00139193774016491, 0.00037101275987941806, 0.01
91, 2, 1, 0.03590414281479699, 0.029020408516298873, 0.5999527418043329, 0.3351227068645713, 0.13087868787463433, 0.11098704139502205, 0.20358576429614392, -0.008193343231595365, -0.15417318485858925, -0.04793763428194213, -0.1752362559077228, 0.020091609693336353, -0.016332202368687643, 0.039484272126289376, 0.1663870704519947, -0.001571162192504227, 0.0008638963578702964, -0.00014375621637825324, 0.04976735918406814, -0.0005099784943795292, 0.0005321618892604149, -0.0003630105908200709, 0.01
92, 2, 1, 0.034935946859554104, 0.028500206138611053, 0.6008700096603117, 0.33569383734152314, -0.006885940368999843, 0.02007851294437542, -0.04367527395401498, -0.09144771790664007, 0.07152799258127965, -0.1480506314978991, -0.10952077810096013, 0.20967179927981575, 0.1054870414721446, -0.1067991548694375, -0.018664500481214735, -7.743881526990753e-05, -0.0009271634654309322, 0.0005291131531002905, 0.05163378803441274, -6.0524178014100245e-05, 0.00019716842238973886, 0.0017346311734266553, 0.01
93, 2, 1, 0.035575765243157725, 0.028363953026851105, 0.5978475950195513, 0.3382126867104398, -0.007785111287942459, 0.04381986881999834, 0.041934809318572276, -0.1631037149746385, -0.1251252765402182, -0.1959057182597594, 0.023997724757643658, 0.12914294907748064, 0.03347938072272838, -0.010875905271505027, -0.12157131135435513, 0.0028227172644465005, 0.0014946180863000854, 0.000511951646842356, 0.0486909417579097, -0.00042631791311386404, 0.00011907147580226072, 0.0008092041227493428, 0.01
94, 2, 1, 0.03625199982169332, 0.014229581936245687, 0.6078129203699543, 0.3417054978721067, 0.2208106703645861, -0.028924003280444678, 0.13593666326210097, 0.1495940543722055, -0.037548843389437925, -0.05057990605419518, -0.12445475903395883, 0.05662666891721091, 0.02116346059843829, -0.001672497419268054, 0.10668414604511893, -0.002393933664168054, 0.0014927856920963587, 0.001777192311902415, 0.048085633570970975, -0.00033017149572837207, -0.0004985064521193317, 0.0010833328650601405, 0.01
95, 2, 1, 0.06517470104741885, 0.018765967811953374, 0.41088142411462014, 0.5051779070260076, 0.014531387217988013, 0.07194039860634913, 0.20345279905986624, -0.028766779906799288, -0.2019472294209012, -0.2092904509050447, 0.028790454516157492, -0.15727741386864044, -0.0006076975008373481, 0.024882025847765367, -0.09870173434648068, 0.0017577176872364069, -0.0008772027009543353, 0.0008774700995460953, 0.050243800029803706, -0.0008475768890652549, -0.0015355426738609265, 0.0007367742632717317, 0.01
96, 2, 1, 0.06517724826933576, 0.018771687919109815, 0.410996860771511, 0.5050542030400434, -0.04090460548758455, 0.07800154000543343, 0.007840481058839744, -0.0014232266626194978, -0.11131206722394463, -0.04273495923562618, -0.31837051745114575, 0.13144693961155524, 0.025792440626892222, 0.17743283332718882, 0.03679275512009442, -0.00016068309508757836, 0.0012399693144103407, 0.0005934712226717412, 0.04939656820143793, 0.0007135612575514467, -0.001237475022138145, 0.0007884969173334033, 0.01
97, 2, 1, 0.06522734215999497, 0.01848357598541073, 0.41131465245597904, 0.5049744293986153, 0.1490020077402935, 0.13024022358019524, 0.0796613753480538, 0.11582694467291979, -0.13799843750965818, -0.14108418993393965, -0.13391408786517622, 0.04878568703485783, -0.10474477486013292, 0.1828236021775235, 0.18369886686429487, 0.0018069424007674476, -6.445408119273117e-05, -0.0004920121716996595, 0.04887818847464795, 0.0005128525392829969, 0.0010706821117207079, 5.8656926970131e-05, 0.01
98, 2, 1, 0.06529036934545707, 0.01733947002154981, 0.4122806723021867, 0.5050894883308065, 0.1651923576283528, -0.06474453607536446, -0.04236142286796995, 0.04036418732921261, -0.11361614022871762, -0.05813824199827211, -0.20812192579820024, 0.0016787040498493777, -0.19609767450211402, 0.019001091007194097, -0.03171123132342947, -0.0020058594850676644, -0.0008646650021971239, -0.0017582960895051038, 0.05079148291193271, 0.00037497242179035275, -0.00032884304747388994, 0.00013875523644949592, 0.01
99, 2, 1, 0.06529445542865818, 0.017175175230192886, 0.41247470145327464, 0.5050556678878744, 0.07577520680815178, 0.05201674907807469, 0.03486449063099952, 0.061624013266914565, -0.07265270515900617, -0.10941353497847883, -0.29932078610856594, -0.10536216201796297, 0.028303551307282647, -0.005795507821846996, 0.0934542439820686, 0.0002341655699905852, -0.0006162790092090783, 0.0007400147741878592, 0.051981263020393555, -0.000707380576165625, -0.00019641375846764136, 0.0010175264707559565, 0.01
